Time,Channel D
(us),(mV)

0.00000000,-2.36220500
0.00080000,-1.57480300
0.00160000,-0.78740150
0.00240000,-0.78740150
0.00320000,-1.18110200
0.00400000,0.00000000
0.00480000,0.78740150
0.00560000,3.14960600
0.00640000,3.14960600
0.00720000,3.54330700
0.00800000,2.36220500
0.00880000,0.78740150
0.00960000,0.39370070
0.01040000,1.18110200
0.01120000,2.36220500
0.01200000,3.93700800
0.01280000,4.33070900
0.01360000,3.54330700
0.01440000,3.54330700
0.01520000,3.54330700
0.01600000,4.72440900
0.01680000,5.51181100
0.01760000,7.08661400
0.01840000,5.90551100
0.01920000,4.72440900
0.02000000,3.93700800
0.02080000,3.93700800
0.02160000,4.72440900
0.02240000,5.51181100
0.02320000,5.51181100
0.02400000,5.11811000
0.02480000,4.33070900
0.02560000,3.93700800
0.02640000,4.33070900
0.02720000,5.51181100
0.02800000,5.90551100
0.02880000,5.90551100
0.02960000,5.11811000
0.03040000,3.93700800
0.03120000,2.75590500
0.03200000,2.75590500
0.03280000,2.36220500
0.03360000,2.75590500
0.03440000,1.57480300
0.03520000,0.78740150
0.03600000,0.78740150
0.03680000,1.18110200
0.03760000,1.96850400
0.03840000,2.36220500
0.03920000,3.14960600
0.04000000,1.18110200
0.04080000,0.00000000
0.04160000,-0.78740150
0.04240000,-1.57480300
0.04320000,-1.96850400
0.04400000,-3.14960600
0.04480000,-3.93700800
0.04560000,-3.93700800
0.04640000,-4.33070900
0.04720000,-3.93700800
0.04800000,-2.36220500
0.04880000,-1.18110200
0.04960000,-1.57480300
0.05040000,-2.75590500
0.05120000,-3.93700800
0.05200000,-4.72440900
0.05280000,-5.51181100
0.05360000,-6.29921200
0.05440000,-7.08661400
0.05520000,-7.48031400
0.05600000,-7.48031400
0.05680000,-6.69291300
0.05760000,-5.11811000
0.05840000,-3.93700800
0.05920000,-3.14960600
0.06000000,-2.75590500
0.06080000,-2.75590500
0.06160000,-3.93700800
0.06240000,-4.72440900
0.06320000,-5.51181100
0.06400000,-5.51181100
0.06480000,-5.90551100
0.06560000,-5.90551100
0.06640000,-5.51181100
0.06720000,-4.72440900
0.06800000,-2.75590500
0.06880000,-1.57480300
0.06960000,-0.78740150
0.07040000,-0.39370070
0.07120000,-1.18110200
0.07200000,-1.57480300
0.07280000,-1.57480300
0.07360000,-1.18110200
0.07440000,-1.57480300
0.07520000,-1.18110200
0.07600000,-1.57480300
0.07680000,-0.78740150
0.07760000,0.39370070
0.07840000,1.57480300
0.07920000,3.14960600
0.08000000,3.54330700
0.08080000,3.54330700
0.08160000,2.75590500
0.08240000,2.75590500
0.08320000,2.36220500
0.08400000,3.54330700
0.08480000,3.93700800
0.08560000,3.93700800
0.08640000,4.33070900
0.08720000,3.54330700
0.08800000,3.54330700
0.08880000,4.72440900
0.08960000,5.90551100
0.09040000,6.29921200
0.09120000,5.90551100
0.09200000,5.11811000
0.09280000,4.72440900
0.09360000,4.33070900
0.09440000,5.11811000
0.09520000,5.51181100
0.09600000,5.90551100
0.09680000,5.90551100
0.09760000,4.72440900
0.09840000,3.93700800
0.09920000,3.93700800
0.10000000,3.93700800
0.10080000,4.72440900
0.10160000,4.33070900
0.10240000,3.14960600
0.10320000,3.14960600
0.10400000,2.75590500
0.10480000,3.14960600
0.10560000,3.14960600
0.10640000,3.54330700
0.10720000,3.14960600
0.10800000,1.57480300
0.10880000,1.18110200
0.10960000,0.39370070
0.11040000,0.00000000
0.11120000,0.00000000
0.11200000,-0.39370070
0.11280000,0.00000000
0.11360000,-0.39370070
0.11440000,-0.39370070
0.11520000,0.00000000
0.11600000,0.39370070
0.11680000,-0.78740150
0.11760000,-1.57480300
0.11840000,-2.75590500
0.11920000,-3.54330700
0.12000000,-4.33070900
0.12080000,-4.33070900
0.12160000,-3.93700800
0.12240000,-3.14960600
0.12320000,-3.14960600
0.12400000,-3.14960600
0.12480000,-2.75590500
0.12560000,-2.36220500
0.12640000,-2.36220500
0.12720000,-2.36220500
0.12800000,-3.54330700
0.12880000,-5.11811000
0.12960000,-5.90551100
0.13040000,-6.29921200
0.13120000,-5.90551100
0.13200000,-5.11811000
0.13280000,-4.72440900
0.13360000,-3.54330700
0.13440000,-3.54330700
0.13520000,-3.14960600
0.13600000,-3.14960600
0.13680000,-2.36220500
0.13760000,-2.36220500
0.13840000,-2.75590500
0.13920000,-3.93700800
0.14000000,-3.93700800
0.14080000,-5.11811000
0.14160000,-4.33070900
0.14240000,-3.54330700
0.14320000,-1.96850400
0.14400000,-1.18110200
0.14480000,-0.78740150
0.14560000,-0.39370070
0.14640000,0.00000000
0.14720000,0.39370070
0.14800000,0.00000000
0.14880000,-0.39370070
0.14960000,-1.18110200
0.15040000,-1.57480300
0.15120000,-1.57480300
0.15200000,-0.78740150
0.15280000,0.78740150
0.15360000,1.96850400
0.15440000,2.75590500
0.15520000,2.75590500
0.15600000,2.75590500
0.15680000,3.14960600
0.15760000,2.75590500
0.15840000,2.75590500
0.15920000,2.75590500
0.16000000,2.36220500
0.16080000,1.96850400
0.16160000,1.96850400
0.16240000,2.75590500
0.16320000,3.54330700
0.16400000,4.33070900
0.16480000,4.72440900
0.16560000,4.72440900
0.16640000,5.11811000
0.16720000,4.72440900
0.16800000,4.72440900
0.16880000,4.72440900
0.16960000,4.72440900
0.17040000,4.72440900
0.17120000,4.72440900
0.17200000,3.54330700
0.17280000,2.75590500
0.17360000,2.75590500
0.17440000,2.36220500
0.17520000,2.36220500
0.17600000,3.14960600
0.17680000,3.14960600
0.17760000,3.54330700
0.17840000,3.93700800
0.17920000,4.33070900
0.18000000,3.93700800
0.18080000,3.54330700
0.18160000,2.36220500
0.18240000,1.96850400
0.18320000,1.18110200
0.18400000,0.39370070
0.18480000,0.00000000
0.18560000,0.39370070
0.18640000,0.39370070
0.18720000,0.39370070
0.18800000,0.78740150
0.18880000,1.18110200
0.18960000,0.78740150
0.19040000,0.78740150
0.19120000,0.39370070
0.19200000,-1.18110200
0.19280000,-2.36220500
0.19360000,-3.54330700
0.19440000,-3.54330700
0.19520000,-3.14960600
0.19600000,-3.14960600
0.19680000,-3.14960600
0.19760000,-3.14960600
0.19840000,-2.36220500
0.19920000,-2.36220500
0.20000000,-1.96850400
0.20080000,-1.57480300
0.20160000,-2.36220500
0.20240000,-3.54330700
0.20320000,-4.72440900
0.20400000,-5.90551100
0.20480000,-5.51181100
0.20560000,-4.72440900
0.20640000,-3.54330700
0.20720000,-2.75590500
0.20800000,-2.36220500
0.20880000,-2.36220500
0.20960000,-2.75590500
0.21040000,-3.14960600
0.21120000,-3.54330700
0.21200000,-3.93700800
0.21280000,-4.33070900
0.21360000,-5.11811000
0.21440000,-5.51181100
0.21520000,-5.51181100
0.21600000,-4.72440900
0.21680000,-3.14960600
0.21760000,-1.96850400
0.21840000,-1.57480300
0.21920000,-1.18110200
0.22000000,-1.18110200
0.22080000,-0.78740150
0.22160000,-0.78740150
0.22240000,-1.18110200
0.22320000,-1.96850400
0.22400000,-2.75590500
0.22480000,-2.75590500
0.22560000,-2.36220500
0.22640000,0.00000000
0.22720000,0.39370070
0.22800000,1.18110200
0.22880000,1.96850400
0.22960000,1.96850400
0.23040000,1.96850400
0.23120000,2.75590500
0.23200000,2.36220500
0.23280000,1.96850400
0.23360000,1.57480300
0.23440000,1.18110200
0.23520000,1.57480300
0.23600000,2.36220500
0.23680000,3.93700800
0.23760000,5.11811000
0.23840000,5.90551100
0.23920000,5.90551100
0.24000000,5.51181100
0.24080000,5.11811000
0.24160000,4.33070900
0.24240000,5.11811000
0.24320000,5.51181100
0.24400000,5.11811000
0.24480000,4.33070900
0.24560000,4.33070900
0.24640000,4.33070900
0.24720000,4.33070900
0.24800000,5.11811000
0.24880000,6.29921200
0.24960000,5.90551100
0.25040000,5.90551100
0.25120000,5.11811000
0.25200000,4.72440900
0.25280000,4.72440900
0.25360000,4.33070900
0.25440000,3.93700800
0.25520000,2.75590500
0.25600000,1.96850400
0.25680000,1.57480300
0.25760000,1.96850400
0.25840000,2.36220500
0.25920000,2.75590500
0.26000000,1.96850400
0.26080000,1.96850400
0.26160000,1.57480300
0.26240000,1.57480300
0.26320000,0.78740150
0.26400000,0.39370070
0.26480000,0.00000000
0.26560000,-1.18110200
0.26640000,-1.96850400
0.26720000,-2.36220500
0.26800000,-2.36220500
0.26880000,-1.96850400
0.26960000,-2.36220500
0.27040000,-2.75590500
0.27120000,-3.14960600
0.27200000,-3.93700800
0.27280000,-3.93700800
0.27360000,-3.93700800
0.27440000,-3.93700800
0.27520000,-4.33070900
0.27600000,-5.90551100
0.27680000,-6.29921200
0.27760000,-6.29921200
0.27840000,-5.90551100
0.27920000,-5.11811000
0.28000000,-5.11811000
0.28080000,-4.72440900
0.28160000,-5.51181100
0.28240000,-6.29921200
0.28320000,-5.51181100
0.28400000,-5.51181100
0.28480000,-5.51181100
0.28560000,-5.51181100
0.28640000,-6.29921200
0.28720000,-6.69291300
0.28800000,-6.29921200
0.28880000,-4.72440900
0.28960000,-3.93700800
0.29040000,-3.14960600
0.29120000,-3.14960600
0.29200000,-3.54330700
0.29280000,-3.14960600
0.29360000,-3.54330700
0.29440000,-3.54330700
0.29520000,-2.75590500
0.29600000,-2.36220500
0.29680000,-2.75590500
0.29760000,-2.36220500
0.29840000,-1.57480300
0.29920000,-0.39370070
0.30000000,1.57480300
0.30080000,3.14960600
0.30160000,3.14960600
0.30240000,2.36220500
0.30320000,1.57480300
0.30400000,1.18110200
0.30480000,0.78740150
0.30560000,1.96850400
0.30640000,2.75590500
0.30720000,2.75590500
0.30800000,3.14960600
0.30880000,3.93700800
0.30960000,5.11811000
0.31040000,6.29921200
0.31120000,6.69291300
0.31200000,6.69291300
0.31280000,6.29921200
0.31360000,5.51181100
0.31440000,5.51181100
0.31520000,5.90551100
0.31600000,5.90551100
0.31680000,5.90551100
0.31760000,6.29921200
0.31840000,6.29921200
0.31920000,7.08661400
0.32000000,7.08661400
0.32080000,7.48031400
0.32160000,7.87401500
0.32240000,7.48031400
0.32320000,7.08661400
0.32400000,5.90551100
0.32480000,5.90551100
0.32560000,5.11811000
0.32640000,4.72440900
0.32720000,4.72440900
0.32800000,4.72440900
0.32880000,3.93700800
0.32960000,3.93700800
0.33040000,4.33070900
0.33120000,3.54330700
0.33200000,2.75590500
0.33280000,1.57480300
0.33360000,0.78740150
0.33440000,0.39370070
0.33520000,0.39370070
0.33600000,0.39370070
0.33680000,0.00000000
0.33760000,-0.39370070
0.33840000,-0.78740150
0.33920000,-1.18110200
0.34000000,-1.57480300
0.34080000,-1.96850400
0.34160000,-2.36220500
0.34240000,-3.54330700
0.34320000,-4.72440900
0.34400000,-5.11811000
0.34480000,-5.90551100
0.34560000,-5.51181100
0.34640000,-5.11811000
0.34720000,-4.72440900
0.34800000,-5.11811000
0.34880000,-5.11811000
0.34960000,-6.29921200
0.35040000,-7.48031400
0.35120000,-7.48031400
0.35200000,-7.08661400
0.35280000,-6.69291300
0.35360000,-6.69291300
0.35440000,-6.69291300
0.35520000,-7.48031400
0.35600000,-6.69291300
0.35680000,-5.90551100
0.35760000,-5.90551100
0.35840000,-5.90551100
0.35920000,-7.08661400
0.36000000,-7.87401500
0.36080000,-7.87401500
0.36160000,-7.87401500
0.36240000,-6.29921200
0.36320000,-5.11811000
0.36400000,-3.93700800
0.36480000,-3.93700800
0.36560000,-3.14960600
0.36640000,-2.75590500
0.36720000,-2.36220500
0.36800000,-1.57480300
0.36880000,-1.57480300
0.36960000,-2.36220500
0.37040000,-3.14960600
0.37120000,-3.14960600
0.37200000,-2.75590500
0.37280000,-1.57480300
0.37360000,0.39370070
0.37440000,2.36220500
0.37520001,2.75590500
0.37600001,3.54330700
0.37680001,3.54330700
0.37760001,3.93700800
0.37840001,3.93700800
0.37920001,4.33070900
0.38000001,3.93700800
0.38080001,3.93700800
0.38160001,3.14960600
0.38240001,3.54330700
0.38320001,4.72440900
0.38400001,5.90551100
0.38480001,7.48031400
0.38560001,8.26771600
0.38640001,7.87401500
0.38720001,7.87401500
0.38800001,6.69291300
0.38880001,6.69291300
0.38960001,6.29921200
0.39040001,6.69291300
0.39120001,6.29921200
0.39200001,6.69291300
0.39280001,7.08661400
0.39360001,7.08661400
0.39440001,8.26771600
0.39520001,8.26771600
0.39600001,9.05511800
0.39680001,8.66141700
0.39760001,7.48031400
0.39840001,6.69291300
0.39920001,5.11811000
0.40000001,3.93700800
0.40080001,3.54330700
0.40160001,3.54330700
0.40240001,3.93700800
0.40320001,4.33070900
0.40400001,4.72440900
0.40480001,4.72440900
0.40560001,3.93700800
0.40640001,3.93700800
0.40720001,3.54330700
0.40800001,2.36220500
0.40880001,1.57480300
0.40960001,0.00000000
0.41040001,-1.96850400
0.41120001,-2.75590500
0.41200001,-2.75590500
0.41280001,-2.75590500
0.41360001,-2.36220500
0.41440001,-2.36220500
0.41520001,-2.75590500
0.41600001,-2.75590500
0.41680001,-3.54330700
0.41760001,-4.33070900
0.41840001,-3.93700800
0.41920001,-4.33070900
0.42000001,-5.11811000
0.42080001,-5.90551100
0.42160001,-6.69291300
0.42240001,-7.87401500
0.42320001,-7.87401500
0.42400001,-7.48031400
0.42480001,-7.87401500
0.42560001,-7.48031400
0.42640001,-7.87401500
0.42720001,-7.87401500
0.42800001,-8.26771600
0.42880001,-7.48031400
0.42960001,-7.48031400
0.43040001,-7.08661400
0.43120001,-6.69291300
0.43200001,-7.48031400
0.43280001,-7.87401500
0.43360001,-8.26771600
0.43440001,-7.87401500
0.43520001,-6.69291300
0.43600001,-5.51181100
0.43680001,-4.72440900
0.43760001,-4.72440900
0.43840001,-4.72440900
0.43920001,-4.33070900
0.44000001,-3.54330700
0.44080001,-2.75590500
0.44160001,-2.36220500
0.44240001,-2.36220500
0.44320001,-2.75590500
0.44400001,-3.54330700
0.44480001,-3.14960600
0.44560001,-2.36220500
0.44640001,-0.39370070
0.44720001,1.18110200
0.44800001,2.36220500
0.44880001,2.36220500
0.44960001,3.54330700
0.45040001,3.54330700
0.45120001,3.54330700
0.45200001,4.33070900
0.45280001,4.33070900
0.45360001,3.93700800
0.45440001,3.93700800
0.45520001,3.14960600
0.45600001,3.54330700
0.45680001,5.11811000
0.45760001,6.69291300
0.45840001,8.26771600
0.45920001,8.66141700
0.46000001,9.05511800
0.46080001,7.87401500
0.46160001,8.26771600
0.46240001,8.26771600
0.46320001,7.48031400
0.46400001,7.48031400
0.46480001,7.08661400
0.46560001,6.29921200
0.46640001,5.90551100
0.46720001,6.29921200
0.46800001,7.08661400
0.46880001,7.87401500
0.46960001,8.26771600
0.47040001,7.87401500
0.47120001,7.08661400
0.47200001,5.90551100
0.47280001,4.72440900
0.47360001,4.33070900
0.47440001,4.72440900
0.47520001,4.72440900
0.47600001,4.72440900
0.47680001,4.33070900
0.47760001,2.75590500
0.47840001,2.75590500
0.47920001,2.75590500
0.48000001,2.36220500
0.48080001,1.96850400
0.48160001,0.78740150
0.48240001,-1.18110200
0.48320001,-2.36220500
0.48400001,-2.75590500
0.48480001,-2.36220500
0.48560001,-1.96850400
0.48640001,-1.18110200
0.48720001,-1.57480300
0.48800001,-2.36220500
0.48880001,-2.75590500
0.48960001,-3.93700800
0.49040001,-3.93700800
0.49120001,-4.33070900
0.49200001,-4.72440900
0.49280001,-5.51181100
0.49360001,-6.69291300
0.49440001,-7.48031400
0.49520001,-7.87401500
0.49600001,-7.08661400
0.49680001,-6.29921200
0.49760001,-5.90551100
0.49840001,-6.29921200
0.49920001,-7.08661400
0.50000001,-7.87401500
0.50080001,-7.87401500
0.50160001,-7.87401500
0.50240001,-7.48031400
0.50320001,-6.69291300
0.50400001,-6.69291300
0.50480001,-6.69291300
0.50560001,-6.69291300
0.50640001,-6.29921200
0.50720001,-5.51181100
0.50800001,-5.11811000
0.50880001,-4.72440900
0.50960001,-5.11811000
0.51040001,-5.11811000
0.51120001,-5.90551100
0.51200001,-5.90551100
0.51280001,-5.11811000
0.51360001,-3.93700800
0.51440001,-2.75590500
0.51520001,-1.57480300
0.51600001,-1.18110200
0.51680001,-0.78740150
0.51760001,0.00000000
0.51840001,0.78740150
0.51920001,1.96850400
0.52000001,2.36220500
0.52080001,1.57480300
0.52160001,0.78740150
0.52240001,0.39370070
0.52320001,0.78740150
0.52400001,1.57480300
0.52480001,3.14960600
0.52560001,3.54330700
0.52640001,4.72440900
0.52720001,5.11811000
0.52800001,5.90551100
0.52880001,6.69291300
0.52960001,6.69291300
0.53040001,7.08661400
0.53120001,7.48031400
0.53200001,7.08661400
0.53280001,5.90551100
0.53360001,5.11811000
0.53440001,5.11811000
0.53520001,4.72440900
0.53600001,6.29921200
0.53680001,6.69291300
0.53760001,7.48031400
0.53840001,7.08661400
0.53920001,7.08661400
0.54000001,7.08661400
0.54080001,7.48031400
0.54160001,7.48031400
0.54240001,6.69291300
0.54320001,5.51181100
0.54400001,4.33070900
0.54480001,3.54330700
0.54560001,3.14960600
0.54640001,3.14960600
0.54720001,3.54330700
0.54800001,4.33070900
0.54880001,4.33070900
0.54960001,4.33070900
0.55040001,3.93700800
0.55120001,2.75590500
0.55200001,2.36220500
0.55280001,1.96850400
0.55360001,0.78740150
0.55440001,-0.78740150
0.55520001,-1.96850400
0.55600001,-3.14960600
0.55680001,-2.75590500
0.55760001,-1.96850400
0.55840001,-0.78740150
0.55920001,0.00000000
0.56000001,-1.18110200
0.56080001,-1.57480300
0.56160001,-2.36220500
0.56240001,-3.14960600
0.56320001,-3.54330700
0.56400001,-4.33070900
0.56480001,-5.51181100
0.56560001,-6.69291300
0.56640001,-7.48031400
0.56720001,-7.48031400
0.56800001,-6.69291300
0.56880001,-5.51181100
0.56960001,-4.33070900
0.57040001,-2.75590500
0.57120001,-3.14960600
0.57200001,-3.93700800
0.57280001,-5.11811000
0.57360001,-5.90551100
0.57440001,-7.08661400
0.57520001,-6.69291300
0.57600001,-7.08661400
0.57680001,-7.48031400
0.57760001,-7.08661400
0.57840001,-6.29921200
0.57920001,-5.11811000
0.58000001,-3.54330700
0.58080001,-2.75590500
0.58160001,-1.96850400
0.58240001,-2.36220500
0.58320001,-3.14960600
0.58400001,-3.93700800
0.58480001,-3.93700800
0.58560001,-4.33070900
0.58640001,-3.54330700
0.58720001,-3.14960600
0.58800001,-2.36220500
0.58880001,-1.57480300
0.58960001,-0.39370070
0.59040001,0.39370070
0.59120001,1.18110200
0.59200001,1.57480300
0.59280001,1.57480300
0.59360001,1.18110200
0.59440001,0.39370070
0.59520001,0.00000000
0.59600001,0.39370070
0.59680001,1.57480300
0.59760001,2.75590500
0.59840001,3.54330700
0.59920001,3.93700800
0.60000001,3.93700800
0.60080001,3.93700800
0.60160001,4.72440900
0.60240001,5.11811000
0.60320001,5.51181100
0.60400001,5.51181100
0.60480001,5.51181100
0.60560001,5.51181100
0.60640001,5.90551100
0.60720001,5.51181100
0.60800001,5.90551100
0.60880001,5.90551100
0.60960001,6.29921200
0.61040001,6.69291300
0.61120001,5.51181100
0.61200001,5.11811000
0.61280001,4.72440900
0.61360001,4.72440900
0.61440001,5.51181100
0.61520001,5.90551100
0.61600001,5.51181100
0.61680001,3.93700800
0.61760001,2.75590500
0.61840001,1.96850400
0.61920001,2.36220500
0.62000001,2.36220500
0.62080001,3.14960600
0.62160001,2.36220500
0.62240001,2.36220500
0.62320001,2.36220500
0.62400001,1.18110200
0.62480001,1.18110200
0.62560001,0.78740150
0.62640001,0.39370070
0.62720001,0.00000000
0.62800001,0.00000000
0.62880001,0.00000000
0.62960001,-0.39370070
0.63040001,-0.78740150
0.63120001,-1.18110200
0.63200001,-1.96850400
0.63280001,-2.75590500
0.63360001,-3.14960600
0.63440001,-3.14960600
0.63520001,-2.36220500
0.63600001,-1.96850400
0.63680001,-1.57480300
0.63760001,-2.36220500
0.63840001,-3.54330700
0.63920001,-4.33070900
0.64000001,-5.11811000
0.64080001,-5.11811000
0.64160001,-5.11811000
0.64240001,-4.33070900
0.64320001,-3.93700800
0.64400001,-3.93700800
0.64480001,-3.54330700
0.64560001,-3.93700800
0.64640001,-3.54330700
0.64720001,-3.93700800
0.64800001,-4.72440900
0.64880001,-4.33070900
0.64960001,-4.33070900
0.65040001,-4.33070900
0.65120001,-4.33070900
0.65200001,-4.72440900
0.65280001,-4.72440900
0.65360001,-4.33070900
0.65440001,-2.75590500
0.65520001,-1.96850400
0.65600001,-1.18110200
0.65680001,-0.78740150
0.65760001,-0.78740150
0.65840001,-1.96850400
0.65920001,-2.36220500
0.66000001,-2.75590500
0.66080001,-3.14960600
0.66160001,-1.96850400
0.66240001,-1.57480300
0.66320001,-0.39370070
0.66400001,0.78740150
0.66480001,0.78740150
0.66560001,0.78740150
0.66640001,1.18110200
0.66720001,1.18110200
0.66800001,1.57480300
0.66880001,1.96850400
0.66960001,1.57480300
0.67040001,1.96850400
0.67120001,1.57480300
0.67200001,1.57480300
0.67280001,1.57480300
0.67360001,1.57480300
0.67440001,2.36220500
0.67520001,3.14960600
0.67600001,4.33070900
0.67680001,4.33070900
0.67760001,3.54330700
0.67840001,3.14960600
0.67920001,3.14960600
0.68000001,3.14960600
0.68080001,3.93700800
0.68160001,4.72440900
0.68240001,4.72440900
0.68320001,5.11811000
0.68400001,5.11811000
0.68480001,4.33070900
0.68560001,3.93700800
0.68640001,3.14960600
0.68720001,3.14960600
0.68800001,2.75590500
0.68880001,2.36220500
0.68960001,3.14960600
0.69040001,3.54330700
0.69120001,3.93700800
0.69200001,3.93700800
0.69280001,4.33070900
0.69360001,4.33070900
0.69440001,3.93700800
0.69520001,3.14960600
0.69600001,2.36220500
0.69680001,1.18110200
0.69760001,0.78740150
0.69840001,0.39370070
0.69920001,0.78740150
0.70000001,1.57480300
0.70080001,1.96850400
0.70160001,1.96850400
0.70240001,1.96850400
0.70320001,1.18110200
0.70400001,-0.39370070
0.70480001,-1.18110200
0.70560001,-1.18110200
0.70640001,-1.57480300
0.70720001,-0.39370070
0.70800001,-0.78740150
0.70880001,-1.18110200
0.70960001,-1.57480300
0.71040001,-1.57480300
0.71120001,-1.57480300
0.71200001,-0.78740150
0.71280001,-1.57480300
0.71360001,-2.36220500
0.71440001,-3.14960600
0.71520001,-3.93700800
0.71600001,-4.72440900
0.71680001,-4.72440900
0.71760001,-3.93700800
0.71840001,-3.14960600
0.71920001,-2.75590500
0.72000001,-2.75590500
0.72080001,-3.14960600
0.72160001,-3.14960600
0.72240001,-3.14960600
0.72320001,-3.14960600
0.72400001,-3.93700800
0.72480001,-3.93700800
0.72560001,-4.72440900
0.72640001,-4.72440900
0.72720001,-4.33070900
0.72800001,-3.54330700
0.72880001,-2.75590500
0.72960001,-2.75590500
0.73040001,-2.36220500
0.73120001,-3.14960600
0.73200001,-3.14960600
0.73280001,-3.54330700
0.73360001,-2.75590500
0.73440001,-2.75590500
0.73520001,-2.75590500
0.73600001,-3.14960600
0.73680001,-2.36220500
0.73760001,-1.57480300
0.73840001,0.00000000
0.73920001,1.57480300
0.74000001,1.57480300
0.74080001,0.78740150
0.74160001,0.00000000
0.74240001,-1.18110200
0.74320001,-1.96850400
0.74400001,-1.96850400
0.74480001,-1.18110200
0.74560001,0.39370070
0.74640001,0.78740150
0.74720001,1.57480300
0.74800001,2.36220500
0.74880001,3.93700800
0.74960001,4.33070900
0.75040001,5.11811000
0.75120001,4.72440900
0.75200001,3.54330700
0.75280001,2.75590500
0.75360001,1.96850400
0.75440001,1.57480300
0.75520001,1.96850400
0.75600001,2.75590500
0.75680001,3.54330700
0.75760001,4.72440900
0.75840001,5.11811000
0.75920001,5.90551100
0.76000001,5.51181100
0.76080001,5.51181100
0.76160001,5.51181100
0.76240001,5.51181100
0.76320001,4.72440900
0.76400001,3.93700800
0.76480001,3.54330700
0.76560001,2.75590500
0.76640001,2.75590500
0.76720001,3.14960600
0.76800001,3.93700800
0.76880001,4.33070900
0.76960001,3.93700800
0.77040001,4.33070900
0.77120001,3.93700800
0.77200001,3.93700800
0.77280001,3.54330700
0.77360001,2.75590500
0.77440001,1.96850400
0.77520001,0.78740150
0.77600001,0.39370070
0.77680001,0.78740150
0.77760001,0.39370070
0.77840001,0.78740150
0.77920001,1.18110200
0.78000001,1.57480300
0.78080001,0.78740150
0.78160001,0.39370070
0.78240001,-0.78740150
0.78320001,-0.78740150
0.78400001,-0.78740150
0.78480001,-1.18110200
0.78560001,-1.96850400
0.78640001,-3.14960600
0.78720001,-4.33070900
0.78800001,-4.72440900
0.78880001,-4.33070900
0.78960001,-3.54330700
0.79040001,-2.75590500
0.79120001,-2.36220500
0.79200001,-2.36220500
0.79280001,-3.54330700
0.79360001,-3.14960600
0.79440001,-3.14960600
0.79520001,-3.14960600
0.79600001,-3.54330700
0.79680001,-5.11811000
0.79760001,-6.69291300
0.79840001,-7.48031400
0.79920001,-7.87401500
0.80000001,-7.08661400
0.80080001,-5.11811000
0.80160001,-3.14960600
0.80240001,-1.96850400
0.80320001,-1.96850400
0.80400001,-2.36220500
0.80480001,-3.14960600
0.80560001,-3.14960600
0.80640001,-3.54330700
0.80720001,-4.33070900
0.80800001,-4.72440900
0.80880001,-5.90551100
0.80960001,-6.29921200
0.81040001,-5.11811000
0.81120001,-3.14960600
0.81200001,-0.78740150
0.81280001,0.78740150
0.81360001,1.18110200
0.81440001,1.18110200
0.81520001,0.00000000
0.81600001,0.00000000
0.81680001,0.00000000
0.81760001,0.00000000
0.81840001,0.39370070
0.81920001,-0.39370070
0.82000001,-0.78740150
0.82080001,-0.39370070
0.82160001,0.39370070
0.82240001,2.75590500
0.82320001,4.72440900
0.82400001,5.90551100
0.82480001,5.90551100
0.82560001,5.11811000
0.82640001,3.93700800
0.82720001,3.14960600
0.82800001,3.14960600
0.82880001,3.93700800
0.82960001,4.33070900
0.83040001,3.93700800
0.83120001,3.93700800
0.83200001,3.93700800
0.83280001,5.11811000
0.83360001,6.69291300
0.83440001,7.48031400
0.83520001,8.26771600
0.83600001,7.08661400
0.83680001,5.51181100
0.83760001,4.33070900
0.83840001,3.93700800
0.83920001,3.54330700
0.84000001,3.93700800
0.84080001,4.72440900
0.84160001,4.72440900
0.84240001,3.93700800
0.84320001,3.93700800
0.84400001,3.93700800
0.84480001,4.33070900
0.84560001,5.11811000
0.84640001,5.51181100
0.84720001,4.33070900
0.84800001,3.14960600
0.84880001,1.57480300
0.84960001,1.18110200
0.85040001,0.78740150
0.85120001,1.18110200
0.85200001,1.18110200
0.85280001,0.39370070
0.85360001,0.00000000
0.85440001,-0.78740150
0.85520001,-0.39370070
0.85600001,-0.39370070
0.85680001,-0.39370070
0.85760001,-0.78740150
0.85840001,-0.78740150
0.85920001,-1.96850400
0.86000001,-2.75590500
0.86080001,-3.93700800
0.86160001,-3.93700800
0.86240001,-3.93700800
0.86320001,-3.93700800
0.86400001,-4.72440900
0.86480001,-5.90551100
0.86560001,-6.29921200
0.86640001,-6.29921200
0.86720001,-4.72440900
0.86800001,-3.54330700
0.86880001,-3.54330700
0.86960001,-3.93700800
0.87040001,-5.51181100
0.87120001,-6.69291300
0.87200001,-7.48031400
0.87280001,-6.69291300
0.87360001,-5.90551100
0.87440001,-5.51181100
0.87520001,-5.51181100
0.87600001,-5.51181100
0.87680001,-5.90551100
0.87760001,-4.72440900
0.87840001,-4.33070900
0.87920001,-3.54330700
0.88000001,-3.14960600
0.88080001,-3.54330700
0.88160001,-4.72440900
0.88240001,-5.90551100
0.88320001,-5.90551100
0.88400001,-4.72440900
0.88480001,-2.75590500
0.88560001,-1.18110200
0.88640001,-0.39370070
0.88720001,-0.78740150
0.88800001,-1.18110200
0.88880001,-0.78740150
0.88960001,0.39370070
0.89040001,1.96850400
0.89120001,2.36220500
0.89200001,1.18110200
0.89280001,0.39370070
0.89360001,-0.78740150
0.89440001,0.39370070
0.89520001,1.96850400
0.89600001,4.33070900
0.89680001,5.90551100
0.89760001,5.90551100
0.89840001,3.93700800
0.89920001,3.93700800
0.90000001,3.93700800
0.90080001,5.11811000
0.90160001,5.90551100
0.90240001,5.51181100
0.90320001,5.11811000
0.90400001,4.33070900
0.90480001,4.33070900
0.90560001,5.51181100
0.90640001,7.08661400
0.90720001,8.66141700
0.90800001,9.05511800
0.90880001,7.87401500
0.90960001,6.29921200
0.91040001,5.11811000
0.91120001,4.72440900
0.91200001,5.11811000
0.91280001,5.51181100
0.91360001,5.90551100
0.91440001,5.90551100
0.91520001,5.90551100
0.91600001,5.90551100
0.91680001,6.69291300
0.91760001,7.08661400
0.91840001,7.48031400
0.91920001,6.69291300
0.92000001,4.33070900
0.92080001,2.75590500
0.92160001,0.78740150
0.92240001,0.39370070
0.92320001,0.78740150
0.92400001,1.57480300
0.92480001,1.18110200
0.92560001,0.39370070
0.92640001,-0.39370070
0.92720001,-0.39370070
0.92800001,-0.39370070
0.92880001,0.00000000
0.92960001,0.00000000
0.93040001,-0.39370070
0.93120001,-1.96850400
0.93200001,-3.93700800
0.93280001,-4.72440900
0.93360001,-4.33070900
0.93440001,-4.33070900
0.93520001,-4.33070900
0.93600001,-4.72440900
0.93680001,-5.11811000
0.93760001,-5.51181100
0.93840001,-5.51181100
0.93920001,-4.72440900
0.94000001,-4.72440900
0.94080001,-3.93700800
0.94160001,-4.72440900
0.94240001,-5.90551100
0.94320001,-7.48031400
0.94400001,-8.66141700
0.94480001,-9.05511800
0.94560001,-9.05511800
0.94640001,-7.87401500
0.94720001,-8.66141700
0.94800001,-8.66141700
0.94880001,-9.05511800
0.94960001,-8.66141700
0.95040001,-7.48031400
0.95120001,-5.90551100
0.95200001,-5.11811000
0.95280001,-5.11811000
0.95360001,-5.11811000
0.95440001,-5.90551100
0.95520001,-6.69291300
0.95600001,-7.08661400
0.95680001,-7.08661400
0.95760001,-5.51181100
0.95840001,-4.72440900
0.95920001,-3.93700800
0.96000001,-3.54330700
0.96080001,-2.36220500
0.96160001,-1.18110200
0.96240001,0.78740150
0.96320001,1.96850400
0.96400001,2.75590500
0.96480001,2.75590500
0.96560001,1.96850400
0.96640001,1.57480300
0.96720001,2.36220500
0.96800001,3.14960600
0.96880001,4.33070900
0.96960001,5.11811000
0.97040001,5.11811000
0.97120001,5.51181100
0.97200001,5.90551100
0.97280001,6.69291300
0.97360001,8.26771600
0.97440001,9.05511800
0.97520001,9.05511800
0.97600001,9.05511800
0.97680001,9.05511800
0.97760001,9.44881800
0.97840001,9.84251900
0.97920001,11.41732000
0.98000001,11.02362000
0.98080001,11.02362000
0.98160001,9.44881800
0.98240001,7.87401500
0.98320001,7.48031400
0.98400001,7.87401500
0.98480001,8.66141700
0.98560001,9.44881800
0.98640001,9.84251900
0.98720001,9.44881800
0.98800001,9.05511800
0.98880001,8.26771600
0.98960001,8.26771600
0.99040001,8.66141700
0.99120001,7.87401500
0.99200001,5.90551100
0.99280001,3.54330700
0.99360001,0.78740150
0.99440001,-0.39370070
0.99520001,-0.39370070
0.99600001,0.39370070
0.99680001,1.57480300
0.99760001,2.36220500
0.99840001,2.36220500
0.99920001,1.57480300
1.00000001,1.18110200
1.00080001,0.00000000
1.00160001,-1.57480300
1.00240001,-3.14960600
1.00320001,-5.51181100
1.00400001,-8.66141700
1.00480001,-9.84251900
1.00560001,-11.02362000
1.00640001,-9.44881800
1.00720001,-7.87401500
1.00800001,-7.48031400
1.00880001,-6.69291300
1.00960001,-7.48031400
1.01040001,-7.87401500
1.01120001,-7.87401500
1.01200001,-8.66141700
1.01280001,-9.44881800
1.01360001,-11.02362000
1.01440001,-12.59842000
1.01520001,-13.77953000
1.01600001,-13.77953000
1.01680001,-12.59842000
1.01760001,-11.41732000
1.01840001,-9.84251900
1.01920001,-9.05511800
1.02000001,-7.87401500
1.02080001,-7.48031400
1.02160001,-7.08661400
1.02240001,-7.08661400
1.02320001,-7.08661400
1.02400001,-7.08661400
1.02480001,-7.08661400
1.02560001,-7.08661400
1.02640001,-7.08661400
1.02720001,-6.69291300
1.02800001,-5.51181100
1.02880001,-3.54330700
1.02960001,-1.96850400
1.03040001,-0.78740150
1.03120001,0.00000000
1.03200001,0.78740150
1.03280001,1.57480300
1.03360001,1.96850400
1.03440001,2.75590500
1.03520001,3.54330700
1.03600001,3.93700800
1.03680001,4.33070900
1.03760001,4.33070900
1.03840001,4.72440900
1.03920001,4.72440900
1.04000001,5.90551100
1.04080001,7.08661400
1.04160001,8.26771600
1.04240001,9.44881800
1.04320001,9.84251900
1.04400001,9.84251900
1.04480001,9.84251900
1.04560001,9.84251900
1.04640001,10.23622000
1.04720001,9.84251900
1.04800001,9.44881800
1.04880001,9.05511800
1.04960001,8.26771600
1.05040001,8.66141700
1.05120001,9.44881800
1.05200001,10.23622000
1.05280001,11.02362000
1.05360001,11.41732000
1.05440001,10.62992000
1.05520001,9.44881800
1.05600001,9.44881800
1.05680001,9.44881800
1.05760001,9.05511800
1.05840001,8.26771600
1.05920001,7.08661400
1.06000001,5.90551100
1.06080001,5.11811000
1.06160001,4.33070900
1.06240001,4.72440900
1.06320001,5.11811000
1.06400001,4.72440900
1.06480001,3.14960600
1.06560001,1.57480300
1.06640001,-0.39370070
1.06720001,-0.39370070
1.06800001,-1.18110200
1.06880001,-1.96850400
1.06960001,-1.96850400
1.07040001,-3.14960600
1.07120001,-3.93700800
1.07200001,-3.93700800
1.07280001,-4.33070900
1.07360001,-3.93700800
1.07440001,-4.72440900
1.07520001,-5.90551100
1.07600001,-7.08661400
1.07680001,-8.26771600
1.07760001,-8.66141700
1.07840001,-9.05511800
1.07920001,-8.66141700
1.08000001,-8.66141700
1.08080001,-9.05511800
1.08160001,-8.66141700
1.08240001,-9.05511800
1.08320001,-9.05511800
1.08400001,-9.05511800
1.08480001,-9.05511800
1.08560001,-9.44881800
1.08640001,-9.84251900
1.08720001,-11.02362000
1.08800001,-11.41732000
1.08880001,-11.02362000
1.08960001,-9.84251900
1.09040001,-8.66141700
1.09120001,-7.48031400
1.09200001,-7.08661400
1.09280001,-7.08661400
1.09360001,-7.48031400
1.09440001,-7.08661400
1.09520001,-6.69291300
1.09600001,-6.29921200
1.09680001,-5.51181100
1.09760001,-5.11811000
1.09840001,-5.11811000
1.09920001,-3.93700800
1.10000001,-3.54330700
1.10080001,-1.96850400
1.10160001,-0.78740150
1.10240001,-0.39370070
1.10320001,0.39370070
1.10400001,0.00000000
1.10480001,-0.39370070
1.10560001,0.00000000
1.10640001,1.18110200
1.10720001,2.36220500
1.10800001,3.54330700
1.10880001,4.72440900
1.10960001,5.90551100
1.11040001,6.69291300
1.11120001,7.87401500
1.11200001,8.66141700
1.11280001,8.66141700
1.11360001,8.66141700
1.11440001,8.26771600
1.11520001,7.48031400
1.11600001,7.87401500
1.11680001,7.87401500
1.11760001,9.05511800
1.11840001,10.23622000
1.11920001,11.41732000
1.12000001,11.81102000
1.12080001,12.59842000
1.12160001,12.20472000
1.12240001,11.41732000
1.12320001,10.62992000
1.12400002,9.44881800
1.12480002,8.66141700
1.12560002,7.48031400
1.12640002,6.29921200
1.12720002,6.29921200
1.12800002,6.69291300
1.12880002,7.48031400
1.12960002,8.26771600
1.13040002,8.26771600
1.13120002,8.26771600
1.13200002,7.08661400
1.13280002,5.90551100
1.13360002,5.11811000
1.13440002,3.93700800
1.13520002,2.36220500
1.13600002,1.18110200
1.13680002,0.00000000
1.13760002,-0.39370070
1.13840002,0.00000000
1.13920002,0.00000000
1.14000002,0.39370070
1.14080002,0.00000000
1.14160002,-1.57480300
1.14240002,-2.36220500
1.14320002,-4.33070900
1.14400002,-5.90551100
1.14480002,-7.08661400
1.14560002,-7.08661400
1.14640002,-7.48031400
1.14720002,-7.48031400
1.14800002,-7.87401500
1.14880002,-7.87401500
1.14960002,-7.48031400
1.15040002,-7.48031400
1.15120002,-7.08661400
1.15200002,-7.48031400
1.15280002,-8.26771600
1.15360002,-9.44881800
1.15440002,-10.23622000
1.15520002,-10.23622000
1.15600002,-9.84251900
1.15680002,-9.44881800
1.15760002,-9.05511800
1.15840002,-8.26771600
1.15920002,-7.87401500
1.16000002,-7.48031400
1.16080002,-7.08661400
1.16160002,-7.08661400
1.16240002,-6.69291300
1.16320002,-6.29921200
1.16400002,-5.90551100
1.16480002,-6.29921200
1.16560002,-5.51181100
1.16640002,-4.72440900
1.16720002,-3.93700800
1.16800002,-3.14960600
1.16880002,-2.36220500
1.16960002,-1.57480300
1.17040002,-1.18110200
1.17120002,-0.78740150
1.17200002,-0.39370070
1.17280002,0.00000000
1.17360002,0.00000000
1.17440002,0.78740150
1.17520002,1.96850400
1.17600002,3.14960600
1.17680002,3.54330700
1.17760002,3.54330700
1.17840002,3.93700800
1.17920002,3.93700800
1.18000002,3.54330700
1.18080002,3.93700800
1.18160002,3.93700800
1.18240002,4.33070900
1.18320002,4.33070900
1.18400002,4.72440900
1.18480002,5.51181100
1.18560002,6.69291300
1.18640002,7.48031400
1.18720002,7.48031400
1.18800002,7.87401500
1.18880002,7.48031400
1.18960002,7.48031400
1.19040002,7.87401500
1.19120002,7.48031400
1.19200002,6.69291300
1.19280002,5.51181100
1.19360002,5.11811000
1.19440002,4.72440900
1.19520002,5.11811000
1.19600002,5.11811000
1.19680002,5.90551100
1.19760002,5.11811000
1.19840002,4.72440900
1.19920002,4.33070900
1.20000002,3.54330700
1.20080002,4.33070900
1.20160002,4.33070900
1.20240002,3.54330700
1.20320002,1.96850400
1.20400002,0.78740150
1.20480002,-0.39370070
1.20560002,0.00000000
1.20640002,0.00000000
1.20720002,0.39370070
1.20800002,0.39370070
1.20880002,0.00000000
1.20960002,-0.78740150
1.21040002,-1.18110200
1.21120002,-0.39370070
1.21200002,0.00000000
1.21280002,-0.39370070
1.21360002,-1.57480300
1.21440002,-2.36220500
1.21520002,-3.93700800
1.21600002,-5.11811000
1.21680002,-4.72440900
1.21760002,-4.72440900
1.21840002,-4.72440900
1.21920002,-4.33070900
1.22000002,-4.72440900
1.22080002,-3.93700800
1.22160002,-3.93700800
1.22240002,-3.14960600
1.22320002,-2.75590500
1.22400002,-3.54330700
1.22480002,-3.93700800
1.22560002,-5.11811000
1.22640002,-5.11811000
1.22720002,-5.11811000
1.22800002,-3.93700800
1.22880002,-3.54330700
1.22960002,-3.14960600
1.23040002,-2.75590500
1.23120002,-2.75590500
1.23200002,-2.75590500
1.23280002,-2.36220500
1.23360002,-2.36220500
1.23440002,-2.36220500
1.23520002,-2.36220500
1.23600002,-2.36220500
1.23680002,-3.14960600
1.23760002,-3.14960600
1.23840002,-1.96850400
1.23920002,-1.96850400
1.24000002,-1.57480300
1.24080002,-0.78740150
1.24160002,-0.39370070
1.24240002,0.00000000
1.24320002,0.00000000
1.24400002,-0.39370070
1.24480002,-0.39370070
1.24560002,-0.39370070
1.24640002,-0.78740150
1.24720002,-0.78740150
1.24800002,-0.78740150
1.24880002,0.00000000
1.24960002,0.00000000
1.25040002,0.78740150
1.25120002,1.57480300
1.25200002,1.18110200
1.25280002,0.78740150
1.25360002,0.39370070
1.25440002,0.00000000
1.25520002,-0.39370070
1.25600002,0.00000000
1.25680002,0.39370070
1.25760002,1.18110200
1.25840002,1.96850400
1.25920002,1.96850400
1.26000002,2.36220500
1.26080002,2.36220500
1.26160002,1.96850400
1.26240002,1.96850400
1.26320002,1.57480300
1.26400002,1.18110200
1.26480002,1.18110200
1.26560002,0.78740150
1.26640002,0.78740150
1.26720002,1.18110200
1.26800002,1.96850400
1.26880002,3.54330700
1.26960002,4.33070900
1.27040002,3.93700800
1.27120002,3.14960600
1.27200002,2.75590500
1.27280002,2.75590500
1.27360002,2.75590500
1.27440002,2.36220500
1.27520002,2.36220500
1.27600002,1.57480300
1.27680002,1.57480300
1.27760002,1.57480300
1.27840002,2.36220500
1.27920002,3.54330700
1.28000002,4.33070900
1.28080002,4.72440900
1.28160002,4.72440900
1.28240002,3.54330700
1.28320002,2.75590500
1.28400002,3.14960600
1.28480002,3.14960600
1.28560002,3.14960600
1.28640002,2.36220500
1.28720002,1.57480300
1.28800002,1.96850400
1.28880002,1.57480300
1.28960002,2.75590500
1.29040002,3.54330700
1.29120002,3.54330700
1.29200002,3.14960600
1.29280002,2.36220500
1.29360002,1.96850400
1.29440002,1.18110200
1.29520002,1.18110200
1.29600002,0.78740150
1.29680002,0.39370070
1.29760002,-0.78740150
1.29840002,-1.18110200
1.29920002,-0.78740150
1.30000002,-0.78740150
1.30080002,-0.39370070
1.30160002,0.00000000
1.30240002,-0.39370070
1.30320002,-0.39370070
1.30400002,-1.18110200
1.30480002,-1.96850400
1.30560002,-2.36220500
1.30640002,-3.14960600
1.30720002,-3.93700800
1.30800002,-4.72440900
1.30880002,-5.11811000
1.30960002,-5.51181100
1.31040002,-5.90551100
1.31120002,-4.72440900
1.31200002,-4.72440900
1.31280002,-4.33070900
1.31360002,-4.72440900
1.31440002,-5.11811000
1.31520002,-5.51181100
1.31600002,-6.69291300
1.31680002,-6.69291300
1.31760002,-7.08661400
1.31840002,-7.48031400
1.31920002,-7.48031400
1.32000002,-7.48031400
1.32080002,-7.48031400
1.32160002,-6.29921200
1.32240002,-5.90551100
1.32320002,-4.72440900
1.32400002,-3.54330700
1.32480002,-3.14960600
1.32560002,-2.75590500
1.32640002,-3.14960600
1.32720002,-3.54330700
1.32800002,-3.93700800
1.32880002,-3.54330700
1.32960002,-3.54330700
1.33040002,-2.75590500
1.33120002,-1.96850400
1.33200002,-1.57480300
1.33280002,-1.18110200
1.33360002,0.00000000
1.33440002,1.57480300
1.33520002,2.75590500
1.33600002,2.75590500
1.33680002,2.75590500
1.33760002,2.36220500
1.33840002,2.75590500
1.33920002,3.14960600
1.34000002,3.14960600
1.34080002,4.72440900
1.34160002,5.11811000
1.34240002,5.11811000
1.34320002,5.90551100
1.34400002,5.90551100
1.34480002,5.90551100
1.34560002,7.08661400
1.34640002,7.08661400
1.34720002,8.26771600
1.34800002,7.87401500
1.34880002,7.87401500
1.34960002,7.48031400
1.35040002,7.48031400
1.35120002,7.87401500
1.35200002,8.26771600
1.35280002,8.66141700
1.35360002,8.26771600
1.35440002,8.26771600
1.35520002,7.87401500
1.35600002,7.87401500
1.35680002,7.87401500
1.35760002,7.08661400
1.35840002,7.08661400
1.35920002,6.29921200
1.36000002,5.90551100
1.36080002,6.29921200
1.36160002,5.51181100
1.36240002,5.11811000
1.36320002,4.33070900
1.36400002,3.14960600
1.36480002,2.75590500
1.36560002,1.96850400
1.36640002,1.18110200
1.36720002,1.57480300
1.36800002,1.57480300
1.36880002,1.18110200
1.36960002,0.78740150
1.37040002,0.00000000
1.37120002,-1.57480300
1.37200002,-1.96850400
1.37280002,-3.14960600
1.37360002,-4.33070900
1.37440002,-5.11811000
1.37520002,-5.90551100
1.37600002,-6.69291300
1.37680002,-7.08661400
1.37760002,-7.87401500
1.37840002,-7.08661400
1.37920002,-6.29921200
1.38000002,-6.29921200
1.38080002,-5.90551100
1.38160002,-6.29921200
1.38240002,-7.48031400
1.38320002,-8.66141700
1.38400002,-9.84251900
1.38480002,-10.62992000
1.38560002,-10.62992000
1.38640002,-10.23622000
1.38720002,-9.44881800
1.38800002,-9.05511800
1.38880002,-8.66141700
1.38960002,-7.87401500
1.39040002,-7.48031400
1.39120002,-6.69291300
1.39200002,-7.08661400
1.39280002,-7.48031400
1.39360002,-8.26771600
1.39440002,-8.26771600
1.39520002,-7.87401500
1.39600002,-6.29921200
1.39680002,-5.11811000
1.39760002,-4.33070900
1.39840002,-3.14960600
1.39920002,-3.14960600
1.40000002,-1.96850400
1.40080002,-1.57480300
1.40160002,-0.78740150
1.40240002,-0.39370070
1.40320002,-0.78740150
1.40400002,-1.18110200
1.40480002,-1.57480300
1.40560002,-0.39370070
1.40640002,1.18110200
1.40720002,2.75590500
1.40800002,4.33070900
1.40880002,5.51181100
1.40960002,5.90551100
1.41040002,6.29921200
1.41120002,6.69291300
1.41200002,6.69291300
1.41280002,6.69291300
1.41360002,6.69291300
1.41440002,5.51181100
1.41520002,4.72440900
1.41600002,5.11811000
1.41680002,6.29921200
1.41760002,8.26771600
1.41840002,9.44881800
1.41920002,9.84251900
1.42000002,9.84251900
1.42080002,9.44881800
1.42160002,9.05511800
1.42240002,8.66141700
1.42320002,8.26771600
1.42400002,8.26771600
1.42480002,7.48031400
1.42560002,7.87401500
1.42640002,7.87401500
1.42720002,7.87401500
1.42800002,7.87401500
1.42880002,8.26771600
1.42960002,7.87401500
1.43040002,6.69291300
1.43120002,5.51181100
1.43200002,4.72440900
1.43280002,3.54330700
1.43360002,3.54330700
1.43440002,3.14960600
1.43520002,3.14960600
1.43600002,2.75590500
1.43680002,2.75590500
1.43760002,2.36220500
1.43840002,2.75590500
1.43920002,1.57480300
1.44000002,0.78740150
1.44080002,-1.18110200
1.44160002,-2.36220500
1.44240002,-3.14960600
1.44320002,-3.93700800
1.44400002,-3.93700800
1.44480002,-3.93700800
1.44560002,-4.33070900
1.44640002,-4.33070900
1.44720002,-3.93700800
1.44800002,-2.75590500
1.44880002,-3.14960600
1.44960002,-3.54330700
1.45040002,-5.11811000
1.45120002,-6.69291300
1.45200002,-7.87401500
1.45280002,-8.26771600
1.45360002,-8.26771600
1.45440002,-7.87401500
1.45520002,-8.26771600
1.45600002,-8.66141700
1.45680002,-9.05511800
1.45760002,-7.87401500
1.45840002,-7.08661400
1.45920002,-6.29921200
1.46000002,-5.51181100
1.46080002,-5.51181100
1.46160002,-5.90551100
1.46240002,-7.08661400
1.46320002,-7.48031400
1.46400002,-6.69291300
1.46480002,-6.69291300
1.46560002,-6.69291300
1.46640002,-7.08661400
1.46720002,-6.69291300
1.46800002,-5.90551100
1.46880002,-4.72440900
1.46960002,-2.75590500
1.47040002,-1.96850400
1.47120002,-1.57480300
1.47200002,-2.36220500
1.47280002,-2.75590500
1.47360002,-2.36220500
1.47440002,-1.18110200
1.47520002,-0.39370070
1.47600002,-0.39370070
1.47680002,-1.18110200
1.47760002,-0.78740150
1.47840002,0.39370070
1.47920002,2.36220500
1.48000002,4.33070900
1.48080002,4.72440900
1.48160002,5.11811000
1.48240002,4.72440900
1.48320002,4.33070900
1.48400002,4.33070900
1.48480002,3.54330700
1.48560002,4.33070900
1.48640002,3.93700800
1.48720002,3.93700800
1.48800002,4.72440900
1.48880002,4.72440900
1.48960002,6.69291300
1.49040002,9.05511800
1.49120002,10.23622000
1.49200002,10.23622000
1.49280002,9.44881800
1.49360002,8.26771600
1.49440002,6.69291300
1.49520002,6.29921200
1.49600002,5.90551100
1.49680002,4.72440900
1.49760002,4.33070900
1.49840002,3.93700800
1.49920002,5.11811000
1.50000002,6.29921200
1.50080002,8.26771600
1.50160002,9.84251900
1.50240002,9.84251900
1.50320002,8.66141700
1.50400002,7.48031400
1.50480002,5.51181100
1.50560002,4.33070900
1.50640002,3.14960600
1.50720002,1.96850400
1.50800002,0.78740150
1.50880002,0.39370070
1.50960002,0.78740150
1.51040002,1.57480300
1.51120002,3.14960600
1.51200002,3.93700800
1.51280002,2.75590500
1.51360002,1.96850400
1.51440002,0.39370070
1.51520002,-1.18110200
1.51600002,-2.75590500
1.51680002,-3.54330700
1.51760002,-4.72440900
1.51840002,-5.11811000
1.51920002,-5.11811000
1.52000002,-4.72440900
1.52080002,-3.93700800
1.52160002,-3.14960600
1.52240002,-2.75590500
1.52320002,-3.14960600
1.52400002,-4.72440900
1.52480002,-5.90551100
1.52560002,-7.08661400
1.52640002,-7.48031400
1.52720002,-7.48031400
1.52800002,-8.66141700
1.52880002,-9.44881800
1.52960002,-9.05511800
1.53040002,-7.87401500
1.53120002,-6.29921200
1.53200002,-5.51181100
1.53280002,-4.72440900
1.53360002,-5.51181100
1.53440002,-6.29921200
1.53520002,-7.08661400
1.53600002,-7.48031400
1.53680002,-6.69291300
1.53760002,-7.08661400
1.53840002,-7.48031400
1.53920002,-7.87401500
1.54000002,-8.26771600
1.54080002,-7.08661400
1.54160002,-5.51181100
1.54240002,-3.93700800
1.54320002,-2.36220500
1.54400002,-2.36220500
1.54480002,-1.96850400
1.54560002,-2.36220500
1.54640002,-1.96850400
1.54720002,-0.78740150
1.54800002,-0.39370070
1.54880002,-0.78740150
1.54960002,-1.57480300
1.55040002,-1.96850400
1.55120002,-1.96850400
1.55200002,-0.78740150
1.55280002,1.57480300
1.55360002,2.75590500
1.55440002,3.93700800
1.55520002,4.72440900
1.55600002,4.72440900
1.55680002,5.51181100
1.55760002,5.90551100
1.55840002,6.29921200
1.55920002,6.29921200
1.56000002,5.51181100
1.56080002,4.72440900
1.56160002,4.33070900
1.56240002,5.51181100
1.56320002,6.69291300
1.56400002,7.48031400
1.56480002,8.66141700
1.56560002,8.26771600
1.56640002,8.66141700
1.56720002,8.26771600
1.56800002,7.87401500
1.56880002,8.26771600
1.56960002,8.26771600
1.57040002,7.87401500
1.57120002,7.48031400
1.57200002,6.69291300
1.57280002,7.08661400
1.57360002,7.08661400
1.57440002,7.87401500
1.57520002,8.26771600
1.57600002,7.48031400
1.57680002,6.69291300
1.57760002,5.11811000
1.57840002,5.11811000
1.57920002,4.72440900
1.58000002,4.33070900
1.58080002,3.54330700
1.58160002,2.75590500
1.58240002,2.36220500
1.58320002,1.96850400
1.58400002,1.96850400
1.58480002,1.57480300
1.58560002,1.57480300
1.58640002,0.78740150
1.58720002,0.00000000
1.58800002,-0.78740150
1.58880002,-1.57480300
1.58960002,-1.96850400
1.59040002,-2.36220500
1.59120002,-2.36220500
1.59200002,-3.14960600
1.59280002,-4.33070900
1.59360002,-4.72440900
1.59440002,-5.11811000
1.59520002,-5.51181100
1.59600002,-5.51181100
1.59680002,-6.29921200
1.59760002,-7.08661400
1.59840002,-7.08661400
1.59920002,-7.48031400
1.60000002,-7.08661400
1.60080002,-6.69291300
1.60160002,-6.69291300
1.60240002,-6.69291300
1.60320002,-6.69291300
1.60400002,-6.69291300
1.60480002,-7.87401500
1.60560002,-8.26771600
1.60640002,-9.05511800
1.60720002,-9.44881800
1.60800002,-9.44881800
1.60880002,-8.66141700
1.60960002,-7.48031400
1.61040002,-6.29921200
1.61120002,-4.72440900
1.61200002,-3.93700800
1.61280002,-3.14960600
1.61360002,-2.75590500
1.61440002,-3.14960600
1.61520002,-3.14960600
1.61600002,-3.54330700
1.61680002,-4.33070900
1.61760002,-4.33070900
1.61840002,-3.93700800
1.61920002,-3.14960600
1.62000002,-2.36220500
1.62080002,-1.18110200
1.62160002,0.00000000
1.62240002,1.18110200
1.62320002,1.96850400
1.62400002,2.36220500
1.62480002,1.96850400
1.62560002,1.96850400
1.62640002,2.36220500
1.62720002,2.75590500
1.62800002,3.14960600
1.62880002,3.54330700
1.62960002,5.11811000
1.63040002,5.51181100
1.63120002,6.69291300
1.63200002,7.48031400
1.63280002,7.48031400
1.63360002,6.29921200
1.63440002,6.29921200
1.63520002,5.11811000
1.63600002,4.72440900
1.63680002,4.72440900
1.63760002,4.72440900
1.63840002,4.72440900
1.63920002,5.11811000
1.64000002,5.90551100
1.64080002,7.48031400
1.64160002,8.66141700
1.64240002,9.44881800
1.64320002,9.44881800
1.64400002,8.66141700
1.64480002,7.48031400
1.64560002,5.51181100
1.64640002,4.72440900
1.64720002,4.33070900
1.64800002,3.93700800
1.64880002,4.72440900
1.64960002,3.54330700
1.65040002,3.14960600
1.65120002,3.14960600
1.65200002,3.54330700
1.65280002,3.93700800
1.65360002,3.93700800
1.65440002,3.54330700
1.65520002,1.57480300
1.65600002,0.39370070
1.65680002,-0.78740150
1.65760002,-1.18110200
1.65840002,-0.78740150
1.65920002,-0.78740150
1.66000002,-1.18110200
1.66080002,-1.57480300
1.66160002,-1.96850400
1.66240002,-1.96850400
1.66320002,-1.96850400
1.66400002,-1.96850400
1.66480002,-2.36220500
1.66560002,-2.75590500
1.66640002,-3.54330700
1.66720002,-4.33070900
1.66800002,-3.93700800
1.66880002,-3.54330700
1.66960002,-3.14960600
1.67040002,-3.14960600
1.67120002,-3.93700800
1.67200002,-5.51181100
1.67280002,-6.69291300
1.67360002,-7.08661400
1.67440002,-6.29921200
1.67520002,-5.90551100
1.67600002,-5.51181100
1.67680002,-5.90551100
1.67760002,-6.69291300
1.67840002,-6.69291300
1.67920002,-5.90551100
1.68000002,-4.72440900
1.68080002,-4.33070900
1.68160002,-4.33070900
1.68240002,-4.72440900
1.68320002,-3.93700800
1.68400002,-3.93700800
1.68480002,-2.75590500
1.68560002,-1.96850400
1.68640002,-1.96850400
1.68720002,-2.75590500
1.68800002,-3.54330700
1.68880002,-3.93700800
1.68960002,-3.93700800
1.69040002,-3.14960600
1.69120002,-2.75590500
1.69200002,-1.96850400
1.69280002,-1.57480300
1.69360002,-1.18110200
1.69440002,-0.78740150
1.69520002,-0.39370070
1.69600002,0.78740150
1.69680002,1.57480300
1.69760002,1.96850400
1.69840002,1.57480300
1.69920002,1.96850400
1.70000002,2.36220500
1.70080002,2.36220500
1.70160002,3.14960600
1.70240002,3.14960600
1.70320002,3.54330700
1.70400002,3.54330700
1.70480002,3.93700800
1.70560002,4.33070900
1.70640002,4.72440900
1.70720002,4.72440900
1.70800002,5.11811000
1.70880002,5.11811000
1.70960002,4.72440900
1.71040002,4.72440900
1.71120002,4.72440900
1.71200002,4.33070900
1.71280002,3.93700800
1.71360002,4.72440900
1.71440002,4.72440900
1.71520002,4.72440900
1.71600002,4.33070900
1.71680002,3.54330700
1.71760002,3.54330700
1.71840002,3.14960600
1.71920002,3.14960600
1.72000002,3.93700800
1.72080002,3.93700800
1.72160002,4.72440900
1.72240002,4.72440900
1.72320002,5.11811000
1.72400002,4.72440900
1.72480002,3.93700800
1.72560002,3.93700800
1.72640002,2.75590500
1.72720002,1.57480300
1.72800002,0.00000000
1.72880002,-1.18110200
1.72960002,-1.57480300
1.73040002,-1.18110200
1.73120002,-0.39370070
1.73200002,0.39370070
1.73280002,0.78740150
1.73360002,0.00000000
1.73440002,0.00000000
1.73520002,-0.78740150
1.73600002,-0.39370070
1.73680002,0.00000000
1.73760002,0.00000000
1.73840002,-0.78740150
1.73920002,-2.36220500
1.74000002,-3.14960600
1.74080002,-3.14960600
1.74160002,-1.96850400
1.74240002,0.00000000
1.74320002,0.00000000
1.74400002,-0.39370070
1.74480002,-1.18110200
1.74560002,-2.75590500
1.74640002,-3.54330700
1.74720002,-3.93700800
1.74800002,-3.93700800
1.74880002,-5.11811000
1.74960002,-5.11811000
1.75040002,-5.90551100
1.75120002,-5.90551100
1.75200002,-3.54330700
1.75280002,-1.57480300
1.75360002,-0.39370070
1.75440002,-0.78740150
1.75520002,-2.75590500
1.75600002,-5.11811000
1.75680002,-5.51181100
1.75760002,-5.11811000
1.75840002,-4.33070900
1.75920002,-3.93700800
1.76000002,-4.33070900
1.76080002,-3.93700800
1.76160002,-3.54330700
1.76240002,-2.36220500
1.76320002,-0.78740150
1.76400002,0.00000000
1.76480002,-0.39370070
1.76560002,-1.18110200
1.76640002,-2.75590500
1.76720002,-3.54330700
1.76800002,-3.54330700
1.76880002,-3.14960600
1.76960002,-2.75590500
1.77040002,-1.96850400
1.77120002,-1.57480300
1.77200002,-1.96850400
1.77280002,-1.57480300
1.77360002,-1.18110200
1.77440002,0.00000000
1.77520002,0.78740150
1.77600002,1.18110200
1.77680002,0.78740150
1.77760002,0.39370070
1.77840002,0.39370070
1.77920002,1.18110200
1.78000002,2.36220500
1.78080002,3.14960600
1.78160002,3.14960600
1.78240002,2.75590500
1.78320002,2.36220500
1.78400002,3.14960600
1.78480002,3.14960600
1.78560002,3.54330700
1.78640002,3.54330700
1.78720002,3.14960600
1.78800002,3.14960600
1.78880002,3.93700800
1.78960002,4.72440900
1.79040002,5.90551100
1.79120002,6.29921200
1.79200002,6.29921200
1.79280002,5.90551100
1.79360002,5.11811000
1.79440002,4.72440900
1.79520002,4.72440900
1.79600002,5.11811000
1.79680002,4.72440900
1.79760002,4.72440900
1.79840002,5.11811000
1.79920002,5.11811000
1.80000002,4.72440900
1.80080002,4.72440900
1.80160002,4.33070900
1.80240002,3.93700800
1.80320002,3.93700800
1.80400002,3.14960600
1.80480002,3.14960600
1.80560002,2.36220500
1.80640002,1.57480300
1.80720002,1.18110200
1.80800002,1.18110200
1.80880002,1.18110200
1.80960002,1.57480300
1.81040002,1.96850400
1.81120002,1.18110200
1.81200002,0.39370070
1.81280002,0.00000000
1.81360002,-0.78740150
1.81440002,-0.78740150
1.81520002,-0.39370070
1.81600002,-1.18110200
1.81680002,-1.96850400
1.81760002,-3.14960600
1.81840002,-3.93700800
1.81920002,-3.54330700
1.82000002,-2.75590500
1.82080002,-3.14960600
1.82160002,-3.54330700
1.82240002,-4.33070900
1.82320002,-5.51181100
1.82400002,-5.90551100
1.82480002,-6.29921200
1.82560002,-5.51181100
1.82640002,-5.11811000
1.82720002,-5.11811000
1.82800002,-6.29921200
1.82880002,-6.69291300
1.82960002,-7.08661400
1.83040002,-6.69291300
1.83120002,-5.90551100
1.83200002,-5.51181100
1.83280002,-5.90551100
1.83360002,-6.29921200
1.83440002,-6.69291300
1.83520002,-6.29921200
1.83600002,-4.33070900
1.83680002,-3.14960600
1.83760002,-2.75590500
1.83840002,-4.72440900
1.83920002,-5.51181100
1.84000002,-6.69291300
1.84080002,-6.29921200
1.84160002,-4.33070900
1.84240002,-3.54330700
1.84320002,-2.36220500
1.84400002,-1.96850400
1.84480002,-2.36220500
1.84560002,-1.57480300
1.84640002,0.00000000
1.84720002,0.39370070
1.84800002,1.18110200
1.84880002,0.78740150
1.84960002,0.39370070
1.85040002,0.00000000
1.85120002,0.39370070
1.85200002,1.57480300
1.85280002,3.54330700
1.85360002,4.72440900
1.85440002,5.51181100
1.85520002,5.51181100
1.85600002,5.90551100
1.85680002,5.51181100
1.85760002,5.90551100
1.85840002,6.29921200
1.85920002,6.29921200
1.86000002,5.51181100
1.86080002,4.72440900
1.86160002,4.72440900
1.86240002,5.90551100
1.86320002,7.48031400
1.86400002,8.26771600
1.86480002,8.26771600
1.86560002,8.26771600
1.86640002,7.48031400
1.86720002,7.48031400
1.86800002,7.08661400
1.86880002,6.69291300
1.86960002,5.90551100
1.87040002,5.51181100
1.87120002,4.72440900
1.87200002,4.72440900
1.87280003,4.72440900
1.87360003,5.11811000
1.87440003,5.90551100
1.87520003,5.90551100
1.87600003,5.90551100
1.87680003,5.11811000
1.87760003,4.33070900
1.87840003,1.96850400
1.87920003,1.18110200
1.88000003,0.78740150
1.88080003,-0.39370070
1.88160003,-0.39370070
1.88240003,-1.57480300
1.88320003,-1.57480300
1.88400003,-1.57480300
1.88480003,-1.18110200
1.88560003,-1.57480300
1.88640003,-1.96850400
1.88720003,-1.96850400
1.88800003,-2.75590500
1.88880003,-3.14960600
1.88960003,-3.54330700
1.89040003,-4.72440900
1.89120003,-5.51181100
1.89200003,-6.29921200
1.89280003,-6.29921200
1.89360003,-5.90551100
1.89440003,-5.51181100
1.89520003,-5.51181100
1.89600003,-6.29921200
1.89680003,-5.90551100
1.89760003,-4.72440900
1.89840003,-4.72440900
1.89920003,-4.72440900
1.90000003,-5.90551100
1.90080003,-6.69291300
1.90160003,-6.29921200
1.90240003,-6.69291300
1.90320003,-6.29921200
1.90400003,-6.29921200
1.90480003,-5.90551100
1.90560003,-5.90551100
1.90640003,-5.51181100
1.90720003,-5.11811000
1.90800003,-3.93700800
1.90880003,-3.54330700
1.90960003,-2.75590500
1.91040003,-2.36220500
1.91120003,-2.75590500
1.91200003,-3.14960600
1.91280003,-2.75590500
1.91360003,-3.14960600
1.91440003,-2.75590500
1.91520003,-1.96850400
1.91600003,-1.18110200
1.91680003,-1.18110200
1.91760003,-1.18110200
1.91840003,-0.39370070
1.91920003,0.78740150
1.92000003,1.57480300
1.92080003,2.36220500
1.92160003,1.96850400
1.92240003,1.57480300
1.92320003,1.57480300
1.92400003,0.78740150
1.92480003,1.18110200
1.92560003,2.36220500
1.92640003,2.36220500
1.92720003,3.14960600
1.92800003,3.54330700
1.92880003,3.93700800
1.92960003,5.11811000
1.93040003,5.51181100
1.93120003,5.90551100
1.93200003,5.90551100
1.93280003,5.90551100
1.93360003,4.33070900
1.93440003,3.93700800
1.93520003,3.54330700
1.93600003,3.93700800
1.93680003,4.72440900
1.93760003,5.11811000
1.93840003,5.11811000
1.93920003,6.29921200
1.94000003,6.29921200
1.94080003,6.69291300
1.94160003,7.08661400
1.94240003,7.48031400
1.94320003,5.90551100
1.94400003,4.33070900
1.94480003,3.54330700
1.94560003,2.75590500
1.94640003,2.75590500
1.94720003,3.14960600
1.94800003,3.14960600
1.94880003,3.14960600
1.94960003,3.14960600
1.95040003,3.54330700
1.95120003,3.14960600
1.95200003,3.14960600
1.95280003,2.75590500
1.95360003,2.75590500
1.95440003,1.96850400
1.95520003,1.18110200
1.95600003,0.39370070
1.95680003,-0.39370070
1.95760003,-0.78740150
1.95840003,-1.18110200
1.95920003,-0.78740150
1.96000003,-1.18110200
1.96080003,-1.18110200
1.96160003,-1.57480300
1.96240003,-1.57480300
1.96320003,-1.57480300
1.96400003,-1.57480300
1.96480003,-2.75590500
1.96560003,-3.54330700
1.96640003,-3.93700800
1.96720003,-4.33070900
1.96800003,-4.72440900
1.96880003,-4.33070900
1.96960003,-4.72440900
1.97040003,-4.33070900
1.97120003,-4.33070900
1.97200003,-4.33070900
1.97280003,-3.54330700
1.97360003,-3.54330700
1.97440003,-3.93700800
1.97520003,-4.33070900
1.97600003,-5.11811000
1.97680003,-5.90551100
1.97760003,-6.69291300
1.97840003,-6.69291300
1.97920003,-6.29921200
1.98000003,-4.72440900
1.98080003,-4.33070900
1.98160003,-3.54330700
1.98240003,-3.14960600
1.98320003,-3.14960600
1.98400003,-2.36220500
1.98480003,-2.75590500
1.98560003,-1.96850400
1.98640003,-3.54330700
1.98720003,-4.72440900
1.98800003,-5.51181100
1.98880003,-5.51181100
1.98960003,-4.72440900
1.99040003,-3.14960600
1.99120003,-1.57480300
1.99200003,-1.18110200
1.99280003,-0.39370070
1.99360003,0.39370070
1.99440003,0.78740150
1.99520003,0.78740150
1.99600003,0.39370070
1.99680003,0.00000000
1.99760003,-1.57480300
1.99840003,-1.96850400
1.99920003,-1.18110200
2.00000003,-0.39370070
2.00080003,0.00000000
2.00160003,1.96850400
2.00240003,4.33070900
2.00320003,5.11811000
2.00400003,5.51181100
2.00480003,5.11811000
2.00560003,3.93700800
2.00640003,3.54330700
2.00720003,3.93700800
2.00800003,2.75590500
2.00880003,3.14960600
2.00960003,3.54330700
2.01040003,4.72440900
2.01120003,5.90551100
2.01200003,7.48031400
2.01280003,7.48031400
2.01360003,7.48031400
2.01440003,7.48031400
2.01520003,6.69291300
2.01600003,6.29921200
2.01680003,5.51181100
2.01760003,4.33070900
2.01840003,3.54330700
2.01920003,4.33070900
2.02000003,4.72440900
2.02080003,5.11811000
2.02160003,7.08661400
2.02240003,7.48031400
2.02320003,7.87401500
2.02400003,7.87401500
2.02480003,6.69291300
2.02560003,5.11811000
2.02640003,3.93700800
2.02720003,2.36220500
2.02800003,0.78740150
2.02880003,0.78740150
2.02960003,0.78740150
2.03040003,1.57480300
2.03120003,1.57480300
2.03200003,1.96850400
2.03280003,1.57480300
2.03360003,1.18110200
2.03440003,0.78740150
2.03520003,0.39370070
2.03600003,-0.78740150
2.03680003,-1.96850400
2.03760003,-3.14960600
2.03840003,-4.33070900
2.03920003,-5.51181100
2.04000003,-5.11811000
2.04080003,-4.33070900
2.04160003,-3.14960600
2.04240003,-3.93700800
2.04320003,-3.93700800
2.04400003,-5.11811000
2.04480003,-6.29921200
2.04560003,-6.29921200
2.04640003,-6.29921200
2.04720003,-5.90551100
2.04800003,-6.69291300
2.04880003,-8.26771600
2.04960003,-8.66141700
2.05040003,-7.48031400
2.05120003,-6.69291300
2.05200003,-5.90551100
2.05280003,-5.11811000
2.05360003,-5.90551100
2.05440003,-6.29921200
2.05520003,-7.08661400
2.05600003,-7.08661400
2.05680003,-6.29921200
2.05760003,-5.51181100
2.05840003,-4.72440900
2.05920003,-4.72440900
2.06000003,-5.51181100
2.06080003,-5.51181100
2.06160003,-5.51181100
2.06240003,-3.54330700
2.06320003,-2.36220500
2.06400003,-1.18110200
2.06480003,-0.78740150
2.06560003,-1.96850400
2.06640003,-1.96850400
2.06720003,-1.57480300
2.06800003,-0.39370070
2.06880003,1.18110200
2.06960003,1.18110200
2.07040003,0.78740150
2.07120003,0.00000000
2.07200003,0.00000000
2.07280003,1.57480300
2.07360003,3.14960600
2.07440003,3.93700800
2.07520003,4.33070900
2.07600003,5.11811000
2.07680003,5.90551100
2.07760003,6.69291300
2.07840003,7.48031400
2.07920003,7.87401500
2.08000003,7.08661400
2.08080003,6.69291300
2.08160003,5.51181100
2.08240003,4.33070900
2.08320003,4.72440900
2.08400003,5.90551100
2.08480003,7.48031400
2.08560003,8.66141700
2.08640003,8.66141700
2.08720003,7.48031400
2.08800003,7.48031400
2.08880003,7.48031400
2.08960003,7.08661400
2.09040003,7.08661400
2.09120003,7.08661400
2.09200003,5.51181100
2.09280003,4.33070900
2.09360003,3.93700800
2.09440003,4.72440900
2.09520003,5.11811000
2.09600003,6.29921200
2.09680003,5.90551100
2.09760003,5.51181100
2.09840003,4.33070900
2.09920003,2.75590500
2.10000003,1.57480300
2.10080003,0.78740150
2.10160003,0.39370070
2.10240003,0.00000000
2.10320003,0.39370070
2.10400003,-0.39370070
2.10480003,-0.78740150
2.10560003,-0.39370070
2.10640003,-0.78740150
2.10720003,-0.78740150
2.10800003,-1.18110200
2.10880003,-2.75590500
2.10960003,-4.72440900
2.11040003,-5.90551100
2.11120003,-7.48031400
2.11200003,-7.08661400
2.11280003,-6.29921200
2.11360003,-5.51181100
2.11440003,-5.11811000
2.11520003,-4.72440900
2.11600003,-5.11811000
2.11680003,-5.51181100
2.11760003,-5.51181100
2.11840003,-6.29921200
2.11920003,-6.69291300
2.12000003,-7.48031400
2.12080003,-8.66141700
2.12160003,-9.44881800
2.12240003,-9.44881800
2.12320003,-8.26771600
2.12400003,-6.29921200
2.12480003,-3.93700800
2.12560003,-2.75590500
2.12640003,-3.54330700
2.12720003,-4.72440900
2.12800003,-7.08661400
2.12880003,-6.69291300
2.12960003,-5.11811000
2.13040003,-4.33070900
2.13120003,-3.93700800
2.13200003,-3.54330700
2.13280003,-3.14960600
2.13360003,-2.36220500
2.13440003,-1.18110200
2.13520003,0.00000000
2.13600003,0.00000000
2.13680003,0.39370070
2.13760003,-0.78740150
2.13840003,-1.96850400
2.13920003,-2.36220500
2.14000003,-1.18110200
2.14080003,-0.78740150
2.14160003,0.00000000
2.14240003,0.78740150
2.14320003,1.18110200
2.14400003,1.18110200
2.14480003,2.36220500
2.14560003,4.72440900
2.14640003,7.87401500
2.14720003,9.44881800
2.14800003,8.66141700
2.14880003,7.08661400
2.14960003,5.11811000
2.15040003,3.54330700
2.15120003,3.54330700
2.15200003,4.72440900
2.15280003,4.33070900
2.15360003,4.72440900
2.15440003,3.93700800
2.15520003,3.54330700
2.15600003,4.33070900
2.15680003,5.90551100
2.15760003,7.48031400
2.15840003,8.26771600
2.15920003,7.87401500
2.16000003,6.29921200
2.16080003,5.11811000
2.16160003,3.93700800
2.16240003,3.93700800
2.16320003,4.33070900
2.16400003,4.33070900
2.16480003,3.54330700
2.16560003,3.14960600
2.16640003,2.36220500
2.16720003,2.36220500
2.16800003,3.93700800
2.16880003,4.72440900
2.16960003,5.11811000
2.17040003,4.72440900
2.17120003,4.33070900
2.17200003,2.36220500
2.17280003,1.57480300
2.17360003,0.78740150
2.17440003,-0.39370070
2.17520003,-1.18110200
2.17600003,-2.75590500
2.17680003,-3.93700800
2.17760003,-3.54330700
2.17840003,-2.75590500
2.17920003,-1.18110200
2.18000003,-0.78740150
2.18080003,-1.18110200
2.18160003,-1.57480300
2.18240003,-3.14960600
2.18320003,-4.33070900
2.18400003,-5.90551100
2.18480003,-5.90551100
2.18560003,-5.51181100
2.18640003,-4.33070900
2.18720003,-3.93700800
2.18800003,-5.11811000
2.18880003,-5.51181100
2.18960003,-5.11811000
2.19040003,-4.72440900
2.19120003,-3.14960600
2.19200003,-2.75590500
2.19280003,-2.75590500
2.19360003,-4.33070900
2.19440003,-5.11811000
2.19520003,-5.51181100
2.19600003,-5.11811000
2.19680003,-4.72440900
2.19760003,-3.14960600
2.19840003,-1.96850400
2.19920003,-0.39370070
2.20000003,0.00000000
2.20080003,1.18110200
2.20160003,2.36220500
2.20240003,1.96850400
2.20320003,1.57480300
2.20400003,0.00000000
2.20480003,-1.57480300
2.20560003,-3.54330700
2.20640003,-3.93700800
2.20720003,-3.14960600
2.20800003,-1.96850400
2.20880003,-0.39370070
2.20960003,0.39370070
2.21040003,0.39370070
2.21120003,1.18110200
2.21200003,1.96850400
2.21280003,3.54330700
2.21360003,4.72440900
2.21440003,4.33070900
2.21520003,3.54330700
2.21600003,1.57480300
2.21680003,0.00000000
2.21760003,-0.78740150
2.21840003,-0.39370070
2.21920003,0.39370070
2.22000003,1.18110200
2.22080003,1.18110200
2.22160003,1.57480300
2.22240003,1.96850400
2.22320003,2.75590500
2.22400003,3.54330700
2.22480003,4.72440900
2.22560003,4.33070900
2.22640003,3.54330700
2.22720003,1.96850400
2.22800003,0.39370070
2.22880003,0.00000000
2.22960003,-0.39370070
2.23040003,0.39370070
2.23120003,0.39370070
2.23200003,0.00000000
2.23280003,0.00000000
2.23360003,0.39370070
2.23440003,1.57480300
2.23520003,3.54330700
2.23600003,4.72440900
2.23680003,4.72440900
2.23760003,3.54330700
2.23840003,2.36220500
2.23920003,1.18110200
2.24000003,0.78740150
2.24080003,1.18110200
2.24160003,2.36220500
2.24240003,2.75590500
2.24320003,2.75590500
2.24400003,2.36220500
2.24480003,2.75590500
2.24560003,3.14960600
2.24640003,3.93700800
2.24720003,4.72440900
2.24800003,4.33070900
2.24880003,3.14960600
2.24960003,0.78740150
2.25040003,-1.57480300
2.25120003,-2.36220500
2.25200003,-1.18110200
2.25280003,0.39370070
2.25360003,1.18110200
2.25440003,2.36220500
2.25520003,1.57480300
2.25600003,1.57480300
2.25680003,0.78740150
2.25760003,0.78740150
2.25840003,0.00000000
2.25920003,-0.78740150
2.26000003,-2.75590500
2.26080003,-4.33070900
2.26160003,-5.11811000
2.26240003,-4.72440900
2.26320003,-2.75590500
2.26400003,-1.18110200
2.26480003,0.00000000
2.26560003,-0.78740150
2.26640003,-1.18110200
2.26720003,-1.96850400
2.26800003,-2.36220500
2.26880003,-1.96850400
2.26960003,-2.36220500
2.27040003,-3.54330700
2.27120003,-5.11811000
2.27200003,-6.29921200
2.27280003,-6.69291300
2.27360003,-5.51181100
2.27440003,-3.93700800
2.27520003,-2.36220500
2.27600003,-1.57480300
2.27680003,-1.96850400
2.27760003,-3.14960600
2.27840003,-3.93700800
2.27920003,-3.54330700
2.28000003,-3.14960600
2.28080003,-3.14960600
2.28160003,-2.75590500
2.28240003,-3.14960600
2.28320003,-3.14960600
2.28400003,-2.75590500
2.28480003,-1.96850400
2.28560003,-0.39370070
2.28640003,0.39370070
2.28720003,0.00000000
2.28800003,-0.78740150
2.28880003,-1.57480300
2.28960003,-1.96850400
2.29040003,-1.18110200
2.29120003,0.00000000
2.29200003,1.57480300
2.29280003,1.57480300
2.29360003,1.18110200
2.29440003,0.39370070
2.29520003,0.39370070
2.29600003,0.78740150
2.29680003,1.18110200
2.29760003,1.57480300
2.29840003,1.96850400
2.29920003,1.57480300
2.30000003,1.57480300
2.30080003,1.57480300
2.30160003,1.18110200
2.30240003,1.96850400
2.30320003,2.36220500
2.30400003,2.75590500
2.30480003,2.75590500
2.30560003,1.96850400
2.30640003,1.96850400
2.30720003,2.36220500
2.30800003,3.14960600
2.30880003,3.93700800
2.30960003,4.72440900
2.31040003,5.11811000
2.31120003,3.93700800
2.31200003,3.93700800
2.31280003,4.33070900
2.31360003,4.72440900
2.31440003,5.11811000
2.31520003,5.90551100
2.31600003,5.11811000
2.31680003,5.11811000
2.31760003,3.93700800
2.31840003,4.72440900
2.31920003,5.11811000
2.32000003,5.51181100
2.32080003,5.51181100
2.32160003,5.11811000
2.32240003,4.33070900
2.32320003,3.14960600
2.32400003,1.96850400
2.32480003,2.36220500
2.32560003,1.96850400
2.32640003,2.75590500
2.32720003,1.96850400
2.32800003,0.00000000
2.32880003,0.00000000
2.32960003,0.39370070
2.33040003,0.78740150
2.33120003,1.57480300
2.33200003,1.18110200
2.33280003,-0.78740150
2.33360003,-1.96850400
2.33440003,-3.54330700
2.33520003,-3.54330700
2.33600003,-2.75590500
2.33680003,-2.36220500
2.33760003,-2.75590500
2.33840003,-3.93700800
2.33920003,-4.33070900
2.34000003,-5.90551100
2.34080003,-5.51181100
2.34160003,-5.11811000
2.34240003,-4.33070900
2.34320003,-5.11811000
2.34400003,-6.29921200
2.34480003,-7.48031400
2.34560003,-7.87401500
2.34640003,-7.08661400
2.34720003,-5.90551100
2.34800003,-4.72440900
2.34880003,-5.11811000
2.34960003,-5.90551100
2.35040003,-6.69291300
2.35120003,-7.08661400
2.35200003,-6.29921200
2.35280003,-5.11811000
2.35360003,-4.33070900
2.35440003,-4.33070900
2.35520003,-4.72440900
2.35600003,-5.11811000
2.35680003,-4.33070900
2.35760003,-3.54330700
2.35840003,-2.36220500
2.35920003,-1.96850400
2.36000003,-1.96850400
2.36080003,-2.75590500
2.36160003,-2.36220500
2.36240003,-1.96850400
2.36320003,-0.39370070
2.36400003,0.78740150
2.36480003,2.36220500
2.36560003,2.75590500
2.36640003,3.54330700
2.36720003,3.93700800
2.36800003,4.72440900
2.36880003,5.11811000
2.36960003,5.90551100
2.37040003,5.90551100
2.37120003,5.51181100
2.37200003,4.72440900
2.37280003,4.72440900
2.37360003,5.11811000
2.37440003,5.90551100
2.37520003,5.90551100
2.37600003,6.69291300
2.37680003,6.29921200
2.37760003,6.29921200
2.37840003,5.51181100
2.37920003,5.11811000
2.38000003,5.11811000
2.38080003,4.72440900
2.38160003,3.93700800
2.38240003,3.93700800
2.38320003,4.33070900
2.38400003,4.33070900
2.38480003,4.33070900
2.38560003,4.33070900
2.38640003,4.72440900
2.38720003,5.11811000
2.38800003,5.11811000
2.38880003,4.33070900
2.38960003,3.54330700
2.39040003,2.36220500
2.39120003,2.36220500
2.39200003,2.75590500
2.39280003,2.75590500
2.39360003,3.14960600
2.39440003,2.75590500
2.39520003,1.57480300
2.39600003,1.18110200
2.39680003,0.78740150
2.39760003,-0.39370070
2.39840003,-0.39370070
2.39920003,-1.18110200
2.40000003,-1.96850400
2.40080003,-2.36220500
2.40160003,-2.75590500
2.40240003,-3.14960600
2.40320003,-2.75590500
2.40400003,-1.57480300
2.40480003,-1.96850400
2.40560003,-1.96850400
2.40640003,-3.54330700
2.40720003,-4.72440900
2.40800003,-5.11811000
2.40880003,-4.72440900
2.40960003,-4.72440900
2.41040003,-4.33070900
2.41120003,-3.93700800
2.41200003,-4.33070900
2.41280003,-3.93700800
2.41360003,-3.93700800
2.41440003,-2.75590500
2.41520003,-2.75590500
2.41600003,-3.54330700
2.41680003,-4.72440900
2.41760003,-5.90551100
2.41840003,-6.29921200
2.41920003,-6.29921200
2.42000003,-4.72440900
2.42080003,-3.14960600
2.42160003,-2.75590500
2.42240003,-2.36220500
2.42320003,-3.14960600
2.42400003,-3.14960600
2.42480003,-3.14960600
2.42560003,-2.75590500
2.42640003,-2.75590500
2.42720003,-3.14960600
2.42800003,-3.93700800
2.42880003,-3.93700800
2.42960003,-3.54330700
2.43040003,-1.96850400
2.43120003,-0.78740150
2.43200003,0.39370070
2.43280003,0.39370070
2.43360003,0.00000000
2.43440003,-0.39370070
2.43520003,-0.78740150
2.43600003,-1.57480300
2.43680003,-1.57480300
2.43760003,-1.57480300
2.43840003,-1.57480300
2.43920003,-1.18110200
2.44000003,0.00000000
2.44080003,0.78740150
2.44160003,2.36220500
2.44240003,3.14960600
2.44320003,3.93700800
2.44400003,3.93700800
2.44480003,3.54330700
2.44560003,3.14960600
2.44640003,2.75590500
2.44720003,2.75590500
2.44800003,2.75590500
2.44880003,3.14960600
2.44960003,4.33070900
2.45040003,4.72440900
2.45120003,5.11811000
2.45200003,5.90551100
2.45280003,5.90551100
2.45360003,5.11811000
2.45440003,4.72440900
2.45520003,4.33070900
2.45600003,3.93700800
2.45680003,3.54330700
2.45760003,3.54330700
2.45840003,3.54330700
2.45920003,4.33070900
2.46000003,4.72440900
2.46080003,5.51181100
2.46160003,5.90551100
2.46240003,5.51181100
2.46320003,4.72440900
2.46400003,3.54330700
2.46480003,2.36220500
2.46560003,2.36220500
2.46640003,2.36220500
2.46720003,1.57480300
2.46800003,1.18110200
2.46880003,1.57480300
2.46960003,0.78740150
2.47040003,1.18110200
2.47120003,1.96850400
2.47200003,1.57480300
2.47280003,1.57480300
2.47360003,0.39370070
2.47440003,0.00000000
2.47520003,-1.18110200
2.47600003,-1.96850400
2.47680003,-2.36220500
2.47760003,-2.75590500
2.47840003,-2.75590500
2.47920003,-2.75590500
2.48000003,-2.75590500
2.48080003,-3.14960600
2.48160003,-2.75590500
2.48240003,-2.36220500
2.48320003,-1.18110200
2.48400003,-1.57480300
2.48480003,-2.36220500
2.48560003,-2.75590500
2.48640003,-4.33070900
2.48720003,-4.72440900
2.48800003,-4.33070900
2.48880003,-4.72440900
2.48960003,-4.72440900
2.49040003,-4.72440900
2.49120003,-5.11811000
2.49200003,-5.11811000
2.49280003,-4.72440900
2.49360003,-4.72440900
2.49440003,-4.33070900
2.49520003,-3.54330700
2.49600003,-4.33070900
2.49680003,-4.72440900
2.49760003,-4.72440900
2.49840003,-4.72440900
2.49920003,-4.33070900
2.50000003,-3.93700800
2.50080003,-3.93700800
2.50160003,-3.14960600
2.50240003,-3.14960600
2.50320003,-3.14960600
2.50400003,-2.36220500
2.50480003,-1.18110200
2.50560003,-0.39370070
2.50640003,-0.39370070
2.50720003,0.00000000
2.50800003,-1.18110200
2.50880003,-1.18110200
2.50960003,-1.18110200
2.51040003,-0.39370070
2.51120003,0.39370070
2.51200003,1.18110200
2.51280003,1.57480300
2.51360003,1.96850400
2.51440003,2.36220500
2.51520003,2.75590500
2.51600003,2.75590500
2.51680003,2.75590500
2.51760003,2.75590500
2.51840003,2.75590500
2.51920003,2.36220500
2.52000003,1.96850400
2.52080003,2.75590500
2.52160003,3.54330700
2.52240003,4.33070900
2.52320003,4.72440900
2.52400003,5.11811000
2.52480003,5.11811000
2.52560003,5.11811000
2.52640003,5.51181100
2.52720003,4.72440900
2.52800003,3.93700800
2.52880003,3.14960600
2.52960003,3.14960600
2.53040003,3.54330700
2.53120003,3.93700800
2.53200003,4.72440900
2.53280003,5.51181100
2.53360003,6.29921200
2.53440003,6.69291300
2.53520003,6.29921200
2.53600003,5.90551100
2.53680003,4.33070900
2.53760003,2.75590500
2.53840003,1.96850400
2.53920003,0.78740150
2.54000003,0.78740150
2.54080003,1.18110200
2.54160003,1.96850400
2.54240003,2.75590500
2.54320003,3.14960600
2.54400003,3.54330700
2.54480003,3.93700800
2.54560003,3.14960600
2.54640003,2.36220500
2.54720003,1.18110200
2.54800003,-0.78740150
2.54880003,-2.75590500
2.54960003,-3.54330700
2.55040003,-3.54330700
2.55120003,-2.75590500
2.55200003,-1.57480300
2.55280003,-0.78740150
2.55360003,-0.39370070
2.55440003,-1.18110200
2.55520003,-1.18110200
2.55600003,-1.96850400
2.55680003,-2.75590500
2.55760003,-3.93700800
2.55840003,-5.11811000
2.55920003,-6.69291300
2.56000003,-7.48031400
2.56080003,-7.08661400
2.56160003,-5.51181100
2.56240003,-3.54330700
2.56320003,-2.75590500
2.56400003,-2.36220500
2.56480003,-2.36220500
2.56560003,-3.54330700
2.56640003,-4.33070900
2.56720003,-4.72440900
2.56800003,-5.11811000
2.56880003,-5.90551100
2.56960003,-6.69291300
2.57040003,-7.48031400
2.57120003,-6.29921200
2.57200003,-5.11811000
2.57280003,-3.14960600
2.57360003,-1.96850400
2.57440003,-1.18110200
2.57520003,-1.57480300
2.57600003,-2.36220500
2.57680003,-2.75590500
2.57760003,-2.75590500
2.57840003,-2.75590500
2.57920003,-2.75590500
2.58000003,-2.75590500
2.58080003,-3.14960600
2.58160003,-3.14960600
2.58240003,-2.75590500
2.58320003,-1.96850400
2.58400003,-0.78740150
2.58480003,-0.39370070
2.58560003,-0.39370070
2.58640003,0.78740150
2.58720003,1.18110200
2.58800003,1.96850400
2.58880003,2.36220500
2.58960003,2.75590500
2.59040003,2.36220500
2.59120003,2.36220500
2.59200003,1.57480300
2.59280003,0.78740150
2.59360003,0.78740150
2.59440003,1.57480300
2.59520003,2.75590500
2.59600003,5.51181100
2.59680003,8.26771600
2.59760003,10.23622000
2.59840003,10.62992000
2.59920003,8.66141700
2.60000003,7.08661400
2.60080003,5.51181100
2.60160003,4.33070900
2.60240003,3.14960600
2.60320003,3.54330700
2.60400003,4.33070900
2.60480003,5.90551100
2.60560003,7.87401500
2.60640003,9.05511800
2.60720003,8.26771600
2.60800003,7.48031400
2.60880003,5.90551100
2.60960003,4.72440900
2.61040003,4.72440900
2.61120003,3.93700800
2.61200003,3.14960600
2.61280003,2.75590500
2.61360003,2.36220500
2.61440003,1.57480300
2.61520003,1.96850400
2.61600003,1.96850400
2.61680003,2.75590500
2.61760003,4.33070900
2.61840003,4.33070900
2.61920003,3.93700800
2.62000003,2.75590500
2.62080003,0.39370070
2.62160004,-2.75590500
2.62240004,-4.33070900
2.62320004,-5.11811000
2.62400004,-5.11811000
2.62480004,-3.54330700
2.62560004,-2.75590500
2.62640004,-1.96850400
2.62720004,-1.57480300
2.62800004,-2.36220500
2.62880004,-3.54330700
2.62960004,-4.33070900
2.63040004,-5.51181100
2.63120004,-6.29921200
2.63200004,-7.08661400
2.63280004,-7.08661400
2.63360004,-7.87401500
2.63440004,-8.26771600
2.63520004,-8.66141700
2.63600004,-8.66141700
2.63680004,-8.26771600
2.63760004,-7.48031400
2.63840004,-6.29921200
2.63920004,-5.51181100
2.64000004,-5.11811000
2.64080004,-5.51181100
2.64160004,-6.29921200
2.64240004,-7.08661400
2.64320004,-6.69291300
2.64400004,-6.69291300
2.64480004,-5.90551100
2.64560004,-4.72440900
2.64640004,-3.14960600
2.64720004,-3.93700800
2.64800004,-4.33070900
2.64880004,-5.11811000
2.64960004,-4.72440900
2.65040004,-3.14960600
2.65120004,-1.18110200
2.65200004,0.78740150
2.65280004,1.57480300
2.65360004,1.57480300
2.65440004,1.57480300
2.65520004,1.18110200
2.65600004,2.36220500
2.65680004,3.54330700
2.65760004,4.33070900
2.65840004,4.33070900
2.65920004,3.93700800
2.66000004,2.75590500
2.66080004,3.14960600
2.66160004,3.14960600
2.66240004,5.11811000
2.66320004,6.29921200
2.66400004,7.48031400
2.66480004,7.87401500
2.66560004,7.48031400
2.66640004,7.08661400
2.66720004,6.69291300
2.66800004,7.48031400
2.66880004,7.08661400
2.66960004,7.08661400
2.67040004,7.08661400
2.67120004,6.69291300
2.67200004,6.29921200
2.67280004,5.90551100
2.67360004,5.51181100
2.67440004,5.90551100
2.67520004,5.11811000
2.67600004,4.72440900
2.67680004,4.72440900
2.67760004,4.33070900
2.67840004,3.93700800
2.67920004,3.14960600
2.68000004,2.36220500
2.68080004,2.36220500
2.68160004,2.36220500
2.68240004,2.75590500
2.68320004,3.14960600
2.68400004,3.14960600
2.68480004,1.96850400
2.68560004,1.18110200
2.68640004,-0.78740150
2.68720004,-1.96850400
2.68800004,-3.14960600
2.68880004,-3.54330700
2.68960004,-3.14960600
2.69040004,-2.75590500
2.69120004,-2.75590500
2.69200004,-2.36220500
2.69280004,-2.36220500
2.69360004,-1.96850400
2.69440004,-1.18110200
2.69520004,-1.96850400
2.69600004,-2.75590500
2.69680004,-3.93700800
2.69760004,-5.11811000
2.69840004,-5.51181100
2.69920004,-5.90551100
2.70000004,-5.51181100
2.70080004,-4.72440900
2.70160004,-3.54330700
2.70240004,-3.14960600
2.70320004,-3.93700800
2.70400004,-3.54330700
2.70480004,-3.93700800
2.70560004,-3.93700800
2.70640004,-3.54330700
2.70720004,-2.75590500
2.70800004,-1.96850400
2.70880004,-1.57480300
2.70960004,-1.57480300
2.71040004,-1.96850400
2.71120004,-2.36220500
2.71200004,-2.36220500
2.71280004,-2.75590500
2.71360004,-2.36220500
2.71440004,-2.75590500
2.71520004,-2.75590500
2.71600004,-2.75590500
2.71680004,-2.36220500
2.71760004,-1.96850400
2.71840004,-0.78740150
2.71920004,0.00000000
2.72000004,0.00000000
2.72080004,0.39370070
2.72160004,0.00000000
2.72240004,0.00000000
2.72320004,-0.39370070
2.72400004,0.39370070
2.72480004,-0.39370070
2.72560004,-0.39370070
2.72640004,-0.78740150
2.72720004,-1.57480300
2.72800004,-1.18110200
2.72880004,-0.78740150
2.72960004,0.39370070
2.73040004,1.57480300
2.73120004,1.96850400
2.73200004,1.96850400
2.73280004,1.96850400
2.73360004,1.96850400
2.73440004,1.57480300
2.73520004,1.18110200
2.73600004,0.78740150
2.73680004,0.39370070
2.73760004,0.00000000
2.73840004,0.39370070
2.73920004,0.39370070
2.74000004,1.57480300
2.74080004,1.96850400
2.74160004,1.96850400
2.74240004,1.96850400
2.74320004,1.96850400
2.74400004,1.57480300
2.74480004,1.96850400
2.74560004,2.36220500
2.74640004,3.14960600
2.74720004,3.93700800
2.74800004,3.54330700
2.74880004,2.75590500
2.74960004,2.36220500
2.75040004,1.96850400
2.75120004,1.96850400
2.75200004,3.14960600
2.75280004,2.75590500
2.75360004,2.75590500
2.75440004,2.75590500
2.75520004,3.14960600
2.75600004,3.54330700
2.75680004,4.33070900
2.75760004,4.33070900
2.75840004,4.33070900
2.75920004,3.93700800
2.76000004,3.54330700
2.76080004,3.93700800
2.76160004,3.93700800
2.76240004,4.33070900
2.76320004,3.93700800
2.76400004,3.54330700
2.76480004,2.75590500
2.76560004,1.57480300
2.76640004,1.96850400
2.76720004,1.18110200
2.76800004,1.18110200
2.76880004,0.39370070
2.76960004,0.39370070
2.77040004,0.39370070
2.77120004,0.78740150
2.77200004,1.57480300
2.77280004,1.57480300
2.77360004,1.96850400
2.77440004,1.96850400
2.77520004,1.57480300
2.77600004,0.78740150
2.77680004,0.00000000
2.77760004,-1.18110200
2.77840004,-1.96850400
2.77920004,-3.14960600
2.78000004,-3.93700800
2.78080004,-4.72440900
2.78160004,-5.11811000
2.78240004,-4.33070900
2.78320004,-3.54330700
2.78400004,-2.75590500
2.78480004,-2.75590500
2.78560004,-2.36220500
2.78640004,-2.36220500
2.78720004,-3.54330700
2.78800004,-4.33070900
2.78880004,-5.90551100
2.78960004,-7.48031400
2.79040004,-7.87401500
2.79120004,-7.87401500
2.79200004,-7.48031400
2.79280004,-6.29921200
2.79360004,-5.90551100
2.79440004,-5.11811000
2.79520004,-4.72440900
2.79600004,-4.33070900
2.79680004,-4.33070900
2.79760004,-4.33070900
2.79840004,-4.72440900
2.79920004,-5.51181100
2.80000004,-6.29921200
2.80080004,-6.69291300
2.80160004,-6.69291300
2.80240004,-5.11811000
2.80320004,-3.93700800
2.80400004,-2.36220500
2.80480004,-1.96850400
2.80560004,-1.18110200
2.80640004,-1.18110200
2.80720004,-0.78740150
2.80800004,-0.39370070
2.80880004,-0.78740150
2.80960004,-1.18110200
2.81040004,-0.39370070
2.81120004,-0.39370070
2.81200004,0.39370070
2.81280004,1.57480300
2.81360004,3.54330700
2.81440004,4.33070900
2.81520004,5.11811000
2.81600004,5.11811000
2.81680004,5.11811000
2.81760004,5.90551100
2.81840004,6.29921200
2.81920004,5.90551100
2.82000004,5.11811000
2.82080004,4.72440900
2.82160004,4.72440900
2.82240004,5.90551100
2.82320004,5.90551100
2.82400004,6.69291300
2.82480004,6.69291300
2.82560004,6.69291300
2.82640004,7.48031400
2.82720004,7.48031400
2.82800004,7.87401500
2.82880004,8.66141700
2.82960004,9.44881800
2.83040004,9.44881800
2.83120004,9.05511800
2.83200004,8.66141700
2.83280004,7.87401500
2.83360004,7.08661400
2.83440004,6.69291300
2.83520004,6.29921200
2.83600004,5.51181100
2.83680004,5.11811000
2.83760004,3.93700800
2.83840004,3.93700800
2.83920004,4.33070900
2.84000004,3.54330700
2.84080004,3.14960600
2.84160004,2.75590500
2.84240004,1.57480300
2.84320004,0.78740150
2.84400004,0.00000000
2.84480004,0.00000000
2.84560004,-0.78740150
2.84640004,-1.96850400
2.84720004,-3.14960600
2.84800004,-3.54330700
2.84880004,-3.54330700
2.84960004,-4.33070900
2.85040004,-3.54330700
2.85120004,-3.93700800
2.85200004,-4.72440900
2.85280004,-4.72440900
2.85360004,-5.11811000
2.85440004,-5.51181100
2.85520004,-5.51181100
2.85600004,-5.90551100
2.85680004,-7.08661400
2.85760004,-7.87401500
2.85840004,-8.66141700
2.85920004,-9.44881800
2.86000004,-8.66141700
2.86080004,-7.87401500
2.86160004,-7.87401500
2.86240004,-8.66141700
2.86320004,-9.44881800
2.86400004,-10.23622000
2.86480004,-9.44881800
2.86560004,-9.05511800
2.86640004,-8.26771600
2.86720004,-6.69291300
2.86800004,-6.29921200
2.86880004,-5.51181100
2.86960004,-4.33070900
2.87040004,-3.54330700
2.87120004,-2.75590500
2.87200004,-3.14960600
2.87280004,-3.93700800
2.87360004,-5.11811000
2.87440004,-5.11811000
2.87520004,-3.93700800
2.87600004,-3.14960600
2.87680004,-1.57480300
2.87760004,0.39370070
2.87840004,1.18110200
2.87920004,1.96850400
2.88000004,1.96850400
2.88080004,2.75590500
2.88160004,3.14960600
2.88240004,3.93700800
2.88320004,3.93700800
2.88400004,3.54330700
2.88480004,3.54330700
2.88560004,3.14960600
2.88640004,3.54330700
2.88720004,4.72440900
2.88800004,5.11811000
2.88880004,5.90551100
2.88960004,6.29921200
2.89040004,7.48031400
2.89120004,7.87401500
2.89200004,8.26771600
2.89280004,8.26771600
2.89360004,8.26771600
2.89440004,8.26771600
2.89520004,7.08661400
2.89600004,6.29921200
2.89680004,6.29921200
2.89760004,5.90551100
2.89840004,6.29921200
2.89920004,6.29921200
2.90000004,5.51181100
2.90080004,5.51181100
2.90160004,4.72440900
2.90240004,3.93700800
2.90320004,3.93700800
2.90400004,4.33070900
2.90480004,3.54330700
2.90560004,3.93700800
2.90640004,3.14960600
2.90720004,3.14960600
2.90800004,3.54330700
2.90880004,3.14960600
2.90960004,3.54330700
2.91040004,3.14960600
2.91120004,2.36220500
2.91200004,1.96850400
2.91280004,1.96850400
2.91360004,1.57480300
2.91440004,0.39370070
2.91520004,0.39370070
2.91600004,-0.39370070
2.91680004,-0.39370070
2.91760004,-0.78740150
2.91840004,-1.18110200
2.91920004,-1.57480300
2.92000004,-2.36220500
2.92080004,-2.75590500
2.92160004,-2.75590500
2.92240004,-3.14960600
2.92320004,-3.14960600
2.92400004,-3.14960600
2.92480004,-3.54330700
2.92560004,-3.54330700
2.92640004,-4.33070900
2.92720004,-4.72440900
2.92800004,-4.72440900
2.92880004,-4.33070900
2.92960004,-4.72440900
2.93040004,-4.33070900
2.93120004,-4.72440900
2.93200004,-4.33070900
2.93280004,-3.93700800
2.93360004,-3.93700800
2.93440004,-3.54330700
2.93520004,-4.33070900
2.93600004,-5.11811000
2.93680004,-5.51181100
2.93760004,-5.90551100
2.93840004,-5.51181100
2.93920004,-5.51181100
2.94000004,-5.11811000
2.94080004,-4.72440900
2.94160004,-3.93700800
2.94240004,-3.54330700
2.94320004,-3.54330700
2.94400004,-2.75590500
2.94480004,-1.57480300
2.94560004,-1.96850400
2.94640004,-1.96850400
2.94720004,-2.75590500
2.94800004,-3.14960600
2.94880004,-2.75590500
2.94960004,-1.57480300
2.95040004,-1.18110200
2.95120004,-0.39370070
2.95200004,0.78740150
2.95280004,1.18110200
2.95360004,2.36220500
2.95440004,3.54330700
2.95520004,3.54330700
2.95600004,2.75590500
2.95680004,1.96850400
2.95760004,1.57480300
2.95840004,0.39370070
2.95920004,0.00000000
2.96000004,-0.39370070
2.96080004,0.39370070
2.96160004,1.96850400
2.96240004,3.14960600
2.96320004,4.33070900
2.96400004,5.51181100
2.96480004,5.51181100
2.96560004,6.29921200
2.96640004,6.29921200
2.96720004,6.29921200
2.96800004,5.51181100
2.96880004,5.11811000
2.96960004,3.93700800
2.97040004,3.93700800
2.97120004,3.93700800
2.97200004,3.54330700
2.97280004,3.93700800
2.97360004,3.93700800
2.97440004,3.93700800
2.97520004,5.11811000
2.97600004,5.51181100
2.97680004,4.72440900
2.97760004,3.93700800
2.97840004,3.14960600
2.97920004,1.96850400
2.98000004,1.18110200
2.98080004,0.39370070
2.98160004,0.00000000
2.98240004,-0.39370070
2.98320004,0.00000000
2.98400004,0.00000000
2.98480004,0.39370070
2.98560004,1.18110200
2.98640004,1.57480300
2.98720004,1.96850400
2.98800004,1.96850400
2.98880004,1.18110200
2.98960004,1.18110200
2.99040004,0.39370070
2.99120004,0.00000000
2.99200004,-0.78740150
2.99280004,-1.57480300
2.99360004,-1.96850400
2.99440004,-2.36220500
2.99520004,-1.96850400
2.99600004,-1.18110200
2.99680004,-0.78740150
2.99760004,-1.18110200
2.99840004,-1.57480300
2.99920004,-1.96850400
3.00000004,-2.36220500
3.00080004,-2.75590500
3.00160004,-2.75590500
3.00240004,-2.36220500
3.00320004,-2.75590500
3.00400004,-2.36220500
3.00480004,-1.96850400
3.00560004,-1.96850400
3.00640004,-1.57480300
3.00720004,-1.18110200
3.00800004,-1.96850400
3.00880004,-1.96850400
3.00960004,-1.96850400
3.01040004,-2.75590500
3.01120004,-2.75590500
3.01200004,-3.14960600
3.01280004,-3.54330700
3.01360004,-3.54330700
3.01440004,-3.93700800
3.01520004,-3.93700800
3.01600004,-3.54330700
3.01680004,-2.75590500
3.01760004,-2.36220500
3.01840004,-2.75590500
3.01920004,-3.54330700
3.02000004,-4.33070900
3.02080004,-5.11811000
3.02160004,-5.11811000
3.02240004,-4.72440900
3.02320004,-3.54330700
3.02400004,-2.36220500
3.02480004,-1.57480300
3.02560004,-0.78740150
3.02640004,0.00000000
3.02720004,0.00000000
3.02800004,0.00000000
3.02880004,-0.39370070
3.02960004,-0.78740150
3.03040004,-1.57480300
3.03120004,-1.96850400
3.03200004,-1.96850400
3.03280004,-1.57480300
3.03360004,0.00000000
3.03440004,0.78740150
3.03520004,2.36220500
3.03600004,3.14960600
3.03680004,3.14960600
3.03760004,2.75590500
3.03840004,2.75590500
3.03920004,2.36220500
3.04000004,1.96850400
3.04080004,1.96850400
3.04160004,1.18110200
3.04240004,1.57480300
3.04320004,3.14960600
3.04400004,4.72440900
3.04480004,6.29921200
3.04560004,7.48031400
3.04640004,7.48031400
3.04720004,6.29921200
3.04800004,5.90551100
3.04880004,4.72440900
3.04960004,4.72440900
3.05040004,3.93700800
3.05120004,3.54330700
3.05200004,3.54330700
3.05280004,4.33070900
3.05360004,5.11811000
3.05440004,6.29921200
3.05520004,7.08661400
3.05600004,7.08661400
3.05680004,7.08661400
3.05760004,6.29921200
3.05840004,5.51181100
3.05920004,4.33070900
3.06000004,2.75590500
3.06080004,2.36220500
3.06160004,1.57480300
3.06240004,1.57480300
3.06320004,1.96850400
3.06400004,3.14960600
3.06480004,3.14960600
3.06560004,3.54330700
3.06640004,3.14960600
3.06720004,2.75590500
3.06800004,0.78740150
3.06880004,-1.18110200
3.06960004,-1.96850400
3.07040004,-2.75590500
3.07120004,-3.54330700
3.07200004,-3.93700800
3.07280004,-4.72440900
3.07360004,-4.33070900
3.07440004,-3.54330700
3.07520004,-2.36220500
3.07600004,-1.96850400
3.07680004,-3.14960600
3.07760004,-4.33070900
3.07840004,-5.51181100
3.07920004,-6.69291300
3.08000004,-7.08661400
3.08080004,-6.69291300
3.08160004,-7.08661400
3.08240004,-7.08661400
3.08320004,-7.48031400
3.08400004,-6.69291300
3.08480004,-5.51181100
3.08560004,-4.72440900
3.08640004,-4.33070900
3.08720004,-3.93700800
3.08800004,-5.11811000
3.08880004,-5.51181100
3.08960004,-6.29921200
3.09040004,-6.29921200
3.09120004,-6.29921200
3.09200004,-6.69291300
3.09280004,-6.69291300
3.09360004,-6.69291300
3.09440004,-5.90551100
3.09520004,-5.51181100
3.09600004,-3.93700800
3.09680004,-3.14960600
3.09760004,-2.36220500
3.09840004,-1.57480300
3.09920004,-1.18110200
3.10000004,-1.18110200
3.10080004,-0.78740150
3.10160004,0.00000000
3.10240004,0.78740150
3.10320004,0.78740150
3.10400004,0.39370070
3.10480004,0.39370070
3.10560004,1.18110200
3.10640004,1.18110200
3.10720004,3.14960600
3.10800004,3.14960600
3.10880004,4.33070900
3.10960004,5.11811000
3.11040004,5.90551100
3.11120004,5.51181100
3.11200004,5.90551100
3.11280004,5.90551100
3.11360004,5.51181100
3.11440004,5.51181100
3.11520004,5.51181100
3.11600004,5.11811000
3.11680004,4.72440900
3.11760004,5.90551100
3.11840004,6.29921200
3.11920004,6.69291300
3.12000004,7.08661400
3.12080004,7.08661400
3.12160004,7.08661400
3.12240004,7.08661400
3.12320004,6.69291300
3.12400004,5.90551100
3.12480004,5.90551100
3.12560004,5.51181100
3.12640004,4.72440900
3.12720004,5.51181100
3.12800004,5.51181100
3.12880004,5.51181100
3.12960004,5.11811000
3.13040004,4.72440900
3.13120004,4.33070900
3.13200004,4.33070900
3.13280004,3.54330700
3.13360004,2.36220500
3.13440004,1.57480300
3.13520004,0.78740150
3.13600004,0.39370070
3.13680004,0.78740150
3.13760004,1.57480300
3.13840004,1.57480300
3.13920004,1.18110200
3.14000004,0.39370070
3.14080004,-0.78740150
3.14160004,-1.57480300
3.14240004,-1.57480300
3.14320004,-1.96850400
3.14400004,-2.36220500
3.14480004,-3.54330700
3.14560004,-4.33070900
3.14640004,-4.72440900
3.14720004,-4.33070900
3.14800004,-3.54330700
3.14880004,-3.14960600
3.14960004,-4.33070900
3.15040004,-5.11811000
3.15120004,-5.90551100
3.15200004,-7.48031400
3.15280004,-7.48031400
3.15360004,-6.69291300
3.15440004,-6.69291300
3.15520004,-6.69291300
3.15600004,-6.69291300
3.15680004,-6.69291300
3.15760004,-6.29921200
3.15840004,-5.51181100
3.15920004,-5.11811000
3.16000004,-5.90551100
3.16080004,-6.69291300
3.16160004,-7.87401500
3.16240004,-9.05511800
3.16320004,-7.87401500
3.16400004,-7.08661400
3.16480004,-5.51181100
3.16560004,-4.72440900
3.16640004,-4.33070900
3.16720004,-4.72440900
3.16800004,-3.14960600
3.16880004,-3.14960600
3.16960004,-3.14960600
3.17040004,-2.36220500
3.17120004,-2.75590500
3.17200004,-4.33070900
3.17280004,-3.93700800
3.17360004,-3.93700800
3.17440004,-2.75590500
3.17520004,-1.18110200
3.17600004,0.39370070
3.17680004,1.57480300
3.17760004,1.96850400
3.17840004,1.96850400
3.17920004,2.36220500
3.18000004,3.14960600
3.18080004,3.14960600
3.18160004,3.54330700
3.18240004,3.54330700
3.18320004,3.54330700
3.18400004,3.93700800
3.18480004,4.72440900
3.18560004,5.90551100
3.18640004,6.29921200
3.18720004,7.08661400
3.18800004,7.08661400
3.18880004,7.08661400
3.18960004,6.69291300
3.19040004,6.69291300
3.19120004,6.29921200
3.19200004,7.08661400
3.19280004,7.08661400
3.19360004,7.48031400
3.19440004,7.87401500
3.19520004,7.87401500
3.19600004,7.87401500
3.19680004,7.87401500
3.19760004,7.87401500
3.19840004,7.87401500
3.19920004,7.08661400
3.20000004,6.29921200
3.20080004,5.51181100
3.20160004,4.72440900
3.20240004,4.72440900
3.20320004,3.93700800
3.20400004,4.33070900
3.20480004,3.93700800
3.20560004,3.93700800
3.20640004,3.54330700
3.20720004,3.14960600
3.20800004,2.36220500
3.20880004,1.96850400
3.20960004,1.96850400
3.21040004,1.57480300
3.21120004,1.57480300
3.21200004,0.78740150
3.21280004,-0.78740150
3.21360004,-1.57480300
3.21440004,-1.57480300
3.21520004,-1.96850400
3.21600004,-1.96850400
3.21680004,-2.36220500
3.21760004,-3.14960600
3.21840004,-3.93700800
3.21920004,-3.93700800
3.22000004,-3.93700800
3.22080004,-3.14960600
3.22160004,-3.14960600
3.22240004,-3.54330700
3.22320004,-4.72440900
3.22400004,-5.90551100
3.22480004,-6.29921200
3.22560004,-5.90551100
3.22640004,-5.90551100
3.22720004,-6.29921200
3.22800004,-6.29921200
3.22880004,-7.48031400
3.22960004,-7.48031400
3.23040004,-6.69291300
3.23120004,-5.90551100
3.23200004,-5.11811000
3.23280004,-5.11811000
3.23360004,-5.51181100
3.23440004,-6.69291300
3.23520004,-7.08661400
3.23600004,-7.48031400
3.23680004,-6.69291300
3.23760004,-5.51181100
3.23840004,-5.51181100
3.23920004,-5.90551100
3.24000004,-5.90551100
3.24080004,-5.90551100
3.24160004,-4.33070900
3.24240004,-2.75590500
3.24320004,-1.96850400
3.24400004,-2.36220500
3.24480004,-3.14960600
3.24560004,-3.54330700
3.24640004,-3.93700800
3.24720004,-3.14960600
3.24800004,-1.96850400
3.24880004,-0.78740150
3.24960004,0.39370070
3.25040004,0.39370070
3.25120004,0.78740150
3.25200004,1.57480300
3.25280004,1.96850400
3.25360004,2.75590500
3.25440004,3.54330700
3.25520004,3.14960600
3.25600004,2.75590500
3.25680004,2.36220500
3.25760004,2.36220500
3.25840004,3.14960600
3.25920004,4.33070900
3.26000004,5.90551100
3.26080004,5.90551100
3.26160004,6.29921200
3.26240004,5.90551100
3.26320004,6.69291300
3.26400004,7.87401500
3.26480004,8.66141700
3.26560004,9.05511800
3.26640004,8.26771600
3.26720004,7.87401500
3.26800004,7.48031400
3.26880004,6.69291300
3.26960004,7.08661400
3.27040004,6.69291300
3.27120004,7.48031400
3.27200004,7.87401500
3.27280004,7.87401500
3.27360004,7.87401500
3.27440004,7.87401500
3.27520004,8.26771600
3.27600004,8.66141700
3.27680004,7.87401500
3.27760004,7.08661400
3.27840004,5.90551100
3.27920004,4.33070900
3.28000004,3.14960600
3.28080004,2.36220500
3.28160004,1.96850400
3.28240004,1.57480300
3.28320004,1.57480300
3.28400004,1.18110200
3.28480004,1.18110200
3.28560004,1.18110200
3.28640004,1.18110200
3.28720004,0.00000000
3.28800004,0.00000000
3.28880004,-1.96850400
3.28960004,-3.54330700
3.29040004,-5.11811000
3.29120004,-5.90551100
3.29200004,-7.08661400
3.29280004,-7.08661400
3.29360004,-6.69291300
3.29440004,-5.90551100
3.29520004,-5.51181100
3.29600004,-5.11811000
3.29680004,-5.51181100
3.29760004,-5.51181100
3.29840004,-5.90551100
3.29920004,-6.69291300
3.30000004,-7.87401500
3.30080004,-10.23622000
3.30160004,-11.41732000
3.30240004,-11.41732000
3.30320004,-11.02362000
3.30400004,-9.44881800
3.30480004,-7.87401500
3.30560004,-6.69291300
3.30640004,-5.51181100
3.30720004,-5.11811000
3.30800004,-5.51181100
3.30880004,-5.51181100
3.30960004,-6.69291300
3.31040004,-7.08661400
3.31120004,-7.87401500
3.31200004,-8.26771600
3.31280004,-9.05511800
3.31360004,-8.66141700
3.31440004,-7.08661400
3.31520004,-4.72440900
3.31600004,-2.36220500
3.31680004,0.00000000
3.31760004,1.57480300
3.31840004,1.18110200
3.31920004,0.39370070
3.32000004,0.00000000
3.32080004,0.00000000
3.32160004,1.18110200
3.32240004,0.78740150
3.32320004,0.39370070
3.32400004,0.78740150
3.32480004,1.96850400
3.32560004,3.93700800
3.32640004,6.29921200
3.32720004,7.48031400
3.32800004,7.87401500
3.32880004,7.87401500
3.32960004,6.69291300
3.33040004,6.69291300
3.33120004,6.69291300
3.33200004,7.08661400
3.33280004,7.48031400
3.33360004,7.48031400
3.33440004,7.48031400
3.33520004,6.29921200
3.33600004,6.69291300
3.33680004,7.48031400
3.33760004,8.66141700
3.33840004,9.84251900
3.33920004,9.84251900
3.34000004,8.66141700
3.34080004,7.87401500
3.34160004,7.87401500
3.34240004,7.87401500
3.34320004,7.87401500
3.34400004,7.48031400
3.34480004,6.29921200
3.34560004,5.11811000
3.34640004,4.33070900
3.34720004,3.93700800
3.34800004,4.72440900
3.34880004,5.51181100
3.34960004,5.11811000
3.35040004,5.11811000
3.35120004,3.93700800
3.35200004,3.14960600
3.35280004,2.36220500
3.35360004,1.96850400
3.35440004,0.78740150
3.35520004,0.39370070
3.35600004,-0.78740150
3.35680004,-1.96850400
3.35760004,-3.14960600
3.35840004,-2.36220500
3.35920004,-2.75590500
3.36000004,-1.96850400
3.36080004,-1.96850400
3.36160004,-1.96850400
3.36240004,-2.75590500
3.36320004,-3.54330700
3.36400004,-4.33070900
3.36480004,-5.51181100
3.36560004,-6.29921200
3.36640004,-7.48031400
3.36720004,-8.66141700
3.36800004,-9.05511800
3.36880004,-9.05511800
3.36960004,-8.26771600
3.37040004,-7.87401500
3.37120005,-7.48031400
3.37200005,-7.08661400
3.37280005,-7.48031400
3.37360005,-7.48031400
3.37440005,-7.87401500
3.37520005,-8.66141700
3.37600005,-9.44881800
3.37680005,-9.44881800
3.37760005,-8.26771600
3.37840005,-7.87401500
3.37920005,-7.08661400
3.38000005,-6.69291300
3.38080005,-6.29921200
3.38160005,-5.51181100
3.38240005,-4.72440900
3.38320005,-3.93700800
3.38400005,-3.93700800
3.38480005,-3.54330700
3.38560005,-3.93700800
3.38640005,-4.33070900
3.38720005,-4.72440900
3.38800005,-4.33070900
3.38880005,-2.75590500
3.38960005,-1.96850400
3.39040005,-1.57480300
3.39120005,-0.78740150
3.39200005,0.00000000
3.39280005,1.57480300
3.39360005,3.54330700
3.39440005,5.11811000
3.39520005,6.69291300
3.39600005,6.69291300
3.39680005,5.90551100
3.39760005,4.33070900
3.39840005,3.93700800
3.39920005,4.72440900
3.40000005,4.72440900
3.40080005,4.72440900
3.40160005,3.93700800
3.40240005,3.54330700
3.40320005,3.93700800
3.40400005,5.11811000
3.40480005,7.48031400
3.40560005,9.44881800
3.40640005,11.41732000
3.40720005,10.62992000
3.40800005,10.23622000
3.40880005,10.23622000
3.40960005,9.84251900
3.41040005,9.44881800
3.41120005,8.26771600
3.41200005,6.69291300
3.41280005,4.72440900
3.41360005,2.75590500
3.41440005,3.14960600
3.41520005,4.72440900
3.41600005,7.87401500
3.41680005,9.44881800
3.41760005,9.44881800
3.41840005,9.05511800
3.41920005,7.48031400
3.42000005,6.29921200
3.42080005,5.51181100
3.42160005,4.72440900
3.42240005,2.75590500
3.42320005,0.39370070
3.42400005,-1.57480300
3.42480005,-2.36220500
3.42560005,-1.96850400
3.42640005,-0.78740150
3.42720005,0.00000000
3.42800005,0.39370070
3.42880005,0.39370070
3.42960005,0.00000000
3.43040005,0.00000000
3.43120005,0.00000000
3.43200005,-0.78740150
3.43280005,-1.96850400
3.43360005,-2.75590500
3.43440005,-3.54330700
3.43520005,-5.11811000
3.43600005,-6.29921200
3.43680005,-6.69291300
3.43760005,-6.29921200
3.43840005,-6.29921200
3.43920005,-5.90551100
3.44000005,-6.29921200
3.44080005,-7.08661400
3.44160005,-7.08661400
3.44240005,-6.69291300
3.44320005,-5.90551100
3.44400005,-5.90551100
3.44480005,-6.29921200
3.44560005,-6.69291300
3.44640005,-7.08661400
3.44720005,-7.87401500
3.44800005,-8.26771600
3.44880005,-9.05511800
3.44960005,-8.66141700
3.45040005,-8.66141700
3.45120005,-7.87401500
3.45200005,-6.69291300
3.45280005,-5.90551100
3.45360005,-5.51181100
3.45440005,-4.72440900
3.45520005,-4.33070900
3.45600005,-3.14960600
3.45680005,-3.93700800
3.45760005,-4.33070900
3.45840005,-5.51181100
3.45920005,-6.69291300
3.46000005,-6.29921200
3.46080005,-5.11811000
3.46160005,-3.54330700
3.46240005,-1.96850400
3.46320005,-0.78740150
3.46400005,0.00000000
3.46480005,1.57480300
3.46560005,3.14960600
3.46640005,3.54330700
3.46720005,3.54330700
3.46800005,2.36220500
3.46880005,1.18110200
3.46960005,0.00000000
3.47040005,-0.78740150
3.47120005,0.39370070
3.47200005,1.96850400
3.47280005,4.33070900
3.47360005,5.90551100
3.47440005,7.08661400
3.47520005,7.87401500
3.47600005,8.26771600
3.47680005,8.26771600
3.47760005,8.66141700
3.47840005,8.26771600
3.47920005,7.08661400
3.48000005,5.51181100
3.48080005,3.93700800
3.48160005,3.54330700
3.48240005,4.72440900
3.48320005,5.90551100
3.48400005,7.48031400
3.48480005,8.26771600
3.48560005,8.66141700
3.48640005,8.66141700
3.48720005,9.05511800
3.48800005,8.66141700
3.48880005,9.05511800
3.48960005,8.66141700
3.49040005,7.48031400
3.49120005,6.69291300
3.49200005,5.11811000
3.49280005,4.33070900
3.49360005,4.33070900
3.49440005,4.33070900
3.49520005,4.72440900
3.49600005,4.72440900
3.49680005,4.33070900
3.49760005,3.54330700
3.49840005,3.14960600
3.49920005,3.54330700
3.50000005,3.93700800
3.50080005,3.54330700
3.50160005,2.36220500
3.50240005,1.18110200
3.50320005,0.00000000
3.50400005,-0.78740150
3.50480005,-0.39370070
3.50560005,-0.78740150
3.50640005,-1.18110200
3.50720005,-1.96850400
3.50800005,-3.14960600
3.50880005,-3.54330700
3.50960005,-3.93700800
3.51040005,-3.54330700
3.51120005,-3.93700800
3.51200005,-4.33070900
3.51280005,-5.51181100
3.51360005,-6.69291300
3.51440005,-7.48031400
3.51520005,-8.26771600
3.51600005,-8.26771600
3.51680005,-7.87401500
3.51760005,-8.26771600
3.51840005,-8.26771600
3.51920005,-8.66141700
3.52000005,-9.05511800
3.52080005,-9.44881800
3.52160005,-9.44881800
3.52240005,-8.66141700
3.52320005,-9.05511800
3.52400005,-9.44881800
3.52480005,-9.05511800
3.52560005,-8.66141700
3.52640005,-7.87401500
3.52720005,-6.29921200
3.52800005,-5.51181100
3.52880005,-4.72440900
3.52960005,-5.11811000
3.53040005,-5.11811000
3.53120005,-5.51181100
3.53200005,-6.29921200
3.53280005,-6.29921200
3.53360005,-6.29921200
3.53440005,-5.11811000
3.53520005,-4.72440900
3.53600005,-3.54330700
3.53680005,-2.75590500
3.53760005,-0.39370070
3.53840005,1.18110200
3.53920005,2.36220500
3.54000005,3.14960600
3.54080005,3.14960600
3.54160005,1.96850400
3.54240005,1.18110200
3.54320005,1.57480300
3.54400005,2.36220500
3.54480005,2.75590500
3.54560005,3.93700800
3.54640005,5.51181100
3.54720005,5.90551100
3.54800005,7.48031400
3.54880005,8.66141700
3.54960005,8.66141700
3.55040005,8.66141700
3.55120005,7.87401500
3.55200005,7.48031400
3.55280005,7.08661400
3.55360005,6.29921200
3.55440005,6.29921200
3.55520005,6.69291300
3.55600005,7.48031400
3.55680005,9.05511800
3.55760005,9.44881800
3.55840005,9.84251900
3.55920005,9.05511800
3.56000005,8.26771600
3.56080005,7.08661400
3.56160005,6.69291300
3.56240005,6.29921200
3.56320005,5.11811000
3.56400005,4.33070900
3.56480005,4.33070900
3.56560005,4.33070900
3.56640005,4.72440900
3.56720005,5.90551100
3.56800005,6.29921200
3.56880005,6.29921200
3.56960005,5.51181100
3.57040005,4.33070900
3.57120005,2.75590500
3.57200005,1.18110200
3.57280005,0.39370070
3.57360005,0.00000000
3.57440005,-0.39370070
3.57520005,-0.78740150
3.57600005,-1.18110200
3.57680005,-1.18110200
3.57760005,-0.39370070
3.57840005,0.00000000
3.57920005,-0.39370070
3.58000005,-1.18110200
3.58080005,-2.75590500
3.58160005,-3.93700800
3.58240005,-4.72440900
3.58320005,-5.11811000
3.58400005,-5.11811000
3.58480005,-4.72440900
3.58560005,-5.11811000
3.58640005,-5.51181100
3.58720005,-5.11811000
3.58800005,-5.51181100
3.58880005,-5.51181100
3.58960005,-5.90551100
3.59040005,-7.08661400
3.59120005,-8.26771600
3.59200005,-9.05511800
3.59280005,-9.05511800
3.59360005,-8.66141700
3.59440005,-7.87401500
3.59520005,-6.69291300
3.59600005,-5.51181100
3.59680005,-5.51181100
3.59760005,-5.90551100
3.59840005,-5.90551100
3.59920005,-5.51181100
3.60000005,-5.90551100
3.60080005,-5.90551100
3.60160005,-6.69291300
3.60240005,-7.08661400
3.60320005,-7.08661400
3.60400005,-5.90551100
3.60480005,-4.33070900
3.60560005,-3.14960600
3.60640005,-2.36220500
3.60720005,-1.96850400
3.60800005,-1.96850400
3.60880005,-1.96850400
3.60960005,-1.18110200
3.61040005,-0.78740150
3.61120005,-1.18110200
3.61200005,-0.78740150
3.61280005,-1.18110200
3.61360005,-1.18110200
3.61440005,-0.78740150
3.61520005,0.39370070
3.61600005,1.18110200
3.61680005,2.36220500
3.61760005,3.54330700
3.61840005,3.93700800
3.61920005,4.33070900
3.62000005,5.11811000
3.62080005,5.51181100
3.62160005,5.90551100
3.62240005,5.90551100
3.62320005,5.90551100
3.62400005,5.90551100
3.62480005,5.90551100
3.62560005,6.29921200
3.62640005,6.29921200
3.62720005,7.08661400
3.62800005,7.08661400
3.62880005,7.08661400
3.62960005,7.48031400
3.63040005,7.48031400
3.63120005,7.87401500
3.63200005,8.26771600
3.63280005,7.48031400
3.63360005,6.29921200
3.63440005,6.29921200
3.63520005,5.90551100
3.63600005,6.29921200
3.63680005,6.29921200
3.63760005,5.51181100
3.63840005,5.11811000
3.63920005,5.11811000
3.64000005,5.11811000
3.64080005,5.11811000
3.64160005,5.51181100
3.64240005,4.72440900
3.64320005,3.93700800
3.64400005,3.14960600
3.64480005,2.75590500
3.64560005,1.96850400
3.64640005,1.96850400
3.64720005,1.18110200
3.64800005,0.78740150
3.64880005,0.39370070
3.64960005,0.00000000
3.65040005,0.39370070
3.65120005,0.00000000
3.65200005,0.00000000
3.65280005,-0.78740150
3.65360005,-1.96850400
3.65440005,-3.54330700
3.65520005,-3.93700800
3.65600005,-3.93700800
3.65680005,-3.93700800
3.65760005,-3.54330700
3.65840005,-3.93700800
3.65920005,-3.93700800
3.66000005,-4.33070900
3.66080005,-4.33070900
3.66160005,-4.33070900
3.66240005,-4.33070900
3.66320005,-5.51181100
3.66400005,-7.08661400
3.66480005,-7.87401500
3.66560005,-8.26771600
3.66640005,-7.48031400
3.66720005,-6.69291300
3.66800005,-6.29921200
3.66880005,-5.90551100
3.66960005,-6.69291300
3.67040005,-6.69291300
3.67120005,-7.08661400
3.67200005,-6.69291300
3.67280005,-6.29921200
3.67360005,-6.69291300
3.67440005,-7.48031400
3.67520005,-7.08661400
3.67600005,-7.08661400
3.67680005,-5.90551100
3.67760005,-4.33070900
3.67840005,-3.54330700
3.67920005,-3.14960600
3.68000005,-3.14960600
3.68080005,-3.54330700
3.68160005,-3.93700800
3.68240005,-3.14960600
3.68320005,-2.36220500
3.68400005,-2.36220500
3.68480005,-1.96850400
3.68560005,-1.96850400
3.68640005,-2.36220500
3.68720005,-1.18110200
3.68800005,0.00000000
3.68880005,1.57480300
3.68960005,1.96850400
3.69040005,2.36220500
3.69120005,1.96850400
3.69200005,1.96850400
3.69280005,1.96850400
3.69360005,2.75590500
3.69440005,3.14960600
3.69520005,3.54330700
3.69600005,3.54330700
3.69680005,3.93700800
3.69760005,5.11811000
3.69840005,5.90551100
3.69920005,6.69291300
3.70000005,5.90551100
3.70080005,6.29921200
3.70160005,5.90551100
3.70240005,5.90551100
3.70320005,5.90551100
3.70400005,6.29921200
3.70480005,6.69291300
3.70560005,6.69291300
3.70640005,7.08661400
3.70720005,6.69291300
3.70800005,6.69291300
3.70880005,6.69291300
3.70960005,7.08661400
3.71040005,6.69291300
3.71120005,6.69291300
3.71200005,6.29921200
3.71280005,5.51181100
3.71360005,5.11811000
3.71440005,5.11811000
3.71520005,5.11811000
3.71600005,5.90551100
3.71680005,5.11811000
3.71760005,4.72440900
3.71840005,4.33070900
3.71920005,3.54330700
3.72000005,2.36220500
3.72080005,1.18110200
3.72160005,0.78740150
3.72240005,1.18110200
3.72320005,1.96850400
3.72400005,2.36220500
3.72480005,2.75590500
3.72560005,2.36220500
3.72640005,1.18110200
3.72720005,-0.39370070
3.72800005,-1.57480300
3.72880005,-2.36220500
3.72960005,-2.36220500
3.73040005,-3.14960600
3.73120005,-2.75590500
3.73200005,-3.14960600
3.73280005,-3.14960600
3.73360005,-2.75590500
3.73440005,-2.75590500
3.73520005,-2.36220500
3.73600005,-3.14960600
3.73680005,-3.93700800
3.73760005,-4.33070900
3.73840005,-5.51181100
3.73920005,-5.90551100
3.74000005,-5.90551100
3.74080005,-6.69291300
3.74160005,-7.08661400
3.74240005,-7.48031400
3.74320005,-7.08661400
3.74400005,-6.29921200
3.74480005,-5.51181100
3.74560005,-4.33070900
3.74640005,-4.72440900
3.74720005,-5.11811000
3.74800005,-6.29921200
3.74880005,-7.08661400
3.74960005,-7.08661400
3.75040005,-7.08661400
3.75120005,-6.69291300
3.75200005,-6.29921200
3.75280005,-5.51181100
3.75360005,-5.51181100
3.75440005,-4.72440900
3.75520005,-4.33070900
3.75600005,-3.93700800
3.75680005,-3.54330700
3.75760005,-3.93700800
3.75840005,-3.93700800
3.75920005,-3.93700800
3.76000005,-3.54330700
3.76080005,-2.75590500
3.76160005,-1.57480300
3.76240005,0.00000000
3.76320005,0.00000000
3.76400005,0.00000000
3.76480005,0.00000000
3.76560005,0.78740150
3.76640005,1.18110200
3.76720005,1.57480300
3.76800005,1.57480300
3.76880005,1.57480300
3.76960005,1.57480300
3.77040005,1.96850400
3.77120005,2.75590500
3.77200005,3.93700800
3.77280005,4.72440900
3.77360005,5.11811000
3.77440005,4.72440900
3.77520005,4.72440900
3.77600005,4.72440900
3.77680005,5.90551100
3.77760005,7.08661400
3.77840005,7.87401500
3.77920005,8.66141700
3.78000005,7.87401500
3.78080005,7.48031400
3.78160005,6.29921200
3.78240005,6.29921200
3.78320005,6.69291300
3.78400005,6.69291300
3.78480005,6.69291300
3.78560005,5.51181100
3.78640005,5.51181100
3.78720005,5.11811000
3.78800005,5.90551100
3.78880005,6.69291300
3.78960005,7.48031400
3.79040005,7.87401500
3.79120005,7.48031400
3.79200005,6.69291300
3.79280005,5.51181100
3.79360005,4.72440900
3.79440005,3.14960600
3.79520005,1.96850400
3.79600005,0.78740150
3.79680005,0.78740150
3.79760005,0.39370070
3.79840005,0.78740150
3.79920005,1.18110200
3.80000005,1.18110200
3.80080005,0.78740150
3.80160005,0.39370070
3.80240005,-0.39370070
3.80320005,-1.18110200
3.80400005,-2.36220500
3.80480005,-2.36220500
3.80560005,-2.75590500
3.80640005,-2.75590500
3.80720005,-2.75590500
3.80800005,-3.54330700
3.80880005,-3.54330700
3.80960005,-3.54330700
3.81040005,-3.54330700
3.81120005,-3.14960600
3.81200005,-3.93700800
3.81280005,-5.51181100
3.81360005,-6.29921200
3.81440005,-6.69291300
3.81520005,-6.29921200
3.81600005,-5.51181100
3.81680005,-4.72440900
3.81760005,-4.33070900
3.81840005,-4.72440900
3.81920005,-5.90551100
3.82000005,-7.08661400
3.82080005,-7.48031400
3.82160005,-6.69291300
3.82240005,-6.29921200
3.82320005,-5.11811000
3.82400005,-5.11811000
3.82480005,-4.33070900
3.82560005,-5.11811000
3.82640005,-5.11811000
3.82720005,-5.51181100
3.82800005,-5.11811000
3.82880005,-4.72440900
3.82960005,-4.72440900
3.83040005,-4.72440900
3.83120005,-4.72440900
3.83200005,-4.72440900
3.83280005,-3.93700800
3.83360005,-3.14960600
3.83440005,-2.36220500
3.83520005,-1.96850400
3.83600005,-1.18110200
3.83680005,-0.78740150
3.83760005,-0.39370070
3.83840005,-0.39370070
3.83920005,-1.18110200
3.84000005,-1.18110200
3.84080005,-1.18110200
3.84160005,-1.18110200
3.84240005,-0.39370070
3.84320005,0.39370070
3.84400005,2.36220500
3.84480005,4.33070900
3.84560005,6.29921200
3.84640005,7.08661400
3.84720005,7.08661400
3.84800005,7.08661400
3.84880005,5.90551100
3.84960005,6.29921200
3.85040005,7.08661400
3.85120005,7.48031400
3.85200005,6.69291300
3.85280005,5.90551100
3.85360005,5.11811000
3.85440005,4.72440900
3.85520005,5.51181100
3.85600005,6.69291300
3.85680005,7.87401500
3.85760005,8.26771600
3.85840005,6.69291300
3.85920005,5.90551100
3.86000005,5.11811000
3.86080005,4.72440900
3.86160005,5.51181100
3.86240005,6.29921200
3.86320005,6.69291300
3.86400005,6.69291300
3.86480005,6.29921200
3.86560005,6.29921200
3.86640005,6.29921200
3.86720005,6.69291300
3.86800005,5.90551100
3.86880005,5.11811000
3.86960005,3.54330700
3.87040005,1.96850400
3.87120005,1.96850400
3.87200005,2.75590500
3.87280005,3.54330700
3.87360005,3.54330700
3.87440005,2.75590500
3.87520005,1.96850400
3.87600005,0.78740150
3.87680005,0.00000000
3.87760005,-0.39370070
3.87840005,-1.96850400
3.87920005,-3.54330700
3.88000005,-5.11811000
3.88080005,-6.69291300
3.88160005,-7.87401500
3.88240005,-7.08661400
3.88320005,-5.90551100
3.88400005,-5.11811000
3.88480005,-4.72440900
3.88560005,-4.72440900
3.88640005,-5.11811000
3.88720005,-6.29921200
3.88800005,-6.29921200
3.88880005,-6.29921200
3.88960005,-6.29921200
3.89040005,-7.48031400
3.89120005,-8.66141700
3.89200005,-9.44881800
3.89280005,-10.23622000
3.89360005,-9.44881800
3.89440005,-9.05511800
3.89520005,-7.48031400
3.89600005,-6.69291300
3.89680005,-6.29921200
3.89760005,-6.29921200
3.89840005,-5.90551100
3.89920005,-5.90551100
3.90000005,-5.90551100
3.90080005,-5.51181100
3.90160005,-5.51181100
3.90240005,-5.51181100
3.90320005,-5.90551100
3.90400005,-6.29921200
3.90480005,-6.69291300
3.90560005,-6.29921200
3.90640005,-5.11811000
3.90720005,-3.14960600
3.90800005,-1.96850400
3.90880005,-0.39370070
3.90960005,0.39370070
3.91040005,2.36220500
3.91120005,2.75590500
3.91200005,3.54330700
3.91280005,3.93700800
3.91360005,3.93700800
3.91440005,3.54330700
3.91520005,3.14960600
3.91600005,2.75590500
3.91680005,3.93700800
3.91760005,4.72440900
3.91840005,6.29921200
3.91920005,7.08661400
3.92000005,8.26771600
3.92080005,8.66141700
3.92160005,9.44881800
3.92240005,10.62992000
3.92320005,11.02362000
3.92400005,10.62992000
3.92480005,9.84251900
3.92560005,8.26771600
3.92640005,7.08661400
3.92720005,5.90551100
3.92800005,5.90551100
3.92880005,7.48031400
3.92960005,8.66141700
3.93040005,9.05511800
3.93120005,8.26771600
3.93200005,7.87401500
3.93280005,7.08661400
3.93360005,7.08661400
3.93440005,7.08661400
3.93520005,6.69291300
3.93600005,5.11811000
3.93680005,3.54330700
3.93760005,1.96850400
3.93840005,1.96850400
3.93920005,2.75590500
3.94000005,3.93700800
3.94080005,4.33070900
3.94160005,3.93700800
3.94240005,3.14960600
3.94320005,1.57480300
3.94400005,0.78740150
3.94480005,0.00000000
3.94560005,-0.39370070
3.94640005,-0.78740150
3.94720005,-3.14960600
3.94800005,-5.11811000
3.94880005,-7.08661400
3.94960005,-7.08661400
3.95040005,-7.08661400
3.95120005,-6.69291300
3.95200005,-7.08661400
3.95280005,-7.08661400
3.95360005,-8.66141700
3.95440005,-8.66141700
3.95520005,-7.87401500
3.95600005,-7.87401500
3.95680005,-7.87401500
3.95760005,-8.66141700
3.95840005,-9.44881800
3.95920005,-10.23622000
3.96000005,-10.62992000
3.96080005,-10.23622000
3.96160005,-8.66141700
3.96240005,-7.87401500
3.96320005,-7.08661400
3.96400005,-6.69291300
3.96480005,-6.29921200
3.96560005,-5.90551100
3.96640005,-4.72440900
3.96720005,-4.33070900
3.96800005,-4.33070900
3.96880005,-4.72440900
3.96960005,-5.51181100
3.97040005,-6.29921200
3.97120005,-5.51181100
3.97200005,-5.11811000
3.97280005,-3.14960600
3.97360005,-1.57480300
3.97440005,-0.78740150
3.97520005,-0.39370070
3.97600005,0.78740150
3.97680005,1.57480300
3.97760005,2.75590500
3.97840005,3.14960600
3.97920005,3.54330700
3.98000005,2.75590500
3.98080005,1.96850400
3.98160005,1.96850400
3.98240005,2.36220500
3.98320005,3.93700800
3.98400005,5.90551100
3.98480005,7.48031400
3.98560005,8.66141700
3.98640005,9.44881800
3.98720005,9.05511800
3.98800005,9.05511800
3.98880005,9.05511800
3.98960005,8.66141700
3.99040005,8.26771600
3.99120005,7.87401500
3.99200005,7.48031400
3.99280005,7.08661400
3.99360005,6.29921200
3.99440005,7.48031400
3.99520005,8.66141700
3.99600005,9.05511800
3.99680005,9.44881800
3.99760005,9.05511800
3.99840005,7.87401500
3.99920005,6.29921200
4.00000005,5.51181100
4.00080005,4.72440900
4.00160005,4.33070900
4.00240005,4.72440900
4.00320005,4.33070900
4.00400005,3.93700800
4.00480005,2.75590500
4.00560005,2.36220500
4.00640005,2.36220500
4.00720005,1.96850400
4.00800005,0.78740150
4.00880005,0.00000000
4.00960005,-1.57480300
4.01040005,-3.14960600
4.01120005,-4.33070900
4.01200005,-4.33070900
4.01280005,-3.54330700
4.01360005,-3.93700800
4.01440005,-4.33070900
4.01520005,-5.51181100
4.01600005,-5.11811000
4.01680005,-4.72440900
4.01760005,-3.93700800
4.01840005,-3.93700800
4.01920005,-4.33070900
4.02000005,-5.90551100
4.02080005,-7.08661400
4.02160005,-8.66141700
4.02240005,-8.66141700
4.02320005,-8.66141700
4.02400005,-8.26771600
4.02480005,-8.66141700
4.02560005,-8.66141700
4.02640005,-8.26771600
4.02720005,-7.87401500
4.02800005,-6.69291300
4.02880005,-5.11811000
4.02960005,-3.93700800
4.03040005,-3.93700800
4.03120005,-5.11811000
4.03200005,-6.29921200
4.03280005,-6.69291300
4.03360005,-6.29921200
4.03440005,-5.51181100
4.03520005,-4.72440900
4.03600005,-3.93700800
4.03680005,-3.54330700
4.03760005,-2.36220500
4.03840005,-0.78740150
4.03920005,0.78740150
4.04000005,2.75590500
4.04080005,3.14960600
4.04160005,2.75590500
4.04240005,1.96850400
4.04320005,0.78740150
4.04400005,0.78740150
4.04480005,1.18110200
4.04560005,1.96850400
4.04640005,2.75590500
4.04720005,3.54330700
4.04800005,4.33070900
4.04880005,4.72440900
4.04960005,5.90551100
4.05040005,7.08661400
4.05120005,7.48031400
4.05200005,7.08661400
4.05280005,6.29921200
4.05360005,4.72440900
4.05440005,3.54330700
4.05520005,3.14960600
4.05600005,4.33070900
4.05680005,5.11811000
4.05760005,6.69291300
4.05840005,7.48031400
4.05920005,7.48031400
4.06000005,7.48031400
4.06080005,7.87401500
4.06160005,7.08661400
4.06240005,6.69291300
4.06320005,5.11811000
4.06400005,3.14960600
4.06480005,1.57480300
4.06560005,0.78740150
4.06640005,1.18110200
4.06720005,1.96850400
4.06800005,3.14960600
4.06880005,4.72440900
4.06960005,4.72440900
4.07040005,3.54330700
4.07120005,2.75590500
4.07200005,1.18110200
4.07280005,-0.39370070
4.07360005,-0.78740150
4.07440005,-1.96850400
4.07520005,-3.14960600
4.07600005,-3.93700800
4.07680005,-3.93700800
4.07760005,-3.54330700
4.07840005,-2.36220500
4.07920005,-1.96850400
4.08000005,-1.57480300
4.08080005,-2.36220500
4.08160005,-3.14960600
4.08240005,-3.93700800
4.08320005,-5.11811000
4.08400005,-5.90551100
4.08480005,-5.51181100
4.08560005,-5.90551100
4.08640005,-5.51181100
4.08720005,-5.11811000
4.08800005,-4.72440900
4.08880005,-3.93700800
4.08960005,-3.54330700
4.09040005,-2.75590500
4.09120005,-2.36220500
4.09200005,-3.14960600
4.09280005,-3.93700800
4.09360005,-4.33070900
4.09440005,-4.33070900
4.09520005,-3.54330700
4.09600005,-1.96850400
4.09680005,-1.18110200
4.09760005,-0.78740150
4.09840005,-0.39370070
4.09920005,-0.78740150
4.10000005,-0.78740150
4.10080005,-0.39370070
4.10160005,-0.39370070
4.10240005,-0.39370070
4.10320005,-0.39370070
4.10400005,-0.78740150
4.10480005,-0.78740150
4.10560005,0.00000000
4.10640005,0.78740150
4.10720005,2.36220500
4.10800005,2.75590500
4.10880005,3.14960600
4.10960005,2.75590500
4.11040005,1.96850400
4.11120005,1.96850400
4.11200005,2.75590500
4.11280005,3.14960600
4.11360005,3.54330700
4.11440005,3.54330700
4.11520005,3.14960600
4.11600005,2.75590500
4.11680005,2.75590500
4.11760005,3.14960600
4.11840005,3.54330700
4.11920005,3.14960600
4.12000006,2.36220500
4.12080006,1.18110200
4.12160006,0.39370070
4.12240006,0.39370070
4.12320006,1.57480300
4.12400006,1.57480300
4.12480006,1.96850400
4.12560006,1.96850400
4.12640006,1.18110200
4.12720006,0.00000000
4.12800006,-0.39370070
4.12880006,0.00000000
4.12960006,0.00000000
4.13040006,0.00000000
4.13120006,0.00000000
4.13200006,-1.18110200
4.13280006,-1.18110200
4.13360006,-1.57480300
4.13440006,-0.39370070
4.13520006,0.00000000
4.13600006,0.00000000
4.13680006,-1.18110200
4.13760006,-2.36220500
4.13840006,-2.75590500
4.13920006,-2.36220500
4.14000006,-1.18110200
4.14080006,-0.39370070
4.14160006,-0.39370070
4.14240006,-0.78740150
4.14320006,-1.57480300
4.14400006,-1.57480300
4.14480006,-1.96850400
4.14560006,-1.96850400
4.14640006,-1.96850400
4.14720006,-2.36220500
4.14800006,-2.36220500
4.14880006,-2.36220500
4.14960006,-1.18110200
4.15040006,0.39370070
4.15120006,1.57480300
4.15200006,2.75590500
4.15280006,2.75590500
4.15360006,2.36220500
4.15440006,1.57480300
4.15520006,1.57480300
4.15600006,1.18110200
4.15680006,0.39370070
4.15760006,0.39370070
4.15840006,0.00000000
4.15920006,0.39370070
4.16000006,1.18110200
4.16080006,2.36220500
4.16160006,3.54330700
4.16240006,4.72440900
4.16320006,4.33070900
4.16400006,3.14960600
4.16480006,1.57480300
4.16560006,0.78740150
4.16640006,0.78740150
4.16720006,0.78740150
4.16800006,0.78740150
4.16880006,0.39370070
4.16960006,0.39370070
4.17040006,0.78740150
4.17120006,1.96850400
4.17200006,2.75590500
4.17280006,3.54330700
4.17360006,3.54330700
4.17440006,2.36220500
4.17520006,0.78740150
4.17600006,-0.78740150
4.17680006,-1.18110200
4.17760006,-1.96850400
4.17840006,-1.57480300
4.17920006,-1.96850400
4.18000006,-0.78740150
4.18080006,-0.39370070
4.18160006,0.00000000
4.18240006,0.39370070
4.18320006,0.39370070
4.18400006,0.39370070
4.18480006,-0.39370070
4.18560006,-1.18110200
4.18640006,-2.36220500
4.18720006,-3.54330700
4.18800006,-3.93700800
4.18880006,-4.72440900
4.18960006,-4.33070900
4.19040006,-3.14960600
4.19120006,-1.96850400
4.19200006,-1.18110200
4.19280006,-1.18110200
4.19360006,-1.57480300
4.19440006,-1.96850400
4.19520006,-2.36220500
4.19600006,-1.96850400
4.19680006,-2.36220500
4.19760006,-2.75590500
4.19840006,-3.93700800
4.19920006,-3.93700800
4.20000006,-3.93700800
4.20080006,-3.14960600
4.20160006,-1.96850400
4.20240006,-1.18110200
4.20320006,-0.78740150
4.20400006,-0.78740150
4.20480006,-1.57480300
4.20560006,-0.78740150
4.20640006,-0.39370070
4.20720006,0.39370070
4.20800006,1.18110200
4.20880006,0.78740150
4.20960006,0.39370070
4.21040006,-0.39370070
4.21120006,0.00000000
4.21200006,0.39370070
4.21280006,1.96850400
4.21360006,1.96850400
4.21440006,1.57480300
4.21520006,1.18110200
4.21600006,1.18110200
4.21680006,1.96850400
4.21760006,2.75590500
4.21840006,3.93700800
4.21920006,3.93700800
4.22000006,3.14960600
4.22080006,2.36220500
4.22160006,1.57480300
4.22240006,1.57480300
4.22320006,2.36220500
4.22400006,2.75590500
4.22480006,3.14960600
4.22560006,2.75590500
4.22640006,2.36220500
4.22720006,3.14960600
4.22800006,3.54330700
4.22880006,4.33070900
4.22960006,3.93700800
4.23040006,3.14960600
4.23120006,1.96850400
4.23200006,0.78740150
4.23280006,0.39370070
4.23360006,0.39370070
4.23440006,1.57480300
4.23520006,2.75590500
4.23600006,3.14960600
4.23680006,3.54330700
4.23760006,3.14960600
4.23840006,2.75590500
4.23920006,3.14960600
4.24000006,3.14960600
4.24080006,1.96850400
4.24160006,0.39370070
4.24240006,-1.18110200
4.24320006,-2.36220500
4.24400006,-2.36220500
4.24480006,-1.57480300
4.24560006,-0.39370070
4.24640006,-0.39370070
4.24720006,0.00000000
4.24800006,0.78740150
4.24880006,1.18110200
4.24960006,1.18110200
4.25040006,1.18110200
4.25120006,0.39370070
4.25200006,-0.78740150
4.25280006,-1.96850400
4.25360006,-3.14960600
4.25440006,-3.54330700
4.25520006,-3.54330700
4.25600006,-3.14960600
4.25680006,-2.36220500
4.25760006,-1.96850400
4.25840006,-0.78740150
4.25920006,-1.57480300
4.26000006,-1.57480300
4.26080006,-1.18110200
4.26160006,-1.18110200
4.26240006,-0.78740150
4.26320006,-1.57480300
4.26400006,-1.96850400
4.26480006,-2.36220500
4.26560006,-2.36220500
4.26640006,-2.36220500
4.26720006,-1.96850400
4.26800006,-1.96850400
4.26880006,-2.36220500
4.26960006,-2.75590500
4.27040006,-2.36220500
4.27120006,-2.36220500
4.27200006,-2.75590500
4.27280006,-1.96850400
4.27360006,-1.57480300
4.27440006,-1.57480300
4.27520006,-1.18110200
4.27600006,-1.18110200
4.27680006,-1.96850400
4.27760006,-2.75590500
4.27840006,-2.36220500
4.27920006,-2.36220500
4.28000006,-1.57480300
4.28080006,-1.18110200
4.28160006,-1.57480300
4.28240006,-1.57480300
4.28320006,-1.18110200
4.28400006,-1.18110200
4.28480006,-0.78740150
4.28560006,0.00000000
4.28640006,-0.39370070
4.28720006,-0.78740150
4.28800006,-1.18110200
4.28880006,-0.78740150
4.28960006,-1.18110200
4.29040006,0.00000000
4.29120006,1.18110200
4.29200006,2.36220500
4.29280006,1.96850400
4.29360006,1.96850400
4.29440006,1.57480300
4.29520006,1.18110200
4.29600006,1.96850400
4.29680006,1.96850400
4.29760006,1.57480300
4.29840006,1.18110200
4.29920006,0.78740150
4.30000006,0.78740150
4.30080006,1.96850400
4.30160006,2.75590500
4.30240006,3.54330700
4.30320006,3.14960600
4.30400006,3.14960600
4.30480006,3.14960600
4.30560006,3.54330700
4.30640006,4.33070900
4.30720006,5.11811000
4.30800006,4.72440900
4.30880006,3.93700800
4.30960006,3.14960600
4.31040006,1.96850400
4.31120006,1.96850400
4.31200006,3.14960600
4.31280006,3.14960600
4.31360006,3.14960600
4.31440006,2.75590500
4.31520006,1.96850400
4.31600006,1.57480300
4.31680006,2.36220500
4.31760006,3.93700800
4.31840006,4.72440900
4.31920006,4.33070900
4.32000006,3.14960600
4.32080006,1.57480300
4.32160006,1.57480300
4.32240006,1.57480300
4.32320006,1.96850400
4.32400006,1.96850400
4.32480006,0.78740150
4.32560006,-0.39370070
4.32640006,-1.18110200
4.32720006,-0.78740150
4.32800006,0.78740150
4.32880006,1.96850400
4.32960006,1.96850400
4.33040006,1.57480300
4.33120006,0.39370070
4.33200006,-0.78740150
4.33280006,-1.57480300
4.33360006,-1.57480300
4.33440006,-1.96850400
4.33520006,-2.36220500
4.33600006,-2.75590500
4.33680006,-3.54330700
4.33760006,-3.54330700
4.33840006,-2.75590500
4.33920006,-1.96850400
4.34000006,-1.57480300
4.34080006,-1.96850400
4.34160006,-2.75590500
4.34240006,-3.93700800
4.34320006,-5.11811000
4.34400006,-5.90551100
4.34480006,-6.29921200
4.34560006,-5.90551100
4.34640006,-5.90551100
4.34720006,-5.11811000
4.34800006,-3.93700800
4.34880006,-3.14960600
4.34960006,-2.36220500
4.35040006,-2.36220500
4.35120006,-3.14960600
4.35200006,-4.33070900
4.35280006,-5.11811000
4.35360006,-5.90551100
4.35440006,-6.69291300
4.35520006,-6.29921200
4.35600006,-5.90551100
4.35680006,-5.11811000
4.35760006,-3.54330700
4.35840006,-3.14960600
4.35920006,-2.36220500
4.36000006,-1.96850400
4.36080006,-1.96850400
4.36160006,-0.78740150
4.36240006,-0.39370070
4.36320006,-0.39370070
4.36400006,-0.39370070
4.36480006,-1.18110200
4.36560006,-1.57480300
4.36640006,-1.57480300
4.36720006,-0.39370070
4.36800006,1.18110200
4.36880006,1.96850400
4.36960006,3.14960600
4.37040006,3.14960600
4.37120006,3.14960600
4.37200006,2.75590500
4.37280006,3.14960600
4.37360006,4.33070900
4.37440006,5.11811000
4.37520006,5.11811000
4.37600006,4.33070900
4.37680006,4.33070900
4.37760006,4.33070900
4.37840006,5.11811000
4.37920006,6.69291300
4.38000006,7.48031400
4.38080006,6.69291300
4.38160006,6.69291300
4.38240006,5.51181100
4.38320006,5.51181100
4.38400006,5.90551100
4.38480006,6.69291300
4.38560006,7.08661400
4.38640006,7.48031400
4.38720006,6.69291300
4.38800006,5.90551100
4.38880006,5.90551100
4.38960006,6.29921200
4.39040006,6.29921200
4.39120006,5.90551100
4.39200006,5.11811000
4.39280006,4.72440900
4.39360006,3.14960600
4.39440006,2.75590500
4.39520006,2.36220500
4.39600006,2.75590500
4.39680006,3.14960600
4.39760006,2.36220500
4.39840006,1.96850400
4.39920006,0.78740150
4.40000006,0.00000000
4.40080006,0.00000000
4.40160006,-0.39370070
4.40240006,-1.18110200
4.40320006,-1.96850400
4.40400006,-3.93700800
4.40480006,-4.72440900
4.40560006,-5.11811000
4.40640006,-4.72440900
4.40720006,-4.72440900
4.40800006,-3.93700800
4.40880006,-4.72440900
4.40960006,-5.11811000
4.41040006,-5.51181100
4.41120006,-5.51181100
4.41200006,-5.51181100
4.41280006,-5.90551100
4.41360006,-6.69291300
4.41440006,-7.87401500
4.41520006,-9.05511800
4.41600006,-10.23622000
4.41680006,-9.84251900
4.41760006,-8.66141700
4.41840006,-7.48031400
4.41920006,-6.69291300
4.42000006,-5.90551100
4.42080006,-5.90551100
4.42160006,-5.90551100
4.42240006,-5.11811000
4.42320006,-4.72440900
4.42400006,-4.33070900
4.42480006,-5.11811000
4.42560006,-6.29921200
4.42640006,-6.29921200
4.42720006,-6.69291300
4.42800006,-5.51181100
4.42880006,-3.93700800
4.42960006,-2.75590500
4.43040006,-1.18110200
4.43120006,-0.78740150
4.43200006,0.00000000
4.43280006,0.39370070
4.43360006,1.18110200
4.43440006,1.57480300
4.43520006,1.18110200
4.43600006,0.78740150
4.43680006,0.78740150
4.43760006,1.57480300
4.43840006,1.96850400
4.43920006,3.93700800
4.44000006,4.72440900
4.44080006,5.11811000
4.44160006,5.90551100
4.44240006,5.90551100
4.44320006,5.90551100
4.44400006,6.29921200
4.44480006,6.69291300
4.44560006,6.69291300
4.44640006,7.48031400
4.44720006,7.08661400
4.44800006,7.48031400
4.44880006,7.48031400
4.44960006,8.26771600
4.45040006,7.87401500
4.45120006,7.87401500
4.45200006,7.48031400
4.45280006,7.08661400
4.45360006,7.08661400
4.45440006,6.69291300
4.45520006,6.29921200
4.45600006,6.29921200
4.45680006,5.90551100
4.45760006,6.29921200
4.45840006,7.08661400
4.45920006,6.69291300
4.46000006,6.29921200
4.46080006,4.72440900
4.46160006,3.54330700
4.46240006,2.36220500
4.46320006,2.36220500
4.46400006,1.96850400
4.46480006,1.57480300
4.46560006,1.18110200
4.46640006,1.57480300
4.46720006,1.57480300
4.46800006,1.57480300
4.46880006,1.96850400
4.46960006,1.18110200
4.47040006,0.00000000
4.47120006,-1.18110200
4.47200006,-3.54330700
4.47280006,-4.33070900
4.47360006,-5.11811000
4.47440006,-5.51181100
4.47520006,-5.51181100
4.47600006,-4.33070900
4.47680006,-4.33070900
4.47760006,-4.33070900
4.47840006,-4.33070900
4.47920006,-3.93700800
4.48000006,-3.54330700
4.48080006,-4.72440900
4.48160006,-6.29921200
4.48240006,-7.48031400
4.48320006,-8.66141700
4.48400006,-9.05511800
4.48480006,-8.26771600
4.48560006,-7.48031400
4.48640006,-6.69291300
4.48720006,-5.51181100
4.48800006,-5.51181100
4.48880006,-5.11811000
4.48960006,-4.72440900
4.49040006,-4.72440900
4.49120006,-5.11811000
4.49200006,-5.51181100
4.49280006,-6.69291300
4.49360006,-7.48031400
4.49440006,-7.48031400
4.49520006,-7.48031400
4.49600006,-5.90551100
4.49680006,-3.93700800
4.49760006,-2.36220500
4.49840006,-1.96850400
4.49920006,-1.57480300
4.50000006,-1.96850400
4.50080006,-1.57480300
4.50160006,-0.78740150
4.50240006,0.00000000
4.50320006,-0.39370070
4.50400006,-0.78740150
4.50480006,-1.18110200
4.50560006,-0.39370070
4.50640006,0.78740150
4.50720006,3.14960600
4.50800006,3.14960600
4.50880006,3.93700800
4.50960006,3.14960600
4.51040006,3.14960600
4.51120006,3.54330700
4.51200006,3.93700800
4.51280006,4.33070900
4.51360006,4.72440900
4.51440006,4.33070900
4.51520006,4.72440900
4.51600006,4.33070900
4.51680006,5.51181100
4.51760006,6.69291300
4.51840006,7.08661400
4.51920006,7.08661400
4.52000006,7.08661400
4.52080006,6.29921200
4.52160006,6.29921200
4.52240006,5.90551100
4.52320006,6.69291300
4.52400006,6.69291300
4.52480006,5.90551100
4.52560006,5.11811000
4.52640006,4.72440900
4.52720006,5.11811000
4.52800006,5.51181100
4.52880006,5.90551100
4.52960006,5.90551100
4.53040006,5.11811000
4.53120006,5.11811000
4.53200006,4.33070900
4.53280006,4.72440900
4.53360006,4.72440900
4.53440006,3.54330700
4.53520006,2.75590500
4.53600006,2.36220500
4.53680006,2.75590500
4.53760006,3.14960600
4.53840006,2.36220500
4.53920006,2.36220500
4.54000006,1.57480300
4.54080006,0.39370070
4.54160006,0.00000000
4.54240006,0.39370070
4.54320006,0.00000000
4.54400006,-0.39370070
4.54480006,-0.39370070
4.54560006,-1.57480300
4.54640006,-1.57480300
4.54720006,-2.36220500
4.54800006,-2.36220500
4.54880006,-2.75590500
4.54960006,-3.14960600
4.55040006,-3.54330700
4.55120006,-4.72440900
4.55200006,-5.51181100
4.55280006,-5.51181100
4.55360006,-5.51181100
4.55440006,-5.51181100
4.55520006,-5.90551100
4.55600006,-5.90551100
4.55680006,-6.69291300
4.55760006,-6.69291300
4.55840006,-5.51181100
4.55920006,-5.11811000
4.56000006,-4.72440900
4.56080006,-5.51181100
4.56160006,-6.29921200
4.56240006,-7.08661400
4.56320006,-6.69291300
4.56400006,-6.29921200
4.56480006,-6.29921200
4.56560006,-7.08661400
4.56640006,-7.48031400
4.56720006,-7.87401500
4.56800006,-6.69291300
4.56880006,-4.72440900
4.56960006,-3.54330700
4.57040006,-3.14960600
4.57120006,-2.75590500
4.57200006,-3.54330700
4.57280006,-4.33070900
4.57360006,-4.72440900
4.57440006,-4.72440900
4.57520006,-4.72440900
4.57600006,-4.72440900
4.57680006,-4.72440900
4.57760006,-3.54330700
4.57840006,-2.36220500
4.57920006,-0.39370070
4.58000006,0.78740150
4.58080006,2.36220500
4.58160006,2.36220500
4.58240006,1.96850400
4.58320006,1.57480300
4.58400006,1.18110200
4.58480006,1.18110200
4.58560006,0.78740150
4.58640006,1.18110200
4.58720006,1.18110200
4.58800006,2.36220500
4.58880006,3.54330700
4.58960006,5.90551100
4.59040006,8.26771600
4.59120006,8.66141700
4.59200006,7.48031400
4.59280006,6.69291300
4.59360006,6.29921200
4.59440006,5.11811000
4.59520006,5.11811000
4.59600006,5.51181100
4.59680006,5.90551100
4.59760006,5.90551100
4.59840006,6.69291300
4.59920006,8.26771600
4.60000006,9.84251900
4.60080006,11.02362000
4.60160006,10.62992000
4.60240006,10.23622000
4.60320006,9.44881800
4.60400006,7.87401500
4.60480006,6.69291300
4.60560006,5.90551100
4.60640006,5.51181100
4.60720006,5.51181100
4.60800006,5.51181100
4.60880006,5.11811000
4.60960006,5.90551100
4.61040006,7.08661400
4.61120006,7.48031400
4.61200006,7.48031400
4.61280006,5.90551100
4.61360006,3.93700800
4.61440006,1.96850400
4.61520006,0.39370070
4.61600006,-0.39370070
4.61680006,0.00000000
4.61760006,-0.78740150
4.61840006,-0.78740150
4.61920006,0.00000000
4.62000006,0.00000000
4.62080006,0.78740150
4.62160006,0.39370070
4.62240006,0.00000000
4.62320006,-1.96850400
4.62400006,-4.33070900
4.62480006,-6.29921200
4.62560006,-7.87401500
4.62640006,-8.26771600
4.62720006,-8.66141700
4.62800006,-9.05511800
4.62880006,-9.44881800
4.62960006,-9.05511800
4.63040006,-8.66141700
4.63120006,-8.26771600
4.63200006,-7.48031400
4.63280006,-7.87401500
4.63360006,-7.87401500
4.63440006,-8.66141700
4.63520006,-9.44881800
4.63600006,-10.62992000
4.63680006,-10.62992000
4.63760006,-11.41732000
4.63840006,-11.02362000
4.63920006,-11.41732000
4.64000006,-11.02362000
4.64080006,-11.02362000
4.64160006,-9.84251900
4.64240006,-7.87401500
4.64320006,-6.69291300
4.64400006,-5.51181100
4.64480006,-5.51181100
4.64560006,-5.90551100
4.64640006,-6.29921200
4.64720006,-6.69291300
4.64800006,-6.29921200
4.64880006,-6.69291300
4.64960006,-5.51181100
4.65040006,-4.72440900
4.65120006,-2.75590500
4.65200006,-1.57480300
4.65280006,0.39370070
4.65360006,1.96850400
4.65440006,2.75590500
4.65520006,3.93700800
4.65600006,5.11811000
4.65680006,5.51181100
4.65760006,5.90551100
4.65840006,6.29921200
4.65920006,7.08661400
4.66000006,7.08661400
4.66080006,7.87401500
4.66160006,7.87401500
4.66240006,8.66141700
4.66320006,9.44881800
4.66400006,10.23622000
4.66480006,10.23622000
4.66560006,10.23622000
4.66640006,10.23622000
4.66720006,9.84251900
4.66800006,9.44881800
4.66880006,9.44881800
4.66960006,9.84251900
4.67040006,9.84251900
4.67120006,10.23622000
4.67200006,10.23622000
4.67280006,10.23622000
4.67360006,10.62992000
4.67440006,9.84251900
4.67520006,9.05511800
4.67600006,8.26771600
4.67680006,7.87401500
4.67760006,7.87401500
4.67840006,7.48031400
4.67920006,7.48031400
4.68000006,7.08661400
4.68080006,6.69291300
4.68160006,6.29921200
4.68240006,6.29921200
4.68320006,5.51181100
4.68400006,4.72440900
4.68480006,3.14960600
4.68560006,1.18110200
4.68640006,-0.39370070
4.68720006,-1.96850400
4.68800006,-3.54330700
4.68880006,-3.14960600
4.68960006,-3.14960600
4.69040006,-2.75590500
4.69120006,-2.75590500
4.69200006,-2.75590500
4.69280006,-2.75590500
4.69360006,-3.54330700
4.69440006,-3.93700800
4.69520006,-5.51181100
4.69600006,-6.69291300
4.69680006,-8.26771600
4.69760006,-9.44881800
4.69840006,-10.23622000
4.69920006,-11.02362000
4.70000006,-10.23622000
4.70080006,-9.05511800
4.70160006,-8.66141700
4.70240006,-8.66141700
4.70320006,-8.66141700
4.70400006,-8.66141700
4.70480006,-9.44881800
4.70560006,-9.84251900
4.70640006,-9.44881800
4.70720006,-10.23622000
4.70800006,-10.23622000
4.70880006,-10.62992000
4.70960006,-11.41732000
4.71040006,-10.23622000
4.71120006,-9.44881800
4.71200006,-8.26771600
4.71280006,-7.48031400
4.71360006,-6.69291300
4.71440006,-6.29921200
4.71520006,-5.11811000
4.71600006,-3.93700800
4.71680006,-3.14960600
4.71760006,-2.36220500
4.71840006,-1.96850400
4.71920006,-2.36220500
4.72000006,-2.36220500
4.72080006,-1.96850400
4.72160006,-1.57480300
4.72240006,-0.39370070
4.72320006,-0.39370070
4.72400006,0.00000000
4.72480006,0.39370070
4.72560006,1.96850400
4.72640006,2.75590500
4.72720006,4.33070900
4.72800006,5.90551100
4.72880006,6.29921200
4.72960006,7.08661400
4.73040006,7.08661400
4.73120006,6.69291300
4.73200006,6.69291300
4.73280006,6.69291300
4.73360006,7.08661400
4.73440006,7.08661400
4.73520006,7.48031400
4.73600006,7.48031400
4.73680006,8.26771600
4.73760006,9.84251900
4.73840006,11.02362000
4.73920006,11.81102000
4.74000006,11.41732000
4.74080006,10.23622000
4.74160006,9.05511800
4.74240006,8.26771600
4.74320006,6.69291300
4.74400006,6.29921200
4.74480006,5.51181100
4.74560006,5.11811000
4.74640006,5.51181100
4.74720006,5.90551100
4.74800006,6.69291300
4.74880006,6.69291300
4.74960006,6.69291300
4.75040006,5.90551100
4.75120006,5.11811000
4.75200006,4.33070900
4.75280006,2.75590500
4.75360006,1.96850400
4.75440006,1.18110200
4.75520006,0.78740150
4.75600006,0.39370070
4.75680006,0.78740150
4.75760006,0.78740150
4.75840006,0.39370070
4.75920006,0.00000000
4.76000006,-1.18110200
4.76080006,-1.96850400
4.76160006,-2.36220500
4.76240006,-3.54330700
4.76320006,-3.54330700
4.76400006,-4.33070900
4.76480006,-5.11811000
4.76560006,-5.11811000
4.76640006,-5.51181100
4.76720006,-5.11811000
4.76800006,-5.11811000
4.76880006,-5.51181100
4.76960006,-5.51181100
4.77040006,-6.29921200
4.77120006,-7.08661400
4.77200006,-7.87401500
4.77280006,-7.48031400
4.77360006,-6.69291300
4.77440006,-6.69291300
4.77520006,-6.29921200
4.77600006,-6.69291300
4.77680006,-7.08661400
4.77760006,-6.29921200
4.77840006,-5.11811000
4.77920006,-5.11811000
4.78000006,-5.51181100
4.78080006,-5.90551100
4.78160006,-7.08661400
4.78240006,-7.48031400
4.78320006,-7.08661400
4.78400006,-6.29921200
4.78480006,-5.51181100
4.78560006,-4.72440900
4.78640006,-4.33070900
4.78720006,-3.54330700
4.78800006,-3.54330700
4.78880006,-3.14960600
4.78960006,-1.96850400
4.79040006,-0.78740150
4.79120006,-0.78740150
4.79200006,-1.18110200
4.79280006,-1.57480300
4.79360006,-1.96850400
4.79440006,-1.18110200
4.79520006,0.39370070
4.79600006,1.18110200
4.79680006,1.57480300
4.79760006,1.18110200
4.79840006,0.78740150
4.79920006,1.18110200
4.80000006,2.36220500
4.80080006,3.54330700
4.80160006,4.33070900
4.80240006,4.33070900
4.80320006,4.33070900
4.80400006,4.33070900
4.80480006,4.33070900
4.80560006,5.11811000
4.80640006,5.11811000
4.80720006,5.51181100
4.80800006,5.51181100
4.80880006,5.11811000
4.80960006,5.51181100
4.81040006,5.90551100
4.81120006,7.08661400
4.81200006,8.26771600
4.81280006,8.26771600
4.81360006,8.66141700
4.81440006,7.87401500
4.81520006,7.08661400
4.81600006,6.69291300
4.81680006,6.69291300
4.81760006,6.29921200
4.81840006,5.51181100
4.81920006,5.51181100
4.82000006,4.72440900
4.82080006,5.90551100
4.82160006,5.90551100
4.82240006,5.90551100
4.82320006,6.29921200
4.82400006,5.51181100
4.82480006,4.72440900
4.82560006,3.93700800
4.82640006,3.54330700
4.82720006,2.75590500
4.82800006,2.36220500
4.82880006,2.36220500
4.82960006,2.36220500
4.83040006,2.75590500
4.83120006,2.75590500
4.83200006,2.36220500
4.83280006,1.57480300
4.83360006,0.39370070
4.83440006,-0.39370070
4.83520006,-1.57480300
4.83600006,-2.36220500
4.83680006,-3.14960600
4.83760006,-3.93700800
4.83840006,-3.93700800
4.83920006,-4.72440900
4.84000006,-3.93700800
4.84080006,-3.14960600
4.84160006,-3.14960600
4.84240006,-3.54330700
4.84320006,-4.33070900
4.84400006,-6.29921200
4.84480006,-7.87401500
4.84560006,-8.26771600
4.84640006,-8.66141700
4.84720006,-8.66141700
4.84800006,-8.26771600
4.84880006,-7.87401500
4.84960006,-7.48031400
4.85040006,-6.69291300
4.85120006,-6.29921200
4.85200006,-5.11811000
4.85280006,-4.72440900
4.85360006,-6.29921200
4.85440006,-7.48031400
4.85520006,-8.66141700
4.85600006,-9.44881800
4.85680006,-8.66141700
4.85760006,-7.08661400
4.85840006,-5.51181100
4.85920006,-4.72440900
4.86000006,-4.33070900
4.86080006,-3.54330700
4.86160006,-3.14960600
4.86240006,-2.36220500
4.86320006,-2.75590500
4.86400006,-3.54330700
4.86480006,-4.33070900
4.86560006,-5.51181100
4.86640006,-5.11811000
4.86720006,-4.33070900
4.86800006,-1.96850400
4.86880007,0.00000000
4.86960007,1.18110200
4.87040007,2.36220500
4.87120007,2.36220500
4.87200007,2.75590500
4.87280007,3.14960600
4.87360007,4.33070900
4.87440007,5.11811000
4.87520007,4.33070900
4.87600007,3.54330700
4.87680007,3.54330700
4.87760007,3.54330700
4.87840007,5.11811000
4.87920007,7.48031400
4.88000007,8.26771600
4.88080007,8.26771600
4.88160007,7.87401500
4.88240007,7.48031400
4.88320007,7.48031400
4.88400007,7.87401500
4.88480007,7.87401500
4.88560007,7.08661400
4.88640007,6.69291300
4.88720007,6.29921200
4.88800007,6.69291300
4.88880007,7.48031400
4.88960007,8.26771600
4.89040007,9.05511800
4.89120007,9.05511800
4.89200007,9.05511800
4.89280007,8.66141700
4.89360007,7.87401500
4.89440007,7.08661400
4.89520007,6.69291300
4.89600007,5.90551100
4.89680007,5.11811000
4.89760007,4.33070900
4.89840007,3.54330700
4.89920007,3.14960600
4.90000007,2.75590500
4.90080007,2.36220500
4.90160007,1.96850400
4.90240007,1.57480300
4.90320007,1.96850400
4.90400007,1.57480300
4.90480007,0.39370070
4.90560007,0.00000000
4.90640007,-0.39370070
4.90720007,-1.57480300
4.90800007,-1.96850400
4.90880007,-1.96850400
4.90960007,-2.75590500
4.91040007,-3.93700800
4.91120007,-5.11811000
4.91200007,-5.51181100
4.91280007,-5.90551100
4.91360007,-5.51181100
4.91440007,-5.11811000
4.91520007,-5.11811000
4.91600007,-6.29921200
4.91680007,-7.48031400
4.91760007,-7.48031400
4.91840007,-8.26771600
4.91920007,-8.66141700
4.92000007,-8.66141700
4.92080007,-9.84251900
4.92160007,-10.23622000
4.92240007,-10.23622000
4.92320007,-9.44881800
4.92400007,-8.66141700
4.92480007,-7.48031400
4.92560007,-6.29921200
4.92640007,-6.29921200
4.92720007,-7.08661400
4.92800007,-7.48031400
4.92880007,-7.87401500
4.92960007,-7.08661400
4.93040007,-6.69291300
4.93120007,-6.29921200
4.93200007,-6.29921200
4.93280007,-6.29921200
4.93360007,-5.90551100
4.93440007,-4.33070900
4.93520007,-3.54330700
4.93600007,-1.57480300
4.93680007,-0.78740150
4.93760007,-1.57480300
4.93840007,-1.57480300
4.93920007,-1.18110200
4.94000007,-0.39370070
4.94080007,1.18110200
4.94160007,1.57480300
4.94240007,1.57480300
4.94320007,1.57480300
4.94400007,1.96850400
4.94480007,2.36220500
4.94560007,3.93700800
4.94640007,5.51181100
4.94720007,6.69291300
4.94800007,7.48031400
4.94880007,7.87401500
4.94960007,7.48031400
4.95040007,8.26771600
4.95120007,8.66141700
4.95200007,9.05511800
4.95280007,9.44881800
4.95360007,9.05511800
4.95440007,8.26771600
4.95520007,6.69291300
4.95600007,7.08661400
4.95680007,7.08661400
4.95760007,7.48031400
4.95840007,8.26771600
4.95920007,8.26771600
4.96000007,8.26771600
4.96080007,8.26771600
4.96160007,8.66141700
4.96240007,9.05511800
4.96320007,8.26771600
4.96400007,7.48031400
4.96480007,5.51181100
4.96560007,4.72440900
4.96640007,3.93700800
4.96720007,3.54330700
4.96800007,3.54330700
4.96880007,3.54330700
4.96960007,3.93700800
4.97040007,4.72440900
4.97120007,3.93700800
4.97200007,3.14960600
4.97280007,1.96850400
4.97360007,1.18110200
4.97440007,-0.39370070
4.97520007,-1.96850400
4.97600007,-2.75590500
4.97680007,-5.11811000
4.97760007,-5.11811000
4.97840007,-4.72440900
4.97920007,-3.93700800
4.98000007,-2.36220500
4.98080007,-1.96850400
4.98160007,-1.18110200
4.98240007,-1.57480300
4.98320007,-2.75590500
4.98400007,-3.93700800
4.98480007,-5.90551100
4.98560007,-6.29921200
4.98640007,-7.48031400
4.98720007,-7.48031400
4.98800007,-8.26771600
4.98880007,-8.26771600
4.98960007,-7.87401500
4.99040007,-7.08661400
4.99120007,-5.11811000
4.99200007,-3.93700800
4.99280007,-3.54330700
4.99360007,-3.93700800
4.99440007,-5.51181100
4.99520007,-6.69291300
4.99600007,-7.48031400
4.99680007,-7.48031400
4.99760007,-7.08661400
4.99840007,-6.29921200
4.99920007,-5.51181100
5.00000007,-5.51181100
5.00080007,-5.11811000
5.00160007,-3.54330700
5.00240007,-2.36220500
5.00320007,-1.18110200
5.00400007,-1.18110200
5.00480007,-0.78740150
5.00560007,-1.57480300
5.00640007,-1.96850400
5.00720007,-1.96850400
5.00800007,-1.57480300
5.00880007,-0.78740150
5.00960007,0.00000000
5.01040007,-0.39370070
5.01120007,-0.39370070
5.01200007,0.00000000
5.01280007,0.78740150
5.01360007,1.57480300
5.01440007,1.96850400
5.01520007,1.96850400
5.01600007,1.96850400
5.01680007,2.36220500
5.01760007,1.96850400
5.01840007,2.75590500
5.01920007,2.36220500
5.02000007,2.36220500
5.02080007,2.36220500
5.02160007,2.36220500
5.02240007,2.75590500
5.02320007,3.14960600
5.02400007,4.33070900
5.02480007,4.72440900
5.02560007,5.11811000
5.02640007,5.11811000
5.02720007,4.72440900
5.02800007,4.72440900
5.02880007,4.33070900
5.02960007,3.93700800
5.03040007,3.93700800
5.03120007,3.93700800
5.03200007,2.75590500
5.03280007,2.75590500
5.03360007,1.96850400
5.03440007,2.36220500
5.03520007,3.14960600
5.03600007,4.72440900
5.03680007,5.51181100
5.03760007,5.51181100
5.03840007,4.72440900
5.03920007,3.54330700
5.04000007,3.14960600
5.04080007,2.75590500
5.04160007,2.36220500
5.04240007,1.96850400
5.04320007,1.57480300
5.04400007,1.18110200
5.04480007,1.18110200
5.04560007,1.57480300
5.04640007,1.96850400
5.04720007,2.75590500
5.04800007,3.54330700
5.04880007,3.14960600
5.04960007,3.14960600
5.05040007,1.57480300
5.05120007,0.78740150
5.05200007,0.39370070
5.05280007,0.00000000
5.05360007,-0.78740150
5.05440007,-1.18110200
5.05520007,-1.96850400
5.05600007,-2.75590500
5.05680007,-2.75590500
5.05760007,-1.96850400
5.05840007,-0.78740150
5.05920007,0.00000000
5.06000007,0.00000000
5.06080007,-0.39370070
5.06160007,-0.78740150
5.06240007,-1.18110200
5.06320007,-1.96850400
5.06400007,-1.57480300
5.06480007,-2.36220500
5.06560007,-3.14960600
5.06640007,-3.93700800
5.06720007,-4.33070900
5.06800007,-4.33070900
5.06880007,-3.93700800
5.06960007,-3.14960600
5.07040007,-1.96850400
5.07120007,-1.96850400
5.07200007,-2.36220500
5.07280007,-2.75590500
5.07360007,-3.14960600
5.07440007,-3.14960600
5.07520007,-3.54330700
5.07600007,-3.93700800
5.07680007,-4.72440900
5.07760007,-5.11811000
5.07840007,-5.11811000
5.07920007,-4.72440900
5.08000007,-3.14960600
5.08080007,-1.96850400
5.08160007,-1.57480300
5.08240007,-1.18110200
5.08320007,-1.18110200
5.08400007,-1.96850400
5.08480007,-2.36220500
5.08560007,-3.14960600
5.08640007,-3.93700800
5.08720007,-4.33070900
5.08800007,-4.33070900
5.08880007,-4.33070900
5.08960007,-3.93700800
5.09040007,-1.96850400
5.09120007,-0.39370070
5.09200007,0.78740150
5.09280007,1.96850400
5.09360007,1.57480300
5.09440007,1.18110200
5.09520007,0.39370070
5.09600007,-0.78740150
5.09680007,-1.96850400
5.09760007,-1.96850400
5.09840007,-1.57480300
5.09920007,-0.78740150
5.10000007,0.39370070
5.10080007,1.57480300
5.10160007,3.14960600
5.10240007,4.72440900
5.10320007,5.51181100
5.10400007,5.51181100
5.10480007,5.11811000
5.10560007,3.54330700
5.10640007,1.96850400
5.10720007,1.18110200
5.10800007,1.18110200
5.10880007,1.57480300
5.10960007,3.14960600
5.11040007,4.33070900
5.11120007,4.72440900
5.11200007,5.11811000
5.11280007,5.90551100
5.11360007,6.29921200
5.11440007,6.69291300
5.11520007,6.69291300
5.11600007,5.51181100
5.11680007,3.93700800
5.11760007,2.75590500
5.11840007,2.75590500
5.11920007,3.54330700
5.12000007,4.33070900
5.12080007,5.11811000
5.12160007,5.90551100
5.12240007,6.29921200
5.12320007,5.11811000
5.12400007,4.72440900
5.12480007,4.72440900
5.12560007,4.33070900
5.12640007,3.14960600
5.12720007,1.57480300
5.12800007,1.18110200
5.12880007,0.78740150
5.12960007,0.78740150
5.13040007,1.18110200
5.13120007,1.57480300
5.13200007,1.96850400
5.13280007,1.18110200
5.13360007,0.00000000
5.13440007,-0.39370070
5.13520007,-0.39370070
5.13600007,-0.39370070
5.13680007,-1.18110200
5.13760007,-1.96850400
5.13840007,-2.36220500
5.13920007,-3.14960600
5.14000007,-3.93700800
5.14080007,-3.14960600
5.14160007,-2.75590500
5.14240007,-3.14960600
5.14320007,-4.33070900
5.14400007,-5.11811000
5.14480007,-5.90551100
5.14560007,-5.51181100
5.14640007,-5.11811000
5.14720007,-5.51181100
5.14800007,-5.11811000
5.14880007,-5.51181100
5.14960007,-5.51181100
5.15040007,-5.51181100
5.15120007,-5.90551100
5.15200007,-6.29921200
5.15280007,-5.90551100
5.15360007,-6.29921200
5.15440007,-5.90551100
5.15520007,-5.11811000
5.15600007,-4.72440900
5.15680007,-4.72440900
5.15760007,-4.33070900
5.15840007,-3.93700800
5.15920007,-4.33070900
5.16000007,-3.93700800
5.16080007,-3.93700800
5.16160007,-3.93700800
5.16240007,-3.14960600
5.16320007,-2.75590500
5.16400007,-2.36220500
5.16480007,-1.96850400
5.16560007,-0.78740150
5.16640007,-0.78740150
5.16720007,-0.39370070
5.16800007,-0.39370070
5.16880007,-0.39370070
5.16960007,0.00000000
5.17040007,0.00000000
5.17120007,0.39370070
5.17200007,1.18110200
5.17280007,1.96850400
5.17360007,2.75590500
5.17440007,3.54330700
5.17520007,4.33070900
5.17600007,5.11811000
5.17680007,5.90551100
5.17760007,5.51181100
5.17840007,4.72440900
5.17920007,3.93700800
5.18000007,3.54330700
5.18080007,3.54330700
5.18160007,4.72440900
5.18240007,5.11811000
5.18320007,5.11811000
5.18400007,5.90551100
5.18480007,6.29921200
5.18560007,6.29921200
5.18640007,7.08661400
5.18720007,7.08661400
5.18800007,6.69291300
5.18880007,5.51181100
5.18960007,5.11811000
5.19040007,3.93700800
5.19120007,3.54330700
5.19200007,4.33070900
5.19280007,4.72440900
5.19360007,6.29921200
5.19440007,5.90551100
5.19520007,4.72440900
5.19600007,5.11811000
5.19680007,4.72440900
5.19760007,3.93700800
5.19840007,3.14960600
5.19920007,1.96850400
5.20000007,0.00000000
5.20080007,-0.39370070
5.20160007,-0.78740150
5.20240007,-0.39370070
5.20320007,0.78740150
5.20400007,1.57480300
5.20480007,1.18110200
5.20560007,0.00000000
5.20640007,0.00000000
5.20720007,-0.78740150
5.20800007,-1.18110200
5.20880007,-1.96850400
5.20960007,-3.14960600
5.21040007,-4.33070900
5.21120007,-4.72440900
5.21200007,-5.51181100
5.21280007,-4.72440900
5.21360007,-3.93700800
5.21440007,-3.14960600
5.21520007,-2.75590500
5.21600007,-3.54330700
5.21680007,-4.33070900
5.21760007,-4.72440900
5.21840007,-4.33070900
5.21920007,-4.72440900
5.22000007,-5.11811000
5.22080007,-5.90551100
5.22160007,-6.29921200
5.22240007,-6.69291300
5.22320007,-5.90551100
5.22400007,-5.51181100
5.22480007,-3.93700800
5.22560007,-3.93700800
5.22640007,-4.33070900
5.22720007,-4.33070900
5.22800007,-5.51181100
5.22880007,-5.11811000
5.22960007,-4.33070900
5.23040007,-3.54330700
5.23120007,-3.14960600
5.23200007,-3.54330700
5.23280007,-3.14960600
5.23360007,-2.75590500
5.23440007,-2.36220500
5.23520007,-1.57480300
5.23600007,-1.18110200
5.23680007,-1.57480300
5.23760007,-1.18110200
5.23840007,-1.57480300
5.23920007,-1.18110200
5.24000007,-0.39370070
5.24080007,0.39370070
5.24160007,0.39370070
5.24240007,0.78740150
5.24320007,1.57480300
5.24400007,1.57480300
5.24480007,2.36220500
5.24560007,1.96850400
5.24640007,1.96850400
5.24720007,2.75590500
5.24800007,2.75590500
5.24880007,3.14960600
5.24960007,3.93700800
5.25040007,4.33070900
5.25120007,5.11811000
5.25200007,4.72440900
5.25280007,4.72440900
5.25360007,4.72440900
5.25440007,4.72440900
5.25520007,4.72440900
5.25600007,4.72440900
5.25680007,5.11811000
5.25760007,4.72440900
5.25840007,5.11811000
5.25920007,5.51181100
5.26000007,6.29921200
5.26080007,6.29921200
5.26160007,5.51181100
5.26240007,5.11811000
5.26320007,4.33070900
5.26400007,4.33070900
5.26480007,4.33070900
5.26560007,3.93700800
5.26640007,3.93700800
5.26720007,3.54330700
5.26800007,3.93700800
5.26880007,4.33070900
5.26960007,4.33070900
5.27040007,4.72440900
5.27120007,5.11811000
5.27200007,3.54330700
5.27280007,2.75590500
5.27360007,1.57480300
5.27440007,1.18110200
5.27520007,0.78740150
5.27600007,0.78740150
5.27680007,0.39370070
5.27760007,0.39370070
5.27840007,0.00000000
5.27920007,0.00000000
5.28000007,0.39370070
5.28080007,0.78740150
5.28160007,-0.39370070
5.28240007,-1.57480300
5.28320007,-3.14960600
5.28400007,-3.93700800
5.28480007,-3.93700800
5.28560007,-3.54330700
5.28640007,-2.75590500
5.28720007,-2.36220500
5.28800007,-2.75590500
5.28880007,-3.54330700
5.28960007,-4.33070900
5.29040007,-4.33070900
5.29120007,-4.33070900
5.29200007,-4.33070900
5.29280007,-5.11811000
5.29360007,-6.69291300
5.29440007,-7.08661400
5.29520007,-7.48031400
5.29600007,-7.08661400
5.29680007,-5.90551100
5.29760007,-4.33070900
5.29840007,-3.93700800
5.29920007,-4.33070900
5.30000007,-5.11811000
5.30080007,-4.72440900
5.30160007,-5.51181100
5.30240007,-5.11811000
5.30320007,-5.90551100
5.30400007,-5.90551100
5.30480007,-6.29921200
5.30560007,-6.69291300
5.30640007,-5.11811000
5.30720007,-3.54330700
5.30800007,-2.36220500
5.30880007,-1.57480300
5.30960007,-1.57480300
5.31040007,-2.36220500
5.31120007,-2.36220500
5.31200007,-1.96850400
5.31280007,-1.96850400
5.31360007,-0.78740150
5.31440007,-0.39370070
5.31520007,-0.78740150
5.31600007,-0.78740150
5.31680007,-0.78740150
5.31760007,0.00000000
5.31840007,0.78740150
5.31920007,1.57480300
5.32000007,1.96850400
5.32080007,1.96850400
5.32160007,2.75590500
5.32240007,3.14960600
5.32320007,3.54330700
5.32400007,4.33070900
5.32480007,4.72440900
5.32560007,5.11811000
5.32640007,5.51181100
5.32720007,5.11811000
5.32800007,5.11811000
5.32880007,5.51181100
5.32960007,5.90551100
5.33040007,6.69291300
5.33120007,7.08661400
5.33200007,7.48031400
5.33280007,7.48031400
5.33360007,7.48031400
5.33440007,7.08661400
5.33520007,7.08661400
5.33600007,7.48031400
5.33680007,7.48031400
5.33760007,6.69291300
5.33840007,6.29921200
5.33920007,5.51181100
5.34000007,5.51181100
5.34080007,5.51181100
5.34160007,6.29921200
5.34240007,6.69291300
5.34320007,6.69291300
5.34400007,6.29921200
5.34480007,5.11811000
5.34560007,5.11811000
5.34640007,4.33070900
5.34720007,3.14960600
5.34800007,2.75590500
5.34880007,1.96850400
5.34960007,0.78740150
5.35040007,0.78740150
5.35120007,-0.39370070
5.35200007,0.00000000
5.35280007,0.78740150
5.35360007,0.39370070
5.35440007,0.00000000
5.35520007,-1.18110200
5.35600007,-2.36220500
5.35680007,-3.93700800
5.35760007,-4.72440900
5.35840007,-5.11811000
5.35920007,-6.29921200
5.36000007,-6.69291300
5.36080007,-7.08661400
5.36160007,-7.48031400
5.36240007,-7.08661400
5.36320007,-6.69291300
5.36400007,-6.29921200
5.36480007,-5.90551100
5.36560007,-6.29921200
5.36640007,-7.87401500
5.36720007,-9.05511800
5.36800007,-10.23622000
5.36880007,-10.62992000
5.36960007,-9.84251900
5.37040007,-9.44881800
5.37120007,-8.66141700
5.37200007,-8.26771600
5.37280007,-8.26771600
5.37360007,-7.48031400
5.37440007,-6.69291300
5.37520007,-5.90551100
5.37600007,-5.90551100
5.37680007,-6.29921200
5.37760007,-7.08661400
5.37840007,-6.69291300
5.37920007,-6.29921200
5.38000007,-4.72440900
5.38080007,-3.54330700
5.38160007,-2.36220500
5.38240007,-1.57480300
5.38320007,-1.18110200
5.38400007,-0.78740150
5.38480007,0.00000000
5.38560007,1.18110200
5.38640007,2.36220500
5.38720007,2.75590500
5.38800007,2.36220500
5.38880007,2.75590500
5.38960007,2.75590500
5.39040007,3.54330700
5.39120007,5.11811000
5.39200007,5.90551100
5.39280007,6.29921200
5.39360007,6.29921200
5.39440007,5.51181100
5.39520007,5.90551100
5.39600007,7.08661400
5.39680007,8.26771600
5.39760007,8.66141700
5.39840007,8.66141700
5.39920007,7.87401500
5.40000007,7.48031400
5.40080007,7.48031400
5.40160007,7.48031400
5.40240007,8.26771600
5.40320007,9.05511800
5.40400007,9.05511800
5.40480007,8.66141700
5.40560007,7.87401500
5.40640007,7.08661400
5.40720007,6.69291300
5.40800007,7.08661400
5.40880007,7.08661400
5.40960007,7.08661400
5.41040007,6.29921200
5.41120007,4.72440900
5.41200007,3.54330700
5.41280007,3.14960600
5.41360007,3.14960600
5.41440007,3.54330700
5.41520007,3.14960600
5.41600007,2.36220500
5.41680007,1.57480300
5.41760007,1.18110200
5.41840007,0.78740150
5.41920007,0.39370070
5.42000007,0.39370070
5.42080007,-0.39370070
5.42160007,-1.57480300
5.42240007,-2.36220500
5.42320007,-3.14960600
5.42400007,-3.54330700
5.42480007,-2.75590500
5.42560007,-3.14960600
5.42640007,-3.54330700
5.42720007,-4.33070900
5.42800007,-5.11811000
5.42880007,-5.90551100
5.42960007,-5.90551100
5.43040007,-5.51181100
5.43120007,-5.90551100
5.43200007,-6.29921200
5.43280007,-7.08661400
5.43360007,-7.08661400
5.43440007,-7.08661400
5.43520007,-6.29921200
5.43600007,-5.90551100
5.43680007,-5.90551100
5.43760007,-6.29921200
5.43840007,-6.29921200
5.43920007,-7.08661400
5.44000007,-7.48031400
5.44080007,-7.08661400
5.44160007,-6.29921200
5.44240007,-5.11811000
5.44320007,-4.72440900
5.44400007,-4.33070900
5.44480007,-3.54330700
5.44560007,-3.54330700
5.44640007,-2.75590500
5.44720007,-2.75590500
5.44800007,-3.14960600
5.44880007,-3.14960600
5.44960007,-3.54330700
5.45040007,-3.93700800
5.45120007,-3.54330700
5.45200007,-2.36220500
5.45280007,-1.57480300
5.45360007,0.00000000
5.45440007,0.78740150
5.45520007,1.18110200
5.45600007,1.18110200
5.45680007,0.78740150
5.45760007,1.18110200
5.45840007,1.57480300
5.45920007,1.96850400
5.46000007,1.57480300
5.46080007,2.36220500
5.46160007,2.75590500
5.46240007,2.75590500
5.46320007,3.54330700
5.46400007,3.93700800
5.46480007,4.72440900
5.46560007,5.90551100
5.46640007,5.51181100
5.46720007,5.11811000
5.46800007,4.33070900
5.46880007,3.93700800
5.46960007,3.93700800
5.47040007,5.11811000
5.47120007,5.90551100
5.47200007,5.90551100
5.47280007,5.90551100
5.47360007,5.51181100
5.47440007,5.11811000
5.47520007,5.90551100
5.47600007,5.51181100
5.47680007,4.72440900
5.47760007,3.93700800
5.47840007,3.14960600
5.47920007,2.36220500
5.48000007,3.14960600
5.48080007,4.33070900
5.48160007,5.11811000
5.48240007,5.90551100
5.48320007,5.11811000
5.48400007,4.33070900
5.48480007,3.54330700
5.48560007,1.96850400
5.48640007,1.96850400
5.48720007,1.18110200
5.48800007,0.39370070
5.48880007,-0.78740150
5.48960007,-1.57480300
5.49040007,-0.39370070
5.49120007,0.39370070
5.49200007,1.96850400
5.49280007,2.75590500
5.49360007,2.36220500
5.49440007,1.18110200
5.49520007,0.00000000
5.49600007,-1.18110200
5.49680007,-1.18110200
5.49760007,-1.57480300
5.49840007,-1.96850400
5.49920007,-2.75590500
5.50000007,-3.54330700
5.50080007,-3.14960600
5.50160007,-1.96850400
5.50240007,-1.57480300
5.50320007,-0.78740150
5.50400007,-1.18110200
5.50480007,-1.96850400
5.50560007,-3.14960600
5.50640007,-3.54330700
5.50720007,-4.33070900
5.50800007,-4.33070900
5.50880007,-3.93700800
5.50960007,-3.54330700
5.51040007,-4.33070900
5.51120007,-3.93700800
5.51200007,-3.93700800
5.51280007,-3.54330700
5.51360007,-3.14960600
5.51440007,-3.14960600
5.51520007,-3.93700800
5.51600007,-5.11811000
5.51680007,-5.51181100
5.51760007,-5.90551100
5.51840007,-4.72440900
5.51920007,-3.93700800
5.52000007,-3.93700800
5.52080007,-2.75590500
5.52160007,-1.96850400
5.52240007,-2.36220500
5.52320007,-2.36220500
5.52400007,-2.75590500
5.52480007,-3.14960600
5.52560007,-3.54330700
5.52640007,-4.33070900
5.52720007,-3.93700800
5.52800007,-3.54330700
5.52880007,-2.36220500
5.52960007,-2.36220500
5.53040007,-1.18110200
5.53120007,-0.39370070
5.53200007,0.00000000
5.53280007,0.00000000
5.53360007,-0.39370070
5.53440007,-0.78740150
5.53520007,-1.18110200
5.53600007,-0.78740150
5.53680007,-0.39370070
5.53760007,0.39370070
5.53840007,1.57480300
5.53920007,1.96850400
5.54000007,2.75590500
5.54080007,2.36220500
5.54160007,2.75590500
5.54240007,2.75590500
5.54320007,2.75590500
5.54400007,3.14960600
5.54480007,3.14960600
5.54560007,3.14960600
5.54640007,3.14960600
5.54720007,3.54330700
5.54800007,4.72440900
5.54880007,5.90551100
5.54960007,7.48031400
5.55040007,7.87401500
5.55120007,7.08661400
5.55200007,6.29921200
5.55280007,5.90551100
5.55360007,5.90551100
5.55440007,5.90551100
5.55520007,5.11811000
5.55600007,5.11811000
5.55680007,4.72440900
5.55760007,5.11811000
5.55840007,5.90551100
5.55920007,7.08661400
5.56000007,7.48031400
5.56080007,7.48031400
5.56160007,6.69291300
5.56240007,5.51181100
5.56320007,4.72440900
5.56400007,4.72440900
5.56480007,4.72440900
5.56560007,3.93700800
5.56640007,3.93700800
5.56720007,3.14960600
5.56800007,1.96850400
5.56880007,1.96850400
5.56960007,1.18110200
5.57040007,0.78740150
5.57120007,0.39370070
5.57200007,-0.78740150
5.57280007,-1.18110200
5.57360007,-1.96850400
5.57440007,-1.57480300
5.57520007,-1.57480300
5.57600007,-0.78740150
5.57680007,-2.36220500
5.57760007,-3.14960600
5.57840007,-4.72440900
5.57920007,-5.90551100
5.58000007,-5.51181100
5.58080007,-5.11811000
5.58160007,-5.51181100
5.58240007,-5.11811000
5.58320007,-5.51181100
5.58400007,-5.51181100
5.58480007,-5.90551100
5.58560007,-5.90551100
5.58640007,-6.69291300
5.58720007,-7.08661400
5.58800007,-7.87401500
5.58880007,-7.87401500
5.58960007,-8.26771600
5.59040007,-8.66141700
5.59120007,-7.87401500
5.59200007,-7.48031400
5.59280007,-6.69291300
5.59360007,-5.51181100
5.59440007,-5.11811000
5.59520007,-4.33070900
5.59600007,-4.72440900
5.59680007,-5.11811000
5.59760007,-5.51181100
5.59840007,-6.29921200
5.59920007,-6.29921200
5.60000007,-5.90551100
5.60080007,-4.33070900
5.60160007,-3.14960600
5.60240007,-1.96850400
5.60320007,-0.39370070
5.60400007,0.39370070
5.60480007,1.57480300
5.60560007,1.96850400
5.60640007,1.96850400
5.60720007,1.18110200
5.60800007,-0.39370070
5.60880007,-0.78740150
5.60960007,-1.18110200
5.61040007,-0.39370070
5.61120007,0.39370070
5.61200007,1.96850400
5.61280007,3.54330700
5.61360007,5.11811000
5.61440007,6.29921200
5.61520007,7.48031400
5.61600007,7.48031400
5.61680007,7.08661400
5.61760008,6.29921200
5.61840008,5.11811000
5.61920008,3.93700800
5.62000008,3.54330700
5.62080008,3.54330700
5.62160008,4.33070900
5.62240008,5.90551100
5.62320008,6.29921200
5.62400008,6.69291300
5.62480008,6.69291300
5.62560008,6.69291300
5.62640008,7.08661400
5.62720008,7.08661400
5.62800008,5.90551100
5.62880008,4.72440900
5.62960008,3.54330700
5.63040008,2.75590500
5.63120008,3.14960600
5.63200008,3.54330700
5.63280008,3.93700800
5.63360008,4.72440900
5.63440008,4.33070900
5.63520008,3.93700800
5.63600008,3.54330700
5.63680008,3.14960600
5.63760008,3.14960600
5.63840008,2.75590500
5.63920008,2.36220500
5.64000008,1.18110200
5.64080008,0.78740150
5.64160008,0.39370070
5.64240008,0.00000000
5.64320008,0.00000000
5.64400008,-0.39370070
5.64480008,-0.78740150
5.64560008,-1.57480300
5.64640008,-1.96850400
5.64720008,-2.75590500
5.64800008,-2.36220500
5.64880008,-1.96850400
5.64960008,-2.36220500
5.65040008,-1.96850400
5.65120008,-1.57480300
5.65200008,-2.36220500
5.65280008,-2.36220500
5.65360008,-2.36220500
5.65440008,-3.14960600
5.65520008,-3.54330700
5.65600008,-4.72440900
5.65680008,-4.72440900
5.65760008,-4.72440900
5.65840008,-4.33070900
5.65920008,-4.72440900
5.66000008,-3.93700800
5.66080008,-3.54330700
5.66160008,-3.14960600
5.66240008,-2.75590500
5.66320008,-3.14960600
5.66400008,-3.14960600
5.66480008,-3.54330700
5.66560008,-3.93700800
5.66640008,-3.93700800
5.66720008,-3.93700800
5.66800008,-3.93700800
5.66880008,-3.93700800
5.66960008,-3.93700800
5.67040008,-3.14960600
5.67120008,-3.14960600
5.67200008,-3.14960600
5.67280008,-2.36220500
5.67360008,-2.36220500
5.67440008,-1.96850400
5.67520008,-1.57480300
5.67600008,-1.18110200
5.67680008,-0.78740150
5.67760008,-1.18110200
5.67840008,-1.18110200
5.67920008,-1.18110200
5.68000008,-0.78740150
5.68080008,-1.18110200
5.68160008,-1.18110200
5.68240008,-0.39370070
5.68320008,0.00000000
5.68400008,0.39370070
5.68480008,0.78740150
5.68560008,0.39370070
5.68640008,0.00000000
5.68720008,0.39370070
5.68800008,0.78740150
5.68880008,0.78740150
5.68960008,1.18110200
5.69040008,1.57480300
5.69120008,1.96850400
5.69200008,2.36220500
5.69280008,3.14960600
5.69360008,3.14960600
5.69440008,3.54330700
5.69520008,2.75590500
5.69600008,2.75590500
5.69680008,1.96850400
5.69760008,1.57480300
5.69840008,1.96850400
5.69920008,1.96850400
5.70000008,2.36220500
5.70080008,2.75590500
5.70160008,3.14960600
5.70240008,3.54330700
5.70320008,3.54330700
5.70400008,3.93700800
5.70480008,4.72440900
5.70560008,5.11811000
5.70640008,5.11811000
5.70720008,4.72440900
5.70800008,3.93700800
5.70880008,3.14960600
5.70960008,2.36220500
5.71040008,1.96850400
5.71120008,1.96850400
5.71200008,2.36220500
5.71280008,1.96850400
5.71360008,2.36220500
5.71440008,3.14960600
5.71520008,3.93700800
5.71600008,4.33070900
5.71680008,3.93700800
5.71760008,3.54330700
5.71840008,2.75590500
5.71920008,1.96850400
5.72000008,0.78740150
5.72080008,0.78740150
5.72160008,0.39370070
5.72240008,0.39370070
5.72320008,0.78740150
5.72400008,1.57480300
5.72480008,1.57480300
5.72560008,1.57480300
5.72640008,1.18110200
5.72720008,1.18110200
5.72800008,0.78740150
5.72880008,0.39370070
5.72960008,0.00000000
5.73040008,-0.39370070
5.73120008,-1.57480300
5.73200008,-2.36220500
5.73280008,-2.36220500
5.73360008,-1.96850400
5.73440008,-1.96850400
5.73520008,-1.57480300
5.73600008,-1.57480300
5.73680008,-1.96850400
5.73760008,-1.96850400
5.73840008,-1.96850400
5.73920008,-2.36220500
5.74000008,-2.75590500
5.74080008,-3.54330700
5.74160008,-4.33070900
5.74240008,-5.11811000
5.74320008,-5.51181100
5.74400008,-4.72440900
5.74480008,-3.93700800
5.74560008,-3.93700800
5.74640008,-3.93700800
5.74720008,-4.33070900
5.74800008,-4.72440900
5.74880008,-4.33070900
5.74960008,-3.54330700
5.75040008,-3.54330700
5.75120008,-4.33070900
5.75200008,-4.33070900
5.75280008,-5.51181100
5.75360008,-5.11811000
5.75440008,-5.11811000
5.75520008,-4.33070900
5.75600008,-3.93700800
5.75680008,-4.33070900
5.75760008,-3.93700800
5.75840008,-3.93700800
5.75920008,-2.75590500
5.76000008,-2.36220500
5.76080008,-0.78740150
5.76160008,-0.39370070
5.76240008,0.00000000
5.76320008,-0.39370070
5.76400008,-1.18110200
5.76480008,-1.57480300
5.76560008,-1.96850400
5.76640008,-0.78740150
5.76720008,-0.78740150
5.76800008,0.00000000
5.76880008,0.39370070
5.76960008,1.18110200
5.77040008,2.36220500
5.77120008,3.93700800
5.77200008,4.72440900
5.77280008,5.11811000
5.77360008,4.72440900
5.77440008,4.33070900
5.77520008,4.33070900
5.77600008,3.93700800
5.77680008,3.14960600
5.77760008,3.14960600
5.77840008,3.14960600
5.77920008,2.75590500
5.78000008,3.93700800
5.78080008,5.51181100
5.78160008,6.69291300
5.78240008,8.26771600
5.78320008,8.26771600
5.78400008,7.87401500
5.78480008,7.48031400
5.78560008,7.08661400
5.78640008,5.90551100
5.78720008,4.72440900
5.78800008,4.33070900
5.78880008,4.33070900
5.78960008,4.72440900
5.79040008,6.69291300
5.79120008,9.44881800
5.79200008,10.23622000
5.79280008,9.44881800
5.79360008,7.48031400
5.79440008,4.33070900
5.79520008,1.96850400
5.79600008,0.39370070
5.79680008,-0.78740150
5.79760008,0.00000000
5.79840008,0.78740150
5.79920008,2.75590500
5.80000008,4.33070900
5.80080008,5.11811000
5.80160008,4.72440900
5.80240008,3.14960600
5.80320008,0.78740150
5.80400008,-1.57480300
5.80480008,-3.14960600
5.80560008,-4.33070900
5.80640008,-5.11811000
5.80720008,-5.11811000
5.80800008,-5.90551100
5.80880008,-6.69291300
5.80960008,-5.90551100
5.81040008,-5.90551100
5.81120008,-4.33070900
5.81200008,-2.36220500
5.81280008,-2.36220500
5.81360008,-3.93700800
5.81440008,-5.90551100
5.81520008,-8.26771600
5.81600008,-10.62992000
5.81680008,-11.81102000
5.81760008,-11.81102000
5.81840008,-11.02362000
5.81920008,-9.84251900
5.82000008,-9.05511800
5.82080008,-7.87401500
5.82160008,-6.69291300
5.82240008,-6.29921200
5.82320008,-6.29921200
5.82400008,-7.08661400
5.82480008,-7.87401500
5.82560008,-7.87401500
5.82640008,-7.48031400
5.82720008,-5.51181100
5.82800008,-5.51181100
5.82880008,-5.11811000
5.82960008,-5.90551100
5.83040008,-6.69291300
5.83120008,-5.51181100
5.83200008,-3.54330700
5.83280008,-1.57480300
5.83360008,0.39370070
5.83440008,0.39370070
5.83520008,0.39370070
5.83600008,0.00000000
5.83680008,0.39370070
5.83760008,1.18110200
5.83840008,1.96850400
5.83920008,3.14960600
5.84000008,3.54330700
5.84080008,3.93700800
5.84160008,4.33070900
5.84240008,4.72440900
5.84320008,5.51181100
5.84400008,7.08661400
5.84480008,8.66141700
5.84560008,9.44881800
5.84640008,9.44881800
5.84720008,9.44881800
5.84800008,8.26771600
5.84880008,8.66141700
5.84960008,8.66141700
5.85040008,8.66141700
5.85120008,9.05511800
5.85200008,9.44881800
5.85280008,9.84251900
5.85360008,10.23622000
5.85440008,10.23622000
5.85520008,10.62992000
5.85600008,9.84251900
5.85680008,9.44881800
5.85760008,9.05511800
5.85840008,8.66141700
5.85920008,8.66141700
5.86000008,7.87401500
5.86080008,7.48031400
5.86160008,5.51181100
5.86240008,5.90551100
5.86320008,5.51181100
5.86400008,5.51181100
5.86480008,5.11811000
5.86560008,4.72440900
5.86640008,2.75590500
5.86720008,1.96850400
5.86800008,-0.39370070
5.86880008,-0.78740150
5.86960008,-1.57480300
5.87040008,-1.18110200
5.87120008,-1.18110200
5.87200008,-0.78740150
5.87280008,-1.18110200
5.87360008,-1.96850400
5.87440008,-2.36220500
5.87520008,-4.33070900
5.87600008,-5.90551100
5.87680008,-6.69291300
5.87760008,-8.26771600
5.87840008,-8.66141700
5.87920008,-9.05511800
5.88000008,-9.84251900
5.88080008,-9.84251900
5.88160008,-9.44881800
5.88240008,-7.87401500
5.88320008,-7.48031400
5.88400008,-7.08661400
5.88480008,-7.87401500
5.88560008,-8.26771600
5.88640008,-9.44881800
5.88720008,-11.02362000
5.88800008,-11.81102000
5.88880008,-11.41732000
5.88960008,-10.62992000
5.89040008,-9.05511800
5.89120008,-8.26771600
5.89200008,-7.48031400
5.89280008,-7.08661400
5.89360008,-6.29921200
5.89440008,-4.72440900
5.89520008,-4.33070900
5.89600008,-4.33070900
5.89680008,-4.72440900
5.89760008,-5.90551100
5.89840008,-5.90551100
5.89920008,-5.90551100
5.90000008,-4.72440900
5.90080008,-3.14960600
5.90160008,-0.78740150
5.90240008,0.39370070
5.90320008,1.57480300
5.90400008,2.36220500
5.90480008,2.75590500
5.90560008,3.54330700
5.90640008,3.14960600
5.90720008,2.75590500
5.90800008,3.14960600
5.90880008,3.14960600
5.90960008,3.54330700
5.91040008,4.72440900
5.91120008,5.90551100
5.91200008,6.69291300
5.91280008,7.87401500
5.91360008,7.87401500
5.91440008,7.87401500
5.91520008,8.26771600
5.91600008,8.26771600
5.91680008,8.66141700
5.91760008,7.87401500
5.91840008,7.48031400
5.91920008,6.29921200
5.92000008,6.69291300
5.92080008,6.29921200
5.92160008,7.08661400
5.92240008,8.26771600
5.92320008,9.05511800
5.92400008,8.26771600
5.92480008,8.26771600
5.92560008,7.87401500
5.92640008,7.48031400
5.92720008,7.08661400
5.92800008,6.69291300
5.92880008,5.90551100
5.92960008,5.11811000
5.93040008,3.93700800
5.93120008,2.75590500
5.93200008,2.36220500
5.93280008,2.75590500
5.93360008,3.54330700
5.93440008,3.93700800
5.93520008,3.14960600
5.93600008,1.57480300
5.93680008,0.39370070
5.93760008,0.00000000
5.93840008,0.00000000
5.93920008,-0.78740150
5.94000008,-0.78740150
5.94080008,-1.96850400
5.94160008,-3.14960600
5.94240008,-3.93700800
5.94320008,-3.93700800
5.94400008,-4.33070900
5.94480008,-4.33070900
5.94560008,-4.33070900
5.94640008,-3.93700800
5.94720008,-4.33070900
5.94800008,-4.33070900
5.94880008,-4.72440900
5.94960008,-4.33070900
5.95040008,-5.11811000
5.95120008,-5.51181100
5.95200008,-6.69291300
5.95280008,-7.08661400
5.95360008,-6.69291300
5.95440008,-6.29921200
5.95520008,-5.90551100
5.95600008,-4.72440900
5.95680008,-5.11811000
5.95760008,-5.11811000
5.95840008,-5.90551100
5.95920008,-5.51181100
5.96000008,-5.90551100
5.96080008,-5.51181100
5.96160008,-5.11811000
5.96240008,-5.11811000
5.96320008,-4.72440900
5.96400008,-4.33070900
5.96480008,-4.33070900
5.96560008,-2.75590500
5.96640008,-1.96850400
5.96720008,-1.57480300
5.96800008,-1.96850400
5.96880008,-1.96850400
5.96960008,-2.75590500
5.97040008,-2.75590500
5.97120008,-2.36220500
5.97200008,-2.36220500
5.97280008,-1.57480300
5.97360008,-1.18110200
5.97440008,-0.78740150
5.97520008,-0.39370070
5.97600008,0.39370070
5.97680008,0.78740150
5.97760008,1.96850400
5.97840008,2.75590500
5.97920008,3.54330700
5.98000008,3.14960600
5.98080008,2.36220500
5.98160008,1.18110200
5.98240008,0.78740150
5.98320008,1.18110200
5.98400008,1.57480300
5.98480008,2.36220500
5.98560008,2.75590500
5.98640008,3.14960600
5.98720008,3.54330700
5.98800008,3.54330700
5.98880008,3.54330700
5.98960008,4.33070900
5.99040008,4.33070900
5.99120008,4.72440900
5.99200008,3.93700800
5.99280008,3.14960600
5.99360008,3.54330700
5.99440008,3.54330700
5.99520008,4.33070900
5.99600008,3.93700800
5.99680008,4.33070900
5.99760008,4.72440900
5.99840008,3.93700800
5.99920008,4.33070900
6.00000008,4.72440900
6.00080008,4.33070900
6.00160008,4.72440900
6.00240008,4.72440900
6.00320008,4.33070900
6.00400008,4.33070900
6.00480008,3.54330700
6.00560008,3.54330700
6.00640008,3.14960600
6.00720008,3.14960600
6.00800008,2.36220500
6.00880008,2.36220500
6.00960008,1.96850400
6.01040008,2.36220500
6.01120008,3.54330700
6.01200008,3.93700800
6.01280008,3.54330700
6.01360008,2.75590500
6.01440008,1.96850400
6.01520008,0.78740150
6.01600008,0.00000000
6.01680008,-0.39370070
6.01760008,-0.78740150
6.01840008,-0.78740150
6.01920008,-1.18110200
6.02000008,-1.18110200
6.02080008,-0.39370070
6.02160008,0.39370070
6.02240008,1.18110200
6.02320008,1.57480300
6.02400008,1.18110200
6.02480008,0.00000000
6.02560008,-1.96850400
6.02640008,-3.54330700
6.02720008,-4.72440900
6.02800008,-4.72440900
6.02880008,-5.11811000
6.02960008,-5.51181100
6.03040008,-5.11811000
6.03120008,-4.72440900
6.03200008,-3.93700800
6.03280008,-3.14960600
6.03360008,-2.75590500
6.03440008,-2.75590500
6.03520008,-3.14960600
6.03600008,-5.11811000
6.03680008,-6.69291300
6.03760008,-7.48031400
6.03840008,-7.48031400
6.03920008,-7.08661400
6.04000008,-5.90551100
6.04080008,-5.51181100
6.04160008,-5.51181100
6.04240008,-4.72440900
6.04320008,-3.54330700
6.04400008,-3.54330700
6.04480008,-2.75590500
6.04560008,-3.54330700
6.04640008,-4.33070900
6.04720008,-5.51181100
6.04800008,-6.69291300
6.04880008,-6.29921200
6.04960008,-5.51181100
6.05040008,-3.93700800
6.05120008,-2.36220500
6.05200008,-1.57480300
6.05280008,-0.78740150
6.05360008,-0.39370070
6.05440008,-0.39370070
6.05520008,0.39370070
6.05600008,0.39370070
6.05680008,0.39370070
6.05760008,-0.39370070
6.05840008,0.00000000
6.05920008,0.00000000
6.06000008,0.00000000
6.06080008,0.78740150
6.06160008,1.96850400
6.06240008,3.54330700
6.06320008,4.72440900
6.06400008,5.51181100
6.06480008,5.90551100
6.06560008,5.51181100
6.06640008,5.90551100
6.06720008,5.90551100
6.06800008,4.72440900
6.06880008,5.11811000
6.06960008,5.11811000
6.07040008,4.72440900
6.07120008,5.51181100
6.07200008,5.51181100
6.07280008,6.69291300
6.07360008,7.48031400
6.07440008,7.87401500
6.07520008,8.26771600
6.07600008,8.26771600
6.07680008,8.26771600
6.07760008,7.87401500
6.07840008,7.08661400
6.07920008,6.69291300
6.08000008,5.90551100
6.08080008,5.11811000
6.08160008,4.72440900
6.08240008,4.72440900
6.08320008,4.72440900
6.08400008,4.72440900
6.08480008,4.72440900
6.08560008,5.11811000
6.08640008,4.72440900
6.08720008,3.54330700
6.08800008,2.75590500
6.08880008,1.57480300
6.08960008,0.78740150
6.09040008,0.00000000
6.09120008,-0.78740150
6.09200008,-1.57480300
6.09280008,-1.57480300
6.09360008,-1.96850400
6.09440008,-1.57480300
6.09520008,-1.57480300
6.09600008,-0.78740150
6.09680008,-1.18110200
6.09760008,-1.57480300
6.09840008,-3.14960600
6.09920008,-5.11811000
6.10000008,-6.69291300
6.10080008,-7.87401500
6.10160008,-7.87401500
6.10240008,-7.87401500
6.10320008,-7.87401500
6.10400008,-7.48031400
6.10480008,-7.08661400
6.10560008,-6.29921200
6.10640008,-5.51181100
6.10720008,-4.72440900
6.10800008,-5.11811000
6.10880008,-5.90551100
6.10960008,-7.08661400
6.11040008,-8.26771600
6.11120008,-9.05511800
6.11200008,-9.44881800
6.11280008,-7.87401500
6.11360008,-7.48031400
6.11440008,-6.29921200
6.11520008,-5.11811000
6.11600008,-4.72440900
6.11680008,-3.93700800
6.11760008,-3.54330700
6.11840008,-2.36220500
6.11920008,-2.75590500
6.12000008,-3.93700800
6.12080008,-4.72440900
6.12160008,-4.72440900
6.12240008,-3.54330700
6.12320008,-2.36220500
6.12400008,-1.18110200
6.12480008,0.00000000
6.12560008,0.39370070
6.12640008,1.18110200
6.12720008,1.57480300
6.12800008,1.57480300
6.12880008,1.96850400
6.12960008,1.57480300
6.13040008,1.57480300
6.13120008,1.57480300
6.13200008,2.36220500
6.13280008,3.54330700
6.13360008,5.11811000
6.13440008,6.69291300
6.13520008,7.48031400
6.13600008,7.87401500
6.13680008,7.08661400
6.13760008,5.90551100
6.13840008,5.90551100
6.13920008,5.51181100
6.14000008,5.11811000
6.14080008,5.11811000
6.14160008,5.51181100
6.14240008,5.51181100
6.14320008,5.90551100
6.14400008,6.29921200
6.14480008,6.69291300
6.14560008,6.69291300
6.14640008,5.90551100
6.14720008,5.90551100
6.14800008,5.51181100
6.14880008,5.51181100
6.14960008,4.72440900
6.15040008,4.33070900
6.15120008,4.72440900
6.15200008,4.33070900
6.15280008,4.72440900
6.15360008,5.51181100
6.15440008,5.51181100
6.15520008,5.11811000
6.15600008,3.54330700
6.15680008,1.57480300
6.15760008,0.00000000
6.15840008,-0.78740150
6.15920008,0.00000000
6.16000008,-0.78740150
6.16080008,-0.39370070
6.16160008,-0.78740150
6.16240008,-0.78740150
6.16320008,0.39370070
6.16400008,0.78740150
6.16480008,0.39370070
6.16560008,0.00000000
6.16640008,-1.18110200
6.16720008,-2.36220500
6.16800008,-3.14960600
6.16880008,-3.54330700
6.16960008,-3.93700800
6.17040008,-3.54330700
6.17120008,-4.33070900
6.17200008,-4.33070900
6.17280008,-3.93700800
6.17360008,-4.33070900
6.17440008,-3.54330700
6.17520008,-2.75590500
6.17600008,-2.36220500
6.17680008,-2.75590500
6.17760008,-3.93700800
6.17840008,-5.11811000
6.17920008,-5.51181100
6.18000008,-4.72440900
6.18080008,-4.72440900
6.18160008,-5.11811000
6.18240008,-5.11811000
6.18320008,-5.51181100
6.18400008,-5.51181100
6.18480008,-3.93700800
6.18560008,-3.14960600
6.18640008,-3.14960600
6.18720008,-2.75590500
6.18800008,-3.54330700
6.18880008,-3.93700800
6.18960008,-3.54330700
6.19040008,-2.75590500
6.19120008,-2.36220500
6.19200008,-1.96850400
6.19280008,-2.36220500
6.19360008,-3.14960600
6.19440008,-3.14960600
6.19520008,-3.14960600
6.19600008,-2.36220500
6.19680008,-1.18110200
6.19760008,-0.39370070
6.19840008,0.00000000
6.19920008,0.00000000
6.20000008,0.00000000
6.20080008,-0.39370070
6.20160008,-0.78740150
6.20240008,-1.18110200
6.20320008,-1.96850400
6.20400008,-1.57480300
6.20480008,-1.18110200
6.20560008,-0.39370070
6.20640008,1.18110200
6.20720008,2.75590500
6.20800008,3.54330700
6.20880008,3.93700800
6.20960008,3.93700800
6.21040008,3.93700800
6.21120008,3.93700800
6.21200008,2.75590500
6.21280008,1.96850400
6.21360008,1.18110200
6.21440008,1.18110200
6.21520008,1.57480300
6.21600008,3.14960600
6.21680008,4.33070900
6.21760008,4.72440900
6.21840008,5.51181100
6.21920008,5.90551100
6.22000008,5.51181100
6.22080008,5.51181100
6.22160008,5.11811000
6.22240008,4.72440900
6.22320008,3.54330700
6.22400008,2.75590500
6.22480008,1.96850400
6.22560008,3.14960600
6.22640008,3.93700800
6.22720008,4.72440900
6.22800008,5.51181100
6.22880008,5.11811000
6.22960008,4.72440900
6.23040008,5.11811000
6.23120008,5.11811000
6.23200008,5.11811000
6.23280008,4.72440900
6.23360008,3.14960600
6.23440008,1.96850400
6.23520008,1.96850400
6.23600008,2.36220500
6.23680008,3.14960600
6.23760008,3.54330700
6.23840008,3.14960600
6.23920008,1.96850400
6.24000008,0.39370070
6.24080008,-0.78740150
6.24160008,-0.78740150
6.24240008,0.00000000
6.24320008,-0.78740150
6.24400008,-0.78740150
6.24480008,-1.57480300
6.24560008,-1.57480300
6.24640008,-1.57480300
6.24720008,-0.78740150
6.24800008,-0.78740150
6.24880008,-0.78740150
6.24960008,-1.96850400
6.25040008,-2.75590500
6.25120008,-3.93700800
6.25200008,-4.33070900
6.25280008,-4.72440900
6.25360008,-4.72440900
6.25440008,-4.33070900
6.25520008,-5.11811000
6.25600008,-5.90551100
6.25680008,-6.29921200
6.25760008,-6.29921200
6.25840008,-5.51181100
6.25920008,-5.90551100
6.26000008,-6.29921200
6.26080008,-6.69291300
6.26160008,-6.69291300
6.26240008,-6.69291300
6.26320008,-6.29921200
6.26400008,-5.51181100
6.26480008,-5.11811000
6.26560008,-4.72440900
6.26640008,-4.33070900
6.26720008,-4.33070900
6.26800008,-5.51181100
6.26880008,-5.11811000
6.26960008,-5.90551100
6.27040008,-5.11811000
6.27120008,-5.11811000
6.27200008,-5.11811000
6.27280008,-4.33070900
6.27360008,-3.54330700
6.27440008,-2.75590500
6.27520008,-1.18110200
6.27600008,-0.39370070
6.27680008,-0.39370070
6.27760008,-0.39370070
6.27840008,-1.18110200
6.27920008,-1.18110200
6.28000008,-1.18110200
6.28080008,0.00000000
6.28160008,1.57480300
6.28240008,2.75590500
6.28320008,4.33070900
6.28400008,4.33070900
6.28480008,4.72440900
6.28560008,4.72440900
6.28640008,4.72440900
6.28720008,4.33070900
6.28800008,4.33070900
6.28880008,4.72440900
6.28960008,4.72440900
6.29040008,4.72440900
6.29120008,5.51181100
6.29200008,7.08661400
6.29280008,8.26771600
6.29360008,9.05511800
6.29440008,9.05511800
6.29520008,8.66141700
6.29600008,7.08661400
6.29680008,6.69291300
6.29760008,6.69291300
6.29840008,6.69291300
6.29920008,7.08661400
6.30000008,7.08661400
6.30080008,7.48031400
6.30160008,6.69291300
6.30240008,7.48031400
6.30320008,7.87401500
6.30400008,8.26771600
6.30480008,8.26771600
6.30560008,7.08661400
6.30640008,5.51181100
6.30720008,3.93700800
6.30800008,2.36220500
6.30880008,1.96850400
6.30960008,3.14960600
6.31040008,3.14960600
6.31120008,2.75590500
6.31200008,2.36220500
6.31280008,1.18110200
6.31360008,0.39370070
6.31440008,0.39370070
6.31520008,0.00000000
6.31600008,-1.18110200
6.31680008,-2.75590500
6.31760008,-4.33070900
6.31840008,-5.51181100
6.31920008,-5.51181100
6.32000008,-5.11811000
6.32080008,-3.93700800
6.32160008,-3.54330700
6.32240008,-3.93700800
6.32320008,-4.72440900
6.32400008,-5.51181100
6.32480008,-6.29921200
6.32560008,-7.48031400
6.32640008,-8.26771600
6.32720008,-9.05511800
6.32800008,-10.23622000
6.32880008,-9.84251900
6.32960008,-10.23622000
6.33040008,-9.44881800
6.33120008,-8.26771600
6.33200008,-7.48031400
6.33280008,-7.08661400
6.33360008,-6.69291300
6.33440008,-7.48031400
6.33520008,-8.26771600
6.33600008,-8.26771600
6.33680008,-7.48031400
6.33760008,-7.87401500
6.33840008,-7.48031400
6.33920008,-7.48031400
6.34000008,-7.48031400
6.34080008,-6.69291300
6.34160008,-5.51181100
6.34240008,-4.33070900
6.34320008,-2.36220500
6.34400008,-1.57480300
6.34480008,-1.18110200
6.34560008,-0.78740150
6.34640008,-0.39370070
6.34720008,-1.18110200
6.34800008,-0.39370070
6.34880008,0.39370070
6.34960008,0.78740150
6.35040008,1.18110200
6.35120008,1.57480300
6.35200008,1.57480300
6.35280008,1.96850400
6.35360008,3.54330700
6.35440008,5.51181100
6.35520008,7.08661400
6.35600008,7.87401500
6.35680008,7.87401500
6.35760008,7.48031400
6.35840008,7.48031400
6.35920008,7.87401500
6.36000008,8.26771600
6.36080008,8.26771600
6.36160008,7.48031400
6.36240008,7.08661400
6.36320008,6.69291300
6.36400008,7.08661400
6.36480008,7.87401500
6.36560008,9.05511800
6.36640009,10.23622000
6.36720009,10.23622000
6.36800009,9.05511800
6.36880009,7.87401500
6.36960009,6.69291300
6.37040009,6.29921200
6.37120009,6.69291300
6.37200009,6.29921200
6.37280009,5.11811000
6.37360009,4.33070900
6.37440009,4.33070900
6.37520009,4.33070900
6.37600009,5.11811000
6.37680009,5.11811000
6.37760009,5.11811000
6.37840009,3.54330700
6.37920009,1.57480300
6.38000009,0.00000000
6.38080009,0.00000000
6.38160009,0.00000000
6.38240009,0.39370070
6.38320009,-0.39370070
6.38400009,-1.57480300
6.38480009,-1.96850400
6.38560009,-2.75590500
6.38640009,-2.75590500
6.38720009,-3.14960600
6.38800009,-3.93700800
6.38880009,-4.33070900
6.38960009,-5.11811000
6.39040009,-6.29921200
6.39120009,-6.29921200
6.39200009,-6.29921200
6.39280009,-5.90551100
6.39360009,-5.11811000
6.39440009,-5.51181100
6.39520009,-6.29921200
6.39600009,-7.08661400
6.39680009,-7.87401500
6.39760009,-7.48031400
6.39840009,-7.48031400
6.39920009,-7.48031400
6.40000009,-7.87401500
6.40080009,-7.48031400
6.40160009,-7.08661400
6.40240009,-5.90551100
6.40320009,-5.11811000
6.40400009,-4.33070900
6.40480009,-4.33070900
6.40560009,-4.33070900
6.40640009,-4.72440900
6.40720009,-5.11811000
6.40800009,-5.90551100
6.40880009,-6.69291300
6.40960009,-6.29921200
6.41040009,-5.11811000
6.41120009,-3.93700800
6.41200009,-2.75590500
6.41280009,-1.57480300
6.41360009,-1.18110200
6.41440009,-0.39370070
6.41520009,0.39370070
6.41600009,1.57480300
6.41680009,1.96850400
6.41760009,1.96850400
6.41840009,0.78740150
6.41920009,0.00000000
6.42000009,-0.39370070
6.42080009,0.39370070
6.42160009,1.57480300
6.42240009,2.75590500
6.42320009,3.93700800
6.42400009,4.33070900
6.42480009,4.33070900
6.42560009,4.72440900
6.42640009,4.72440900
6.42720009,4.72440900
6.42800009,5.51181100
6.42880009,4.72440900
6.42960009,3.54330700
6.43040009,2.36220500
6.43120009,2.36220500
6.43200009,3.54330700
6.43280009,5.51181100
6.43360009,6.69291300
6.43440009,7.08661400
6.43520009,6.29921200
6.43600009,5.51181100
6.43680009,5.51181100
6.43760009,6.29921200
6.43840009,6.69291300
6.43920009,6.69291300
6.44000009,5.11811000
6.44080009,3.54330700
6.44160009,2.36220500
6.44240009,3.14960600
6.44320009,3.54330700
6.44400009,4.33070900
6.44480009,4.72440900
6.44560009,4.33070900
6.44640009,3.93700800
6.44720009,3.54330700
6.44800009,3.54330700
6.44880009,3.54330700
6.44960009,2.75590500
6.45040009,1.57480300
6.45120009,0.39370070
6.45200009,-0.39370070
6.45280009,-1.57480300
6.45360009,-0.78740150
6.45440009,0.78740150
6.45520009,1.18110200
6.45600009,1.18110200
6.45680009,0.78740150
6.45760009,0.00000000
6.45840009,0.00000000
6.45920009,0.39370070
6.46000009,-0.39370070
6.46080009,-1.18110200
6.46160009,-3.14960600
6.46240009,-3.93700800
6.46320009,-4.72440900
6.46400009,-4.72440900
6.46480009,-3.93700800
6.46560009,-3.54330700
6.46640009,-2.36220500
6.46720009,-1.96850400
6.46800009,-1.96850400
6.46880009,-1.18110200
6.46960009,-2.36220500
6.47040009,-2.75590500
6.47120009,-3.93700800
6.47200009,-5.11811000
6.47280009,-5.51181100
6.47360009,-5.51181100
6.47440009,-5.51181100
6.47520009,-5.51181100
6.47600009,-4.33070900
6.47680009,-3.14960600
6.47760009,-2.36220500
6.47840009,-1.18110200
6.47920009,-1.18110200
6.48000009,-2.36220500
6.48080009,-3.14960600
6.48160009,-4.72440900
6.48240009,-5.51181100
6.48320009,-5.90551100
6.48400009,-5.90551100
6.48480009,-5.11811000
6.48560009,-3.93700800
6.48640009,-3.14960600
6.48720009,-2.75590500
6.48800009,-1.57480300
6.48880009,-0.78740150
6.48960009,0.00000000
6.49040009,0.00000000
6.49120009,-1.18110200
6.49200009,-1.96850400
6.49280009,-2.75590500
6.49360009,-2.36220500
6.49440009,-1.18110200
6.49520009,-0.78740150
6.49600009,0.00000000
6.49680009,0.00000000
6.49760009,0.78740150
6.49840009,1.57480300
6.49920009,2.36220500
6.50000009,2.75590500
6.50080009,2.75590500
6.50160009,2.36220500
6.50240009,1.57480300
6.50320009,1.18110200
6.50400009,1.57480300
6.50480009,2.36220500
6.50560009,2.75590500
6.50640009,3.14960600
6.50720009,3.54330700
6.50800009,3.54330700
6.50880009,3.54330700
6.50960009,3.54330700
6.51040009,3.93700800
6.51120009,4.72440900
6.51200009,4.72440900
6.51280009,4.33070900
6.51360009,4.33070900
6.51440009,5.11811000
6.51520009,5.51181100
6.51600009,6.29921200
6.51680009,6.69291300
6.51760009,5.90551100
6.51840009,4.33070900
6.51920009,3.54330700
6.52000009,2.75590500
6.52080009,2.75590500
6.52160009,3.14960600
6.52240009,3.14960600
6.52320009,3.54330700
6.52400009,4.33070900
6.52480009,4.72440900
6.52560009,5.11811000
6.52640009,5.11811000
6.52720009,4.33070900
6.52800009,3.54330700
6.52880009,1.57480300
6.52960009,0.78740150
6.53040009,0.00000000
6.53120009,0.00000000
6.53200009,-0.39370070
6.53280009,0.00000000
6.53360009,0.78740150
6.53440009,1.18110200
6.53520009,1.57480300
6.53600009,1.18110200
6.53680009,0.00000000
6.53760009,-0.78740150
6.53840009,-1.57480300
6.53920009,-3.54330700
6.54000009,-3.93700800
6.54080009,-4.72440900
6.54160009,-4.72440900
6.54240009,-4.33070900
6.54320009,-3.93700800
6.54400009,-3.93700800
6.54480009,-3.54330700
6.54560009,-2.75590500
6.54640009,-3.14960600
6.54720009,-3.93700800
6.54800009,-4.33070900
6.54880009,-5.90551100
6.54960009,-6.29921200
6.55040009,-6.29921200
6.55120009,-6.29921200
6.55200009,-5.90551100
6.55280009,-5.90551100
6.55360009,-5.90551100
6.55440009,-5.51181100
6.55520009,-4.72440900
6.55600009,-4.33070900
6.55680009,-3.54330700
6.55760009,-3.54330700
6.55840009,-4.33070900
6.55920009,-5.11811000
6.56000009,-5.51181100
6.56080009,-4.72440900
6.56160009,-3.93700800
6.56240009,-3.54330700
6.56320009,-3.14960600
6.56400009,-2.75590500
6.56480009,-1.96850400
6.56560009,-1.96850400
6.56640009,-1.18110200
6.56720009,-1.18110200
6.56800009,-0.78740150
6.56880009,-0.39370070
6.56960009,0.00000000
6.57040009,0.39370070
6.57120009,1.57480300
6.57200009,1.96850400
6.57280009,3.14960600
6.57360009,3.14960600
6.57440009,3.14960600
6.57520009,3.14960600
6.57600009,2.36220500
6.57680009,3.54330700
6.57760009,3.14960600
6.57840009,3.14960600
6.57920009,3.54330700
6.58000009,3.93700800
6.58080009,4.72440900
6.58160009,5.90551100
6.58240009,6.69291300
6.58320009,7.08661400
6.58400009,6.69291300
6.58480009,5.90551100
6.58560009,5.90551100
6.58640009,5.90551100
6.58720009,5.51181100
6.58800009,5.11811000
6.58880009,5.11811000
6.58960009,4.72440900
6.59040009,5.11811000
6.59120009,5.11811000
6.59200009,5.51181100
6.59280009,5.51181100
6.59360009,4.72440900
6.59440009,4.72440900
6.59520009,3.93700800
6.59600009,3.14960600
6.59680009,2.36220500
6.59760009,2.75590500
6.59840009,2.36220500
6.59920009,2.36220500
6.60000009,2.36220500
6.60080009,1.57480300
6.60160009,1.18110200
6.60240009,1.18110200
6.60320009,1.57480300
6.60400009,0.78740150
6.60480009,-0.39370070
6.60560009,-1.57480300
6.60640009,-1.96850400
6.60720009,-1.18110200
6.60800009,-0.78740150
6.60880009,-1.57480300
6.60960009,-1.96850400
6.61040009,-2.75590500
6.61120009,-3.54330700
6.61200009,-3.14960600
6.61280009,-2.75590500
6.61360009,-3.14960600
6.61440009,-3.54330700
6.61520009,-4.33070900
6.61600009,-4.72440900
6.61680009,-4.72440900
6.61760009,-4.72440900
6.61840009,-4.33070900
6.61920009,-4.33070900
6.62000009,-4.72440900
6.62080009,-5.51181100
6.62160009,-5.90551100
6.62240009,-5.90551100
6.62320009,-5.51181100
6.62400009,-5.11811000
6.62480009,-3.93700800
6.62560009,-3.14960600
6.62640009,-3.14960600
6.62720009,-3.14960600
6.62800009,-3.14960600
6.62880009,-3.54330700
6.62960009,-3.54330700
6.63040009,-3.93700800
6.63120009,-5.51181100
6.63200009,-5.51181100
6.63280009,-5.11811000
6.63360009,-4.33070900
6.63440009,-1.96850400
6.63520009,-0.78740150
6.63600009,0.00000000
6.63680009,0.78740150
6.63760009,1.18110200
6.63840009,1.57480300
6.63920009,1.18110200
6.64000009,0.00000000
6.64080009,-1.18110200
6.64160009,-1.96850400
6.64240009,-1.96850400
6.64320009,-1.18110200
6.64400009,0.00000000
6.64480009,1.18110200
6.64560009,2.36220500
6.64640009,4.72440900
6.64720009,5.11811000
6.64800009,5.51181100
6.64880009,5.11811000
6.64960009,4.33070900
6.65040009,3.14960600
6.65120009,1.96850400
6.65200009,1.18110200
6.65280009,0.78740150
6.65360009,1.57480300
6.65440009,2.75590500
6.65520009,4.33070900
6.65600009,5.51181100
6.65680009,6.29921200
6.65760009,6.69291300
6.65840009,6.69291300
6.65920009,6.69291300
6.66000009,5.51181100
6.66080009,4.72440900
6.66160009,2.75590500
6.66240009,1.18110200
6.66320009,1.18110200
6.66400009,1.96850400
6.66480009,3.14960600
6.66560009,4.72440900
6.66640009,5.11811000
6.66720009,4.72440900
6.66800009,4.72440900
6.66880009,4.72440900
6.66960009,4.33070900
6.67040009,3.54330700
6.67120009,2.36220500
6.67200009,0.78740150
6.67280009,-1.57480300
6.67360009,-1.57480300
6.67440009,-0.78740150
6.67520009,0.39370070
6.67600009,1.18110200
6.67680009,1.96850400
6.67760009,1.96850400
6.67840009,0.78740150
6.67920009,0.78740150
6.68000009,0.39370070
6.68080009,0.00000000
6.68160009,0.00000000
6.68240009,-1.18110200
6.68320009,-2.36220500
6.68400009,-3.93700800
6.68480009,-3.93700800
6.68560009,-3.14960600
6.68640009,-1.96850400
6.68720009,-1.96850400
6.68800009,-1.96850400
6.68880009,-3.14960600
6.68960009,-3.14960600
6.69040009,-2.36220500
6.69120009,-1.96850400
6.69200009,-2.36220500
6.69280009,-3.54330700
6.69360009,-3.93700800
6.69440009,-5.11811000
6.69520009,-5.11811000
6.69600009,-5.51181100
6.69680009,-4.72440900
6.69760009,-4.33070900
6.69840009,-3.93700800
6.69920009,-3.14960600
6.70000009,-3.14960600
6.70080009,-2.75590500
6.70160009,-2.36220500
6.70240009,-2.36220500
6.70320009,-2.75590500
6.70400009,-3.54330700
6.70480009,-4.33070900
6.70560009,-4.72440900
6.70640009,-4.33070900
6.70720009,-3.93700800
6.70800009,-2.75590500
6.70880009,-1.96850400
6.70960009,-1.96850400
6.71040009,-1.57480300
6.71120009,-0.39370070
6.71200009,-0.39370070
6.71280009,-0.39370070
6.71360009,-0.78740150
6.71440009,-1.57480300
6.71520009,-2.75590500
6.71600009,-2.36220500
6.71680009,-1.96850400
6.71760009,0.00000000
6.71840009,0.78740150
6.71920009,1.57480300
6.72000009,1.96850400
6.72080009,3.14960600
6.72160009,3.54330700
6.72240009,3.54330700
6.72320009,2.75590500
6.72400009,2.36220500
6.72480009,1.57480300
6.72560009,1.57480300
6.72640009,1.18110200
6.72720009,1.57480300
6.72800009,1.96850400
6.72880009,3.14960600
6.72960009,4.33070900
6.73040009,5.11811000
6.73120009,5.90551100
6.73200009,5.90551100
6.73280009,5.90551100
6.73360009,5.11811000
6.73440009,3.54330700
6.73520009,3.93700800
6.73600009,3.14960600
6.73680009,3.93700800
6.73760009,3.93700800
6.73840009,4.72440900
6.73920009,5.51181100
6.74000009,5.51181100
6.74080009,5.11811000
6.74160009,5.11811000
6.74240009,5.90551100
6.74320009,5.51181100
6.74400009,5.51181100
6.74480009,3.93700800
6.74560009,2.75590500
6.74640009,1.96850400
6.74720009,2.75590500
6.74800009,3.14960600
6.74880009,3.14960600
6.74960009,2.75590500
6.75040009,1.96850400
6.75120009,1.57480300
6.75200009,1.57480300
6.75280009,1.57480300
6.75360009,1.57480300
6.75440009,1.57480300
6.75520009,0.78740150
6.75600009,0.39370070
6.75680009,-0.39370070
6.75760009,-0.78740150
6.75840009,-0.78740150
6.75920009,-1.18110200
6.76000009,-1.57480300
6.76080009,-2.36220500
6.76160009,-3.54330700
6.76240009,-4.33070900
6.76320009,-4.72440900
6.76400009,-4.33070900
6.76480009,-3.54330700
6.76560009,-3.54330700
6.76640009,-3.93700800
6.76720009,-4.72440900
6.76800009,-5.11811000
6.76880009,-5.11811000
6.76960009,-5.11811000
6.77040009,-5.11811000
6.77120009,-5.90551100
6.77200009,-6.29921200
6.77280009,-7.48031400
6.77360009,-7.08661400
6.77440009,-6.29921200
6.77520009,-5.51181100
6.77600009,-5.11811000
6.77680009,-4.33070900
6.77760009,-4.72440900
6.77840009,-4.72440900
6.77920009,-5.11811000
6.78000009,-5.51181100
6.78080009,-5.51181100
6.78160009,-5.51181100
6.78240009,-5.11811000
6.78320009,-4.33070900
6.78400009,-3.93700800
6.78480009,-3.14960600
6.78560009,-1.96850400
6.78640009,-1.18110200
6.78720009,-0.39370070
6.78800009,0.00000000
6.78880009,-0.78740150
6.78960009,-1.57480300
6.79040009,-1.96850400
6.79120009,-2.36220500
6.79200009,-1.96850400
6.79280009,-1.18110200
6.79360009,-0.39370070
6.79440009,1.18110200
6.79520009,2.75590500
6.79600009,4.33070900
6.79680009,5.11811000
6.79760009,5.90551100
6.79840009,6.29921200
6.79920009,5.90551100
6.80000009,5.90551100
6.80080009,5.90551100
6.80160009,4.72440900
6.80240009,4.33070900
6.80320009,3.93700800
6.80400009,4.33070900
6.80480009,4.72440900
6.80560009,5.90551100
6.80640009,6.69291300
6.80720009,7.48031400
6.80800009,7.87401500
6.80880009,7.87401500
6.80960009,7.87401500
6.81040009,8.26771600
6.81120009,7.48031400
6.81200009,7.48031400
6.81280009,6.69291300
6.81360009,6.29921200
6.81440009,5.51181100
6.81520009,5.11811000
6.81600009,4.72440900
6.81680009,4.72440900
6.81760009,4.72440900
6.81840009,5.11811000
6.81920009,3.93700800
6.82000009,3.54330700
6.82080009,3.54330700
6.82160009,3.54330700
6.82240009,4.33070900
6.82320009,3.93700800
6.82400009,2.75590500
6.82480009,1.57480300
6.82560009,0.00000000
6.82640009,-0.78740150
6.82720009,-1.96850400
6.82800009,-2.36220500
6.82880009,-3.14960600
6.82960009,-3.14960600
6.83040009,-3.14960600
6.83120009,-3.54330700
6.83200009,-3.14960600
6.83280009,-3.14960600
6.83360009,-2.75590500
6.83440009,-2.75590500
6.83520009,-3.54330700
6.83600009,-4.72440900
6.83680009,-6.29921200
6.83760009,-7.48031400
6.83840009,-7.87401500
6.83920009,-8.26771600
6.84000009,-8.26771600
6.84080009,-8.26771600
6.84160009,-7.87401500
6.84240009,-6.69291300
6.84320009,-5.90551100
6.84400009,-5.11811000
6.84480009,-5.11811000
6.84560009,-6.29921200
6.84640009,-6.69291300
6.84720009,-7.48031400
6.84800009,-7.87401500
6.84880009,-7.87401500
6.84960009,-7.87401500
6.85040009,-6.69291300
6.85120009,-6.69291300
6.85200009,-5.90551100
6.85280009,-5.11811000
6.85360009,-4.33070900
6.85440009,-2.75590500
6.85520009,-2.36220500
6.85600009,-1.57480300
6.85680009,-1.96850400
6.85760009,-1.96850400
6.85840009,-1.57480300
6.85920009,-1.96850400
6.86000009,-1.18110200
6.86080009,-1.18110200
6.86160009,-0.39370070
6.86240009,0.00000000
6.86320009,0.39370070
6.86400009,1.18110200
6.86480009,2.36220500
6.86560009,3.93700800
6.86640009,5.11811000
6.86720009,5.51181100
6.86800009,5.90551100
6.86880009,5.51181100
6.86960009,5.11811000
6.87040009,4.72440900
6.87120009,4.33070900
6.87200009,4.72440900
6.87280009,4.72440900
6.87360009,5.11811000
6.87440009,5.11811000
6.87520009,6.69291300
6.87600009,7.87401500
6.87680009,8.26771600
6.87760009,8.26771600
6.87840009,8.66141700
6.87920009,8.66141700
6.88000009,8.66141700
6.88080009,7.48031400
6.88160009,5.11811000
6.88240009,3.93700800
6.88320009,3.54330700
6.88400009,4.33070900
6.88480009,5.11811000
6.88560009,6.29921200
6.88640009,6.29921200
6.88720009,6.29921200
6.88800009,5.90551100
6.88880009,5.90551100
6.88960009,5.51181100
6.89040009,4.72440900
6.89120009,4.33070900
6.89200009,2.75590500
6.89280009,0.78740150
6.89360009,0.00000000
6.89440009,0.39370070
6.89520009,0.78740150
6.89600009,1.57480300
6.89680009,1.96850400
6.89760009,1.18110200
6.89840009,0.39370070
6.89920009,-0.78740150
6.90000009,-1.57480300
6.90080009,-2.36220500
6.90160009,-2.75590500
6.90240009,-4.33070900
6.90320009,-5.11811000
6.90400009,-5.51181100
6.90480009,-5.51181100
6.90560009,-3.93700800
6.90640009,-3.14960600
6.90720009,-2.36220500
6.90800009,-2.36220500
6.90880009,-3.54330700
6.90960009,-5.11811000
6.91040009,-6.29921200
6.91120009,-7.08661400
6.91200009,-7.87401500
6.91280009,-7.08661400
6.91360009,-7.08661400
6.91440009,-7.08661400
6.91520009,-6.69291300
6.91600009,-5.51181100
6.91680009,-4.33070900
6.91760009,-3.54330700
6.91840009,-2.75590500
6.91920009,-3.93700800
6.92000009,-5.51181100
6.92080009,-7.08661400
6.92160009,-7.48031400
6.92240009,-7.08661400
6.92320009,-5.90551100
6.92400009,-5.11811000
6.92480009,-4.33070900
6.92560009,-4.33070900
6.92640009,-3.54330700
6.92720009,-2.75590500
6.92800009,-1.57480300
6.92880009,-1.18110200
6.92960009,-0.39370070
6.93040009,-0.78740150
6.93120009,-1.96850400
6.93200009,-2.75590500
6.93280009,-2.36220500
6.93360009,-1.18110200
6.93440009,0.39370070
6.93520009,1.57480300
6.93600009,1.57480300
6.93680009,1.57480300
6.93760009,1.18110200
6.93840009,1.57480300
6.93920009,1.96850400
6.94000009,2.75590500
6.94080009,2.75590500
6.94160009,1.96850400
6.94240009,1.96850400
6.94320009,2.75590500
6.94400009,3.54330700
6.94480009,5.51181100
6.94560009,5.90551100
6.94640009,6.29921200
6.94720009,6.29921200
6.94800009,5.51181100
6.94880009,4.72440900
6.94960009,5.11811000
6.95040009,4.72440900
6.95120009,4.72440900
6.95200009,5.11811000
6.95280009,5.51181100
6.95360009,5.51181100
6.95440009,6.29921200
6.95520009,7.08661400
6.95600009,7.08661400
6.95680009,7.48031400
6.95760009,7.08661400
6.95840009,6.29921200
6.95920009,5.51181100
6.96000009,4.33070900
6.96080009,3.93700800
6.96160009,3.93700800
6.96240009,4.33070900
6.96320009,4.33070900
6.96400009,4.33070900
6.96480009,4.33070900
6.96560009,3.54330700
6.96640009,3.14960600
6.96720009,3.14960600
6.96800009,2.36220500
6.96880009,2.75590500
6.96960009,2.36220500
6.97040009,1.57480300
6.97120009,0.39370070
6.97200009,-1.18110200
6.97280009,-1.18110200
6.97360009,-0.78740150
6.97440009,-0.39370070
6.97520009,-0.39370070
6.97600009,-1.57480300
6.97680009,-3.14960600
6.97760009,-3.93700800
6.97840009,-4.33070900
6.97920009,-3.93700800
6.98000009,-3.14960600
6.98080009,-3.14960600
6.98160009,-4.72440900
6.98240009,-5.90551100
6.98320009,-6.29921200
6.98400009,-6.29921200
6.98480009,-5.51181100
6.98560009,-5.11811000
6.98640009,-5.11811000
6.98720009,-6.69291300
6.98800009,-7.08661400
6.98880009,-7.48031400
6.98960009,-6.69291300
6.99040009,-5.51181100
6.99120009,-5.11811000
6.99200009,-5.90551100
6.99280009,-7.08661400
6.99360009,-8.26771600
6.99440009,-8.26771600
6.99520009,-6.69291300
6.99600009,-5.51181100
6.99680009,-4.33070900
6.99760009,-5.11811000
6.99840009,-5.11811000
6.99920009,-5.51181100
7.00000009,-5.11811000
7.00080009,-3.54330700
7.00160009,-2.75590500
7.00240009,-2.36220500
7.00320009,-3.14960600
7.00400009,-3.54330700
7.00480009,-3.93700800
7.00560009,-2.75590500
7.00640009,-1.18110200
7.00720009,0.78740150
7.00800009,1.57480300
7.00880009,1.96850400
7.00960009,2.36220500
7.01040009,2.36220500
7.01120009,3.14960600
7.01200009,3.93700800
7.01280009,4.33070900
7.01360009,4.72440900
7.01440009,4.33070900
7.01520009,3.93700800
7.01600009,3.93700800
7.01680009,5.51181100
7.01760009,6.29921200
7.01840009,7.08661400
7.01920009,7.87401500
7.02000009,7.08661400
7.02080009,5.90551100
7.02160009,5.51181100
7.02240009,5.90551100
7.02320009,6.69291300
7.02400009,7.48031400
7.02480009,7.87401500
7.02560009,7.08661400
7.02640009,6.69291300
7.02720009,5.51181100
7.02800009,5.51181100
7.02880009,6.29921200
7.02960009,6.29921200
7.03040009,5.51181100
7.03120009,5.11811000
7.03200009,4.72440900
7.03280009,3.93700800
7.03360009,3.93700800
7.03440009,3.54330700
7.03520009,2.75590500
7.03600009,3.14960600
7.03680009,2.36220500
7.03760009,2.36220500
7.03840009,2.36220500
7.03920009,2.36220500
7.04000009,1.96850400
7.04080009,1.57480300
7.04160009,0.39370070
7.04240009,0.00000000
7.04320009,-1.57480300
7.04400009,-2.36220500
7.04480009,-2.36220500
7.04560009,-1.57480300
7.04640009,-1.18110200
7.04720009,-1.96850400
7.04800009,-2.75590500
7.04880009,-3.54330700
7.04960009,-4.72440900
7.05040009,-4.33070900
7.05120009,-3.93700800
7.05200009,-3.54330700
7.05280009,-3.14960600
7.05360009,-3.14960600
7.05440009,-4.33070900
7.05520009,-5.11811000
7.05600009,-6.29921200
7.05680009,-6.29921200
7.05760009,-5.11811000
7.05840009,-4.33070900
7.05920009,-4.72440900
7.06000009,-5.11811000
7.06080009,-7.08661400
7.06160009,-6.29921200
7.06240009,-5.51181100
7.06320009,-4.72440900
7.06400009,-3.93700800
7.06480009,-3.14960600
7.06560009,-3.14960600
7.06640009,-3.14960600
7.06720009,-3.14960600
7.06800009,-3.14960600
7.06880009,-2.75590500
7.06960009,-2.36220500
7.07040009,-2.75590500
7.07120009,-3.93700800
7.07200009,-3.93700800
7.07280009,-3.54330700
7.07360009,-1.96850400
7.07440009,-0.39370070
7.07520009,0.39370070
7.07600009,0.39370070
7.07680009,-0.39370070
7.07760009,-0.78740150
7.07840009,0.00000000
7.07920009,1.18110200
7.08000009,1.57480300
7.08080009,1.57480300
7.08160009,0.78740150
7.08240009,-0.39370070
7.08320009,-0.78740150
7.08400009,0.00000000
7.08480009,1.96850400
7.08560009,3.14960600
7.08640009,3.93700800
7.08720009,2.75590500
7.08800009,1.18110200
7.08880009,1.18110200
7.08960009,2.36220500
7.09040009,3.54330700
7.09120009,5.11811000
7.09200009,5.11811000
7.09280009,3.93700800
7.09360009,3.54330700
7.09440009,2.75590500
7.09520009,3.14960600
7.09600009,4.33070900
7.09680009,4.33070900
7.09760009,3.93700800
7.09840009,2.75590500
7.09920009,1.57480300
7.10000009,1.57480300
7.10080009,1.96850400
7.10160009,3.14960600
7.10240009,3.54330700
7.10320009,4.33070900
7.10400009,4.33070900
7.10480009,3.54330700
7.10560009,3.54330700
7.10640009,3.54330700
7.10720009,4.33070900
7.10800009,3.93700800
7.10880009,3.54330700
7.10960009,2.75590500
7.11040009,1.96850400
7.11120009,1.57480300
7.11200009,1.18110200
7.11280009,1.57480300
7.11360009,1.96850400
7.11440009,1.57480300
7.11520009,1.18110200
7.11600010,0.78740150
7.11680010,1.57480300
7.11760010,2.36220500
7.11840010,2.75590500
7.11920010,1.96850400
7.12000010,1.96850400
7.12080010,0.78740150
7.12160010,0.39370070
7.12240010,0.00000000
7.12320010,-0.39370070
7.12400010,-0.78740150
7.12480010,-0.78740150
7.12560010,-0.39370070
7.12640010,-0.39370070
7.12720010,-0.78740150
7.12800010,-0.78740150
7.12880010,-1.18110200
7.12960010,-1.18110200
7.13040010,-0.78740150
7.13120010,-1.18110200
7.13200010,-1.57480300
7.13280010,-2.75590500
7.13360010,-3.54330700
7.13440010,-3.93700800
7.13520010,-3.54330700
7.13600010,-2.36220500
7.13680010,-1.96850400
7.13760010,-2.75590500
7.13840010,-3.93700800
7.13920010,-4.72440900
7.14000010,-4.72440900
7.14080010,-4.33070900
7.14160010,-3.54330700
7.14240010,-4.33070900
7.14320010,-5.51181100
7.14400010,-5.51181100
7.14480010,-5.90551100
7.14560010,-4.72440900
7.14640010,-3.54330700
7.14720010,-2.36220500
7.14800010,-3.14960600
7.14880010,-3.54330700
7.14960010,-4.33070900
7.15040010,-4.72440900
7.15120010,-5.51181100
7.15200010,-5.90551100
7.15280010,-6.29921200
7.15360010,-6.29921200
7.15440010,-5.51181100
7.15520010,-5.51181100
7.15600010,-4.33070900
7.15680010,-2.36220500
7.15760010,0.39370070
7.15840010,2.36220500
7.15920010,1.96850400
7.16000010,0.39370070
7.16080010,-0.78740150
7.16160010,-1.57480300
7.16240010,-1.18110200
7.16320010,0.00000000
7.16400010,0.39370070
7.16480010,0.39370070
7.16560010,0.78740150
7.16640010,1.57480300
7.16720010,2.75590500
7.16800010,4.33070900
7.16880010,6.29921200
7.16960010,6.29921200
7.17040010,5.90551100
7.17120010,4.33070900
7.17200010,3.14960600
7.17280010,2.36220500
7.17360010,2.36220500
7.17440010,3.54330700
7.17520010,4.72440900
7.17600010,5.51181100
7.17680010,5.90551100
7.17760010,5.90551100
7.17840010,6.69291300
7.17920010,7.08661400
7.18000010,7.87401500
7.18080010,8.26771600
7.18160010,7.48031400
7.18240010,6.69291300
7.18320010,6.29921200
7.18400010,5.90551100
7.18480010,6.29921200
7.18560010,7.48031400
7.18640010,7.08661400
7.18720010,7.48031400
7.18800010,6.69291300
7.18880010,5.51181100
7.18960010,4.33070900
7.19040010,4.33070900
7.19120010,4.33070900
7.19200010,4.33070900
7.19280010,3.93700800
7.19360010,3.14960600
7.19440010,2.75590500
7.19520010,1.57480300
7.19600010,1.57480300
7.19680010,1.18110200
7.19760010,0.78740150
7.19840010,0.39370070
7.19920010,-0.39370070
7.20000010,-0.78740150
7.20080010,-1.18110200
7.20160010,-1.18110200
7.20240010,-1.18110200
7.20320010,-1.57480300
7.20400010,-2.36220500
7.20480010,-3.14960600
7.20560010,-4.33070900
7.20640010,-5.11811000
7.20720010,-5.51181100
7.20800010,-5.90551100
7.20880010,-6.29921200
7.20960010,-6.69291300
7.21040010,-7.87401500
7.21120010,-7.48031400
7.21200010,-7.08661400
7.21280010,-7.08661400
7.21360010,-6.69291300
7.21440010,-6.69291300
7.21520010,-7.08661400
7.21600010,-7.87401500
7.21680010,-8.26771600
7.21760010,-9.05511800
7.21840010,-9.05511800
7.21920010,-9.05511800
7.22000010,-8.26771600
7.22080010,-7.87401500
7.22160010,-7.48031400
7.22240010,-7.08661400
7.22320010,-6.69291300
7.22400010,-5.51181100
7.22480010,-4.72440900
7.22560010,-4.33070900
7.22640010,-4.72440900
7.22720010,-5.11811000
7.22800010,-5.11811000
7.22880010,-4.33070900
7.22960010,-3.93700800
7.23040010,-2.36220500
7.23120010,-1.18110200
7.23200010,0.00000000
7.23280010,0.78740150
7.23360010,1.18110200
7.23440010,1.57480300
7.23520010,1.96850400
7.23600010,2.36220500
7.23680010,2.36220500
7.23760010,2.75590500
7.23840010,2.75590500
7.23920010,2.36220500
7.24000010,3.93700800
7.24080010,5.51181100
7.24160010,7.08661400
7.24240010,7.87401500
7.24320010,9.05511800
7.24400010,8.66141700
7.24480010,7.48031400
7.24560010,7.48031400
7.24640010,6.69291300
7.24720010,6.69291300
7.24800010,7.48031400
7.24880010,7.87401500
7.24960010,8.26771600
7.25040010,8.66141700
7.25120010,8.66141700
7.25200010,9.44881800
7.25280010,9.44881800
7.25360010,9.44881800
7.25440010,9.05511800
7.25520010,8.66141700
7.25600010,7.48031400
7.25680010,6.69291300
7.25760010,6.29921200
7.25840010,6.69291300
7.25920010,6.29921200
7.26000010,6.69291300
7.26080010,5.90551100
7.26160010,5.11811000
7.26240010,4.33070900
7.26320010,3.54330700
7.26400010,2.75590500
7.26480010,1.96850400
7.26560010,1.18110200
7.26640010,0.39370070
7.26720010,-0.39370070
7.26800010,-1.18110200
7.26880010,-1.57480300
7.26960010,-0.78740150
7.27040010,-1.96850400
7.27120010,-1.96850400
7.27200010,-3.14960600
7.27280010,-4.33070900
7.27360010,-5.11811000
7.27440010,-6.29921200
7.27520010,-6.29921200
7.27600010,-6.69291300
7.27680010,-6.69291300
7.27760010,-6.69291300
7.27840010,-6.29921200
7.27920010,-6.29921200
7.28000010,-6.69291300
7.28080010,-6.69291300
7.28160010,-6.29921200
7.28240010,-7.48031400
7.28320010,-7.87401500
7.28400010,-8.66141700
7.28480010,-9.05511800
7.28560010,-9.05511800
7.28640010,-9.05511800
7.28720010,-9.05511800
7.28800010,-8.66141700
7.28880010,-7.87401500
7.28960010,-6.69291300
7.29040010,-5.90551100
7.29120010,-5.11811000
7.29200010,-5.11811000
7.29280010,-5.51181100
7.29360010,-5.51181100
7.29440010,-5.51181100
7.29520010,-4.33070900
7.29600010,-4.33070900
7.29680010,-3.93700800
7.29760010,-2.75590500
7.29840010,-2.75590500
7.29920010,-1.57480300
7.30000010,-0.39370070
7.30080010,0.39370070
7.30160010,1.18110200
7.30240010,1.18110200
7.30320010,1.57480300
7.30400010,1.96850400
7.30480010,2.75590500
7.30560010,3.93700800
7.30640010,4.72440900
7.30720010,4.72440900
7.30800010,5.11811000
7.30880010,4.33070900
7.30960010,4.33070900
7.31040010,4.72440900
7.31120010,5.90551100
7.31200010,6.69291300
7.31280010,7.08661400
7.31360010,7.08661400
7.31440010,7.48031400
7.31520010,7.48031400
7.31600010,8.26771600
7.31680010,8.66141700
7.31760010,8.26771600
7.31840010,7.08661400
7.31920010,6.29921200
7.32000010,5.51181100
7.32080010,5.11811000
7.32160010,5.90551100
7.32240010,6.29921200
7.32320010,7.48031400
7.32400010,7.48031400
7.32480010,7.48031400
7.32560010,7.08661400
7.32640010,6.69291300
7.32720010,5.90551100
7.32800010,4.33070900
7.32880010,3.14960600
7.32960010,1.96850400
7.33040010,0.78740150
7.33120010,0.39370070
7.33200010,0.78740150
7.33280010,1.96850400
7.33360010,2.75590500
7.33440010,3.14960600
7.33520010,2.36220500
7.33600010,2.36220500
7.33680010,1.96850400
7.33760010,1.18110200
7.33840010,-0.39370070
7.33920010,-1.96850400
7.34000010,-3.93700800
7.34080010,-5.11811000
7.34160010,-6.69291300
7.34240010,-5.51181100
7.34320010,-5.11811000
7.34400010,-4.33070900
7.34480010,-3.54330700
7.34560010,-3.14960600
7.34640010,-2.36220500
7.34720010,-2.36220500
7.34800010,-3.14960600
7.34880010,-4.72440900
7.34960010,-5.90551100
7.35040010,-6.69291300
7.35120010,-7.08661400
7.35200010,-7.87401500
7.35280010,-7.48031400
7.35360010,-7.08661400
7.35440010,-6.29921200
7.35520010,-5.11811000
7.35600010,-4.72440900
7.35680010,-3.54330700
7.35760010,-3.14960600
7.35840010,-3.14960600
7.35920010,-4.72440900
7.36000010,-6.29921200
7.36080010,-6.29921200
7.36160010,-5.90551100
7.36240010,-5.11811000
7.36320010,-4.72440900
7.36400010,-3.93700800
7.36480010,-3.54330700
7.36560010,-3.14960600
7.36640010,-2.36220500
7.36720010,-0.78740150
7.36800010,0.00000000
7.36880010,0.00000000
7.36960010,-0.39370070
7.37040010,-0.78740150
7.37120010,-1.57480300
7.37200010,-1.57480300
7.37280010,-1.18110200
7.37360010,-0.39370070
7.37440010,0.00000000
7.37520010,1.18110200
7.37600010,2.36220500
7.37680010,3.14960600
7.37760010,5.51181100
7.37840010,7.48031400
7.37920010,8.26771600
7.38000010,7.08661400
7.38080010,5.11811000
7.38160010,3.54330700
7.38240010,2.36220500
7.38320010,1.96850400
7.38400010,1.96850400
7.38480010,2.36220500
7.38560010,2.75590500
7.38640010,3.14960600
7.38720010,3.54330700
7.38800010,5.51181100
7.38880010,7.08661400
7.38960010,8.26771600
7.39040010,8.26771600
7.39120010,7.48031400
7.39200010,6.29921200
7.39280010,5.11811000
7.39360010,4.33070900
7.39440010,3.93700800
7.39520010,3.14960600
7.39600010,2.75590500
7.39680010,1.96850400
7.39760010,1.96850400
7.39840010,2.36220500
7.39920010,3.54330700
7.40000010,4.33070900
7.40080010,4.72440900
7.40160010,5.11811000
7.40240010,4.33070900
7.40320010,3.14960600
7.40400010,2.36220500
7.40480010,1.18110200
7.40560010,0.78740150
7.40640010,0.78740150
7.40720010,0.00000000
7.40800010,-0.78740150
7.40880010,-1.18110200
7.40960010,-1.57480300
7.41040010,-1.96850400
7.41120010,-1.96850400
7.41200010,-1.96850400
7.41280010,-2.36220500
7.41360010,-2.75590500
7.41440010,-3.14960600
7.41520010,-3.54330700
7.41600010,-3.54330700
7.41680010,-3.54330700
7.41760010,-2.75590500
7.41840010,-2.75590500
7.41920010,-2.36220500
7.42000010,-3.14960600
7.42080010,-3.93700800
7.42160010,-4.33070900
7.42240010,-5.11811000
7.42320010,-5.11811000
7.42400010,-4.33070900
7.42480010,-4.33070900
7.42560010,-3.93700800
7.42640010,-3.54330700
7.42720010,-3.14960600
7.42800010,-1.96850400
7.42880010,-0.78740150
7.42960010,-0.39370070
7.43040010,0.00000000
7.43120010,-1.57480300
7.43200010,-2.75590500
7.43280010,-3.93700800
7.43360010,-4.72440900
7.43440010,-4.33070900
7.43520010,-3.93700800
7.43600010,-4.33070900
7.43680010,-3.93700800
7.43760010,-3.54330700
7.43840010,-2.75590500
7.43920010,-1.57480300
7.44000010,-0.39370070
7.44080010,0.39370070
7.44160010,0.39370070
7.44240010,-0.78740150
7.44320010,-1.57480300
7.44400010,-1.96850400
7.44480010,-1.18110200
7.44560010,0.78740150
7.44640010,1.96850400
7.44720010,2.36220500
7.44800010,0.78740150
7.44880010,0.00000000
7.44960010,0.39370070
7.45040010,1.57480300
7.45120010,1.96850400
7.45200010,2.75590500
7.45280010,1.57480300
7.45360010,0.78740150
7.45440010,1.18110200
7.45520010,1.18110200
7.45600010,2.75590500
7.45680010,3.54330700
7.45760010,3.14960600
7.45840010,3.14960600
7.45920010,2.36220500
7.46000010,1.57480300
7.46080010,2.36220500
7.46160010,2.75590500
7.46240010,3.14960600
7.46320010,2.75590500
7.46400010,2.36220500
7.46480010,1.57480300
7.46560010,2.36220500
7.46640010,3.14960600
7.46720010,3.93700800
7.46800010,4.72440900
7.46880010,4.33070900
7.46960010,3.54330700
7.47040010,2.36220500
7.47120010,2.36220500
7.47200010,3.14960600
7.47280010,3.93700800
7.47360010,3.54330700
7.47440010,2.75590500
7.47520010,1.57480300
7.47600010,1.18110200
7.47680010,1.18110200
7.47760010,1.57480300
7.47840010,1.57480300
7.47920010,1.96850400
7.48000010,1.57480300
7.48080010,1.57480300
7.48160010,1.18110200
7.48240010,1.18110200
7.48320010,1.57480300
7.48400010,1.96850400
7.48480010,1.57480300
7.48560010,0.78740150
7.48640010,0.00000000
7.48720010,-1.57480300
7.48800010,-1.96850400
7.48880010,-1.96850400
7.48960010,-1.57480300
7.49040010,-1.18110200
7.49120010,-1.57480300
7.49200010,-1.57480300
7.49280010,-1.96850400
7.49360010,-2.36220500
7.49440010,-2.36220500
7.49520010,-2.36220500
7.49600010,-2.75590500
7.49680010,-2.36220500
7.49760010,-3.14960600
7.49840010,-3.14960600
7.49920010,-3.14960600
7.50000010,-3.14960600
7.50080010,-3.54330700
7.50160010,-2.36220500
7.50240010,-2.36220500
7.50320010,-2.75590500
7.50400010,-3.54330700
7.50480010,-4.33070900
7.50560010,-4.72440900
7.50640010,-3.93700800
7.50720010,-3.93700800
7.50800010,-3.14960600
7.50880010,-2.75590500
7.50960010,-3.54330700
7.51040010,-3.93700800
7.51120010,-4.33070900
7.51200010,-2.75590500
7.51280010,-1.96850400
7.51360010,-1.18110200
7.51440010,-1.57480300
7.51520010,-1.96850400
7.51600010,-1.96850400
7.51680010,-1.57480300
7.51760010,0.39370070
7.51840010,1.57480300
7.51920010,2.36220500
7.52000010,1.96850400
7.52080010,1.18110200
7.52160010,0.78740150
7.52240010,0.39370070
7.52320010,1.57480300
7.52400010,1.57480300
7.52480010,1.57480300
7.52560010,1.18110200
7.52640010,0.39370070
7.52720010,0.39370070
7.52800010,1.96850400
7.52880010,3.14960600
7.52960010,4.33070900
7.53040010,4.33070900
7.53120010,2.75590500
7.53200010,1.57480300
7.53280010,0.78740150
7.53360010,0.39370070
7.53440010,0.78740150
7.53520010,1.18110200
7.53600010,0.78740150
7.53680010,0.78740150
7.53760010,1.18110200
7.53840010,2.75590500
7.53920010,4.72440900
7.54000010,5.90551100
7.54080010,6.69291300
7.54160010,5.51181100
7.54240010,3.54330700
7.54320010,1.57480300
7.54400010,0.78740150
7.54480010,0.39370070
7.54560010,0.78740150
7.54640010,1.96850400
7.54720010,1.96850400
7.54800010,2.36220500
7.54880010,2.36220500
7.54960010,2.75590500
7.55040010,2.75590500
7.55120010,2.75590500
7.55200010,2.36220500
7.55280010,1.18110200
7.55360010,0.00000000
7.55440010,-0.39370070
7.55520010,-1.18110200
7.55600010,-0.78740150
7.55680010,-0.39370070
7.55760010,0.39370070
7.55840010,0.39370070
7.55920010,0.78740150
7.56000010,0.39370070
7.56080010,0.00000000
7.56160010,0.78740150
7.56240010,0.39370070
7.56320010,0.00000000
7.56400010,-0.39370070
7.56480010,-1.18110200
7.56560010,-1.57480300
7.56640010,-1.57480300
7.56720010,-0.78740150
7.56800010,0.00000000
7.56880010,0.39370070
7.56960010,0.78740150
7.57040010,-0.39370070
7.57120010,-1.57480300
7.57200010,-2.75590500
7.57280010,-3.14960600
7.57360010,-2.75590500
7.57440010,-2.75590500
7.57520010,-1.96850400
7.57600010,-1.96850400
7.57680010,-2.36220500
7.57760010,-2.36220500
7.57840010,-2.36220500
7.57920010,-1.96850400
7.58000010,-2.36220500
7.58080010,-3.14960600
7.58160010,-3.93700800
7.58240010,-5.11811000
7.58320010,-5.11811000
7.58400010,-4.33070900
7.58480010,-3.54330700
7.58560010,-2.36220500
7.58640010,-1.96850400
7.58720010,-1.96850400
7.58800010,-2.75590500
7.58880010,-2.75590500
7.58960010,-3.14960600
7.59040010,-3.14960600
7.59120010,-2.75590500
7.59200010,-3.14960600
7.59280010,-2.75590500
7.59360010,-2.36220500
7.59440010,-1.96850400
7.59520010,-0.78740150
7.59600010,0.78740150
7.59680010,1.57480300
7.59760010,1.96850400
7.59840010,1.57480300
7.59920010,1.18110200
7.60000010,0.00000000
7.60080010,0.39370070
7.60160010,0.39370070
7.60240010,1.18110200
7.60320010,2.36220500
7.60400010,1.96850400
7.60480010,1.96850400
7.60560010,2.75590500
7.60640010,3.14960600
7.60720010,4.33070900
7.60800010,4.72440900
7.60880010,4.33070900
7.60960010,3.93700800
7.61040010,2.75590500
7.61120010,1.96850400
7.61200010,2.36220500
7.61280010,2.75590500
7.61360010,3.14960600
7.61440010,3.14960600
7.61520010,3.54330700
7.61600010,3.14960600
7.61680010,3.54330700
7.61760010,3.93700800
7.61840010,3.93700800
7.61920010,4.33070900
7.62000010,3.54330700
7.62080010,3.14960600
7.62160010,1.57480300
7.62240010,0.78740150
7.62320010,1.18110200
7.62400010,1.18110200
7.62480010,1.96850400
7.62560010,1.57480300
7.62640010,0.78740150
7.62720010,0.39370070
7.62800010,0.39370070
7.62880010,0.78740150
7.62960010,1.57480300
7.63040010,1.96850400
7.63120010,1.96850400
7.63200010,1.18110200
7.63280010,0.39370070
7.63360010,0.00000000
7.63440010,0.39370070
7.63520010,0.78740150
7.63600010,0.39370070
7.63680010,0.00000000
7.63760010,-1.18110200
7.63840010,-1.18110200
7.63920010,-1.57480300
7.64000010,-0.78740150
7.64080010,0.00000000
7.64160010,0.00000000
7.64240010,-0.39370070
7.64320010,-1.18110200
7.64400010,-1.96850400
7.64480010,-2.36220500
7.64560010,-3.14960600
7.64640010,-2.75590500
7.64720010,-3.14960600
7.64800010,-3.14960600
7.64880010,-2.75590500
7.64960010,-3.14960600
7.65040010,-1.96850400
7.65120010,-1.18110200
7.65200010,-0.78740150
7.65280010,-0.78740150
7.65360010,-1.57480300
7.65440010,-2.75590500
7.65520010,-3.14960600
7.65600010,-3.54330700
7.65680010,-3.54330700
7.65760010,-3.14960600
7.65840010,-2.75590500
7.65920010,-2.36220500
7.66000010,-1.57480300
7.66080010,-1.18110200
7.66160010,-1.18110200
7.66240010,-1.18110200
7.66320010,-1.57480300
7.66400010,-1.96850400
7.66480010,-2.36220500
7.66560010,-2.75590500
7.66640010,-3.14960600
7.66720010,-3.14960600
7.66800010,-2.36220500
7.66880010,-1.96850400
7.66960010,-1.18110200
7.67040010,-1.18110200
7.67120010,-0.78740150
7.67200010,-0.78740150
7.67280010,-1.57480300
7.67360010,-1.96850400
7.67440010,-1.57480300
7.67520010,-0.78740150
7.67600010,-0.78740150
7.67680010,0.00000000
7.67760010,0.00000000
7.67840010,0.00000000
7.67920010,0.39370070
7.68000010,0.78740150
7.68080010,1.57480300
7.68160010,1.96850400
7.68240010,1.96850400
7.68320010,1.96850400
7.68400010,1.18110200
7.68480010,1.96850400
7.68560010,2.36220500
7.68640010,3.54330700
7.68720010,4.33070900
7.68800010,4.72440900
7.68880010,3.93700800
7.68960010,4.33070900
7.69040010,4.33070900
7.69120010,4.33070900
7.69200010,3.93700800
7.69280010,3.93700800
7.69360010,3.14960600
7.69440010,2.75590500
7.69520010,2.36220500
7.69600010,3.14960600
7.69680010,4.33070900
7.69760010,5.11811000
7.69840010,5.11811000
7.69920010,4.72440900
7.70000010,3.54330700
7.70080010,2.75590500
7.70160010,1.96850400
7.70240010,1.96850400
7.70320010,1.96850400
7.70400010,1.57480300
7.70480010,1.18110200
7.70560010,1.18110200
7.70640010,2.36220500
7.70720010,3.14960600
7.70800010,4.33070900
7.70880010,4.72440900
7.70960010,3.54330700
7.71040010,1.96850400
7.71120010,0.78740150
7.71200010,0.00000000
7.71280010,-0.39370070
7.71360010,-0.39370070
7.71440010,-0.78740150
7.71520010,-1.18110200
7.71600010,-1.18110200
7.71680010,-1.57480300
7.71760010,-0.78740150
7.71840010,-0.78740150
7.71920010,-0.39370070
7.72000010,-0.78740150
7.72080010,-1.57480300
7.72160010,-3.14960600
7.72240010,-3.14960600
7.72320010,-3.93700800
7.72400010,-3.93700800
7.72480010,-4.33070900
7.72560010,-4.33070900
7.72640010,-4.72440900
7.72720010,-3.93700800
7.72800010,-3.93700800
7.72880010,-3.14960600
7.72960010,-2.75590500
7.73040010,-2.75590500
7.73120010,-2.75590500
7.73200010,-3.54330700
7.73280010,-3.93700800
7.73360010,-3.93700800
7.73440010,-4.72440900
7.73520010,-5.11811000
7.73600010,-5.11811000
7.73680010,-5.11811000
7.73760010,-5.11811000
7.73840010,-4.33070900
7.73920010,-3.14960600
7.74000010,-2.75590500
7.74080010,-2.75590500
7.74160010,-2.36220500
7.74240010,-2.36220500
7.74320010,-1.96850400
7.74400010,-1.96850400
7.74480010,-1.57480300
7.74560010,-2.36220500
7.74640010,-2.36220500
7.74720010,-2.75590500
7.74800010,-2.36220500
7.74880010,-2.36220500
7.74960010,-1.57480300
7.75040010,-0.78740150
7.75120010,0.00000000
7.75200010,1.57480300
7.75280010,1.96850400
7.75360010,2.75590500
7.75440010,2.75590500
7.75520010,3.14960600
7.75600010,2.36220500
7.75680010,1.57480300
7.75760010,0.78740150
7.75840010,0.39370070
7.75920010,0.78740150
7.76000010,1.96850400
7.76080010,2.75590500
7.76160010,4.33070900
7.76240010,5.11811000
7.76320010,5.51181100
7.76400010,5.90551100
7.76480010,6.29921200
7.76560010,5.90551100
7.76640010,5.51181100
7.76720010,4.33070900
7.76800010,3.14960600
7.76880010,3.14960600
7.76960010,3.93700800
7.77040010,4.33070900
7.77120010,5.11811000
7.77200010,5.11811000
7.77280010,4.72440900
7.77360010,5.51181100
7.77440010,5.11811000
7.77520010,5.51181100
7.77600010,4.72440900
7.77680010,3.93700800
7.77760010,3.14960600
7.77840010,2.75590500
7.77920010,2.75590500
7.78000010,2.75590500
7.78080010,3.14960600
7.78160010,3.54330700
7.78240010,3.14960600
7.78320010,2.36220500
7.78400010,1.96850400
7.78480010,1.57480300
7.78560010,0.78740150
7.78640010,1.18110200
7.78720010,0.39370070
7.78800010,-0.39370070
7.78880010,-1.96850400
7.78960010,-1.96850400
7.79040010,-2.75590500
7.79120010,-2.36220500
7.79200010,-2.36220500
7.79280010,-2.36220500
7.79360010,-2.36220500
7.79440010,-3.14960600
7.79520010,-3.54330700
7.79600010,-3.54330700
7.79680010,-3.93700800
7.79760010,-3.93700800
7.79840010,-4.33070900
7.79920010,-4.72440900
7.80000010,-5.51181100
7.80080010,-5.51181100
7.80160010,-5.51181100
7.80240010,-5.51181100
7.80320010,-4.72440900
7.80400010,-4.72440900
7.80480010,-5.11811000
7.80560010,-4.72440900
7.80640010,-4.72440900
7.80720010,-4.72440900
7.80800010,-3.93700800
7.80880010,-4.33070900
7.80960010,-4.33070900
7.81040010,-4.72440900
7.81120010,-5.11811000
7.81200010,-5.11811000
7.81280010,-4.33070900
7.81360010,-3.54330700
7.81440010,-3.14960600
7.81520010,-2.36220500
7.81600010,-1.57480300
7.81680010,-0.39370070
7.81760010,0.39370070
7.81840010,0.78740150
7.81920010,0.78740150
7.82000010,-0.39370070
7.82080010,-0.39370070
7.82160010,-1.18110200
7.82240010,-1.18110200
7.82320010,-0.78740150
7.82400010,0.00000000
7.82480010,0.39370070
7.82560010,1.18110200
7.82640010,2.36220500
7.82720010,3.54330700
7.82800010,4.72440900
7.82880010,5.51181100
7.82960010,5.11811000
7.83040010,4.33070900
7.83120010,3.54330700
7.83200010,2.36220500
7.83280010,1.57480300
7.83360010,1.57480300
7.83440010,2.75590500
7.83520010,3.54330700
7.83600010,4.33070900
7.83680010,5.11811000
7.83760010,5.51181100
7.83840010,6.29921200
7.83920010,6.29921200
7.84000010,5.51181100
7.84080010,4.72440900
7.84160010,3.14960600
7.84240010,2.36220500
7.84320010,1.96850400
7.84400010,2.75590500
7.84480010,3.14960600
7.84560010,3.93700800
7.84640010,3.93700800
7.84720010,4.33070900
7.84800010,5.11811000
7.84880010,5.11811000
7.84960010,5.11811000
7.85040010,4.33070900
7.85120010,2.75590500
7.85200010,1.18110200
7.85280010,0.39370070
7.85360010,-0.39370070
7.85440010,-0.39370070
7.85520010,0.78740150
7.85600010,1.57480300
7.85680010,1.57480300
7.85760010,1.57480300
7.85840010,1.57480300
7.85920010,1.18110200
7.86000010,1.18110200
7.86080010,1.18110200
7.86160010,0.39370070
7.86240010,-0.39370070
7.86320010,-1.57480300
7.86400010,-2.75590500
7.86480011,-2.75590500
7.86560011,-2.75590500
7.86640011,-2.36220500
7.86720011,-2.36220500
7.86800011,-2.75590500
7.86880011,-2.75590500
7.86960011,-2.36220500
7.87040011,-1.96850400
7.87120011,-2.36220500
7.87200011,-2.75590500
7.87280011,-3.14960600
7.87360011,-4.33070900
7.87440011,-4.33070900
7.87520011,-4.72440900
7.87600011,-4.72440900
7.87680011,-4.33070900
7.87760011,-5.11811000
7.87840011,-5.11811000
7.87920011,-4.72440900
7.88000011,-4.33070900
7.88080011,-3.54330700
7.88160011,-3.54330700
7.88240011,-3.54330700
7.88320011,-3.93700800
7.88400011,-3.93700800
7.88480011,-4.72440900
7.88560011,-4.33070900
7.88640011,-3.93700800
7.88720011,-3.54330700
7.88800011,-3.14960600
7.88880011,-3.14960600
7.88960011,-2.75590500
7.89040011,-1.96850400
7.89120011,-1.57480300
7.89200011,-1.57480300
7.89280011,-1.96850400
7.89360011,-1.96850400
7.89440011,-2.75590500
7.89520011,-1.96850400
7.89600011,-1.57480300
7.89680011,-0.78740150
7.89760011,0.39370070
7.89840011,0.78740150
7.89920011,1.57480300
7.90000011,2.36220500
7.90080011,3.14960600
7.90160011,3.54330700
7.90240011,3.14960600
7.90320011,2.36220500
7.90400011,1.57480300
7.90480011,0.39370070
7.90560011,0.78740150
7.90640011,1.96850400
7.90720011,3.54330700
7.90800011,4.33070900
7.90880011,5.11811000
7.90960011,5.51181100
7.91040011,5.11811000
7.91120011,5.51181100
7.91200011,5.11811000
7.91280011,5.51181100
7.91360011,4.33070900
7.91440011,2.75590500
7.91520011,2.36220500
7.91600011,1.57480300
7.91680011,3.14960600
7.91760011,5.11811000
7.91840011,5.90551100
7.91920011,6.69291300
7.92000011,6.29921200
7.92080011,5.90551100
7.92160011,5.51181100
7.92240011,6.29921200
7.92320011,4.72440900
7.92400011,3.93700800
7.92480011,1.96850400
7.92560011,0.39370070
7.92640011,-0.39370070
7.92720011,0.00000000
7.92800011,1.18110200
7.92880011,2.36220500
7.92960011,3.54330700
7.93040011,3.54330700
7.93120011,2.36220500
7.93200011,2.36220500
7.93280011,1.18110200
7.93360011,0.39370070
7.93440011,-0.78740150
7.93520011,-1.96850400
7.93600011,-3.14960600
7.93680011,-3.14960600
7.93760011,-3.14960600
7.93840011,-2.36220500
7.93920011,-0.78740150
7.94000011,0.39370070
7.94080011,0.00000000
7.94160011,-1.18110200
7.94240011,-2.75590500
7.94320011,-3.14960600
7.94400011,-3.93700800
7.94480011,-4.72440900
7.94560011,-5.11811000
7.94640011,-5.90551100
7.94720011,-5.51181100
7.94800011,-5.11811000
7.94880011,-3.93700800
7.94960011,-2.75590500
7.95040011,-2.75590500
7.95120011,-2.75590500
7.95200011,-4.33070900
7.95280011,-4.33070900
7.95360011,-5.11811000
7.95440011,-5.90551100
7.95520011,-5.90551100
7.95600011,-5.51181100
7.95680011,-5.11811000
7.95760011,-4.33070900
7.95840011,-3.54330700
7.95920011,-2.75590500
7.96000011,-2.36220500
7.96080011,-1.57480300
7.96160011,-2.36220500
7.96240011,-3.14960600
7.96320011,-3.54330700
7.96400011,-4.33070900
7.96480011,-3.93700800
7.96560011,-3.54330700
7.96640011,-3.14960600
7.96720011,-2.36220500
7.96800011,-0.78740150
7.96880011,0.39370070
7.96960011,1.18110200
7.97040011,1.18110200
7.97120011,1.18110200
7.97200011,0.39370070
7.97280011,0.39370070
7.97360011,0.78740150
7.97440011,1.57480300
7.97520011,1.57480300
7.97600011,1.96850400
7.97680011,1.96850400
7.97760011,2.75590500
7.97840011,3.93700800
7.97920011,4.72440900
7.98000011,5.11811000
7.98080011,5.90551100
7.98160011,4.72440900
7.98240011,4.72440900
7.98320011,3.93700800
7.98400011,4.33070900
7.98480011,4.72440900
7.98560011,5.11811000
7.98640011,5.11811000
7.98720011,4.72440900
7.98800011,4.33070900
7.98880011,4.72440900
7.98960011,5.51181100
7.99040011,5.51181100
7.99120011,6.29921200
7.99200011,6.29921200
7.99280011,5.51181100
7.99360011,4.33070900
7.99440011,4.33070900
7.99520011,3.93700800
7.99600011,4.33070900
7.99680011,4.33070900
7.99760011,3.54330700
7.99840011,2.36220500
7.99920011,1.57480300
8.00000011,1.57480300
8.00080011,1.57480300
8.00160011,2.75590500
8.00240011,2.75590500
8.00320011,2.36220500
8.00400011,1.57480300
8.00480011,0.78740150
8.00560011,0.78740150
8.00640011,0.78740150
8.00720011,0.00000000
8.00800011,-1.18110200
8.00880011,-2.75590500
8.00960011,-3.54330700
8.01040011,-3.93700800
8.01120011,-3.14960600
8.01200011,-1.96850400
8.01280011,-1.57480300
8.01360011,-1.18110200
8.01440011,-1.57480300
8.01520011,-2.75590500
8.01600011,-3.54330700
8.01680011,-3.93700800
8.01760011,-3.93700800
8.01840011,-3.93700800
8.01920011,-4.72440900
8.02000011,-5.90551100
8.02080011,-5.90551100
8.02160011,-5.51181100
8.02240011,-4.72440900
8.02320011,-3.54330700
8.02400011,-3.14960600
8.02480011,-3.14960600
8.02560011,-3.93700800
8.02640011,-4.72440900
8.02720011,-4.72440900
8.02800011,-4.72440900
8.02880011,-4.72440900
8.02960011,-4.72440900
8.03040011,-3.93700800
8.03120011,-3.93700800
8.03200011,-3.14960600
8.03280011,-2.36220500
8.03360011,-1.57480300
8.03440011,-0.78740150
8.03520011,-0.39370070
8.03600011,-0.78740150
8.03680011,-1.96850400
8.03760011,-2.36220500
8.03840011,-2.36220500
8.03920011,-1.96850400
8.04000011,-0.39370070
8.04080011,0.00000000
8.04160011,0.39370070
8.04240011,0.78740150
8.04320011,1.18110200
8.04400011,1.18110200
8.04480011,0.78740150
8.04560011,1.18110200
8.04640011,0.39370070
8.04720011,0.00000000
8.04800011,-0.39370070
8.04880011,0.00000000
8.04960011,0.78740150
8.05040011,1.96850400
8.05120011,2.75590500
8.05200011,3.54330700
8.05280011,4.33070900
8.05360011,3.93700800
8.05440011,3.93700800
8.05520011,3.54330700
8.05600011,3.14960600
8.05680011,3.93700800
8.05760011,3.93700800
8.05840011,3.54330700
8.05920011,3.14960600
8.06000011,3.54330700
8.06080011,3.93700800
8.06160011,4.33070900
8.06240011,4.33070900
8.06320011,4.72440900
8.06400011,4.33070900
8.06480011,3.54330700
8.06560011,3.54330700
8.06640011,3.14960600
8.06720011,3.14960600
8.06800011,3.54330700
8.06880011,4.33070900
8.06960011,4.72440900
8.07040011,3.93700800
8.07120011,3.54330700
8.07200011,2.75590500
8.07280011,1.96850400
8.07360011,1.96850400
8.07440011,1.96850400
8.07520011,1.96850400
8.07600011,1.96850400
8.07680011,1.57480300
8.07760011,1.18110200
8.07840011,1.57480300
8.07920011,1.57480300
8.08000011,2.36220500
8.08080011,2.36220500
8.08160011,1.57480300
8.08240011,0.39370070
8.08320011,-1.57480300
8.08400011,-1.96850400
8.08480011,-2.36220500
8.08560011,-1.96850400
8.08640011,-1.96850400
8.08720011,-1.96850400
8.08800011,-1.57480300
8.08880011,-1.57480300
8.08960011,-1.57480300
8.09040011,-0.78740150
8.09120011,-1.18110200
8.09200011,-2.36220500
8.09280011,-3.14960600
8.09360011,-4.72440900
8.09440011,-5.51181100
8.09520011,-5.51181100
8.09600011,-4.72440900
8.09680011,-3.14960600
8.09760011,-2.36220500
8.09840011,-2.75590500
8.09920011,-2.75590500
8.10000011,-3.14960600
8.10080011,-3.54330700
8.10160011,-3.14960600
8.10240011,-3.54330700
8.10320011,-4.72440900
8.10400011,-5.90551100
8.10480011,-6.69291300
8.10560011,-6.69291300
8.10640011,-5.90551100
8.10720011,-3.93700800
8.10800011,-2.36220500
8.10880011,-1.18110200
8.10960011,-1.57480300
8.11040011,-1.96850400
8.11120011,-1.96850400
8.11200011,-1.57480300
8.11280011,-1.18110200
8.11360011,-1.96850400
8.11440011,-2.36220500
8.11520011,-2.75590500
8.11600011,-2.75590500
8.11680011,-2.75590500
8.11760011,-1.18110200
8.11840011,0.00000000
8.11920011,0.78740150
8.12000011,1.57480300
8.12080011,1.18110200
8.12160011,1.18110200
8.12240011,1.57480300
8.12320011,1.96850400
8.12400011,1.57480300
8.12480011,1.18110200
8.12560011,0.39370070
8.12640011,0.39370070
8.12720011,0.39370070
8.12800011,1.18110200
8.12880011,2.36220500
8.12960011,3.14960600
8.13040011,4.33070900
8.13120011,5.11811000
8.13200011,5.11811000
8.13280011,4.72440900
8.13360011,4.72440900
8.13440011,4.72440900
8.13520011,3.93700800
8.13600011,3.54330700
8.13680011,3.54330700
8.13760011,3.14960600
8.13840011,2.75590500
8.13920011,3.54330700
8.14000011,4.72440900
8.14080011,5.51181100
8.14160011,5.90551100
8.14240011,5.51181100
8.14320011,5.51181100
8.14400011,4.72440900
8.14480011,3.93700800
8.14560011,3.54330700
8.14640011,3.14960600
8.14720011,2.75590500
8.14800011,1.96850400
8.14880011,2.36220500
8.14960011,2.36220500
8.15040011,2.36220500
8.15120011,2.75590500
8.15200011,3.54330700
8.15280011,4.33070900
8.15360011,4.33070900
8.15440011,3.54330700
8.15520011,2.36220500
8.15600011,0.78740150
8.15680011,-0.39370070
8.15760011,-0.78740150
8.15840011,-1.18110200
8.15920011,-1.57480300
8.16000011,-1.96850400
8.16080011,-1.18110200
8.16160011,-1.57480300
8.16240011,-1.18110200
8.16320011,-0.39370070
8.16400011,0.00000000
8.16480011,-0.78740150
8.16560011,-2.36220500
8.16640011,-3.93700800
8.16720011,-5.11811000
8.16800011,-5.90551100
8.16880011,-5.51181100
8.16960011,-4.72440900
8.17040011,-3.54330700
8.17120011,-3.54330700
8.17200011,-3.54330700
8.17280011,-3.93700800
8.17360011,-3.93700800
8.17440011,-3.93700800
8.17520011,-3.93700800
8.17600011,-5.11811000
8.17680011,-5.90551100
8.17760011,-7.08661400
8.17840011,-7.48031400
8.17920011,-6.29921200
8.18000011,-4.72440900
8.18080011,-3.54330700
8.18160011,-3.54330700
8.18240011,-3.93700800
8.18320011,-4.72440900
8.18400011,-4.72440900
8.18480011,-4.72440900
8.18560011,-3.93700800
8.18640011,-3.93700800
8.18720011,-3.93700800
8.18800011,-4.33070900
8.18880011,-3.93700800
8.18960011,-2.75590500
8.19040011,-1.96850400
8.19120011,0.00000000
8.19200011,1.57480300
8.19280011,1.18110200
8.19360011,-0.39370070
8.19440011,-1.57480300
8.19520011,-1.96850400
8.19600011,-0.78740150
8.19680011,0.39370070
8.19760011,1.57480300
8.19840011,1.96850400
8.19920011,2.75590500
8.20000011,3.14960600
8.20080011,3.93700800
8.20160011,4.72440900
8.20240011,5.51181100
8.20320011,5.51181100
8.20400011,3.93700800
8.20480011,2.75590500
8.20560011,2.36220500
8.20640011,3.14960600
8.20720011,4.72440900
8.20800011,5.51181100
8.20880011,6.69291300
8.20960011,7.08661400
8.21040011,7.87401500
8.21120011,7.87401500
8.21200011,7.48031400
8.21280011,7.48031400
8.21360011,7.08661400
8.21440011,5.90551100
8.21520011,4.72440900
8.21600011,3.93700800
8.21680011,3.93700800
8.21760011,4.72440900
8.21840011,5.90551100
8.21920011,6.69291300
8.22000011,6.69291300
8.22080011,6.29921200
8.22160011,5.51181100
8.22240011,4.72440900
8.22320011,3.54330700
8.22400011,2.36220500
8.22480011,1.18110200
8.22560011,0.39370070
8.22640011,0.39370070
8.22720011,0.78740150
8.22800011,1.18110200
8.22880011,1.57480300
8.22960011,1.57480300
8.23040011,1.96850400
8.23120011,1.57480300
8.23200011,0.78740150
8.23280011,-0.39370070
8.23360011,-1.57480300
8.23440011,-3.14960600
8.23520011,-3.14960600
8.23600011,-4.33070900
8.23680011,-3.93700800
8.23760011,-3.54330700
8.23840011,-3.54330700
8.23920011,-3.93700800
8.24000011,-4.33070900
8.24080011,-5.11811000
8.24160011,-5.51181100
8.24240011,-4.72440900
8.24320011,-5.90551100
8.24400011,-6.29921200
8.24480011,-6.29921200
8.24560011,-7.08661400
8.24640011,-6.69291300
8.24720011,-6.29921200
8.24800011,-5.90551100
8.24880011,-5.51181100
8.24960011,-6.29921200
8.25040011,-7.08661400
8.25120011,-7.48031400
8.25200011,-7.08661400
8.25280011,-6.69291300
8.25360011,-5.90551100
8.25440011,-4.72440900
8.25520011,-5.11811000
8.25600011,-5.11811000
8.25680011,-5.11811000
8.25760011,-5.11811000
8.25840011,-4.33070900
8.25920011,-3.14960600
8.26000011,-3.54330700
8.26080011,-3.93700800
8.26160011,-4.33070900
8.26240011,-3.93700800
8.26320011,-2.75590500
8.26400011,-1.18110200
8.26480011,0.39370070
8.26560011,0.78740150
8.26640011,0.78740150
8.26720011,0.39370070
8.26800011,0.39370070
8.26880011,0.39370070
8.26960011,1.57480300
8.27040011,1.96850400
8.27120011,2.36220500
8.27200011,2.36220500
8.27280011,2.36220500
8.27360011,3.14960600
8.27440011,4.72440900
8.27520011,5.90551100
8.27600011,7.48031400
8.27680011,7.08661400
8.27760011,6.29921200
8.27840011,5.11811000
8.27920011,4.72440900
8.28000011,5.11811000
8.28080011,5.90551100
8.28160011,6.29921200
8.28240011,7.08661400
8.28320011,7.08661400
8.28400011,7.87401500
8.28480011,7.87401500
8.28560011,8.66141700
8.28640011,8.66141700
8.28720011,8.26771600
8.28800011,7.08661400
8.28880011,5.51181100
8.28960011,5.11811000
8.29040011,5.11811000
8.29120011,5.51181100
8.29200011,6.29921200
8.29280011,6.69291300
8.29360011,6.29921200
8.29440011,5.90551100
8.29520011,5.90551100
8.29600011,5.11811000
8.29680011,4.72440900
8.29760011,4.72440900
8.29840011,3.54330700
8.29920011,1.96850400
8.30000011,0.78740150
8.30080011,-0.39370070
8.30160011,0.00000000
8.30240011,0.39370070
8.30320011,0.39370070
8.30400011,0.39370070
8.30480011,-0.39370070
8.30560011,-1.18110200
8.30640011,-1.57480300
8.30720011,-2.75590500
8.30800011,-3.14960600
8.30880011,-3.54330700
8.30960011,-4.33070900
8.31040011,-5.11811000
8.31120011,-5.11811000
8.31200011,-5.51181100
8.31280011,-6.29921200
8.31360011,-6.29921200
8.31440011,-6.69291300
8.31520011,-7.08661400
8.31600011,-6.29921200
8.31680011,-6.29921200
8.31760011,-7.08661400
8.31840011,-7.48031400
8.31920011,-7.08661400
8.32000011,-7.08661400
8.32080011,-6.69291300
8.32160011,-6.69291300
8.32240011,-7.08661400
8.32320011,-7.08661400
8.32400011,-7.87401500
8.32480011,-8.66141700
8.32560011,-8.66141700
8.32640011,-7.48031400
8.32720011,-6.69291300
8.32800011,-5.90551100
8.32880011,-5.51181100
8.32960011,-4.72440900
8.33040011,-4.33070900
8.33120011,-3.93700800
8.33200011,-3.14960600
8.33280011,-2.75590500
8.33360011,-2.75590500
8.33440011,-3.14960600
8.33520011,-3.54330700
8.33600011,-3.14960600
8.33680011,-1.96850400
8.33760011,-0.78740150
8.33840011,0.78740150
8.33920011,1.18110200
8.34000011,1.57480300
8.34080011,1.96850400
8.34160011,2.75590500
8.34240011,2.75590500
8.34320011,3.54330700
8.34400011,3.54330700
8.34480011,2.36220500
8.34560011,3.14960600
8.34640011,3.54330700
8.34720011,3.93700800
8.34800011,5.51181100
8.34880011,6.69291300
8.34960011,8.26771600
8.35040011,8.26771600
8.35120011,7.87401500
8.35200011,7.08661400
8.35280011,7.08661400
8.35360011,6.69291300
8.35440011,6.69291300
8.35520011,7.08661400
8.35600011,6.29921200
8.35680011,6.29921200
8.35760011,6.69291300
8.35840011,7.48031400
8.35920011,8.26771600
8.36000011,8.66141700
8.36080011,7.87401500
8.36160011,7.48031400
8.36240011,6.29921200
8.36320011,5.51181100
8.36400011,5.11811000
8.36480011,5.51181100
8.36560011,5.11811000
8.36640011,4.33070900
8.36720011,3.93700800
8.36800011,3.14960600
8.36880011,3.14960600
8.36960011,3.14960600
8.37040011,3.14960600
8.37120011,3.14960600
8.37200011,2.36220500
8.37280011,1.18110200
8.37360011,-0.39370070
8.37440011,-0.39370070
8.37520011,-0.39370070
8.37600011,-0.78740150
8.37680011,-0.78740150
8.37760011,-1.57480300
8.37840011,-2.36220500
8.37920011,-3.14960600
8.38000011,-3.14960600
8.38080011,-3.93700800
8.38160011,-4.33070900
8.38240011,-5.11811000
8.38320011,-5.90551100
8.38400011,-5.90551100
8.38480011,-6.29921200
8.38560011,-5.90551100
8.38640011,-5.11811000
8.38720011,-4.72440900
8.38800011,-5.11811000
8.38880011,-5.11811000
8.38960011,-5.51181100
8.39040011,-6.69291300
8.39120011,-7.48031400
8.39200011,-7.87401500
8.39280011,-8.66141700
8.39360011,-7.87401500
8.39440011,-7.87401500
8.39520011,-7.48031400
8.39600011,-7.08661400
8.39680011,-5.90551100
8.39760011,-4.72440900
8.39840011,-4.72440900
8.39920011,-3.93700800
8.40000011,-3.54330700
8.40080011,-3.54330700
8.40160011,-3.93700800
8.40240011,-4.72440900
8.40320011,-4.33070900
8.40400011,-4.72440900
8.40480011,-3.93700800
8.40560011,-3.14960600
8.40640011,-2.75590500
8.40720011,-1.57480300
8.40800011,-1.18110200
8.40880011,-0.39370070
8.40960011,0.78740150
8.41040011,1.57480300
8.41120011,2.36220500
8.41200011,2.36220500
8.41280011,2.75590500
8.41360011,1.96850400
8.41440011,1.57480300
8.41520011,1.96850400
8.41600011,2.75590500
8.41680011,3.54330700
8.41760011,4.33070900
8.41840011,4.72440900
8.41920011,5.11811000
8.42000011,5.51181100
8.42080011,6.69291300
8.42160011,6.69291300
8.42240011,7.08661400
8.42320011,6.29921200
8.42400011,5.51181100
8.42480011,5.11811000
8.42560011,4.72440900
8.42640011,5.11811000
8.42720011,6.29921200
8.42800011,7.48031400
8.42880011,8.26771600
8.42960011,7.48031400
8.43040011,7.08661400
8.43120011,7.08661400
8.43200011,7.48031400
8.43280011,7.08661400
8.43360011,6.69291300
8.43440011,5.51181100
8.43520011,3.54330700
8.43600011,2.75590500
8.43680011,2.36220500
8.43760011,2.75590500
8.43840011,3.93700800
8.43920011,4.72440900
8.44000011,4.72440900
8.44080011,4.33070900
8.44160011,3.93700800
8.44240011,3.54330700
8.44320011,3.14960600
8.44400011,1.57480300
8.44480011,0.00000000
8.44560011,-2.36220500
8.44640011,-4.33070900
8.44720011,-5.11811000
8.44800011,-4.72440900
8.44880011,-3.54330700
8.44960011,-1.96850400
8.45040011,-1.18110200
8.45120011,-1.18110200
8.45200011,-1.57480300
8.45280011,-1.96850400
8.45360011,-2.75590500
8.45440011,-3.93700800
8.45520011,-5.11811000
8.45600011,-6.69291300
8.45680011,-8.66141700
8.45760011,-9.05511800
8.45840011,-8.26771600
8.45920011,-7.87401500
8.46000011,-6.29921200
8.46080011,-4.72440900
8.46160011,-3.93700800
8.46240011,-3.93700800
8.46320011,-3.93700800
8.46400011,-5.11811000
8.46480011,-5.51181100
8.46560011,-6.69291300
8.46640011,-7.08661400
8.46720011,-7.87401500
8.46800011,-7.48031400
8.46880011,-6.69291300
8.46960011,-5.90551100
8.47040011,-3.54330700
8.47120011,-2.75590500
8.47200011,-1.96850400
8.47280011,-1.18110200
8.47360011,-1.18110200
8.47440011,-1.57480300
8.47520011,-1.96850400
8.47600011,-2.36220500
8.47680011,-3.14960600
8.47760011,-2.75590500
8.47840011,-2.36220500
8.47920011,-2.36220500
8.48000011,-0.78740150
8.48080011,0.78740150
8.48160011,1.96850400
8.48240011,3.93700800
8.48320011,4.33070900
8.48400011,5.11811000
8.48480011,5.11811000
8.48560011,4.72440900
8.48640011,3.54330700
8.48720011,2.75590500
8.48800011,1.96850400
8.48880011,1.96850400
8.48960011,2.75590500
8.49040011,3.54330700
8.49120011,3.93700800
8.49200011,5.11811000
8.49280011,5.11811000
8.49360011,5.90551100
8.49440011,6.69291300
8.49520011,7.48031400
8.49600011,7.08661400
8.49680011,6.69291300
8.49760011,5.51181100
8.49840011,4.72440900
8.49920011,3.54330700
8.50000011,3.54330700
8.50080011,3.54330700
8.50160011,4.33070900
8.50240011,3.93700800
8.50320011,3.54330700
8.50400011,3.93700800
8.50480011,4.33070900
8.50560011,4.72440900
8.50640011,5.11811000
8.50720011,5.11811000
8.50800011,3.93700800
8.50880011,2.36220500
8.50960011,1.18110200
8.51040011,0.39370070
8.51120011,0.78740150
8.51200011,0.78740150
8.51280011,0.39370070
8.51360011,0.00000000
8.51440011,0.39370070
8.51520011,0.00000000
8.51600011,0.78740150
8.51680011,1.57480300
8.51760011,1.18110200
8.51840011,0.39370070
8.51920011,-1.18110200
8.52000011,-3.14960600
8.52080011,-3.14960600
8.52160011,-3.14960600
8.52240011,-2.36220500
8.52320011,-1.96850400
8.52400011,-1.96850400
8.52480011,-2.75590500
8.52560011,-3.14960600
8.52640011,-3.14960600
8.52720011,-2.75590500
8.52800011,-2.36220500
8.52880011,-3.14960600
8.52960011,-3.93700800
8.53040011,-5.11811000
8.53120011,-5.51181100
8.53200011,-4.33070900
8.53280011,-3.14960600
8.53360011,-2.36220500
8.53440011,-2.75590500
8.53520011,-3.54330700
8.53600011,-3.93700800
8.53680011,-3.93700800
8.53760011,-3.54330700
8.53840011,-3.14960600
8.53920011,-3.14960600
8.54000011,-3.54330700
8.54080011,-4.72440900
8.54160011,-4.72440900
8.54240011,-3.93700800
8.54320011,-2.75590500
8.54400011,-1.96850400
8.54480011,-2.36220500
8.54560011,-2.36220500
8.54640011,-3.14960600
8.54720011,-3.54330700
8.54800011,-3.54330700
8.54880011,-3.54330700
8.54960011,-2.36220500
8.55040011,-2.36220500
8.55120011,-1.96850400
8.55200011,-1.18110200
8.55280011,0.00000000
8.55360011,0.39370070
8.55440011,0.78740150
8.55520011,0.78740150
8.55600011,0.00000000
8.55680011,-0.39370070
8.55760011,-1.18110200
8.55840011,-1.18110200
8.55920011,-0.39370070
8.56000011,0.00000000
8.56080011,0.39370070
8.56160011,1.57480300
8.56240011,3.14960600
8.56320011,3.54330700
8.56400011,4.33070900
8.56480011,4.33070900
8.56560011,3.93700800
8.56640011,3.14960600
8.56720011,2.36220500
8.56800011,1.57480300
8.56880011,2.36220500
8.56960011,2.75590500
8.57040011,2.75590500
8.57120011,3.14960600
8.57200011,3.54330700
8.57280011,4.33070900
8.57360011,5.11811000
8.57440011,5.90551100
8.57520011,5.90551100
8.57600011,5.11811000
8.57680011,4.33070900
8.57760011,3.93700800
8.57840011,4.33070900
8.57920011,4.72440900
8.58000011,4.72440900
8.58080011,4.72440900
8.58160011,4.33070900
8.58240011,3.93700800
8.58320011,3.93700800
8.58400011,3.93700800
8.58480011,4.33070900
8.58560011,4.72440900
8.58640011,3.54330700
8.58720011,2.36220500
8.58800011,1.96850400
8.58880011,1.57480300
8.58960011,2.36220500
8.59040011,2.75590500
8.59120011,2.75590500
8.59200011,1.96850400
8.59280011,1.18110200
8.59360011,0.39370070
8.59440011,0.39370070
8.59520011,0.78740150
8.59600011,0.78740150
8.59680011,0.39370070
8.59760011,-0.78740150
8.59840011,-1.57480300
8.59920011,-1.57480300
8.60000011,-1.18110200
8.60080011,-0.39370070
8.60160011,-0.78740150
8.60240011,-1.96850400
8.60320011,-3.14960600
8.60400011,-4.33070900
8.60480011,-4.33070900
8.60560011,-3.54330700
8.60640011,-2.75590500
8.60720011,-3.14960600
8.60800011,-3.93700800
8.60880011,-4.72440900
8.60960011,-4.33070900
8.61040011,-4.72440900
8.61120011,-4.33070900
8.61200011,-4.33070900
8.61280011,-4.72440900
8.61360012,-6.69291300
8.61440012,-7.08661400
8.61520012,-7.48031400
8.61600012,-7.08661400
8.61680012,-5.51181100
8.61760012,-4.72440900
8.61840012,-4.33070900
8.61920012,-3.93700800
8.62000012,-3.54330700
8.62080012,-3.93700800
8.62160012,-3.54330700
8.62240012,-4.33070900
8.62320012,-5.11811000
8.62400012,-5.51181100
8.62480012,-5.90551100
8.62560012,-5.51181100
8.62640012,-4.72440900
8.62720012,-3.54330700
8.62800012,-2.75590500
8.62880012,-1.96850400
8.62960012,-0.78740150
8.63040012,-0.78740150
8.63120012,0.00000000
8.63200012,0.00000000
8.63280012,-0.39370070
8.63360012,0.00000000
8.63440012,0.39370070
8.63520012,0.00000000
8.63600012,0.78740150
8.63680012,0.78740150
8.63760012,1.18110200
8.63840012,1.96850400
8.63920012,2.36220500
8.64000012,2.75590500
8.64080012,3.54330700
8.64160012,3.93700800
8.64240012,4.33070900
8.64320012,4.33070900
8.64400012,3.54330700
8.64480012,3.93700800
8.64560012,4.33070900
8.64640012,5.11811000
8.64720012,5.90551100
8.64800012,6.29921200
8.64880012,6.29921200
8.64960012,5.90551100
8.65040012,6.29921200
8.65120012,5.90551100
8.65200012,6.69291300
8.65280012,7.08661400
8.65360012,7.08661400
8.65440012,7.08661400
8.65520012,6.29921200
8.65600012,5.90551100
8.65680012,6.29921200
8.65760012,6.69291300
8.65840012,7.08661400
8.65920012,6.69291300
8.66000012,5.90551100
8.66080012,5.51181100
8.66160012,5.11811000
8.66240012,5.51181100
8.66320012,6.29921200
8.66400012,5.90551100
8.66480012,5.51181100
8.66560012,4.72440900
8.66640012,3.14960600
8.66720012,1.57480300
8.66800012,1.57480300
8.66880012,0.78740150
8.66960012,0.39370070
8.67040012,0.00000000
8.67120012,-0.78740150
8.67200012,-0.39370070
8.67280012,0.00000000
8.67360012,0.39370070
8.67440012,0.78740150
8.67520012,0.39370070
8.67600012,-1.18110200
8.67680012,-2.75590500
8.67760012,-3.93700800
8.67840012,-5.90551100
8.67920012,-6.29921200
8.68000012,-6.29921200
8.68080012,-7.08661400
8.68160012,-6.69291300
8.68240012,-7.08661400
8.68320012,-6.29921200
8.68400012,-5.90551100
8.68480012,-5.51181100
8.68560012,-5.90551100
8.68640012,-6.69291300
8.68720012,-7.87401500
8.68800012,-8.66141700
8.68880012,-9.05511800
8.68960012,-9.05511800
8.69040012,-8.66141700
8.69120012,-8.66141700
8.69200012,-7.87401500
8.69280012,-8.26771600
8.69360012,-7.87401500
8.69440012,-7.48031400
8.69520012,-7.87401500
8.69600012,-6.69291300
8.69680012,-7.08661400
8.69760012,-7.08661400
8.69840012,-7.08661400
8.69920012,-5.90551100
8.70000012,-5.51181100
8.70080012,-3.93700800
8.70160012,-3.14960600
8.70240012,-1.96850400
8.70320012,-1.18110200
8.70400012,-1.18110200
8.70480012,-0.78740150
8.70560012,-1.57480300
8.70640012,-0.78740150
8.70720012,-1.18110200
8.70800012,-0.78740150
8.70880012,0.39370070
8.70960012,1.57480300
8.71040012,1.96850400
8.71120012,3.54330700
8.71200012,5.11811000
8.71280012,5.90551100
8.71360012,7.08661400
8.71440012,7.08661400
8.71520012,7.48031400
8.71600012,7.48031400
8.71680012,6.69291300
8.71760012,5.90551100
8.71840012,5.90551100
8.71920012,6.69291300
8.72000012,7.08661400
8.72080012,7.87401500
8.72160012,9.05511800
8.72240012,9.05511800
8.72320012,9.44881800
8.72400012,9.44881800
8.72480012,10.23622000
8.72560012,10.23622000
8.72640012,10.23622000
8.72720012,8.66141700
8.72800012,7.87401500
8.72880012,6.69291300
8.72960012,7.08661400
8.73040012,7.48031400
8.73120012,7.87401500
8.73200012,7.87401500
8.73280012,7.87401500
8.73360012,7.08661400
8.73440012,5.90551100
8.73520012,5.11811000
8.73600012,4.33070900
8.73680012,3.54330700
8.73760012,3.14960600
8.73840012,1.96850400
8.73920012,1.57480300
8.74000012,0.78740150
8.74080012,0.00000000
8.74160012,0.00000000
8.74240012,0.39370070
8.74320012,0.00000000
8.74400012,-0.78740150
8.74480012,-1.96850400
8.74560012,-3.14960600
8.74640012,-3.54330700
8.74720012,-3.93700800
8.74800012,-4.72440900
8.74880012,-5.11811000
8.74960012,-6.29921200
8.75040012,-7.48031400
8.75120012,-8.26771600
8.75200012,-8.66141700
8.75280012,-8.26771600
8.75360012,-7.48031400
8.75440012,-7.48031400
8.75520012,-7.48031400
8.75600012,-7.87401500
8.75680012,-8.26771600
8.75760012,-8.66141700
8.75840012,-8.66141700
8.75920012,-8.66141700
8.76000012,-9.05511800
8.76080012,-9.44881800
8.76160012,-9.84251900
8.76240012,-9.84251900
8.76320012,-9.05511800
8.76400012,-7.87401500
8.76480012,-7.48031400
8.76560012,-6.69291300
8.76640012,-5.90551100
8.76720012,-6.29921200
8.76800012,-5.90551100
8.76880012,-5.11811000
8.76960012,-4.33070900
8.77040012,-3.93700800
8.77120012,-3.93700800
8.77200012,-4.72440900
8.77280012,-4.72440900
8.77360012,-4.33070900
8.77440012,-3.14960600
8.77520012,-1.18110200
8.77600012,0.39370070
8.77680012,1.57480300
8.77760012,1.96850400
8.77840012,2.36220500
8.77920012,2.75590500
8.78000012,3.14960600
8.78080012,3.93700800
8.78160012,3.54330700
8.78240012,3.54330700
8.78320012,3.54330700
8.78400012,3.93700800
8.78480012,4.33070900
8.78560012,7.08661400
8.78640012,7.48031400
8.78720012,8.26771600
8.78800012,8.26771600
8.78880012,7.87401500
8.78960012,7.87401500
8.79040012,7.87401500
8.79120012,7.87401500
8.79200012,7.87401500
8.79280012,8.26771600
8.79360012,8.26771600
8.79440012,7.87401500
8.79520012,7.87401500
8.79600012,7.87401500
8.79680012,7.87401500
8.79760012,8.66141700
8.79840012,8.66141700
8.79920012,8.66141700
8.80000012,8.26771600
8.80080012,6.29921200
8.80160012,5.90551100
8.80240012,5.90551100
8.80320012,5.51181100
8.80400012,5.51181100
8.80480012,5.11811000
8.80560012,4.33070900
8.80640012,3.14960600
8.80720012,3.54330700
8.80800012,2.75590500
8.80880012,2.36220500
8.80960012,2.36220500
8.81040012,1.96850400
8.81120012,1.18110200
8.81200012,0.00000000
8.81280012,-0.78740150
8.81360012,-1.57480300
8.81440012,-1.96850400
8.81520012,-1.57480300
8.81600012,-1.96850400
8.81680012,-2.36220500
8.81760012,-3.93700800
8.81840012,-5.11811000
8.81920012,-5.51181100
8.82000012,-5.51181100
8.82080012,-5.11811000
8.82160012,-3.93700800
8.82240012,-4.33070900
8.82320012,-5.51181100
8.82400012,-7.08661400
8.82480012,-7.87401500
8.82560012,-7.87401500
8.82640012,-7.08661400
8.82720012,-6.69291300
8.82800012,-7.48031400
8.82880012,-8.26771600
8.82960012,-9.05511800
8.83040012,-8.26771600
8.83120012,-6.69291300
8.83200012,-5.51181100
8.83280012,-5.51181100
8.83360012,-5.90551100
8.83440012,-7.08661400
8.83520012,-7.48031400
8.83600012,-7.08661400
8.83680012,-5.90551100
8.83760012,-5.11811000
8.83840012,-4.72440900
8.83920012,-5.51181100
8.84000012,-6.29921200
8.84080012,-5.51181100
8.84160012,-4.33070900
8.84240012,-2.75590500
8.84320012,-1.57480300
8.84400012,-1.18110200
8.84480012,-1.57480300
8.84560012,-2.36220500
8.84640012,-2.36220500
8.84720012,-1.57480300
8.84800012,-0.39370070
8.84880012,0.78740150
8.84960012,0.78740150
8.85040012,0.78740150
8.85120012,0.39370070
8.85200012,1.18110200
8.85280012,2.75590500
8.85360012,3.93700800
8.85440012,4.33070900
8.85520012,4.33070900
8.85600012,3.54330700
8.85680012,3.14960600
8.85760012,3.54330700
8.85840012,4.72440900
8.85920012,5.90551100
8.86000012,6.69291300
8.86080012,6.29921200
8.86160012,5.90551100
8.86240012,5.90551100
8.86320012,5.90551100
8.86400012,5.90551100
8.86480012,6.29921200
8.86560012,5.90551100
8.86640012,5.90551100
8.86720012,5.90551100
8.86800012,6.29921200
8.86880012,6.29921200
8.86960012,6.69291300
8.87040012,6.69291300
8.87120012,6.69291300
8.87200012,6.69291300
8.87280012,5.90551100
8.87360012,4.72440900
8.87440012,4.33070900
8.87520012,3.93700800
8.87600012,3.93700800
8.87680012,4.33070900
8.87760012,4.33070900
8.87840012,3.93700800
8.87920012,3.93700800
8.88000012,3.93700800
8.88080012,3.54330700
8.88160012,3.54330700
8.88240012,3.14960600
8.88320012,1.96850400
8.88400012,1.18110200
8.88480012,0.00000000
8.88560012,-1.57480300
8.88640012,-1.57480300
8.88720012,-1.57480300
8.88800012,-0.78740150
8.88880012,0.00000000
8.88960012,0.00000000
8.89040012,0.00000000
8.89120012,-1.57480300
8.89200012,-2.36220500
8.89280012,-1.96850400
8.89360012,-1.96850400
8.89440012,-2.36220500
8.89520012,-3.93700800
8.89600012,-5.51181100
8.89680012,-6.29921200
8.89760012,-6.29921200
8.89840012,-4.72440900
8.89920012,-3.54330700
8.90000012,-3.14960600
8.90080012,-3.54330700
8.90160012,-5.11811000
8.90240012,-6.29921200
8.90320012,-6.29921200
8.90400012,-5.51181100
8.90480012,-5.51181100
8.90560012,-5.11811000
8.90640012,-5.90551100
8.90720012,-7.08661400
8.90800012,-7.08661400
8.90880012,-6.69291300
8.90960012,-4.72440900
8.91040012,-3.93700800
8.91120012,-3.54330700
8.91200012,-3.93700800
8.91280012,-5.11811000
8.91360012,-5.51181100
8.91440012,-4.72440900
8.91520012,-3.54330700
8.91600012,-3.14960600
8.91680012,-3.14960600
8.91760012,-4.33070900
8.91840012,-5.11811000
8.91920012,-4.72440900
8.92000012,-2.75590500
8.92080012,-0.78740150
8.92160012,0.39370070
8.92240012,0.39370070
8.92320012,-0.39370070
8.92400012,-0.78740150
8.92480012,-1.18110200
8.92560012,0.78740150
8.92640012,1.18110200
8.92720012,1.18110200
8.92800012,0.78740150
8.92880012,0.00000000
8.92960012,0.00000000
8.93040012,1.18110200
8.93120012,3.14960600
8.93200012,4.72440900
8.93280012,5.90551100
8.93360012,5.90551100
8.93440012,5.11811000
8.93520012,4.33070900
8.93600012,3.54330700
8.93680012,3.93700800
8.93760012,3.93700800
8.93840012,3.93700800
8.93920012,4.33070900
8.94000012,4.33070900
8.94080012,4.72440900
8.94160012,5.90551100
8.94240012,6.69291300
8.94320012,7.87401500
8.94400012,7.87401500
8.94480012,7.48031400
8.94560012,6.69291300
8.94640012,5.90551100
8.94720012,4.72440900
8.94800012,3.54330700
8.94880012,3.54330700
8.94960012,3.93700800
8.95040012,4.33070900
8.95120012,4.72440900
8.95200012,5.51181100
8.95280012,5.11811000
8.95360012,5.90551100
8.95440012,5.51181100
8.95520012,5.11811000
8.95600012,4.33070900
8.95680012,2.75590500
8.95760012,0.39370070
8.95840012,-0.78740150
8.95920012,-0.78740150
8.96000012,0.00000000
8.96080012,1.57480300
8.96160012,2.36220500
8.96240012,2.36220500
8.96320012,1.96850400
8.96400012,0.39370070
8.96480012,-0.39370070
8.96560012,-0.39370070
8.96640012,-1.18110200
8.96720012,-2.75590500
8.96800012,-4.33070900
8.96880012,-5.90551100
8.96960012,-6.69291300
8.97040012,-5.90551100
8.97120012,-3.93700800
8.97200012,-1.96850400
8.97280012,-1.18110200
8.97360012,-1.57480300
8.97440012,-3.54330700
8.97520012,-4.72440900
8.97600012,-5.90551100
8.97680012,-6.29921200
8.97760012,-5.90551100
8.97840012,-6.29921200
8.97920012,-8.26771600
8.98000012,-8.66141700
8.98080012,-8.66141700
8.98160012,-7.87401500
8.98240012,-6.29921200
8.98320012,-5.11811000
8.98400012,-4.33070900
8.98480012,-4.72440900
8.98560012,-5.90551100
8.98640012,-6.29921200
8.98720012,-5.51181100
8.98800012,-4.33070900
8.98880012,-3.93700800
8.98960012,-3.54330700
8.99040012,-4.72440900
8.99120012,-6.29921200
8.99200012,-5.90551100
8.99280012,-3.93700800
8.99360012,-1.57480300
8.99440012,1.57480300
8.99520012,2.36220500
8.99600012,1.96850400
8.99680012,0.00000000
8.99760012,-0.78740150
8.99840012,-0.39370070
8.99920012,0.00000000
9.00000012,0.78740150
9.00080012,0.78740150
9.00160012,1.96850400
9.00240012,3.54330700
9.00320012,4.72440900
9.00400012,5.90551100
9.00480012,6.29921200
9.00560012,4.72440900
9.00640012,3.54330700
9.00720012,1.96850400
9.00800012,1.96850400
9.00880012,3.14960600
9.00960012,4.72440900
9.01040012,5.90551100
9.01120012,7.08661400
9.01200012,6.29921200
9.01280012,5.11811000
9.01360012,4.72440900
9.01440012,5.11811000
9.01520012,6.29921200
9.01600012,8.26771600
9.01680012,7.87401500
9.01760012,6.69291300
9.01840012,5.11811000
9.01920012,3.93700800
9.02000012,3.14960600
9.02080012,3.14960600
9.02160012,3.54330700
9.02240012,4.72440900
9.02320012,5.11811000
9.02400012,4.72440900
9.02480012,3.54330700
9.02560012,3.14960600
9.02640012,2.75590500
9.02720012,2.36220500
9.02800012,1.96850400
9.02880012,2.36220500
9.02960012,1.96850400
9.03040012,1.96850400
9.03120012,1.57480300
9.03200012,1.18110200
9.03280012,-0.39370070
9.03360012,-1.57480300
9.03440012,-1.96850400
9.03520012,-1.96850400
9.03600012,-1.57480300
9.03680012,-1.18110200
9.03760012,-1.57480300
9.03840012,-1.18110200
9.03920012,-1.18110200
9.04000012,-1.57480300
9.04080012,-2.36220500
9.04160012,-3.14960600
9.04240012,-3.14960600
9.04320012,-2.36220500
9.04400012,-1.96850400
9.04480012,-2.36220500
9.04560012,-3.14960600
9.04640012,-5.11811000
9.04720012,-6.29921200
9.04800012,-6.69291300
9.04880012,-5.11811000
9.04960012,-2.75590500
9.05040012,-2.36220500
9.05120012,-3.14960600
9.05200012,-3.93700800
9.05280012,-4.72440900
9.05360012,-4.72440900
9.05440012,-3.14960600
9.05520012,-1.57480300
9.05600012,-1.57480300
9.05680012,-1.96850400
9.05760012,-3.54330700
9.05840012,-5.51181100
9.05920012,-6.29921200
9.06000012,-5.51181100
9.06080012,-3.93700800
9.06160012,-2.75590500
9.06240012,-1.96850400
9.06320012,-1.57480300
9.06400012,-1.96850400
9.06480012,-1.96850400
9.06560012,-0.39370070
9.06640012,0.78740150
9.06720012,1.18110200
9.06800012,0.39370070
9.06880012,-1.57480300
9.06960012,-2.75590500
9.07040012,-3.14960600
9.07120012,-2.36220500
9.07200012,-1.18110200
9.07280012,-0.39370070
9.07360012,0.39370070
9.07440012,1.57480300
9.07520012,1.57480300
9.07600012,2.75590500
9.07680012,3.54330700
9.07760012,3.14960600
9.07840012,3.14960600
9.07920012,1.96850400
9.08000012,0.39370070
9.08080012,0.39370070
9.08160012,1.18110200
9.08240012,1.57480300
9.08320012,2.36220500
9.08400012,3.14960600
9.08480012,2.75590500
9.08560012,2.75590500
9.08640012,3.14960600
9.08720012,3.93700800
9.08800012,3.54330700
9.08880012,3.54330700
9.08960012,3.54330700
9.09040012,3.14960600
9.09120012,2.75590500
9.09200012,2.75590500
9.09280012,3.54330700
9.09360012,4.33070900
9.09440012,5.11811000
9.09520012,5.11811000
9.09600012,4.72440900
9.09680012,3.93700800
9.09760012,2.75590500
9.09840012,3.14960600
9.09920012,3.93700800
9.10000012,4.33070900
9.10080012,4.33070900
9.10160012,3.14960600
9.10240012,2.36220500
9.10320012,1.96850400
9.10400012,1.96850400
9.10480012,2.75590500
9.10560012,3.14960600
9.10640012,3.93700800
9.10720012,3.54330700
9.10800012,2.75590500
9.10880012,1.18110200
9.10960012,1.18110200
9.11040012,1.57480300
9.11120012,1.18110200
9.11200012,1.57480300
9.11280012,0.78740150
9.11360012,-0.39370070
9.11440012,-0.78740150
9.11520012,-0.78740150
9.11600012,-0.39370070
9.11680012,-0.39370070
9.11760012,0.00000000
9.11840012,-0.78740150
9.11920012,-1.18110200
9.12000012,-1.96850400
9.12080012,-2.36220500
9.12160012,-1.96850400
9.12240012,-2.36220500
9.12320012,-3.14960600
9.12400012,-3.93700800
9.12480012,-4.72440900
9.12560012,-5.51181100
9.12640012,-5.51181100
9.12720012,-4.72440900
9.12800012,-3.93700800
9.12880012,-3.54330700
9.12960012,-2.75590500
9.13040012,-3.14960600
9.13120012,-3.54330700
9.13200012,-3.54330700
9.13280012,-4.72440900
9.13360012,-5.11811000
9.13440012,-5.90551100
9.13520012,-7.08661400
9.13600012,-7.08661400
9.13680012,-6.69291300
9.13760012,-5.90551100
9.13840012,-4.33070900
9.13920012,-3.54330700
9.14000012,-3.93700800
9.14080012,-3.93700800
9.14160012,-3.54330700
9.14240012,-3.54330700
9.14320012,-3.14960600
9.14400012,-3.54330700
9.14480012,-3.93700800
9.14560012,-3.93700800
9.14640012,-3.93700800
9.14720012,-3.14960600
9.14800012,-3.14960600
9.14880012,-1.96850400
9.14960012,-0.78740150
9.15040012,0.39370070
9.15120012,1.57480300
9.15200012,1.96850400
9.15280012,1.18110200
9.15360012,0.78740150
9.15440012,0.78740150
9.15520012,0.39370070
9.15600012,0.78740150
9.15680012,1.18110200
9.15760012,1.57480300
9.15840012,1.57480300
9.15920012,2.75590500
9.16000012,4.72440900
9.16080012,6.29921200
9.16160012,7.87401500
9.16240012,8.26771600
9.16320012,7.87401500
9.16400012,7.48031400
9.16480012,5.90551100
9.16560012,5.11811000
9.16640012,4.33070900
9.16720012,4.72440900
9.16800012,5.11811000
9.16880012,5.51181100
9.16960012,5.90551100
9.17040012,6.69291300
9.17120012,6.69291300
9.17200012,8.26771600
9.17280012,9.05511800
9.17360012,9.05511800
9.17440012,8.26771600
9.17520012,7.08661400
9.17600012,5.90551100
9.17680012,4.72440900
9.17760012,3.93700800
9.17840012,2.36220500
9.17920012,1.96850400
9.18000012,1.18110200
9.18080012,1.18110200
9.18160012,2.36220500
9.18240012,4.33070900
9.18320012,5.11811000
9.18400012,5.90551100
9.18480012,5.51181100
9.18560012,3.93700800
9.18640012,2.75590500
9.18720012,0.78740150
9.18800012,-1.18110200
9.18880012,-1.96850400
9.18960012,-3.54330700
9.19040012,-5.11811000
9.19120012,-5.90551100
9.19200012,-6.29921200
9.19280012,-5.51181100
9.19360012,-4.72440900
9.19440012,-3.54330700
9.19520012,-3.54330700
9.19600012,-4.33070900
9.19680012,-4.72440900
9.19760012,-6.69291300
9.19840012,-7.87401500
9.19920012,-8.26771600
9.20000012,-9.44881800
9.20080012,-9.84251900
9.20160012,-10.62992000
9.20240012,-10.23622000
9.20320012,-9.84251900
9.20400012,-8.26771600
9.20480012,-7.48031400
9.20560012,-6.69291300
9.20640012,-6.29921200
9.20720012,-7.08661400
9.20800012,-7.48031400
9.20880012,-7.87401500
9.20960012,-7.87401500
9.21040012,-7.08661400
9.21120012,-6.29921200
9.21200012,-5.90551100
9.21280012,-4.72440900
9.21360012,-3.54330700
9.21440012,-2.75590500
9.21520012,-1.96850400
9.21600012,-1.18110200
9.21680012,-1.57480300
9.21760012,-1.96850400
9.21840012,-1.57480300
9.21920012,-1.18110200
9.22000012,-0.39370070
9.22080012,0.78740150
9.22160012,1.96850400
9.22240012,3.14960600
9.22320012,4.72440900
9.22400012,5.90551100
9.22480012,6.29921200
9.22560012,7.48031400
9.22640012,7.08661400
9.22720012,6.69291300
9.22800012,5.90551100
9.22880012,6.29921200
9.22960012,5.90551100
9.23040012,6.69291300
9.23120012,7.08661400
9.23200012,7.48031400
9.23280012,8.66141700
9.23360012,9.44881800
9.23440012,10.62992000
9.23520012,10.62992000
9.23600012,9.44881800
9.23680012,8.66141700
9.23760012,7.87401500
9.23840012,6.69291300
9.23920012,6.69291300
9.24000012,6.69291300
9.24080012,6.29921200
9.24160012,6.29921200
9.24240012,6.69291300
9.24320012,6.69291300
9.24400012,7.08661400
9.24480012,7.08661400
9.24560012,5.51181100
9.24640012,4.72440900
9.24720012,3.14960600
9.24800012,1.96850400
9.24880012,0.39370070
9.24960012,0.78740150
9.25040012,1.18110200
9.25120012,0.78740150
9.25200012,0.39370070
9.25280012,-0.39370070
9.25360012,-1.57480300
9.25440012,-2.36220500
9.25520012,-2.36220500
9.25600012,-2.75590500
9.25680012,-3.14960600
9.25760012,-4.33070900
9.25840012,-5.90551100
9.25920012,-5.90551100
9.26000012,-5.51181100
9.26080012,-5.51181100
9.26160012,-4.72440900
9.26240012,-5.90551100
9.26320012,-7.08661400
9.26400012,-7.87401500
9.26480012,-8.26771600
9.26560012,-7.48031400
9.26640012,-6.69291300
9.26720012,-6.29921200
9.26800012,-6.29921200
9.26880012,-6.29921200
9.26960012,-6.69291300
9.27040012,-6.69291300
9.27120012,-5.90551100
9.27200012,-5.11811000
9.27280012,-5.51181100
9.27360012,-6.69291300
9.27440012,-7.87401500
9.27520012,-8.26771600
9.27600012,-7.48031400
9.27680012,-5.90551100
9.27760012,-4.33070900
9.27840012,-2.75590500
9.27920012,-1.96850400
9.28000012,-1.96850400
9.28080012,-0.39370070
9.28160012,0.00000000
9.28240012,0.39370070
9.28320012,0.39370070
9.28400012,-0.78740150
9.28480012,-1.57480300
9.28560012,-1.96850400
9.28640012,-1.18110200
9.28720012,-0.39370070
9.28800012,0.78740150
9.28880012,1.57480300
9.28960012,2.36220500
9.29040012,3.14960600
9.29120012,3.93700800
9.29200012,4.72440900
9.29280012,5.11811000
9.29360012,5.11811000
9.29440012,4.72440900
9.29520012,4.33070900
9.29600012,3.54330700
9.29680012,3.93700800
9.29760012,5.11811000
9.29840012,5.51181100
9.29920012,5.90551100
9.30000012,7.08661400
9.30080012,6.69291300
9.30160012,6.29921200
9.30240012,6.69291300
9.30320012,7.08661400
9.30400012,7.08661400
9.30480012,6.69291300
9.30560012,5.90551100
9.30640012,5.11811000
9.30720012,6.29921200
9.30800012,5.90551100
9.30880012,5.90551100
9.30960012,5.11811000
9.31040012,4.33070900
9.31120012,3.14960600
9.31200012,1.96850400
9.31280012,1.96850400
9.31360012,1.96850400
9.31440012,2.36220500
9.31520012,2.75590500
9.31600012,2.75590500
9.31680012,3.54330700
9.31760012,2.36220500
9.31840012,1.18110200
9.31920012,0.39370070
9.32000012,-0.39370070
9.32080012,-0.39370070
9.32160012,0.00000000
9.32240012,-0.39370070
9.32320012,-0.78740150
9.32400012,-1.57480300
9.32480012,-1.96850400
9.32560012,-1.18110200
9.32640012,-1.57480300
9.32720012,-1.96850400
9.32800012,-2.36220500
9.32880012,-3.14960600
9.32960012,-3.93700800
9.33040012,-4.72440900
9.33120012,-5.11811000
9.33200012,-5.51181100
9.33280012,-5.51181100
9.33360012,-4.72440900
9.33440012,-3.54330700
9.33520012,-3.54330700
9.33600012,-3.93700800
9.33680012,-4.72440900
9.33760012,-5.11811000
9.33840012,-4.33070900
9.33920012,-4.72440900
9.34000012,-4.72440900
9.34080012,-5.51181100
9.34160012,-5.90551100
9.34240012,-5.90551100
9.34320012,-4.72440900
9.34400012,-3.93700800
9.34480012,-3.54330700
9.34560012,-3.93700800
9.34640012,-4.72440900
9.34720012,-5.11811000
9.34800012,-5.11811000
9.34880012,-4.72440900
9.34960012,-4.33070900
9.35040012,-3.14960600
9.35120012,-2.75590500
9.35200012,-2.75590500
9.35280012,-1.57480300
9.35360012,-1.18110200
9.35440012,0.39370070
9.35520012,0.78740150
9.35600012,0.39370070
9.35680012,0.39370070
9.35760012,-0.78740150
9.35840012,-1.18110200
9.35920012,-0.39370070
9.36000012,1.18110200
9.36080012,2.75590500
9.36160012,3.54330700
9.36240013,3.54330700
9.36320013,3.54330700
9.36400013,3.54330700
9.36480013,3.93700800
9.36560013,3.93700800
9.36640013,3.14960600
9.36720013,3.14960600
9.36800013,1.96850400
9.36880013,1.96850400
9.36960013,1.96850400
9.37040013,3.54330700
9.37120013,4.72440900
9.37200013,6.29921200
9.37280013,6.29921200
9.37360013,5.90551100
9.37440013,5.11811000
9.37520013,4.33070900
9.37600013,3.54330700
9.37680013,3.14960600
9.37760013,3.14960600
9.37840013,2.75590500
9.37920013,3.14960600
9.38000013,3.54330700
9.38080013,4.72440900
9.38160013,5.90551100
9.38240013,6.29921200
9.38320013,6.69291300
9.38400013,5.90551100
9.38480013,4.72440900
9.38560013,2.75590500
9.38640013,1.57480300
9.38720013,0.39370070
9.38800013,0.00000000
9.38880013,-0.78740150
9.38960013,0.00000000
9.39040013,0.00000000
9.39120013,1.18110200
9.39200013,1.96850400
9.39280013,2.75590500
9.39360013,2.75590500
9.39440013,2.75590500
9.39520013,1.57480300
9.39600013,0.78740150
9.39680013,-0.78740150
9.39760013,-1.57480300
9.39840013,-2.36220500
9.39920013,-2.36220500
9.40000013,-1.96850400
9.40080013,-1.57480300
9.40160013,-1.18110200
9.40240013,-1.57480300
9.40320013,-1.18110200
9.40400013,-0.39370070
9.40480013,-1.18110200
9.40560013,-1.18110200
9.40640013,-1.18110200
9.40720013,-2.75590500
9.40800013,-3.54330700
9.40880013,-3.14960600
9.40960013,-3.14960600
9.41040013,-3.14960600
9.41120013,-2.36220500
9.41200013,-2.36220500
9.41280013,-1.96850400
9.41360013,-2.75590500
9.41440013,-2.75590500
9.41520013,-2.75590500
9.41600013,-2.36220500
9.41680013,-2.75590500
9.41760013,-2.75590500
9.41840013,-3.14960600
9.41920013,-3.54330700
9.42000013,-3.93700800
9.42080013,-3.14960600
9.42160013,-2.36220500
9.42240013,-1.96850400
9.42320013,-2.75590500
9.42400013,-3.14960600
9.42480013,-3.54330700
9.42560013,-3.14960600
9.42640013,-3.14960600
9.42720013,-2.36220500
9.42800013,-2.75590500
9.42880013,-2.75590500
9.42960013,-3.14960600
9.43040013,-3.14960600
9.43120013,-2.36220500
9.43200013,-1.57480300
9.43280013,-0.39370070
9.43360013,0.00000000
9.43440013,0.00000000
9.43520013,0.00000000
9.43600013,0.00000000
9.43680013,0.39370070
9.43760013,1.18110200
9.43840013,0.78740150
9.43920013,1.18110200
9.44000013,0.00000000
9.44080013,-0.78740150
9.44160013,-0.78740150
9.44240013,0.00000000
9.44320013,0.39370070
9.44400013,1.18110200
9.44480013,1.57480300
9.44560013,1.18110200
9.44640013,1.57480300
9.44720013,1.96850400
9.44800013,1.96850400
9.44880013,3.14960600
9.44960013,3.54330700
9.45040013,3.54330700
9.45120013,3.93700800
9.45200013,4.72440900
9.45280013,5.11811000
9.45360013,5.11811000
9.45440013,5.51181100
9.45520013,4.72440900
9.45600013,3.93700800
9.45680013,3.54330700
9.45760013,1.96850400
9.45840013,1.57480300
9.45920013,1.18110200
9.46000013,1.18110200
9.46080013,1.96850400
9.46160013,3.14960600
9.46240013,3.54330700
9.46320013,3.93700800
9.46400013,4.72440900
9.46480013,5.11811000
9.46560013,5.51181100
9.46640013,5.11811000
9.46720013,3.93700800
9.46800013,2.36220500
9.46880013,0.39370070
9.46960013,-0.78740150
9.47040013,-1.18110200
9.47120013,-0.39370070
9.47200013,-0.78740150
9.47280013,1.18110200
9.47360013,1.96850400
9.47440013,2.75590500
9.47520013,3.54330700
9.47600013,2.75590500
9.47680013,1.96850400
9.47760013,1.18110200
9.47840013,0.00000000
9.47920013,-1.96850400
9.48000013,-3.14960600
9.48080013,-4.33070900
9.48160013,-4.33070900
9.48240013,-3.14960600
9.48320013,-1.18110200
9.48400013,-0.39370070
9.48480013,0.39370070
9.48560013,-0.39370070
9.48640013,-0.39370070
9.48720013,-1.57480300
9.48800013,-1.57480300
9.48880013,-2.75590500
9.48960013,-3.54330700
9.49040013,-3.93700800
9.49120013,-3.93700800
9.49200013,-3.54330700
9.49280013,-2.75590500
9.49360013,-2.36220500
9.49440013,-1.96850400
9.49520013,-1.18110200
9.49600013,-2.75590500
9.49680013,-3.54330700
9.49760013,-4.72440900
9.49840013,-5.11811000
9.49920013,-4.72440900
9.50000013,-4.72440900
9.50080013,-4.72440900
9.50160013,-3.93700800
9.50240013,-3.93700800
9.50320013,-3.14960600
9.50400013,-1.18110200
9.50480013,0.00000000
9.50560013,0.00000000
9.50640013,-0.78740150
9.50720013,-1.96850400
9.50800013,-2.75590500
9.50880013,-3.14960600
9.50960013,-3.54330700
9.51040013,-3.54330700
9.51120013,-3.14960600
9.51200013,-3.54330700
9.51280013,-2.75590500
9.51360013,-1.96850400
9.51440013,-0.78740150
9.51520013,0.00000000
9.51600013,0.39370070
9.51680013,0.39370070
9.51760013,0.00000000
9.51840013,-0.39370070
9.51920013,-0.39370070
9.52000013,-0.78740150
9.52080013,0.00000000
9.52160013,1.18110200
9.52240013,1.96850400
9.52320013,2.36220500
9.52400013,3.14960600
9.52480013,3.14960600
9.52560013,3.54330700
9.52640013,3.93700800
9.52720013,3.93700800
9.52800013,3.54330700
9.52880013,3.54330700
9.52960013,3.14960600
9.53040013,3.54330700
9.53120013,3.54330700
9.53200013,3.54330700
9.53280013,4.72440900
9.53360013,4.72440900
9.53440013,4.72440900
9.53520013,4.33070900
9.53600013,4.72440900
9.53680013,3.54330700
9.53760013,4.33070900
9.53840013,4.33070900
9.53920013,4.33070900
9.54000013,4.72440900
9.54080013,4.33070900
9.54160013,3.54330700
9.54240013,4.33070900
9.54320013,4.72440900
9.54400013,5.51181100
9.54480013,5.90551100
9.54560013,5.51181100
9.54640013,4.72440900
9.54720013,3.54330700
9.54800013,2.75590500
9.54880013,1.96850400
9.54960013,1.57480300
9.55040013,0.78740150
9.55120013,0.00000000
9.55200013,-0.78740150
9.55280013,-1.57480300
9.55360013,-1.57480300
9.55440013,-0.78740150
9.55520013,0.00000000
9.55600013,0.00000000
9.55680013,-0.39370070
9.55760013,-0.78740150
9.55840013,-1.18110200
9.55920013,-1.96850400
9.56000013,-2.36220500
9.56080013,-2.36220500
9.56160013,-3.14960600
9.56240013,-3.14960600
9.56320013,-4.33070900
9.56400013,-4.33070900
9.56480013,-3.93700800
9.56560013,-3.54330700
9.56640013,-2.36220500
9.56720013,-2.75590500
9.56800013,-3.54330700
9.56880013,-3.93700800
9.56960013,-5.51181100
9.57040013,-5.90551100
9.57120013,-6.69291300
9.57200013,-6.29921200
9.57280013,-7.08661400
9.57360013,-7.08661400
9.57440013,-6.29921200
9.57520013,-5.51181100
9.57600013,-3.93700800
9.57680013,-2.36220500
9.57760013,-2.36220500
9.57840013,-1.96850400
9.57920013,-2.36220500
9.58000013,-3.54330700
9.58080013,-4.33070900
9.58160013,-4.33070900
9.58240013,-3.93700800
9.58320013,-3.14960600
9.58400013,-2.75590500
9.58480013,-2.36220500
9.58560013,-1.96850400
9.58640013,-0.78740150
9.58720013,0.00000000
9.58800013,1.18110200
9.58880013,0.78740150
9.58960013,0.78740150
9.59040013,0.00000000
9.59120013,-1.18110200
9.59200013,-1.57480300
9.59280013,-1.57480300
9.59360013,-0.39370070
9.59440013,0.39370070
9.59520013,1.96850400
9.59600013,3.14960600
9.59680013,3.14960600
9.59760013,4.33070900
9.59840013,3.93700800
9.59920013,4.33070900
9.60000013,4.72440900
9.60080013,4.33070900
9.60160013,4.33070900
9.60240013,3.93700800
9.60320013,3.93700800
9.60400013,3.54330700
9.60480013,3.93700800
9.60560013,4.33070900
9.60640013,4.33070900
9.60720013,4.33070900
9.60800013,3.93700800
9.60880013,3.93700800
9.60960013,4.72440900
9.61040013,4.72440900
9.61120013,5.11811000
9.61200013,5.51181100
9.61280013,5.11811000
9.61360013,5.11811000
9.61440013,4.72440900
9.61520013,4.72440900
9.61600013,3.93700800
9.61680013,3.54330700
9.61760013,2.36220500
9.61840013,1.96850400
9.61920013,1.18110200
9.62000013,1.96850400
9.62080013,2.36220500
9.62160013,3.14960600
9.62240013,3.54330700
9.62320013,3.54330700
9.62400013,2.75590500
9.62480013,1.96850400
9.62560013,0.39370070
9.62640013,-0.39370070
9.62720013,-0.78740150
9.62800013,-2.75590500
9.62880013,-3.93700800
9.62960013,-3.54330700
9.63040013,-3.54330700
9.63120013,-2.36220500
9.63200013,-0.78740150
9.63280013,0.00000000
9.63360013,0.78740150
9.63440013,0.39370070
9.63520013,-0.78740150
9.63600013,-1.96850400
9.63680013,-2.36220500
9.63760013,-3.54330700
9.63840013,-4.72440900
9.63920013,-4.33070900
9.64000013,-4.72440900
9.64080013,-4.33070900
9.64160013,-3.14960600
9.64240013,-3.14960600
9.64320013,-1.96850400
9.64400013,-2.36220500
9.64480013,-2.36220500
9.64560013,-3.54330700
9.64640013,-4.72440900
9.64720013,-5.51181100
9.64800013,-5.90551100
9.64880013,-5.51181100
9.64960013,-5.11811000
9.65040013,-4.33070900
9.65120013,-3.93700800
9.65200013,-3.54330700
9.65280013,-2.75590500
9.65360013,-2.36220500
9.65440013,-2.36220500
9.65520013,-2.36220500
9.65600013,-3.14960600
9.65680013,-3.93700800
9.65760013,-4.33070900
9.65840013,-3.93700800
9.65920013,-3.93700800
9.66000013,-3.14960600
9.66080013,-1.57480300
9.66160013,-1.57480300
9.66240013,-1.18110200
9.66320013,-1.96850400
9.66400013,-1.96850400
9.66480013,-1.57480300
9.66560013,-1.18110200
9.66640013,-0.78740150
9.66720013,0.00000000
9.66800013,0.00000000
9.66880013,0.39370070
9.66960013,0.78740150
9.67040013,2.36220500
9.67120013,3.14960600
9.67200013,3.54330700
9.67280013,3.93700800
9.67360013,3.14960600
9.67440013,2.75590500
9.67520013,3.14960600
9.67600013,3.14960600
9.67680013,3.93700800
9.67760013,5.11811000
9.67840013,5.51181100
9.67920013,5.90551100
9.68000013,5.90551100
9.68080013,6.29921200
9.68160013,6.29921200
9.68240013,7.08661400
9.68320013,7.08661400
9.68400013,5.90551100
9.68480013,5.51181100
9.68560013,4.72440900
9.68640013,4.72440900
9.68720013,4.72440900
9.68800013,5.11811000
9.68880013,5.90551100
9.68960013,6.69291300
9.69040013,7.08661400
9.69120013,6.29921200
9.69200013,6.29921200
9.69280013,5.51181100
9.69360013,5.11811000
9.69440013,5.11811000
9.69520013,3.54330700
9.69600013,3.14960600
9.69680013,2.75590500
9.69760013,1.57480300
9.69840013,1.96850400
9.69920013,1.96850400
9.70000013,2.36220500
9.70080013,1.57480300
9.70160013,0.00000000
9.70240013,-0.78740150
9.70320013,-1.96850400
9.70400013,-1.96850400
9.70480013,-1.96850400
9.70560013,-1.96850400
9.70640013,-1.18110200
9.70720013,-2.36220500
9.70800013,-3.14960600
9.70880013,-3.54330700
9.70960013,-3.54330700
9.71040013,-3.93700800
9.71120013,-4.72440900
9.71200013,-5.11811000
9.71280013,-6.29921200
9.71360013,-6.29921200
9.71440013,-6.29921200
9.71520013,-5.90551100
9.71600013,-4.72440900
9.71680013,-4.72440900
9.71760013,-5.11811000
9.71840013,-5.11811000
9.71920013,-6.69291300
9.72000013,-7.08661400
9.72080013,-7.48031400
9.72160013,-7.87401500
9.72240013,-7.08661400
9.72320013,-7.08661400
9.72400013,-6.69291300
9.72480013,-6.29921200
9.72560013,-5.51181100
9.72640013,-5.11811000
9.72720013,-4.33070900
9.72800013,-3.54330700
9.72880013,-3.93700800
9.72960013,-4.72440900
9.73040013,-4.72440900
9.73120013,-5.11811000
9.73200013,-4.72440900
9.73280013,-3.54330700
9.73360013,-3.14960600
9.73440013,-1.57480300
9.73520013,-0.78740150
9.73600013,-0.39370070
9.73680013,0.78740150
9.73760013,0.78740150
9.73840013,0.78740150
9.73920013,0.78740150
9.74000013,0.39370070
9.74080013,-0.39370070
9.74160013,0.00000000
9.74240013,0.39370070
9.74320013,1.18110200
9.74400013,3.14960600
9.74480013,5.11811000
9.74560013,6.29921200
9.74640013,7.08661400
9.74720013,7.08661400
9.74800013,6.69291300
9.74880013,6.29921200
9.74960013,5.90551100
9.75040013,5.51181100
9.75120013,5.51181100
9.75200013,5.11811000
9.75280013,5.51181100
9.75360013,6.69291300
9.75440013,7.48031400
9.75520013,7.87401500
9.75600013,8.66141700
9.75680013,8.66141700
9.75760013,8.66141700
9.75840013,7.48031400
9.75920013,7.08661400
9.76000013,6.29921200
9.76080013,6.29921200
9.76160013,6.29921200
9.76240013,6.29921200
9.76320013,5.51181100
9.76400013,5.11811000
9.76480013,4.72440900
9.76560013,4.72440900
9.76640013,5.11811000
9.76720013,4.72440900
9.76800013,3.54330700
9.76880013,2.36220500
9.76960013,1.57480300
9.77040013,0.00000000
9.77120013,0.39370070
9.77200013,0.00000000
9.77280013,0.00000000
9.77360013,0.39370070
9.77440013,0.00000000
9.77520013,-1.57480300
9.77600013,-1.96850400
9.77680013,-2.75590500
9.77760013,-3.93700800
9.77840013,-3.14960600
9.77920013,-4.33070900
9.78000013,-5.51181100
9.78080013,-6.29921200
9.78160013,-6.69291300
9.78240013,-6.69291300
9.78320013,-5.90551100
9.78400013,-5.51181100
9.78480013,-5.51181100
9.78560013,-6.29921200
9.78640013,-7.08661400
9.78720013,-7.48031400
9.78800013,-7.08661400
9.78880013,-7.08661400
9.78960013,-7.08661400
9.79040013,-7.48031400
9.79120013,-7.48031400
9.79200013,-7.48031400
9.79280013,-7.48031400
9.79360013,-7.08661400
9.79440013,-6.69291300
9.79520013,-6.69291300
9.79600013,-6.29921200
9.79680013,-6.29921200
9.79760013,-5.90551100
9.79840013,-5.51181100
9.79920013,-4.72440900
9.80000013,-3.93700800
9.80080013,-3.14960600
9.80160013,-3.14960600
9.80240013,-2.36220500
9.80320013,-2.36220500
9.80400013,-1.57480300
9.80480013,-0.78740150
9.80560013,0.00000000
9.80640013,0.00000000
9.80720013,0.39370070
9.80800013,0.39370070
9.80880013,0.78740150
9.80960013,1.57480300
9.81040013,1.96850400
9.81120013,2.36220500
9.81200013,2.75590500
9.81280013,3.14960600
9.81360013,3.54330700
9.81440013,3.93700800
9.81520013,4.33070900
9.81600013,4.72440900
9.81680013,5.51181100
9.81760013,5.51181100
9.81840013,6.29921200
9.81920013,6.29921200
9.82000013,6.29921200
9.82080013,5.90551100
9.82160013,5.51181100
9.82240013,5.51181100
9.82320013,5.11811000
9.82400013,5.51181100
9.82480013,5.51181100
9.82560013,5.51181100
9.82640013,6.29921200
9.82720013,7.08661400
9.82800013,7.08661400
9.82880013,7.87401500
9.82960013,7.48031400
9.83040013,6.69291300
9.83120013,5.51181100
9.83200013,4.33070900
9.83280013,3.14960600
9.83360013,2.75590500
9.83440013,2.75590500
9.83520013,3.14960600
9.83600013,3.54330700
9.83680013,3.14960600
9.83760013,3.14960600
9.83840013,3.54330700
9.83920013,3.93700800
9.84000013,3.54330700
9.84080013,3.54330700
9.84160013,2.36220500
9.84240013,0.00000000
9.84320013,-0.78740150
9.84400013,-2.36220500
9.84480013,-2.36220500
9.84560013,-1.96850400
9.84640013,-1.96850400
9.84720013,-2.36220500
9.84800013,-2.75590500
9.84880013,-2.36220500
9.84960013,-2.36220500
9.85040013,-1.57480300
9.85120013,-1.57480300
9.85200013,-2.36220500
9.85280013,-3.54330700
9.85360013,-5.11811000
9.85440013,-6.29921200
9.85520013,-6.29921200
9.85600013,-5.90551100
9.85680013,-5.51181100
9.85760013,-5.51181100
9.85840013,-5.90551100
9.85920013,-5.90551100
9.86000013,-5.11811000
9.86080013,-3.93700800
9.86160013,-3.54330700
9.86240013,-2.36220500
9.86320013,-3.54330700
9.86400013,-4.33070900
9.86480013,-5.11811000
9.86560013,-5.51181100
9.86640013,-5.51181100
9.86720013,-5.11811000
9.86800013,-5.11811000
9.86880013,-5.11811000
9.86960013,-4.72440900
9.87040013,-3.93700800
9.87120013,-2.36220500
9.87200013,-1.18110200
9.87280013,-0.39370070
9.87360013,-0.39370070
9.87440013,-0.39370070
9.87520013,-0.39370070
9.87600013,-1.18110200
9.87680013,-1.96850400
9.87760013,-1.96850400
9.87840013,-2.36220500
9.87920013,-1.57480300
9.88000013,-1.57480300
9.88080013,-0.39370070
9.88160013,0.78740150
9.88240013,2.75590500
9.88320013,3.93700800
9.88400013,4.33070900
9.88480013,3.93700800
9.88560013,3.14960600
9.88640013,2.75590500
9.88720013,2.36220500
9.88800013,1.18110200
9.88880013,1.18110200
9.88960013,0.78740150
9.89040013,1.18110200
9.89120013,1.96850400
9.89200013,2.75590500
9.89280013,4.33070900
9.89360013,5.11811000
9.89440013,5.51181100
9.89520013,5.51181100
9.89600013,5.90551100
9.89680013,4.72440900
9.89760013,3.54330700
9.89840013,3.14960600
9.89920013,1.96850400
9.90000013,1.18110200
9.90080013,1.96850400
9.90160013,2.36220500
9.90240013,3.93700800
9.90320013,4.72440900
9.90400013,5.11811000
9.90480013,4.72440900
9.90560013,4.33070900
9.90640013,4.33070900
9.90720013,3.54330700
9.90800013,2.75590500
9.90880013,1.96850400
9.90960013,0.78740150
9.91040013,0.00000000
9.91120013,0.00000000
9.91200013,0.39370070
9.91280013,1.18110200
9.91360013,2.75590500
9.91440013,3.54330700
9.91520013,3.54330700
9.91600013,3.14960600
9.91680013,2.36220500
9.91760013,1.96850400
9.91840013,1.18110200
9.91920013,0.39370070
9.92000013,-0.39370070
9.92080013,-1.96850400
9.92160013,-2.75590500
9.92240013,-2.36220500
9.92320013,-1.96850400
9.92400013,-0.39370070
9.92480013,0.00000000
9.92560013,0.39370070
9.92640013,-0.78740150
9.92720013,-1.18110200
9.92800013,-1.57480300
9.92880013,-1.96850400
9.92960013,-1.57480300
9.93040013,-1.57480300
9.93120013,-2.75590500
9.93200013,-3.54330700
9.93280013,-4.33070900
9.93360013,-4.33070900
9.93440013,-3.93700800
9.93520013,-3.14960600
9.93600013,-2.75590500
9.93680013,-3.14960600
9.93760013,-3.54330700
9.93840013,-2.75590500
9.93920013,-2.75590500
9.94000013,-2.75590500
9.94080013,-3.54330700
9.94160013,-3.93700800
9.94240013,-5.11811000
9.94320013,-5.90551100
9.94400013,-5.90551100
9.94480013,-4.72440900
9.94560013,-3.93700800
9.94640013,-3.14960600
9.94720013,-2.36220500
9.94800013,-2.36220500
9.94880013,-2.36220500
9.94960013,-2.36220500
9.95040013,-2.75590500
9.95120013,-3.14960600
9.95200013,-3.14960600
9.95280013,-3.54330700
9.95360013,-3.54330700
9.95440013,-2.75590500
9.95520013,-1.57480300
9.95600013,-0.78740150
9.95680013,0.39370070
9.95760013,1.18110200
9.95840013,1.57480300
9.95920013,1.57480300
9.96000013,1.18110200
9.96080013,0.39370070
9.96160013,0.00000000
9.96240013,-0.39370070
9.96320013,0.39370070
9.96400013,0.78740150
9.96480013,1.57480300
9.96560013,2.75590500
9.96640013,3.54330700
9.96720013,4.33070900
9.96800013,5.11811000
9.96880013,5.11811000
9.96960013,5.51181100
9.97040013,5.11811000
9.97120013,4.72440900
9.97200013,3.54330700
9.97280013,3.54330700
9.97360013,3.54330700
9.97440013,3.54330700
9.97520013,4.72440900
9.97600013,5.51181100
9.97680013,5.51181100
9.97760013,5.51181100
9.97840013,5.11811000
9.97920013,5.11811000
9.98000013,5.51181100
9.98080013,4.33070900
9.98160013,3.54330700
9.98240013,3.14960600
9.98320013,3.14960600
9.98400013,3.14960600
9.98480013,3.93700800
9.98560013,4.72440900
9.98640013,5.11811000
9.98720013,4.72440900
9.98800013,3.54330700
9.98880013,2.36220500
9.98960013,2.36220500
9.99040013,1.57480300
9.99120013,1.18110200
9.99200013,1.57480300
9.99280013,1.18110200
9.99360013,0.78740150
9.99440013,1.18110200
9.99520013,1.57480300
9.99600013,2.36220500
9.99680013,2.75590500
9.99760013,2.36220500
9.99840013,0.00000000
9.99920013,-1.18110200
10.00000013,-3.54330700
10.00080013,-4.72440900
10.00160013,-4.72440900
10.00240013,-3.93700800
10.00320013,-3.93700800
10.00400013,-3.14960600
10.00480013,-2.36220500
10.00560013,-2.36220500
10.00640013,-1.96850400
10.00720013,-1.96850400
10.00800013,-2.75590500
10.00880013,-3.54330700
10.00960013,-4.72440900
10.01040013,-6.69291300
10.01120013,-7.87401500
10.01200013,-8.26771600
10.01280013,-7.48031400
10.01360013,-6.29921200
10.01440013,-5.11811000
10.01520013,-4.33070900
10.01600013,-3.93700800
10.01680013,-3.54330700
10.01760013,-3.93700800
10.01840013,-4.33070900
10.01920013,-4.72440900
10.02000013,-5.90551100
10.02080013,-6.29921200
10.02160013,-7.48031400
10.02240013,-7.48031400
10.02320013,-6.69291300
10.02400013,-5.11811000
10.02480013,-3.93700800
10.02560013,-2.36220500
10.02640013,-1.57480300
10.02720013,-1.96850400
10.02800013,-1.96850400
10.02880013,-1.96850400
10.02960013,-1.57480300
10.03040013,-1.57480300
10.03120013,-1.57480300
10.03200013,-2.36220500
10.03280013,-1.96850400
10.03360013,-1.18110200
10.03440013,-0.39370070
10.03520013,1.18110200
10.03600013,3.14960600
10.03680013,3.93700800
10.03760013,4.33070900
10.03840013,4.72440900
10.03920013,4.33070900
10.04000013,4.33070900
10.04080013,3.93700800
10.04160013,3.54330700
10.04240013,3.93700800
10.04320013,4.33070900
10.04400013,4.33070900
10.04480013,4.72440900
10.04560013,5.90551100
10.04640013,6.69291300
10.04720013,7.48031400
10.04800013,8.26771600
10.04880013,8.26771600
10.04960013,8.26771600
10.05040013,8.26771600
10.05120013,7.87401500
10.05200013,7.48031400
10.05280013,6.69291300
10.05360013,5.90551100
10.05440013,5.51181100
10.05520013,5.51181100
10.05600013,4.33070900
10.05680013,4.72440900
10.05760013,5.51181100
10.05840013,5.51181100
10.05920013,6.29921200
10.06000013,6.29921200
10.06080013,5.90551100
10.06160013,5.51181100
10.06240013,4.72440900
10.06320013,2.75590500
10.06400013,2.36220500
10.06480013,1.57480300
10.06560013,0.39370070
10.06640013,-0.39370070
10.06720013,-1.18110200
10.06800013,-1.18110200
10.06880013,-0.39370070
10.06960013,0.00000000
10.07040013,0.00000000
10.07120013,0.00000000
10.07200013,-0.78740150
10.07280013,-1.96850400
10.07360013,-3.54330700
10.07440013,-4.33070900
10.07520013,-5.11811000
10.07600013,-5.51181100
10.07680013,-5.90551100
10.07760013,-6.29921200
10.07840013,-6.69291300
10.07920013,-6.69291300
10.08000013,-6.29921200
10.08080013,-5.90551100
10.08160013,-5.51181100
10.08240013,-5.11811000
10.08320013,-6.29921200
10.08400013,-7.08661400
10.08480013,-7.87401500
10.08560013,-8.26771600
10.08640013,-7.87401500
10.08720013,-7.48031400
10.08800013,-7.08661400
10.08880013,-6.29921200
10.08960013,-6.69291300
10.09040013,-5.51181100
10.09120013,-5.11811000
10.09200013,-4.72440900
10.09280013,-4.72440900
10.09360013,-4.33070900
10.09440013,-4.72440900
10.09520013,-5.51181100
10.09600013,-5.51181100
10.09680013,-4.72440900
10.09760013,-3.54330700
10.09840013,-2.36220500
10.09920013,-1.96850400
10.10000013,-1.96850400
10.10080013,-1.57480300
10.10160013,-1.18110200
10.10240013,-0.39370070
10.10320013,0.39370070
10.10400013,1.57480300
10.10480013,1.18110200
10.10560013,1.57480300
10.10640013,1.57480300
10.10720013,1.96850400
10.10800013,3.14960600
10.10880013,3.54330700
10.10960013,3.93700800
10.11040013,3.93700800
10.11120013,3.54330700
10.11200014,3.14960600
10.11280014,3.93700800
10.11360014,4.72440900
10.11440014,5.90551100
10.11520014,6.29921200
10.11600014,6.29921200
10.11680014,6.29921200
10.11760014,6.69291300
10.11840014,6.69291300
10.11920014,6.69291300
10.12000014,6.69291300
10.12080014,5.51181100
10.12160014,5.11811000
10.12240014,4.72440900
10.12320014,4.72440900
10.12400014,5.51181100
10.12480014,6.69291300
10.12560014,7.48031400
10.12640014,7.08661400
10.12720014,6.69291300
10.12800014,6.29921200
10.12880014,5.11811000
10.12960014,5.11811000
10.13040014,4.33070900
10.13120014,3.54330700
10.13200014,2.36220500
10.13280014,1.96850400
10.13360014,1.96850400
10.13440014,2.36220500
10.13520014,3.14960600
10.13600014,3.54330700
10.13680014,3.14960600
10.13760014,2.36220500
10.13840014,1.18110200
10.13920014,0.78740150
10.14000014,0.39370070
10.14080014,-0.78740150
10.14160014,-1.96850400
10.14240014,-2.36220500
10.14320014,-2.36220500
10.14400014,-2.36220500
10.14480014,-1.57480300
10.14560014,-1.18110200
10.14640014,-1.18110200
10.14720014,-1.57480300
10.14800014,-1.96850400
10.14880014,-2.75590500
10.14960014,-3.54330700
10.15040014,-3.93700800
10.15120014,-4.33070900
10.15200014,-5.11811000
10.15280014,-5.51181100
10.15360014,-5.90551100
10.15440014,-5.51181100
10.15520014,-4.72440900
10.15600014,-3.93700800
10.15680014,-3.54330700
10.15760014,-4.33070900
10.15840014,-5.11811000
10.15920014,-5.51181100
10.16000014,-5.51181100
10.16080014,-5.51181100
10.16160014,-5.11811000
10.16240014,-4.72440900
10.16320014,-5.51181100
10.16400014,-5.51181100
10.16480014,-5.90551100
10.16560014,-5.11811000
10.16640014,-5.11811000
10.16720014,-3.93700800
10.16800014,-3.54330700
10.16880014,-4.33070900
10.16960014,-4.33070900
10.17040014,-3.14960600
10.17120014,-2.36220500
10.17200014,-1.96850400
10.17280014,-1.96850400
10.17360014,-2.36220500
10.17440014,-2.75590500
10.17520014,-2.36220500
10.17600014,-2.36220500
10.17680014,-1.96850400
10.17760014,-0.78740150
10.17840014,-0.78740150
10.17920014,-0.39370070
10.18000014,0.39370070
10.18080014,1.18110200
10.18160014,1.57480300
10.18240014,2.75590500
10.18320014,3.14960600
10.18400014,2.36220500
10.18480014,2.36220500
10.18560014,1.96850400
10.18640014,2.75590500
10.18720014,3.14960600
10.18800014,3.54330700
10.18880014,2.75590500
10.18960014,3.14960600
10.19040014,4.33070900
10.19120014,4.72440900
10.19200014,6.29921200
10.19280014,6.29921200
10.19360014,6.29921200
10.19440014,5.51181100
10.19520014,5.51181100
10.19600014,5.51181100
10.19680014,5.51181100
10.19760014,5.51181100
10.19840014,5.51181100
10.19920014,5.90551100
10.20000014,5.51181100
10.20080014,5.90551100
10.20160014,5.90551100
10.20240014,6.69291300
10.20320014,6.69291300
10.20400014,6.29921200
10.20480014,5.51181100
10.20560014,4.72440900
10.20640014,4.33070900
10.20720014,4.33070900
10.20800014,4.33070900
10.20880014,4.33070900
10.20960014,3.54330700
10.21040014,2.75590500
10.21120014,2.75590500
10.21200014,2.36220500
10.21280014,2.36220500
10.21360014,2.36220500
10.21440014,1.57480300
10.21520014,0.00000000
10.21600014,-0.39370070
10.21680014,-0.39370070
10.21760014,0.39370070
10.21840014,1.18110200
10.21920014,0.78740150
10.22000014,-0.39370070
10.22080014,-1.57480300
10.22160014,-3.14960600
10.22240014,-3.14960600
10.22320014,-3.93700800
10.22400014,-4.33070900
10.22480014,-3.93700800
10.22560014,-4.33070900
10.22640014,-3.93700800
10.22720014,-4.33070900
10.22800014,-3.54330700
10.22880014,-3.14960600
10.22960014,-4.72440900
10.23040014,-5.51181100
10.23120014,-7.87401500
10.23200014,-9.05511800
10.23280014,-9.44881800
10.23360014,-8.66141700
10.23440014,-6.69291300
10.23520014,-5.11811000
10.23600014,-3.93700800
10.23680014,-3.93700800
10.23760014,-4.33070900
10.23840014,-4.33070900
10.23920014,-5.51181100
10.24000014,-5.90551100
10.24080014,-7.48031400
10.24160014,-8.26771600
10.24240014,-7.48031400
10.24320014,-7.08661400
10.24400014,-5.11811000
10.24480014,-3.54330700
10.24560014,-2.36220500
10.24640014,-1.96850400
10.24720014,-1.57480300
10.24800014,-1.57480300
10.24880014,-1.57480300
10.24960014,-1.18110200
10.25040014,-1.96850400
10.25120014,-1.96850400
10.25200014,-2.36220500
10.25280014,-2.36220500
10.25360014,-1.96850400
10.25440014,0.00000000
10.25520014,1.96850400
10.25600014,3.93700800
10.25680014,5.90551100
10.25760014,5.51181100
10.25840014,5.51181100
10.25920014,3.93700800
10.26000014,3.14960600
10.26080014,2.75590500
10.26160014,3.14960600
10.26240014,3.54330700
10.26320014,4.33070900
10.26400014,5.51181100
10.26480014,6.29921200
10.26560014,7.48031400
10.26640014,7.87401500
10.26720014,8.26771600
10.26800014,7.87401500
10.26880014,7.87401500
10.26960014,7.48031400
10.27040014,7.48031400
10.27120014,6.69291300
10.27200014,5.90551100
10.27280014,5.51181100
10.27360014,5.51181100
10.27440014,5.90551100
10.27520014,6.29921200
10.27600014,7.08661400
10.27680014,7.08661400
10.27760014,6.69291300
10.27840014,6.69291300
10.27920014,5.11811000
10.28000014,4.33070900
10.28080014,3.14960600
10.28160014,3.14960600
10.28240014,2.75590500
10.28320014,3.14960600
10.28400014,2.75590500
10.28480014,2.75590500
10.28560014,2.36220500
10.28640014,1.96850400
10.28720014,0.78740150
10.28800014,0.00000000
10.28880014,-1.57480300
10.28960014,-1.57480300
10.29040014,-1.57480300
10.29120014,-1.96850400
10.29200014,-2.36220500
10.29280014,-2.75590500
10.29360014,-2.75590500
10.29440014,-3.54330700
10.29520014,-2.75590500
10.29600014,-2.36220500
10.29680014,-3.14960600
10.29760014,-3.14960600
10.29840014,-4.72440900
10.29920014,-6.29921200
10.30000014,-7.08661400
10.30080014,-6.69291300
10.30160014,-6.29921200
10.30240014,-6.29921200
10.30320014,-6.29921200
10.30400014,-7.08661400
10.30480014,-7.08661400
10.30560014,-7.08661400
10.30640014,-6.29921200
10.30720014,-5.51181100
10.30800014,-5.51181100
10.30880014,-5.51181100
10.30960014,-5.90551100
10.31040014,-6.29921200
10.31120014,-6.29921200
10.31200014,-5.90551100
10.31280014,-5.51181100
10.31360014,-4.72440900
10.31440014,-4.72440900
10.31520014,-5.11811000
10.31600014,-5.51181100
10.31680014,-4.72440900
10.31760014,-3.93700800
10.31840014,-3.14960600
10.31920014,-1.96850400
10.32000014,-0.78740150
10.32080014,-1.18110200
10.32160014,-1.18110200
10.32240014,0.00000000
10.32320014,-0.39370070
10.32400014,0.78740150
10.32480014,0.78740150
10.32560014,0.39370070
10.32640014,0.39370070
10.32720014,0.39370070
10.32800014,0.78740150
10.32880014,1.96850400
10.32960014,3.14960600
10.33040014,3.93700800
10.33120014,4.33070900
10.33200014,4.72440900
10.33280014,4.33070900
10.33360014,5.11811000
10.33440014,5.11811000
10.33520014,5.51181100
10.33600014,5.51181100
10.33680014,5.11811000
10.33760014,4.33070900
10.33840014,4.33070900
10.33920014,5.51181100
10.34000014,6.29921200
10.34080014,7.08661400
10.34160014,7.08661400
10.34240014,6.69291300
10.34320014,5.11811000
10.34400014,5.11811000
10.34480014,4.72440900
10.34560014,5.11811000
10.34640014,5.51181100
10.34720014,5.51181100
10.34800014,4.72440900
10.34880014,4.72440900
10.34960014,4.72440900
10.35040014,4.72440900
10.35120014,4.72440900
10.35200014,4.72440900
10.35280014,4.33070900
10.35360014,3.54330700
10.35440014,1.96850400
10.35520014,1.57480300
10.35600014,1.57480300
10.35680014,1.96850400
10.35760014,1.57480300
10.35840014,1.57480300
10.35920014,1.18110200
10.36000014,0.78740150
10.36080014,0.39370070
10.36160014,0.00000000
10.36240014,0.00000000
10.36320014,-0.39370070
10.36400014,-1.18110200
10.36480014,-1.96850400
10.36560014,-2.36220500
10.36640014,-2.75590500
10.36720014,-2.75590500
10.36800014,-3.14960600
10.36880014,-3.54330700
10.36960014,-3.54330700
10.37040014,-3.54330700
10.37120014,-4.33070900
10.37200014,-4.33070900
10.37280014,-3.54330700
10.37360014,-3.54330700
10.37440014,-3.14960600
10.37520014,-3.14960600
10.37600014,-3.54330700
10.37680014,-3.93700800
10.37760014,-4.33070900
10.37840014,-5.51181100
10.37920014,-5.90551100
10.38000014,-5.90551100
10.38080014,-6.29921200
10.38160014,-6.29921200
10.38240014,-5.90551100
10.38320014,-5.51181100
10.38400014,-4.72440900
10.38480014,-3.93700800
10.38560014,-3.14960600
10.38640014,-2.75590500
10.38720014,-2.36220500
10.38800014,-3.14960600
10.38880014,-4.33070900
10.38960014,-5.11811000
10.39040014,-5.51181100
10.39120014,-5.51181100
10.39200014,-4.33070900
10.39280014,-3.54330700
10.39360014,-2.75590500
10.39440014,-1.96850400
10.39520014,-0.78740150
10.39600014,0.00000000
10.39680014,0.78740150
10.39760014,0.39370070
10.39840014,-0.39370070
10.39920014,-1.57480300
10.40000014,-1.96850400
10.40080014,-1.96850400
10.40160014,-1.18110200
10.40240014,0.39370070
10.40320014,2.36220500
10.40400014,2.75590500
10.40480014,2.75590500
10.40560014,2.75590500
10.40640014,3.93700800
10.40720014,4.33070900
10.40800014,4.72440900
10.40880014,4.33070900
10.40960014,3.54330700
10.41040014,1.57480300
10.41120014,1.18110200
10.41200014,1.18110200
10.41280014,3.14960600
10.41360014,5.11811000
10.41440014,6.29921200
10.41520014,7.48031400
10.41600014,7.48031400
10.41680014,7.08661400
10.41760014,7.08661400
10.41840014,7.48031400
10.41920014,7.48031400
10.42000014,7.87401500
10.42080014,5.90551100
10.42160014,4.72440900
10.42240014,3.93700800
10.42320014,3.54330700
10.42400014,4.33070900
10.42480014,4.72440900
10.42560014,4.33070900
10.42640014,3.54330700
10.42720014,3.14960600
10.42800014,3.93700800
10.42880014,3.93700800
10.42960014,4.33070900
10.43040014,3.54330700
10.43120014,2.75590500
10.43200014,1.57480300
10.43280014,1.57480300
10.43360014,1.57480300
10.43440014,1.96850400
10.43520014,1.96850400
10.43600014,2.36220500
10.43680014,1.18110200
10.43760014,-0.39370070
10.43840014,-1.18110200
10.43920014,-0.78740150
10.44000014,-0.39370070
10.44080014,-0.78740150
10.44160014,-0.78740150
10.44240014,-1.96850400
10.44320014,-2.36220500
10.44400014,-2.75590500
10.44480014,-2.75590500
10.44560014,-2.75590500
10.44640014,-3.93700800
10.44720014,-4.72440900
10.44800014,-5.90551100
10.44880014,-6.69291300
10.44960014,-6.69291300
10.45040014,-7.87401500
10.45120014,-7.87401500
10.45200014,-8.26771600
10.45280014,-7.87401500
10.45360014,-7.08661400
10.45440014,-5.90551100
10.45520014,-5.51181100
10.45600014,-4.72440900
10.45680014,-5.51181100
10.45760014,-6.29921200
10.45840014,-7.08661400
10.45920014,-7.08661400
10.46000014,-7.08661400
10.46080014,-6.69291300
10.46160014,-7.48031400
10.46240014,-7.87401500
10.46320014,-8.66141700
10.46400014,-7.87401500
10.46480014,-6.69291300
10.46560014,-4.72440900
10.46640014,-2.36220500
10.46720014,-1.96850400
10.46800014,-1.18110200
10.46880014,-0.78740150
10.46960014,0.00000000
10.47040014,0.00000000
10.47120014,-0.39370070
10.47200014,-0.78740150
10.47280014,-1.57480300
10.47360014,-1.57480300
10.47440014,-0.78740150
10.47520014,1.18110200
10.47600014,3.54330700
10.47680014,5.11811000
10.47760014,5.90551100
10.47840014,6.29921200
10.47920014,5.90551100
10.48000014,5.90551100
10.48080014,5.90551100
10.48160014,5.90551100
10.48240014,6.29921200
10.48320014,5.90551100
10.48400014,5.11811000
10.48480014,5.11811000
10.48560014,5.90551100
10.48640014,7.87401500
10.48720014,9.05511800
10.48800014,9.84251900
10.48880014,10.23622000
10.48960014,9.44881800
10.49040014,9.05511800
10.49120014,8.66141700
10.49200014,8.26771600
10.49280014,7.87401500
10.49360014,6.69291300
10.49440014,5.51181100
10.49520014,4.72440900
10.49600014,4.72440900
10.49680014,5.90551100
10.49760014,6.69291300
10.49840014,6.29921200
10.49920014,4.72440900
10.50000014,2.75590500
10.50080014,1.57480300
10.50160014,1.57480300
10.50240014,1.18110200
10.50320014,1.96850400
10.50400014,1.18110200
10.50480014,1.57480300
10.50560014,1.18110200
10.50640014,0.78740150
10.50720014,0.78740150
10.50800014,0.78740150
10.50880014,0.00000000
10.50960014,-1.18110200
10.51040014,-2.75590500
10.51120014,-4.72440900
10.51200014,-5.11811000
10.51280014,-5.11811000
10.51360014,-5.11811000
10.51440014,-4.72440900
10.51520014,-5.11811000
10.51600014,-4.72440900
10.51680014,-3.93700800
10.51760014,-3.54330700
10.51840014,-3.54330700
10.51920014,-3.93700800
10.52000014,-5.90551100
10.52080014,-7.48031400
10.52160014,-9.05511800
10.52240014,-9.84251900
10.52320014,-9.44881800
10.52400014,-8.66141700
10.52480014,-8.66141700
10.52560014,-8.26771600
10.52640014,-7.08661400
10.52720014,-6.29921200
10.52800014,-5.11811000
10.52880014,-3.93700800
10.52960014,-3.93700800
10.53040014,-4.33070900
10.53120014,-5.11811000
10.53200014,-5.90551100
10.53280014,-5.51181100
10.53360014,-5.11811000
10.53440014,-5.11811000
10.53520014,-5.11811000
10.53600014,-3.93700800
10.53680014,-3.54330700
10.53760014,-2.75590500
10.53840014,-1.18110200
10.53920014,-0.78740150
10.54000014,-0.39370070
10.54080014,-0.78740150
10.54160014,-1.18110200
10.54240014,-1.18110200
10.54320014,-0.39370070
10.54400014,0.78740150
10.54480014,1.57480300
10.54560014,1.96850400
10.54640014,1.96850400
10.54720014,1.96850400
10.54800014,2.75590500
10.54880014,3.54330700
10.54960014,4.72440900
10.55040014,5.51181100
10.55120014,5.11811000
10.55200014,4.33070900
10.55280014,4.33070900
10.55360014,5.11811000
10.55440014,5.51181100
10.55520014,6.69291300
10.55600014,7.08661400
10.55680014,6.29921200
10.55760014,6.29921200
10.55840014,6.69291300
10.55920014,7.48031400
10.56000014,8.26771600
10.56080014,7.87401500
10.56160014,7.08661400
10.56240014,5.51181100
10.56320014,5.11811000
10.56400014,3.93700800
10.56480014,5.11811000
10.56560014,5.11811000
10.56640014,5.51181100
10.56720014,5.11811000
10.56800014,5.11811000
10.56880014,5.11811000
10.56960014,5.51181100
10.57040014,6.29921200
10.57120014,5.90551100
10.57200014,5.11811000
10.57280014,3.54330700
10.57360014,1.96850400
10.57440014,0.39370070
10.57520014,-0.39370070
10.57600014,0.00000000
10.57680014,0.00000000
10.57760014,-0.78740150
10.57840014,-0.78740150
10.57920014,-0.78740150
10.58000014,-0.39370070
10.58080014,0.00000000
10.58160014,0.39370070
10.58240014,0.78740150
10.58320014,-0.39370070
10.58400014,-1.57480300
10.58480014,-3.14960600
10.58560014,-3.93700800
10.58640014,-4.72440900
10.58720014,-4.72440900
10.58800014,-4.72440900
10.58880014,-4.72440900
10.58960014,-3.93700800
10.59040014,-3.93700800
10.59120014,-3.54330700
10.59200014,-3.54330700
10.59280014,-3.14960600
10.59360014,-3.14960600
10.59440014,-4.33070900
10.59520014,-5.11811000
10.59600014,-5.90551100
10.59680014,-5.90551100
10.59760014,-5.51181100
10.59840014,-5.51181100
10.59920014,-5.11811000
10.60000014,-4.72440900
10.60080014,-3.93700800
10.60160014,-3.54330700
10.60240014,-4.72440900
10.60320014,-4.72440900
10.60400014,-4.72440900
10.60480014,-5.11811000
10.60560014,-5.11811000
10.60640014,-4.33070900
10.60720014,-4.33070900
10.60800014,-4.72440900
10.60880014,-4.33070900
10.60960014,-3.93700800
10.61040014,-3.14960600
10.61120014,-2.75590500
10.61200014,-2.75590500
10.61280014,-2.75590500
10.61360014,-3.54330700
10.61440014,-4.33070900
10.61520014,-3.93700800
10.61600014,-3.54330700
10.61680014,-2.75590500
10.61760014,-1.96850400
10.61840014,-2.36220500
10.61920014,-2.36220500
10.62000014,-2.36220500
10.62080014,-1.96850400
10.62160014,-1.18110200
10.62240014,-0.39370070
10.62320014,0.00000000
10.62400014,-0.39370070
10.62480014,0.00000000
10.62560014,0.00000000
10.62640014,1.18110200
10.62720014,2.36220500
10.62800014,2.75590500
10.62880014,2.36220500
10.62960014,1.96850400
10.63040014,1.57480300
10.63120014,0.78740150
10.63200014,0.78740150
10.63280014,1.57480300
10.63360014,2.36220500
10.63440014,3.93700800
10.63520014,4.33070900
10.63600014,5.11811000
10.63680014,5.90551100
10.63760014,7.08661400
10.63840014,8.26771600
10.63920014,8.26771600
10.64000014,7.08661400
10.64080014,5.11811000
10.64160014,3.93700800
10.64240014,3.14960600
10.64320014,3.14960600
10.64400014,3.93700800
10.64480014,4.72440900
10.64560014,5.51181100
10.64640014,5.51181100
10.64720014,5.11811000
10.64800014,5.11811000
10.64880014,5.51181100
10.64960014,5.51181100
10.65040014,5.51181100
10.65120014,4.33070900
10.65200014,2.75590500
10.65280014,1.57480300
10.65360014,0.78740150
10.65440014,1.96850400
10.65520014,2.36220500
10.65600014,2.36220500
10.65680014,2.36220500
10.65760014,1.57480300
10.65840014,0.78740150
10.65920014,0.78740150
10.66000014,0.78740150
10.66080014,0.39370070
10.66160014,0.39370070
10.66240014,-0.78740150
10.66320014,-1.57480300
10.66400014,-1.96850400
10.66480014,-2.36220500
10.66560014,-1.96850400
10.66640014,-1.57480300
10.66720014,-1.96850400
10.66800014,-3.14960600
10.66880014,-5.51181100
10.66960014,-6.69291300
10.67040014,-7.48031400
10.67120014,-7.08661400
10.67200014,-6.69291300
10.67280014,-5.90551100
10.67360014,-7.08661400
10.67440014,-7.08661400
10.67520014,-6.69291300
10.67600014,-6.69291300
10.67680014,-6.69291300
10.67760014,-7.48031400
10.67840014,-7.87401500
10.67920014,-9.44881800
10.68000014,-9.84251900
10.68080014,-10.23622000
10.68160014,-9.84251900
10.68240014,-8.26771600
10.68320014,-7.08661400
10.68400014,-5.90551100
10.68480014,-4.72440900
10.68560014,-4.72440900
10.68640014,-4.72440900
10.68720014,-5.51181100
10.68800014,-5.51181100
10.68880014,-6.29921200
10.68960014,-6.29921200
10.69040014,-5.90551100
10.69120014,-5.51181100
10.69200014,-3.93700800
10.69280014,-2.75590500
10.69360014,-1.57480300
10.69440014,0.39370070
10.69520014,1.57480300
10.69600014,1.57480300
10.69680014,1.57480300
10.69760014,1.57480300
10.69840014,1.57480300
10.69920014,1.57480300
10.70000014,1.96850400
10.70080014,2.36220500
10.70160014,3.54330700
10.70240014,4.72440900
10.70320014,5.90551100
10.70400014,6.69291300
10.70480014,7.48031400
10.70560014,8.66141700
10.70640014,9.44881800
10.70720014,9.84251900
10.70800014,9.44881800
10.70880014,9.05511800
10.70960014,9.05511800
10.71040014,8.66141700
10.71120014,10.23622000
10.71200014,11.81102000
10.71280014,12.59842000
10.71360014,12.99213000
10.71440014,13.38583000
10.71520014,13.38583000
10.71600014,13.38583000
10.71680014,13.77953000
10.71760014,14.56693000
10.71840014,14.17323000
10.71920014,12.99213000
10.72000014,12.20472000
10.72080014,11.41732000
10.72160014,11.41732000
10.72240014,12.20472000
10.72320014,12.59842000
10.72400014,12.20472000
10.72480014,11.02362000
10.72560014,9.84251900
10.72640014,8.26771600
10.72720014,8.26771600
10.72800014,8.66141700
10.72880014,9.05511800
10.72960014,7.87401500
10.73040014,6.29921200
10.73120014,4.33070900
10.73200014,2.36220500
10.73280014,1.57480300
10.73360014,2.75590500
10.73440014,2.36220500
10.73520014,0.39370070
10.73600014,-1.18110200
10.73680014,-2.36220500
10.73760014,-2.36220500
10.73840014,-2.75590500
10.73920014,-1.96850400
10.74000014,-2.36220500
10.74080014,-4.33070900
10.74160014,-6.29921200
10.74240014,-9.05511800
10.74320014,-9.84251900
10.74400014,-10.23622000
10.74480014,-10.23622000
10.74560014,-10.62992000
10.74640014,-11.41732000
10.74720014,-11.81102000
10.74800014,-12.20472000
10.74880014,-11.41732000
10.74960014,-9.84251900
10.75040014,-9.84251900
10.75120014,-10.62992000
10.75200014,-12.20472000
10.75280014,-14.17323000
10.75360014,-14.96063000
10.75440014,-14.56693000
10.75520014,-13.77953000
10.75600014,-12.99213000
10.75680014,-12.59842000
10.75760014,-12.20472000
10.75840014,-11.81102000
10.75920014,-9.84251900
10.76000014,-9.05511800
10.76080014,-8.26771600
10.76160014,-7.87401500
10.76240014,-8.66141700
10.76320014,-9.05511800
10.76400014,-9.84251900
10.76480014,-9.05511800
10.76560014,-8.26771600
10.76640014,-7.08661400
10.76720014,-5.11811000
10.76800014,-4.33070900
10.76880014,-2.75590500
10.76960014,-1.18110200
10.77040014,0.39370070
10.77120014,1.96850400
10.77200014,2.36220500
10.77280014,2.36220500
10.77360014,1.96850400
10.77440014,1.96850400
10.77520014,2.36220500
10.77600014,2.75590500
10.77680014,4.72440900
10.77760014,5.51181100
10.77840014,6.69291300
10.77920014,8.26771600
10.78000014,9.05511800
10.78080014,10.23622000
10.78160014,10.23622000
10.78240014,10.23622000
10.78320014,10.23622000
10.78400014,10.62992000
10.78480014,11.02362000
10.78560014,11.41732000
10.78640014,12.59842000
10.78720014,11.81102000
10.78800014,11.41732000
10.78880014,11.81102000
10.78960014,11.81102000
10.79040014,12.59842000
10.79120014,12.59842000
10.79200014,12.20472000
10.79280014,12.20472000
10.79360014,11.41732000
10.79440014,11.41732000
10.79520014,11.81102000
10.79600014,11.81102000
10.79680014,12.20472000
10.79760014,11.41732000
10.79840014,9.44881800
10.79920014,7.48031400
10.80000014,6.69291300
10.80080014,6.29921200
10.80160014,6.29921200
10.80240014,6.29921200
10.80320014,5.11811000
10.80400014,3.93700800
10.80480014,3.54330700
10.80560014,3.54330700
10.80640014,5.11811000
10.80720014,4.33070900
10.80800014,2.75590500
10.80880014,0.00000000
10.80960014,-2.36220500
10.81040014,-3.93700800
10.81120014,-5.11811000
10.81200014,-5.11811000
10.81280014,-4.72440900
10.81360014,-5.51181100
10.81440014,-5.90551100
10.81520014,-7.08661400
10.81600014,-7.48031400
10.81680014,-7.08661400
10.81760014,-6.69291300
10.81840014,-7.08661400
10.81920014,-9.05511800
10.82000014,-11.02362000
10.82080014,-12.20472000
10.82160014,-12.59842000
10.82240014,-11.41732000
10.82320014,-10.62992000
10.82400014,-10.62992000
10.82480014,-11.41732000
10.82560014,-12.59842000
10.82640014,-13.38583000
10.82720014,-13.77953000
10.82800014,-12.99213000
10.82880014,-12.20472000
10.82960014,-12.20472000
10.83040014,-11.81102000
10.83120014,-12.20472000
10.83200014,-11.41732000
10.83280014,-9.84251900
10.83360014,-8.26771600
10.83440014,-6.69291300
10.83520014,-6.69291300
10.83600014,-6.29921200
10.83680014,-7.08661400
10.83760014,-7.08661400
10.83840014,-6.69291300
10.83920014,-5.90551100
10.84000014,-5.51181100
10.84080014,-5.51181100
10.84160014,-5.11811000
10.84240014,-3.93700800
10.84320014,-2.36220500
10.84400014,-0.78740150
10.84480014,0.39370070
10.84560014,1.18110200
10.84640014,2.75590500
10.84720014,3.93700800
10.84800014,4.33070900
10.84880014,5.11811000
10.84960014,5.11811000
10.85040014,5.11811000
10.85120014,5.11811000
10.85200014,5.11811000
10.85280014,5.90551100
10.85360014,7.48031400
10.85440014,8.26771600
10.85520014,9.05511800
10.85600014,9.84251900
10.85680014,11.02362000
10.85760014,11.41732000
10.85840014,11.81102000
10.85920014,11.41732000
10.86000014,11.41732000
10.86080015,10.62992000
10.86160015,9.84251900
10.86240015,9.44881800
10.86320015,9.44881800
10.86400015,9.44881800
10.86480015,8.66141700
10.86560015,9.05511800
10.86640015,8.66141700
10.86720015,9.44881800
10.86800015,10.23622000
10.86880015,11.02362000
10.86960015,11.41732000
10.87040015,11.41732000
10.87120015,10.23622000
10.87200015,8.66141700
10.87280015,7.87401500
10.87360015,7.08661400
10.87440015,6.69291300
10.87520015,5.51181100
10.87600015,4.72440900
10.87680015,3.54330700
10.87760015,3.14960600
10.87840015,2.36220500
10.87920015,3.14960600
10.88000015,3.14960600
10.88080015,2.36220500
10.88160015,1.57480300
10.88240015,0.00000000
10.88320015,-1.96850400
10.88400015,-3.14960600
10.88480015,-3.54330700
10.88560015,-3.93700800
10.88640015,-4.33070900
10.88720015,-5.51181100
10.88800015,-7.08661400
10.88880015,-7.87401500
10.88960015,-7.87401500
10.89040015,-7.48031400
10.89120015,-7.48031400
10.89200015,-7.87401500
10.89280015,-9.05511800
10.89360015,-10.62992000
10.89440015,-11.41732000
10.89520015,-11.41732000
10.89600015,-11.81102000
10.89680015,-11.81102000
10.89760015,-12.20472000
10.89840015,-13.38583000
10.89920015,-13.77953000
10.90000015,-13.77953000
10.90080015,-13.77953000
10.90160015,-13.38583000
10.90240015,-12.99213000
10.90320015,-12.59842000
10.90400015,-12.99213000
10.90480015,-12.99213000
10.90560015,-11.81102000
10.90640015,-10.23622000
10.90720015,-9.05511800
10.90800015,-8.26771600
10.90880015,-8.66141700
10.90960015,-8.66141700
10.91040015,-8.26771600
10.91120015,-7.48031400
10.91200015,-6.69291300
10.91280015,-5.11811000
10.91360015,-3.93700800
10.91440015,-2.75590500
10.91520015,-1.57480300
10.91600015,0.39370070
10.91680015,1.96850400
10.91760015,1.96850400
10.91840015,2.36220500
10.91920015,2.36220500
10.92000015,2.36220500
10.92080015,2.75590500
10.92160015,3.54330700
10.92240015,5.11811000
10.92320015,6.29921200
10.92400015,7.87401500
10.92480015,9.05511800
10.92560015,10.62992000
10.92640015,12.20472000
10.92720015,12.59842000
10.92800015,12.99213000
10.92880015,12.59842000
10.92960015,12.20472000
10.93040015,12.20472000
10.93120015,12.59842000
10.93200015,13.38583000
10.93280015,13.77953000
10.93360015,14.17323000
10.93440015,14.56693000
10.93520015,14.17323000
10.93600015,14.17323000
10.93680015,13.77953000
10.93760015,13.77953000
10.93840015,13.38583000
10.93920015,12.20472000
10.94000015,10.62992000
10.94080015,10.23622000
10.94160015,9.44881800
10.94240015,9.44881800
10.94320015,9.44881800
10.94400015,9.44881800
10.94480015,9.44881800
10.94560015,9.05511800
10.94640015,8.26771600
10.94720015,6.29921200
10.94800015,4.72440900
10.94880015,2.75590500
10.94960015,1.18110200
10.95040015,-0.39370070
10.95120015,-1.96850400
10.95200015,-2.75590500
10.95280015,-2.36220500
10.95360015,-1.96850400
10.95440015,-1.96850400
10.95520015,-2.75590500
10.95600015,-3.54330700
10.95680015,-4.72440900
10.95760015,-6.29921200
10.95840015,-7.87401500
10.95920015,-9.44881800
10.96000015,-10.62992000
10.96080015,-12.20472000
10.96160015,-13.77953000
10.96240015,-14.17323000
10.96320015,-14.56693000
10.96400015,-13.38583000
10.96480015,-11.81102000
10.96560015,-11.02362000
10.96640015,-11.02362000
10.96720015,-11.41732000
10.96800015,-12.59842000
10.96880015,-12.99213000
10.96960015,-12.99213000
10.97040015,-13.38583000
10.97120015,-13.77953000
10.97200015,-13.77953000
10.97280015,-15.35433000
10.97360015,-15.35433000
10.97440015,-14.56693000
10.97520015,-12.99213000
10.97600015,-11.81102000
10.97680015,-10.62992000
10.97760015,-9.44881800
10.97840015,-9.44881800
10.97920015,-8.66141700
10.98000015,-7.48031400
10.98080015,-6.69291300
10.98160015,-5.90551100
10.98240015,-6.69291300
10.98320015,-7.08661400
10.98400015,-6.69291300
10.98480015,-6.29921200
10.98560015,-4.33070900
10.98640015,-1.18110200
10.98720015,0.39370070
10.98800015,1.96850400
10.98880015,3.14960600
10.98960015,4.33070900
10.99040015,5.51181100
10.99120015,7.08661400
10.99200015,6.69291300
10.99280015,6.29921200
10.99360015,5.51181100
10.99440015,5.51181100
10.99520015,6.29921200
10.99600015,7.48031400
10.99680015,9.84251900
10.99760015,11.41732000
10.99840015,12.99213000
10.99920015,13.77953000
11.00000015,14.56693000
11.00080015,14.56693000
11.00160015,14.17323000
11.00240015,13.77953000
11.00320015,12.20472000
11.00400015,11.02362000
11.00480015,9.84251900
11.00560015,10.23622000
11.00640015,11.02362000
11.00720015,11.81102000
11.00800015,12.59842000
11.00880015,13.77953000
11.00960015,14.17323000
11.01040015,14.17323000
11.01120015,13.38583000
11.01200015,11.81102000
11.01280015,9.84251900
11.01360015,7.08661400
11.01440015,4.72440900
11.01520015,3.54330700
11.01600015,2.75590500
11.01680015,3.14960600
11.01760015,3.54330700
11.01840015,3.93700800
11.01920015,3.93700800
11.02000015,3.93700800
11.02080015,3.54330700
11.02160015,2.75590500
11.02240015,1.18110200
11.02320015,-1.18110200
11.02400015,-3.54330700
11.02480015,-5.11811000
11.02560015,-5.90551100
11.02640015,-5.90551100
11.02720015,-5.90551100
11.02800015,-5.90551100
11.02880015,-5.90551100
11.02960015,-6.29921200
11.03040015,-6.29921200
11.03120015,-7.08661400
11.03200015,-7.48031400
11.03280015,-7.48031400
11.03360015,-8.66141700
11.03440015,-9.84251900
11.03520015,-10.62992000
11.03600015,-11.41732000
11.03680015,-10.62992000
11.03760015,-9.84251900
11.03840015,-8.26771600
11.03920015,-8.66141700
11.04000015,-9.84251900
11.04080015,-10.62992000
11.04160015,-11.02362000
11.04240015,-10.62992000
11.04320015,-10.23622000
11.04400015,-9.84251900
11.04480015,-9.84251900
11.04560015,-9.84251900
11.04640015,-9.84251900
11.04720015,-9.05511800
11.04800015,-6.69291300
11.04880015,-4.72440900
11.04960015,-3.54330700
11.05040015,-3.14960600
11.05120015,-3.93700800
11.05200015,-4.33070900
11.05280015,-3.14960600
11.05360015,-2.75590500
11.05440015,-2.36220500
11.05520015,-1.96850400
11.05600015,-1.96850400
11.05680015,-1.57480300
11.05760015,-1.18110200
11.05840015,0.78740150
11.05920015,1.57480300
11.06000015,2.36220500
11.06080015,2.36220500
11.06160015,2.36220500
11.06240015,2.36220500
11.06320015,3.14960600
11.06400015,4.33070900
11.06480015,4.72440900
11.06560015,5.51181100
11.06640015,5.51181100
11.06720015,4.72440900
11.06800015,5.11811000
11.06880015,5.51181100
11.06960015,5.51181100
11.07040015,5.51181100
11.07120015,5.51181100
11.07200015,4.72440900
11.07280015,4.72440900
11.07360015,4.72440900
11.07440015,5.90551100
11.07520015,6.69291300
11.07600015,7.48031400
11.07680015,7.08661400
11.07760015,7.08661400
11.07840015,6.29921200
11.07920015,6.29921200
11.08000015,5.90551100
11.08080015,5.51181100
11.08160015,5.11811000
11.08240015,5.11811000
11.08320015,4.72440900
11.08400015,4.72440900
11.08480015,5.11811000
11.08560015,5.11811000
11.08640015,4.72440900
11.08720015,5.11811000
11.08800015,4.72440900
11.08880015,3.93700800
11.08960015,4.72440900
11.09040015,4.72440900
11.09120015,4.33070900
11.09200015,3.54330700
11.09280015,2.75590500
11.09360015,2.36220500
11.09440015,2.75590500
11.09520015,2.36220500
11.09600015,1.18110200
11.09680015,-0.39370070
11.09760015,-1.57480300
11.09840015,-2.36220500
11.09920015,-2.36220500
11.10000015,-1.57480300
11.10080015,-1.18110200
11.10160015,-0.39370070
11.10240015,-0.78740150
11.10320015,-0.78740150
11.10400015,-0.78740150
11.10480015,-0.78740150
11.10560015,-0.39370070
11.10640015,-1.57480300
11.10720015,-1.96850400
11.10800015,-2.75590500
11.10880015,-3.14960600
11.10960015,-3.14960600
11.11040015,-2.36220500
11.11120015,-2.36220500
11.11200015,-3.14960600
11.11280015,-3.54330700
11.11360015,-3.93700800
11.11440015,-3.93700800
11.11520015,-4.33070900
11.11600015,-4.33070900
11.11680015,-5.11811000
11.11760015,-5.51181100
11.11840015,-7.08661400
11.11920015,-7.48031400
11.12000015,-7.08661400
11.12080015,-6.29921200
11.12160015,-5.51181100
11.12240015,-5.11811000
11.12320015,-5.51181100
11.12400015,-6.29921200
11.12480015,-6.69291300
11.12560015,-7.08661400
11.12640015,-7.08661400
11.12720015,-6.29921200
11.12800015,-6.69291300
11.12880015,-6.29921200
11.12960015,-5.51181100
11.13040015,-5.11811000
11.13120015,-3.93700800
11.13200015,-2.36220500
11.13280015,-1.96850400
11.13360015,-1.57480300
11.13440015,-2.36220500
11.13520015,-2.75590500
11.13600015,-3.54330700
11.13680015,-3.14960600
11.13760015,-2.36220500
11.13840015,-1.96850400
11.13920015,-1.18110200
11.14000015,-0.78740150
11.14080015,-0.39370070
11.14160015,0.78740150
11.14240015,1.96850400
11.14320015,2.75590500
11.14400015,3.54330700
11.14480015,3.93700800
11.14560015,3.93700800
11.14640015,3.54330700
11.14720015,4.33070900
11.14800015,4.72440900
11.14880015,5.51181100
11.14960015,6.29921200
11.15040015,5.90551100
11.15120015,7.08661400
11.15200015,6.29921200
11.15280015,6.69291300
11.15360015,7.08661400
11.15440015,7.08661400
11.15520015,7.08661400
11.15600015,6.69291300
11.15680015,7.08661400
11.15760015,7.08661400
11.15840015,7.87401500
11.15920015,7.87401500
11.16000015,8.26771600
11.16080015,8.66141700
11.16160015,8.66141700
11.16240015,7.87401500
11.16320015,7.87401500
11.16400015,7.87401500
11.16480015,7.48031400
11.16560015,7.48031400
11.16640015,7.08661400
11.16720015,6.69291300
11.16800015,5.90551100
11.16880015,5.11811000
11.16960015,4.33070900
11.17040015,3.93700800
11.17120015,3.14960600
11.17200015,2.36220500
11.17280015,1.18110200
11.17360015,0.39370070
11.17440015,-0.39370070
11.17520015,-0.78740150
11.17600015,-0.39370070
11.17680015,0.00000000
11.17760015,0.00000000
11.17840015,-0.78740150
11.17920015,-2.36220500
11.18000015,-3.54330700
11.18080015,-4.33070900
11.18160015,-5.51181100
11.18240015,-5.90551100
11.18320015,-5.90551100
11.18400015,-6.29921200
11.18480015,-6.69291300
11.18560015,-5.11811000
11.18640015,-5.11811000
11.18720015,-4.33070900
11.18800015,-4.33070900
11.18880015,-4.72440900
11.18960015,-5.11811000
11.19040015,-7.08661400
11.19120015,-7.87401500
11.19200015,-9.44881800
11.19280015,-9.44881800
11.19360015,-9.84251900
11.19440015,-9.44881800
11.19520015,-8.26771600
11.19600015,-7.87401500
11.19680015,-7.08661400
11.19760015,-6.29921200
11.19840015,-5.51181100
11.19920015,-5.11811000
11.20000015,-4.72440900
11.20080015,-5.11811000
11.20160015,-5.90551100
11.20240015,-5.90551100
11.20320015,-5.90551100
11.20400015,-6.29921200
11.20480015,-5.11811000
11.20560015,-3.93700800
11.20640015,-3.14960600
11.20720015,-1.96850400
11.20800015,-1.57480300
11.20880015,-1.18110200
11.20960015,-1.18110200
11.21040015,-1.18110200
11.21120015,-1.18110200
11.21200015,-0.78740150
11.21280015,-0.39370070
11.21360015,-0.39370070
11.21440015,0.78740150
11.21520015,1.18110200
11.21600015,2.36220500
11.21680015,3.54330700
11.21760015,3.93700800
11.21840015,4.72440900
11.21920015,5.11811000
11.22000015,5.11811000
11.22080015,5.51181100
11.22160015,6.29921200
11.22240015,6.69291300
11.22320015,6.69291300
11.22400015,6.29921200
11.22480015,6.29921200
11.22560015,5.90551100
11.22640015,6.69291300
11.22720015,7.87401500
11.22800015,8.26771600
11.22880015,9.05511800
11.22960015,9.05511800
11.23040015,9.05511800
11.23120015,9.05511800
11.23200015,9.05511800
11.23280015,8.66141700
11.23360015,8.26771600
11.23440015,7.08661400
11.23520015,6.69291300
11.23600015,5.51181100
11.23680015,5.51181100
11.23760015,5.51181100
11.23840015,5.90551100
11.23920015,6.29921200
11.24000015,5.90551100
11.24080015,5.51181100
11.24160015,5.11811000
11.24240015,5.11811000
11.24320015,4.72440900
11.24400015,3.93700800
11.24480015,2.75590500
11.24560015,1.18110200
11.24640015,0.00000000
11.24720015,-0.39370070
11.24800015,-0.78740150
11.24880015,-0.78740150
11.24960015,-1.18110200
11.25040015,-1.57480300
11.25120015,-1.96850400
11.25200015,-2.36220500
11.25280015,-2.75590500
11.25360015,-3.14960600
11.25440015,-3.54330700
11.25520015,-4.33070900
11.25600015,-5.11811000
11.25680015,-5.90551100
11.25760015,-6.29921200
11.25840015,-5.90551100
11.25920015,-5.90551100
11.26000015,-5.51181100
11.26080015,-5.90551100
11.26160015,-6.69291300
11.26240015,-7.08661400
11.26320015,-7.48031400
11.26400015,-8.66141700
11.26480015,-8.26771600
11.26560015,-8.26771600
11.26640015,-8.66141700
11.26720015,-8.26771600
11.26800015,-8.26771600
11.26880015,-7.48031400
11.26960015,-5.90551100
11.27040015,-5.51181100
11.27120015,-5.11811000
11.27200015,-5.11811000
11.27280015,-5.51181100
11.27360015,-5.51181100
11.27440015,-5.11811000
11.27520015,-5.90551100
11.27600015,-5.90551100
11.27680015,-5.51181100
11.27760015,-4.72440900
11.27840015,-3.54330700
11.27920015,-1.96850400
11.28000015,-0.39370070
11.28080015,0.39370070
11.28160015,0.78740150
11.28240015,0.78740150
11.28320015,1.18110200
11.28400015,1.18110200
11.28480015,1.18110200
11.28560015,1.18110200
11.28640015,0.39370070
11.28720015,0.39370070
11.28800015,1.57480300
11.28880015,1.96850400
11.28960015,3.14960600
11.29040015,3.93700800
11.29120015,4.33070900
11.29200015,3.93700800
11.29280015,3.93700800
11.29360015,3.54330700
11.29440015,4.33070900
11.29520015,4.33070900
11.29600015,4.72440900
11.29680015,3.93700800
11.29760015,5.11811000
11.29840015,5.90551100
11.29920015,7.08661400
11.30000015,7.87401500
11.30080015,7.48031400
11.30160015,7.08661400
11.30240015,5.51181100
11.30320015,4.33070900
11.30400015,3.54330700
11.30480015,3.93700800
11.30560015,4.72440900
11.30640015,5.51181100
11.30720015,5.90551100
11.30800015,5.90551100
11.30880015,5.90551100
11.30960015,5.90551100
11.31040015,5.90551100
11.31120015,5.51181100
11.31200015,4.72440900
11.31280015,3.93700800
11.31360015,2.75590500
11.31440015,2.36220500
11.31520015,2.36220500
11.31600015,2.75590500
11.31680015,2.36220500
11.31760015,2.75590500
11.31840015,2.75590500
11.31920015,2.75590500
11.32000015,3.14960600
11.32080015,2.75590500
11.32160015,2.36220500
11.32240015,1.57480300
11.32320015,0.39370070
11.32400015,-1.18110200
11.32480015,-1.96850400
11.32560015,-1.57480300
11.32640015,-1.96850400
11.32720015,-1.18110200
11.32800015,-1.57480300
11.32880015,-1.96850400
11.32960015,-2.75590500
11.33040015,-2.75590500
11.33120015,-3.54330700
11.33200015,-3.54330700
11.33280015,-3.93700800
11.33360015,-4.33070900
11.33440015,-3.93700800
11.33520015,-4.33070900
11.33600015,-5.11811000
11.33680015,-5.11811000
11.33760015,-5.11811000
11.33840015,-5.51181100
11.33920015,-5.90551100
11.34000015,-5.51181100
11.34080015,-5.90551100
11.34160015,-5.90551100
11.34240015,-6.29921200
11.34320015,-6.69291300
11.34400015,-7.08661400
11.34480015,-7.08661400
11.34560015,-7.08661400
11.34640015,-5.90551100
11.34720015,-5.90551100
11.34800015,-5.11811000
11.34880015,-5.90551100
11.34960015,-5.11811000
11.35040015,-5.11811000
11.35120015,-4.72440900
11.35200015,-3.54330700
11.35280015,-3.54330700
11.35360015,-3.14960600
11.35440015,-3.14960600
11.35520015,-2.36220500
11.35600015,-1.96850400
11.35680015,-1.57480300
11.35760015,-1.18110200
11.35840015,-1.57480300
11.35920015,-1.18110200
11.36000015,-1.18110200
11.36080015,-0.39370070
11.36160015,0.78740150
11.36240015,0.78740150
11.36320015,1.57480300
11.36400015,1.96850400
11.36480015,2.75590500
11.36560015,2.75590500
11.36640015,2.75590500
11.36720015,3.14960600
11.36800015,3.93700800
11.36880015,4.72440900
11.36960015,5.11811000
11.37040015,5.90551100
11.37120015,5.90551100
11.37200015,5.90551100
11.37280015,6.69291300
11.37360015,6.69291300
11.37440015,6.29921200
11.37520015,6.29921200
11.37600015,6.29921200
11.37680015,6.69291300
11.37760015,7.48031400
11.37840015,7.87401500
11.37920015,7.87401500
11.38000015,7.87401500
11.38080015,8.66141700
11.38160015,8.26771600
11.38240015,7.87401500
11.38320015,7.48031400
11.38400015,6.29921200
11.38480015,5.11811000
11.38560015,3.93700800
11.38640015,3.93700800
11.38720015,3.54330700
11.38800015,3.93700800
11.38880015,4.33070900
11.38960015,4.72440900
11.39040015,4.72440900
11.39120015,3.93700800
11.39200015,3.93700800
11.39280015,3.14960600
11.39360015,2.75590500
11.39440015,1.57480300
11.39520015,0.39370070
11.39600015,-0.78740150
11.39680015,-1.96850400
11.39760015,-1.96850400
11.39840015,-2.75590500
11.39920015,-2.36220500
11.40000015,-1.96850400
11.40080015,-1.96850400
11.40160015,-2.75590500
11.40240015,-3.54330700
11.40320015,-4.72440900
11.40400015,-5.51181100
11.40480015,-7.08661400
11.40560015,-8.26771600
11.40640015,-7.48031400
11.40720015,-7.08661400
11.40800015,-6.29921200
11.40880015,-5.90551100
11.40960015,-5.11811000
11.41040015,-5.51181100
11.41120015,-5.90551100
11.41200015,-7.08661400
11.41280015,-7.48031400
11.41360015,-7.87401500
11.41440015,-9.05511800
11.41520015,-9.44881800
11.41600015,-9.44881800
11.41680015,-8.66141700
11.41760015,-8.26771600
11.41840015,-7.48031400
11.41920015,-6.29921200
11.42000015,-5.90551100
11.42080015,-5.51181100
11.42160015,-4.72440900
11.42240015,-4.72440900
11.42320015,-5.11811000
11.42400015,-5.51181100
11.42480015,-5.11811000
11.42560015,-5.11811000
11.42640015,-4.72440900
11.42720015,-3.54330700
11.42800015,-1.96850400
11.42880015,-0.78740150
11.42960015,0.00000000
11.43040015,0.78740150
11.43120015,0.78740150
11.43200015,0.39370070
11.43280015,0.78740150
11.43360015,1.57480300
11.43440015,2.36220500
11.43520015,3.14960600
11.43600015,3.54330700
11.43680015,4.72440900
11.43760015,5.51181100
11.43840015,6.69291300
11.43920015,7.87401500
11.44000015,8.26771600
11.44080015,7.48031400
11.44160015,6.29921200
11.44240015,5.90551100
11.44320015,5.51181100
11.44400015,5.90551100
11.44480015,7.08661400
11.44560015,7.87401500
11.44640015,9.44881800
11.44720015,9.84251900
11.44800015,10.62992000
11.44880015,11.02362000
11.44960015,10.62992000
11.45040015,10.62992000
11.45120015,9.05511800
11.45200015,7.48031400
11.45280015,6.29921200
11.45360015,5.11811000
11.45440015,5.11811000
11.45520015,5.51181100
11.45600015,6.29921200
11.45680015,6.69291300
11.45760015,7.48031400
11.45840015,6.69291300
11.45920015,6.69291300
11.46000015,5.51181100
11.46080015,4.72440900
11.46160015,3.14960600
11.46240015,1.57480300
11.46320015,0.39370070
11.46400015,-0.78740150
11.46480015,-1.18110200
11.46560015,-1.57480300
11.46640015,-0.78740150
11.46720015,-1.18110200
11.46800015,-0.39370070
11.46880015,0.00000000
11.46960015,-1.18110200
11.47040015,-1.96850400
11.47120015,-3.54330700
11.47200015,-5.11811000
11.47280015,-6.29921200
11.47360015,-7.08661400
11.47440015,-8.26771600
11.47520015,-7.87401500
11.47600015,-7.87401500
11.47680015,-7.87401500
11.47760015,-6.69291300
11.47840015,-7.08661400
11.47920015,-5.90551100
11.48000015,-6.29921200
11.48080015,-6.29921200
11.48160015,-7.87401500
11.48240015,-8.66141700
11.48320015,-9.05511800
11.48400015,-9.05511800
11.48480015,-9.05511800
11.48560015,-8.66141700
11.48640015,-8.26771600
11.48720015,-9.05511800
11.48800015,-8.26771600
11.48880015,-7.08661400
11.48960015,-5.90551100
11.49040015,-3.93700800
11.49120015,-2.75590500
11.49200015,-2.75590500
11.49280015,-3.54330700
11.49360015,-3.93700800
11.49440015,-3.93700800
11.49520015,-3.54330700
11.49600015,-2.75590500
11.49680015,-2.36220500
11.49760015,-2.75590500
11.49840015,-2.36220500
11.49920015,-1.57480300
11.50000015,0.00000000
11.50080015,2.36220500
11.50160015,3.54330700
11.50240015,3.93700800
11.50320015,3.93700800
11.50400015,3.54330700
11.50480015,3.14960600
11.50560015,2.75590500
11.50640015,3.54330700
11.50720015,3.54330700
11.50800015,3.54330700
11.50880015,3.54330700
11.50960015,3.54330700
11.51040015,5.11811000
11.51120015,6.69291300
11.51200015,7.87401500
11.51280015,8.66141700
11.51360015,8.26771600
11.51440015,7.08661400
11.51520015,6.29921200
11.51600015,5.51181100
11.51680015,5.51181100
11.51760015,5.90551100
11.51840015,5.90551100
11.51920015,5.90551100
11.52000015,5.51181100
11.52080015,5.90551100
11.52160015,7.08661400
11.52240015,8.26771600
11.52320015,8.26771600
11.52400015,7.48031400
11.52480015,6.69291300
11.52560015,5.51181100
11.52640015,4.72440900
11.52720015,3.54330700
11.52800015,3.93700800
11.52880015,3.54330700
11.52960015,3.93700800
11.53040015,4.33070900
11.53120015,3.93700800
11.53200015,4.33070900
11.53280015,3.93700800
11.53360015,3.54330700
11.53440015,2.36220500
11.53520015,1.57480300
11.53600015,0.00000000
11.53680015,0.00000000
11.53760015,-0.78740150
11.53840015,-0.78740150
11.53920015,-0.78740150
11.54000015,-0.78740150
11.54080015,-0.39370070
11.54160015,-1.18110200
11.54240015,-1.57480300
11.54320015,-2.36220500
11.54400015,-2.75590500
11.54480015,-3.54330700
11.54560015,-3.54330700
11.54640015,-3.14960600
11.54720015,-3.14960600
11.54800015,-3.14960600
11.54880015,-3.54330700
11.54960015,-3.93700800
11.55040015,-3.93700800
11.55120015,-4.72440900
11.55200015,-4.72440900
11.55280015,-5.51181100
11.55360015,-5.90551100
11.55440015,-6.29921200
11.55520015,-6.69291300
11.55600015,-5.90551100
11.55680015,-4.72440900
11.55760015,-3.54330700
11.55840015,-3.93700800
11.55920015,-3.54330700
11.56000015,-4.33070900
11.56080015,-4.33070900
11.56160015,-3.93700800
11.56240015,-3.93700800
11.56320015,-4.33070900
11.56400015,-6.29921200
11.56480015,-7.08661400
11.56560015,-7.48031400
11.56640015,-7.48031400
11.56720015,-6.69291300
11.56800015,-4.72440900
11.56880015,-3.14960600
11.56960015,-1.96850400
11.57040015,-1.57480300
11.57120015,-1.18110200
11.57200015,-0.39370070
11.57280015,0.39370070
11.57360015,0.39370070
11.57440015,-0.39370070
11.57520015,-1.18110200
11.57600015,-3.14960600
11.57680015,-4.33070900
11.57760015,-4.72440900
11.57840015,-3.54330700
11.57920015,-1.57480300
11.58000015,-0.39370070
11.58080015,0.00000000
11.58160015,0.00000000
11.58240015,1.18110200
11.58320015,1.96850400
11.58400015,3.54330700
11.58480015,3.93700800
11.58560015,4.33070900
11.58640015,4.33070900
11.58720015,2.36220500
11.58800015,1.57480300
11.58880015,0.78740150
11.58960015,1.57480300
11.59040015,2.36220500
11.59120015,3.54330700
11.59200015,3.54330700
11.59280015,3.93700800
11.59360015,4.33070900
11.59440015,5.51181100
11.59520015,7.08661400
11.59600015,7.48031400
11.59680015,7.87401500
11.59760015,7.08661400
11.59840015,5.51181100
11.59920015,4.72440900
11.60000015,4.72440900
11.60080015,4.33070900
11.60160015,4.33070900
11.60240015,5.51181100
11.60320015,5.51181100
11.60400015,5.90551100
11.60480015,6.29921200
11.60560015,6.29921200
11.60640015,6.69291300
11.60720015,7.08661400
11.60800015,7.48031400
11.60880015,7.08661400
11.60960016,6.69291300
11.61040016,5.90551100
11.61120016,5.90551100
11.61200016,5.11811000
11.61280016,5.11811000
11.61360016,4.72440900
11.61440016,3.93700800
11.61520016,2.75590500
11.61600016,1.96850400
11.61680016,1.57480300
11.61760016,1.57480300
11.61840016,0.78740150
11.61920016,1.18110200
11.62000016,0.78740150
11.62080016,-0.39370070
11.62160016,-0.78740150
11.62240016,-0.78740150
11.62320016,-0.78740150
11.62400016,-0.78740150
11.62480016,-1.57480300
11.62560016,-2.75590500
11.62640016,-4.33070900
11.62720016,-5.51181100
11.62800016,-7.08661400
11.62880016,-7.08661400
11.62960016,-6.69291300
11.63040016,-5.90551100
11.63120016,-5.90551100
11.63200016,-5.90551100
11.63280016,-7.08661400
11.63360016,-6.29921200
11.63440016,-6.29921200
11.63520016,-6.29921200
11.63600016,-7.08661400
11.63680016,-9.44881800
11.63760016,-10.62992000
11.63840016,-11.41732000
11.63920016,-11.41732000
11.64000016,-9.84251900
11.64080016,-8.66141700
11.64160016,-7.48031400
11.64240016,-6.69291300
11.64320016,-6.69291300
11.64400016,-6.29921200
11.64480016,-6.29921200
11.64560016,-5.51181100
11.64640016,-5.51181100
11.64720016,-6.29921200
11.64800016,-7.08661400
11.64880016,-7.08661400
11.64960016,-7.08661400
11.65040016,-6.29921200
11.65120016,-4.33070900
11.65200016,-2.75590500
11.65280016,-1.18110200
11.65360016,0.39370070
11.65440016,0.78740150
11.65520016,1.57480300
11.65600016,1.18110200
11.65680016,1.57480300
11.65760016,1.96850400
11.65840016,1.96850400
11.65920016,1.96850400
11.66000016,1.57480300
11.66080016,1.96850400
11.66160016,3.14960600
11.66240016,3.93700800
11.66320016,5.11811000
11.66400016,6.69291300
11.66480016,7.08661400
11.66560016,8.26771600
11.66640016,9.05511800
11.66720016,9.44881800
11.66800016,9.84251900
11.66880016,9.44881800
11.66960016,9.84251900
11.67040016,9.05511800
11.67120016,7.87401500
11.67200016,7.08661400
11.67280016,6.29921200
11.67360016,6.29921200
11.67440016,6.69291300
11.67520016,7.87401500
11.67600016,8.66141700
11.67680016,9.84251900
11.67760016,10.23622000
11.67840016,10.62992000
11.67920016,10.62992000
11.68000016,10.23622000
11.68080016,9.44881800
11.68160016,7.87401500
11.68240016,5.90551100
11.68320016,3.93700800
11.68400016,2.36220500
11.68480016,1.96850400
11.68560016,1.96850400
11.68640016,2.36220500
11.68720016,3.14960600
11.68800016,3.54330700
11.68880016,3.14960600
11.68960016,3.14960600
11.69040016,2.75590500
11.69120016,1.57480300
11.69200016,0.00000000
11.69280016,-1.96850400
11.69360016,-4.72440900
11.69440016,-7.08661400
11.69520016,-8.66141700
11.69600016,-9.05511800
11.69680016,-8.26771600
11.69760016,-7.48031400
11.69840016,-7.08661400
11.69920016,-7.48031400
11.70000016,-7.48031400
11.70080016,-6.69291300
11.70160016,-6.69291300
11.70240016,-7.08661400
11.70320016,-7.87401500
11.70400016,-9.84251900
11.70480016,-10.62992000
11.70560016,-11.02362000
11.70640016,-10.23622000
11.70720016,-9.05511800
11.70800016,-8.66141700
11.70880016,-7.87401500
11.70960016,-7.87401500
11.71040016,-7.87401500
11.71120016,-7.87401500
11.71200016,-7.48031400
11.71280016,-7.08661400
11.71360016,-7.08661400
11.71440016,-6.69291300
11.71520016,-6.69291300
11.71600016,-5.51181100
11.71680016,-5.11811000
11.71760016,-3.14960600
11.71840016,-2.75590500
11.71920016,-1.96850400
11.72000016,-2.36220500
11.72080016,-2.36220500
11.72160016,-1.96850400
11.72240016,-1.18110200
11.72320016,-0.78740150
11.72400016,0.39370070
11.72480016,1.18110200
11.72560016,1.18110200
11.72640016,2.36220500
11.72720016,3.54330700
11.72800016,4.33070900
11.72880016,4.72440900
11.72960016,4.72440900
11.73040016,4.72440900
11.73120016,4.72440900
11.73200016,4.72440900
11.73280016,4.72440900
11.73360016,4.72440900
11.73440016,5.11811000
11.73520016,5.51181100
11.73600016,5.90551100
11.73680016,5.90551100
11.73760016,6.29921200
11.73840016,6.29921200
11.73920016,6.29921200
11.74000016,6.69291300
11.74080016,6.29921200
11.74160016,6.69291300
11.74240016,6.29921200
11.74320016,5.90551100
11.74400016,5.90551100
11.74480016,5.90551100
11.74560016,5.11811000
11.74640016,5.90551100
11.74720016,6.29921200
11.74800016,6.29921200
11.74880016,5.90551100
11.74960016,4.33070900
11.75040016,2.75590500
11.75120016,1.18110200
11.75200016,1.18110200
11.75280016,1.96850400
11.75360016,3.14960600
11.75440016,3.93700800
11.75520016,3.93700800
11.75600016,3.14960600
11.75680016,1.96850400
11.75760016,1.18110200
11.75840016,0.39370070
11.75920016,0.00000000
11.76000016,-0.78740150
11.76080016,-1.18110200
11.76160016,-1.57480300
11.76240016,-1.96850400
11.76320016,-1.57480300
11.76400016,-1.57480300
11.76480016,-1.96850400
11.76560016,-1.96850400
11.76640016,-2.75590500
11.76720016,-3.54330700
11.76800016,-3.93700800
11.76880016,-3.93700800
11.76960016,-3.93700800
11.77040016,-4.33070900
11.77120016,-4.33070900
11.77200016,-4.72440900
11.77280016,-5.11811000
11.77360016,-4.33070900
11.77440016,-3.93700800
11.77520016,-3.54330700
11.77600016,-4.72440900
11.77680016,-5.90551100
11.77760016,-7.08661400
11.77840016,-6.29921200
11.77920016,-6.29921200
11.78000016,-5.90551100
11.78080016,-5.51181100
11.78160016,-5.11811000
11.78240016,-5.11811000
11.78320016,-4.33070900
11.78400016,-3.14960600
11.78480016,-2.36220500
11.78560016,-2.75590500
11.78640016,-3.54330700
11.78720016,-3.93700800
11.78800016,-4.33070900
11.78880016,-4.72440900
11.78960016,-4.72440900
11.79040016,-4.33070900
11.79120016,-3.54330700
11.79200016,-3.54330700
11.79280016,-2.75590500
11.79360016,-2.36220500
11.79440016,-1.57480300
11.79520016,-1.18110200
11.79600016,-1.57480300
11.79680016,-1.18110200
11.79760016,-0.78740150
11.79840016,-0.39370070
11.79920016,0.78740150
11.80000016,0.78740150
11.80080016,1.57480300
11.80160016,1.96850400
11.80240016,2.36220500
11.80320016,1.96850400
11.80400016,1.57480300
11.80480016,2.36220500
11.80560016,3.14960600
11.80640016,3.93700800
11.80720016,3.54330700
11.80800016,3.93700800
11.80880016,4.72440900
11.80960016,6.29921200
11.81040016,7.48031400
11.81120016,9.05511800
11.81200016,9.05511800
11.81280016,8.26771600
11.81360016,7.48031400
11.81440016,6.69291300
11.81520016,5.51181100
11.81600016,4.72440900
11.81680016,3.93700800
11.81760016,3.54330700
11.81840016,3.93700800
11.81920016,3.93700800
11.82000016,4.33070900
11.82080016,5.11811000
11.82160016,6.29921200
11.82240016,7.08661400
11.82320016,6.69291300
11.82400016,6.29921200
11.82480016,4.72440900
11.82560016,3.93700800
11.82640016,3.14960600
11.82720016,2.75590500
11.82800016,2.36220500
11.82880016,1.96850400
11.82960016,1.57480300
11.83040016,1.57480300
11.83120016,2.36220500
11.83200016,3.14960600
11.83280016,3.54330700
11.83360016,3.93700800
11.83440016,3.54330700
11.83520016,1.96850400
11.83600016,1.57480300
11.83680016,-0.39370070
11.83760016,-1.18110200
11.83840016,-2.75590500
11.83920016,-3.54330700
11.84000016,-4.33070900
11.84080016,-4.72440900
11.84160016,-4.72440900
11.84240016,-5.11811000
11.84320016,-4.72440900
11.84400016,-5.51181100
11.84480016,-5.51181100
11.84560016,-5.11811000
11.84640016,-5.11811000
11.84720016,-5.11811000
11.84800016,-5.90551100
11.84880016,-6.29921200
11.84960016,-6.69291300
11.85040016,-6.69291300
11.85120016,-7.08661400
11.85200016,-7.08661400
11.85280016,-6.69291300
11.85360016,-6.29921200
11.85440016,-5.90551100
11.85520016,-5.51181100
11.85600016,-5.51181100
11.85680016,-5.90551100
11.85760016,-5.90551100
11.85840016,-6.29921200
11.85920016,-5.90551100
11.86000016,-6.69291300
11.86080016,-5.90551100
11.86160016,-5.51181100
11.86240016,-5.11811000
11.86320016,-5.11811000
11.86400016,-4.72440900
11.86480016,-4.33070900
11.86560016,-4.33070900
11.86640016,-3.54330700
11.86720016,-3.14960600
11.86800016,-3.14960600
11.86880016,-2.75590500
11.86960016,-3.14960600
11.87040016,-3.14960600
11.87120016,-2.75590500
11.87200016,-1.18110200
11.87280016,0.78740150
11.87360016,1.96850400
11.87440016,3.14960600
11.87520016,3.54330700
11.87600016,3.93700800
11.87680016,4.72440900
11.87760016,4.72440900
11.87840016,5.11811000
11.87920016,5.51181100
11.88000016,4.72440900
11.88080016,4.33070900
11.88160016,4.72440900
11.88240016,5.51181100
11.88320016,6.29921200
11.88400016,7.08661400
11.88480016,8.26771600
11.88560016,8.66141700
11.88640016,9.05511800
11.88720016,9.05511800
11.88800016,9.05511800
11.88880016,9.05511800
11.88960016,8.26771600
11.89040016,7.87401500
11.89120016,5.90551100
11.89200016,5.11811000
11.89280016,5.11811000
11.89360016,5.90551100
11.89440016,5.90551100
11.89520016,6.69291300
11.89600016,6.69291300
11.89680016,5.90551100
11.89760016,5.90551100
11.89840016,5.51181100
11.89920016,5.51181100
11.90000016,6.29921200
11.90080016,5.90551100
11.90160016,4.72440900
11.90240016,3.54330700
11.90320016,2.36220500
11.90400016,1.57480300
11.90480016,1.96850400
11.90560016,1.18110200
11.90640016,1.96850400
11.90720016,1.18110200
11.90800016,0.78740150
11.90880016,0.00000000
11.90960016,-1.18110200
11.91040016,-1.57480300
11.91120016,-2.36220500
11.91200016,-3.14960600
11.91280016,-4.33070900
11.91360016,-5.90551100
11.91440016,-7.48031400
11.91520016,-8.26771600
11.91600016,-8.66141700
11.91680016,-8.66141700
11.91760016,-8.26771600
11.91840016,-7.48031400
11.91920016,-7.08661400
11.92000016,-6.69291300
11.92080016,-6.69291300
11.92160016,-6.69291300
11.92240016,-6.69291300
11.92320016,-7.48031400
11.92400016,-8.26771600
11.92480016,-9.44881800
11.92560016,-9.84251900
11.92640016,-9.05511800
11.92720016,-8.66141700
11.92800016,-7.08661400
11.92880016,-6.69291300
11.92960016,-5.11811000
11.93040016,-4.72440900
11.93120016,-4.33070900
11.93200016,-3.54330700
11.93280016,-3.14960600
11.93360016,-2.75590500
11.93440016,-3.93700800
11.93520016,-5.51181100
11.93600016,-6.69291300
11.93680016,-6.69291300
11.93760016,-5.51181100
11.93840016,-2.75590500
11.93920016,-0.39370070
11.94000016,1.57480300
11.94080016,2.75590500
11.94160016,3.14960600
11.94240016,2.75590500
11.94320016,2.36220500
11.94400016,2.36220500
11.94480016,3.14960600
11.94560016,3.14960600
11.94640016,3.14960600
11.94720016,2.75590500
11.94800016,3.54330700
11.94880016,3.93700800
11.94960016,5.11811000
11.95040016,7.08661400
11.95120016,8.26771600
11.95200016,8.66141700
11.95280016,8.26771600
11.95360016,7.87401500
11.95440016,7.08661400
11.95520016,7.08661400
11.95600016,7.08661400
11.95680016,7.48031400
11.95760016,7.48031400
11.95840016,7.48031400
11.95920016,7.08661400
11.96000016,7.08661400
11.96080016,7.48031400
11.96160016,6.69291300
11.96240016,7.08661400
11.96320016,6.69291300
11.96400016,6.29921200
11.96480016,5.51181100
11.96560016,5.11811000
11.96640016,5.11811000
11.96720016,4.72440900
11.96800016,4.33070900
11.96880016,3.54330700
11.96960016,2.75590500
11.97040016,1.57480300
11.97120016,1.96850400
11.97200016,1.18110200
11.97280016,0.78740150
11.97360016,-0.39370070
11.97440016,-1.57480300
11.97520016,-2.75590500
11.97600016,-2.75590500
11.97680016,-2.75590500
11.97760016,-1.57480300
11.97840016,-1.96850400
11.97920016,-2.36220500
11.98000016,-2.75590500
11.98080016,-3.93700800
11.98160016,-4.72440900
11.98240016,-5.51181100
11.98320016,-5.51181100
11.98400016,-5.11811000
11.98480016,-5.51181100
11.98560016,-5.90551100
11.98640016,-7.08661400
11.98720016,-7.48031400
11.98800016,-7.48031400
11.98880016,-7.08661400
11.98960016,-5.90551100
11.99040016,-5.51181100
11.99120016,-5.11811000
11.99200016,-5.51181100
11.99280016,-5.90551100
11.99360016,-5.90551100
11.99440016,-5.11811000
11.99520016,-4.33070900
11.99600016,-3.93700800
11.99680016,-3.54330700
11.99760016,-3.54330700
11.99840016,-3.93700800
11.99920016,-3.54330700
12.00000016,-3.54330700
12.00080016,-2.36220500
12.00160016,-1.18110200
12.00240016,-0.39370070
12.00320016,0.00000000
12.00400016,0.39370070
12.00480016,0.39370070
12.00560016,1.57480300
12.00640016,1.57480300
12.00720016,1.96850400
12.00800016,1.18110200
12.00880016,0.39370070
12.00960016,0.78740150
12.01040016,2.36220500
12.01120016,3.54330700
12.01200016,3.93700800
12.01280016,5.11811000
12.01360016,4.72440900
12.01440016,4.33070900
12.01520016,4.33070900
12.01600016,4.33070900
12.01680016,4.72440900
12.01760016,3.93700800
12.01840016,3.93700800
12.01920016,3.54330700
12.02000016,3.54330700
12.02080016,4.33070900
12.02160016,5.11811000
12.02240016,5.90551100
12.02320016,6.69291300
12.02400016,6.69291300
12.02480016,5.51181100
12.02560016,4.33070900
12.02640016,3.14960600
12.02720016,2.36220500
12.02800016,1.57480300
12.02880016,1.57480300
12.02960016,1.18110200
12.03040016,0.78740150
12.03120016,1.18110200
12.03200016,1.57480300
12.03280016,1.96850400
12.03360016,2.36220500
12.03440016,2.36220500
12.03520016,1.18110200
12.03600016,0.00000000
12.03680016,-1.18110200
12.03760016,-2.36220500
12.03840016,-3.14960600
12.03920016,-3.14960600
12.04000016,-2.75590500
12.04080016,-2.75590500
12.04160016,-2.36220500
12.04240016,-1.96850400
12.04320016,-2.36220500
12.04400016,-2.75590500
12.04480016,-2.36220500
12.04560016,-3.54330700
12.04640016,-3.54330700
12.04720016,-4.33070900
12.04800016,-5.51181100
12.04880016,-5.11811000
12.04960016,-5.11811000
12.05040016,-3.93700800
12.05120016,-3.14960600
12.05200016,-2.36220500
12.05280016,-2.36220500
12.05360016,-2.36220500
12.05440016,-2.36220500
12.05520016,-3.14960600
12.05600016,-3.54330700
12.05680016,-3.14960600
12.05760016,-2.75590500
12.05840016,-1.96850400
12.05920016,-1.96850400
12.06000016,-1.18110200
12.06080016,-0.78740150
12.06160016,-0.39370070
12.06240016,0.39370070
12.06320016,1.18110200
12.06400016,1.18110200
12.06480016,0.78740150
12.06560016,0.39370070
12.06640016,0.00000000
12.06720016,0.00000000
12.06800016,0.78740150
12.06880016,2.36220500
12.06960016,2.75590500
12.07040016,3.14960600
12.07120016,3.54330700
12.07200016,3.93700800
12.07280016,4.33070900
12.07360016,5.11811000
12.07440016,5.11811000
12.07520016,4.72440900
12.07600016,3.93700800
12.07680016,3.54330700
12.07760016,3.54330700
12.07840016,4.33070900
12.07920016,4.72440900
12.08000016,5.90551100
12.08080016,5.51181100
12.08160016,5.11811000
12.08240016,3.93700800
12.08320016,3.14960600
12.08400016,3.14960600
12.08480016,2.75590500
12.08560016,2.36220500
12.08640016,1.96850400
12.08720016,1.18110200
12.08800016,1.18110200
12.08880016,1.18110200
12.08960016,1.57480300
12.09040016,1.57480300
12.09120016,1.18110200
12.09200016,0.39370070
12.09280016,-0.78740150
12.09360016,-0.78740150
12.09440016,-1.57480300
12.09520016,-1.96850400
12.09600016,-2.36220500
12.09680016,-2.36220500
12.09760016,-2.36220500
12.09840016,-2.75590500
12.09920016,-2.75590500
12.10000016,-2.36220500
12.10080016,-2.75590500
12.10160016,-3.14960600
12.10240016,-3.14960600
12.10320016,-4.33070900
12.10400016,-5.11811000
12.10480016,-5.51181100
12.10560016,-5.51181100
12.10640016,-5.11811000
12.10720016,-5.11811000
12.10800016,-5.51181100
12.10880016,-5.51181100
12.10960016,-5.51181100
12.11040016,-4.72440900
12.11120016,-4.33070900
12.11200016,-4.33070900
12.11280016,-3.93700800
12.11360016,-3.54330700
12.11440016,-2.75590500
12.11520016,-2.36220500
12.11600016,-1.18110200
12.11680016,-0.78740150
12.11760016,-1.18110200
12.11840016,-1.96850400
12.11920016,-2.36220500
12.12000016,-1.96850400
12.12080016,-1.96850400
12.12160016,-1.18110200
12.12240016,-1.18110200
12.12320016,0.39370070
12.12400016,1.57480300
12.12480016,2.36220500
12.12560016,3.93700800
12.12640016,3.93700800
12.12720016,3.93700800
12.12800016,3.93700800
12.12880016,3.54330700
12.12960016,2.75590500
12.13040016,2.75590500
12.13120016,2.75590500
12.13200016,3.14960600
12.13280016,3.54330700
12.13360016,4.33070900
12.13440016,5.11811000
12.13520016,5.90551100
12.13600016,7.08661400
12.13680016,7.48031400
12.13760016,7.87401500
12.13840016,7.08661400
12.13920016,5.51181100
12.14000016,3.93700800
12.14080016,3.54330700
12.14160016,3.93700800
12.14240016,4.33070900
12.14320016,4.72440900
12.14400016,4.72440900
12.14480016,4.33070900
12.14560016,5.11811000
12.14640016,5.11811000
12.14720016,5.90551100
12.14800016,4.72440900
12.14880016,3.93700800
12.14960016,2.36220500
12.15040016,0.78740150
12.15120016,-0.39370070
12.15200016,-1.18110200
12.15280016,-0.78740150
12.15360016,-0.39370070
12.15440016,0.00000000
12.15520016,-0.39370070
12.15600016,-0.39370070
12.15680016,-0.78740150
12.15760016,-1.57480300
12.15840016,-1.96850400
12.15920016,-2.36220500
12.16000016,-3.54330700
12.16080016,-5.11811000
12.16160016,-5.51181100
12.16240016,-5.90551100
12.16320016,-5.51181100
12.16400016,-5.90551100
12.16480016,-5.11811000
12.16560016,-5.11811000
12.16640016,-5.51181100
12.16720016,-5.11811000
12.16800016,-5.11811000
12.16880016,-5.11811000
12.16960016,-4.72440900
12.17040016,-3.93700800
12.17120016,-4.72440900
12.17200016,-4.72440900
12.17280016,-5.11811000
12.17360016,-5.11811000
12.17440016,-4.72440900
12.17520016,-4.33070900
12.17600016,-3.93700800
12.17680016,-3.93700800
12.17760016,-3.54330700
12.17840016,-3.54330700
12.17920016,-2.75590500
12.18000016,-2.36220500
12.18080016,-1.57480300
12.18160016,-0.39370070
12.18240016,-0.39370070
12.18320016,-0.39370070
12.18400016,-0.78740150
12.18480016,-1.57480300
12.18560016,-0.78740150
12.18640016,-0.39370070
12.18720016,0.00000000
12.18800016,0.78740150
12.18880016,1.57480300
12.18960016,1.96850400
12.19040016,2.75590500
12.19120016,3.54330700
12.19200016,3.93700800
12.19280016,4.33070900
12.19360016,4.72440900
12.19440016,4.33070900
12.19520016,3.14960600
12.19600016,1.57480300
12.19680016,1.18110200
12.19760016,1.18110200
12.19840016,2.36220500
12.19920016,3.54330700
12.20000016,3.93700800
12.20080016,5.51181100
12.20160016,5.51181100
12.20240016,5.11811000
12.20320016,5.51181100
12.20400016,5.90551100
12.20480016,5.11811000
12.20560016,4.72440900
12.20640016,3.14960600
12.20720016,1.96850400
12.20800016,1.57480300
12.20880016,1.57480300
12.20960016,3.54330700
12.21040016,5.90551100
12.21120016,8.26771600
12.21200016,8.26771600
12.21280016,6.29921200
12.21360016,4.33070900
12.21440016,2.75590500
12.21520016,1.18110200
12.21600016,0.39370070
12.21680016,-0.78740150
12.21760016,-0.78740150
12.21840016,0.39370070
12.21920016,1.96850400
12.22000016,3.93700800
12.22080016,4.33070900
12.22160016,2.75590500
12.22240016,0.39370070
12.22320016,-1.96850400
12.22400016,-3.14960600
12.22480016,-2.75590500
12.22560016,-2.36220500
12.22640016,-1.96850400
12.22720016,-1.57480300
12.22800016,-1.96850400
12.22880016,-3.14960600
12.22960016,-3.54330700
12.23040016,-3.54330700
12.23120016,-2.36220500
12.23200016,-1.18110200
12.23280016,-1.18110200
12.23360016,-2.75590500
12.23440016,-4.72440900
12.23520016,-6.29921200
12.23600016,-7.48031400
12.23680016,-7.48031400
12.23760016,-6.29921200
12.23840016,-5.51181100
12.23920016,-4.72440900
12.24000016,-4.33070900
12.24080016,-4.72440900
12.24160016,-5.51181100
12.24240016,-5.90551100
12.24320016,-7.08661400
12.24400016,-7.08661400
12.24480016,-6.69291300
12.24560016,-6.29921200
12.24640016,-4.72440900
12.24720016,-3.54330700
12.24800016,-2.75590500
12.24880016,-2.75590500
12.24960016,-3.54330700
12.25040016,-3.93700800
12.25120016,-4.33070900
12.25200016,-3.93700800
12.25280016,-3.14960600
12.25360016,-2.75590500
12.25440016,-2.36220500
12.25520016,-2.36220500
12.25600016,-1.96850400
12.25680016,-1.57480300
12.25760016,-0.78740150
12.25840016,0.78740150
12.25920016,2.36220500
12.26000016,3.93700800
12.26080016,3.54330700
12.26160016,2.75590500
12.26240016,0.78740150
12.26320016,0.78740150
12.26400016,1.18110200
12.26480016,2.75590500
12.26560016,4.33070900
12.26640016,5.90551100
12.26720016,5.51181100
12.26800016,5.51181100
12.26880016,5.90551100
12.26960016,6.29921200
12.27040016,8.26771600
12.27120016,9.05511800
12.27200016,9.05511800
12.27280016,8.66141700
12.27360016,6.29921200
12.27440016,5.11811000
12.27520016,4.72440900
12.27600016,4.72440900
12.27680016,5.90551100
12.27760016,6.69291300
12.27840016,7.08661400
12.27920016,5.90551100
12.28000016,6.29921200
12.28080016,6.69291300
12.28160016,7.87401500
12.28240016,9.05511800
12.28320016,9.05511800
12.28400016,8.26771600
12.28480016,6.69291300
12.28560016,5.11811000
12.28640016,3.54330700
12.28720016,2.75590500
12.28800016,2.36220500
12.28880016,1.96850400
12.28960016,2.36220500
12.29040016,2.36220500
12.29120016,2.36220500
12.29200016,2.75590500
12.29280016,2.36220500
12.29360016,1.96850400
12.29440016,1.18110200
12.29520016,-0.39370070
12.29600016,-2.75590500
12.29680016,-4.33070900
12.29760016,-5.11811000
12.29840016,-5.51181100
12.29920016,-5.51181100
12.30000016,-6.29921200
12.30080016,-6.69291300
12.30160016,-7.48031400
12.30240016,-7.48031400
12.30320016,-7.08661400
12.30400016,-6.69291300
12.30480016,-6.29921200
12.30560016,-7.08661400
12.30640016,-8.26771600
12.30720016,-9.84251900
12.30800016,-10.23622000
12.30880016,-9.44881800
12.30960016,-8.26771600
12.31040016,-7.87401500
12.31120016,-7.08661400
12.31200016,-7.87401500
12.31280016,-9.05511800
12.31360016,-10.23622000
12.31440016,-9.84251900
12.31520016,-9.05511800
12.31600016,-7.87401500
12.31680016,-7.87401500
12.31760016,-7.87401500
12.31840016,-8.66141700
12.31920016,-8.66141700
12.32000016,-7.08661400
12.32080016,-4.33070900
12.32160016,-1.57480300
12.32240016,0.00000000
12.32320016,0.00000000
12.32400016,-0.78740150
12.32480016,-1.57480300
12.32560016,-1.96850400
12.32640016,-0.78740150
12.32720016,-0.39370070
12.32800016,0.78740150
12.32880016,0.78740150
12.32960016,0.78740150
12.33040016,1.57480300
12.33120016,3.93700800
12.33200016,5.90551100
12.33280016,7.87401500
12.33360016,7.48031400
12.33440016,6.69291300
12.33520016,5.90551100
12.33600016,5.51181100
12.33680016,5.11811000
12.33760016,6.69291300
12.33840016,7.08661400
12.33920016,6.69291300
12.34000016,7.08661400
12.34080016,7.48031400
12.34160016,8.66141700
12.34240016,9.84251900
12.34320016,11.41732000
12.34400016,11.81102000
12.34480016,11.81102000
12.34560016,11.02362000
12.34640016,10.23622000
12.34720016,9.44881800
12.34800016,9.84251900
12.34880016,9.44881800
12.34960016,8.66141700
12.35040016,7.08661400
12.35120016,5.90551100
12.35200016,5.11811000
12.35280016,5.90551100
12.35360016,5.90551100
12.35440016,6.69291300
12.35520016,6.69291300
12.35600016,5.51181100
12.35680016,4.33070900
12.35760016,3.54330700
12.35840017,2.36220500
12.35920017,2.36220500
12.36000017,1.96850400
12.36080017,1.57480300
12.36160017,0.39370070
12.36240017,-0.78740150
12.36320017,-1.96850400
12.36400017,-2.75590500
12.36480017,-3.14960600
12.36560017,-3.14960600
12.36640017,-2.75590500
12.36720017,-2.75590500
12.36800017,-3.14960600
12.36880017,-4.33070900
12.36960017,-5.51181100
12.37040017,-6.69291300
12.37120017,-7.87401500
12.37200017,-8.66141700
12.37280017,-9.44881800
12.37360017,-9.84251900
12.37440017,-10.23622000
12.37520017,-10.62992000
12.37600017,-10.62992000
12.37680017,-9.44881800
12.37760017,-9.05511800
12.37840017,-8.66141700
12.37920017,-8.26771600
12.38000017,-9.05511800
12.38080017,-10.62992000
12.38160017,-10.62992000
12.38240017,-10.62992000
12.38320017,-9.44881800
12.38400017,-8.66141700
12.38480017,-8.66141700
12.38560017,-8.66141700
12.38640017,-8.66141700
12.38720017,-7.87401500
12.38800017,-6.69291300
12.38880017,-5.90551100
12.38960017,-5.11811000
12.39040017,-5.90551100
12.39120017,-6.29921200
12.39200017,-6.69291300
12.39280017,-5.90551100
12.39360017,-3.54330700
12.39440017,-2.36220500
12.39520017,-1.57480300
12.39600017,-1.18110200
12.39680017,-1.18110200
12.39760017,-0.39370070
12.39840017,0.78740150
12.39920017,2.36220500
12.40000017,3.93700800
12.40080017,4.72440900
12.40160017,3.93700800
12.40240017,3.93700800
12.40320017,4.33070900
12.40400017,5.51181100
12.40480017,7.48031400
12.40560017,8.26771600
12.40640017,8.66141700
12.40720017,7.87401500
12.40800017,7.08661400
12.40880017,7.08661400
12.40960017,8.26771600
12.41040017,9.44881800
12.41120017,10.62992000
12.41200017,10.23622000
12.41280017,9.84251900
12.41360017,9.05511800
12.41440017,9.84251900
12.41520017,11.02362000
12.41600017,11.81102000
12.41680017,11.81102000
12.41760017,10.62992000
12.41840017,9.05511800
12.41920017,8.66141700
12.42000017,8.66141700
12.42080017,9.05511800
12.42160017,9.05511800
12.42240017,9.05511800
12.42320017,8.26771600
12.42400017,7.48031400
12.42480017,7.08661400
12.42560017,6.69291300
12.42640017,6.69291300
12.42720017,5.90551100
12.42800017,4.33070900
12.42880017,2.75590500
12.42960017,1.96850400
12.43040017,1.57480300
12.43120017,1.57480300
12.43200017,1.96850400
12.43280017,1.96850400
12.43360017,1.57480300
12.43440017,0.39370070
12.43520017,-1.57480300
12.43600017,-3.14960600
12.43680017,-3.54330700
12.43760017,-4.33070900
12.43840017,-5.11811000
12.43920017,-5.11811000
12.44000017,-5.11811000
12.44080017,-5.51181100
12.44160017,-4.33070900
12.44240017,-3.93700800
12.44320017,-4.33070900
12.44400017,-5.11811000
12.44480017,-7.08661400
12.44560017,-8.26771600
12.44640017,-9.84251900
12.44720017,-11.02362000
12.44800017,-12.20472000
12.44880017,-12.59842000
12.44960017,-12.59842000
12.45040017,-11.41732000
12.45120017,-9.84251900
12.45200017,-8.66141700
12.45280017,-7.87401500
12.45360017,-8.26771600
12.45440017,-9.05511800
12.45520017,-9.05511800
12.45600017,-10.23622000
12.45680017,-10.23622000
12.45760017,-10.62992000
12.45840017,-10.23622000
12.45920017,-10.23622000
12.46000017,-9.44881800
12.46080017,-7.08661400
12.46160017,-5.51181100
12.46240017,-4.72440900
12.46320017,-4.33070900
12.46400017,-4.33070900
12.46480017,-5.11811000
12.46560017,-5.11811000
12.46640017,-4.72440900
12.46720017,-3.54330700
12.46800017,-2.75590500
12.46880017,-2.36220500
12.46960017,-1.57480300
12.47040017,-0.78740150
12.47120017,0.39370070
12.47200017,2.36220500
12.47280017,3.54330700
12.47360017,3.54330700
12.47440017,3.14960600
12.47520017,2.75590500
12.47600017,2.75590500
12.47680017,3.54330700
12.47760017,5.11811000
12.47840017,5.90551100
12.47920017,7.08661400
12.48000017,8.26771600
12.48080017,8.66141700
12.48160017,9.44881800
12.48240017,10.62992000
12.48320017,11.02362000
12.48400017,10.62992000
12.48480017,9.84251900
12.48560017,8.26771600
12.48640017,7.87401500
12.48720017,8.26771600
12.48800017,9.05511800
12.48880017,10.23622000
12.48960017,11.41732000
12.49040017,11.02362000
12.49120017,11.41732000
12.49200017,11.02362000
12.49280017,11.02362000
12.49360017,10.62992000
12.49440017,9.84251900
12.49520017,8.66141700
12.49600017,7.08661400
12.49680017,5.90551100
12.49760017,5.51181100
12.49840017,6.69291300
12.49920017,7.08661400
12.50000017,7.48031400
12.50080017,7.08661400
12.50160017,6.29921200
12.50240017,5.11811000
12.50320017,4.33070900
12.50400017,3.93700800
12.50480017,2.75590500
12.50560017,1.18110200
12.50640017,-0.39370070
12.50720017,-1.57480300
12.50800017,-1.96850400
12.50880017,-3.14960600
12.50960017,-3.14960600
12.51040017,-2.75590500
12.51120017,-2.75590500
12.51200017,-3.14960600
12.51280017,-3.93700800
12.51360017,-5.11811000
12.51440017,-5.51181100
12.51520017,-6.69291300
12.51600017,-7.48031400
12.51680017,-8.66141700
12.51760017,-9.84251900
12.51840017,-10.23622000
12.51920017,-10.62992000
12.52000017,-10.62992000
12.52080017,-9.44881800
12.52160017,-9.05511800
12.52240017,-9.05511800
12.52320017,-8.66141700
12.52400017,-8.26771600
12.52480017,-8.26771600
12.52560017,-7.87401500
12.52640017,-8.66141700
12.52720017,-9.44881800
12.52800017,-10.23622000
12.52880017,-11.02362000
12.52960017,-11.02362000
12.53040017,-10.23622000
12.53120017,-9.05511800
12.53200017,-7.87401500
12.53280017,-6.69291300
12.53360017,-5.90551100
12.53440017,-5.51181100
12.53520017,-4.33070900
12.53600017,-3.54330700
12.53680017,-3.54330700
12.53760017,-3.93700800
12.53840017,-4.33070900
12.53920017,-4.72440900
12.54000017,-3.93700800
12.54080017,-3.14960600
12.54160017,-1.57480300
12.54240017,0.39370070
12.54320017,1.18110200
12.54400017,1.96850400
12.54480017,3.14960600
12.54560017,3.93700800
12.54640017,3.14960600
12.54720017,3.14960600
12.54800017,2.75590500
12.54880017,2.75590500
12.54960017,3.14960600
12.55040017,3.54330700
12.55120017,4.33070900
12.55200017,6.29921200
12.55280017,7.87401500
12.55360017,9.05511800
12.55440017,9.44881800
12.55520017,9.44881800
12.55600017,9.44881800
12.55680017,8.66141700
12.55760017,8.26771600
12.55840017,7.48031400
12.55920017,6.69291300
12.56000017,5.90551100
12.56080017,6.29921200
12.56160017,7.48031400
12.56240017,8.66141700
12.56320017,9.84251900
12.56400017,10.23622000
12.56480017,11.02362000
12.56560017,9.84251900
12.56640017,8.66141700
12.56720017,7.87401500
12.56800017,6.29921200
12.56880017,5.51181100
12.56960017,4.33070900
12.57040017,3.54330700
12.57120017,3.14960600
12.57200017,3.14960600
12.57280017,3.93700800
12.57360017,4.72440900
12.57440017,5.11811000
12.57520017,5.11811000
12.57600017,5.11811000
12.57680017,3.93700800
12.57760017,2.36220500
12.57840017,1.18110200
12.57920017,0.00000000
12.58000017,-1.18110200
12.58080017,-1.57480300
12.58160017,-1.18110200
12.58240017,-1.18110200
12.58320017,-0.78740150
12.58400017,-1.96850400
12.58480017,-1.96850400
12.58560017,-2.36220500
12.58640017,-3.54330700
12.58720017,-4.33070900
12.58800017,-5.11811000
12.58880017,-6.29921200
12.58960017,-6.69291300
12.59040017,-6.69291300
12.59120017,-7.08661400
12.59200017,-7.48031400
12.59280017,-7.08661400
12.59360017,-6.29921200
12.59440017,-5.90551100
12.59520017,-5.90551100
12.59600017,-6.69291300
12.59680017,-7.08661400
12.59760017,-7.87401500
12.59840017,-7.87401500
12.59920017,-7.87401500
12.60000017,-8.26771600
12.60080017,-8.66141700
12.60160017,-9.05511800
12.60240017,-9.05511800
12.60320017,-7.48031400
12.60400017,-5.90551100
12.60480017,-4.72440900
12.60560017,-3.93700800
12.60640017,-3.54330700
12.60720017,-3.54330700
12.60800017,-3.93700800
12.60880017,-3.93700800
12.60960017,-3.14960600
12.61040017,-3.14960600
12.61120017,-3.14960600
12.61200017,-3.54330700
12.61280017,-3.54330700
12.61360017,-2.75590500
12.61440017,-0.39370070
12.61520017,1.18110200
12.61600017,2.36220500
12.61680017,2.75590500
12.61760017,2.36220500
12.61840017,1.96850400
12.61920017,2.75590500
12.62000017,3.54330700
12.62080017,4.33070900
12.62160017,3.54330700
12.62240017,2.36220500
12.62320017,1.18110200
12.62400017,1.57480300
12.62480017,2.36220500
12.62560017,4.33070900
12.62640017,6.69291300
12.62720017,7.48031400
12.62800017,7.48031400
12.62880017,7.48031400
12.62960017,7.87401500
12.63040017,8.66141700
12.63120017,8.66141700
12.63200017,7.48031400
12.63280017,5.90551100
12.63360017,4.33070900
12.63440017,4.33070900
12.63520017,4.33070900
12.63600017,5.51181100
12.63680017,6.69291300
12.63760017,7.08661400
12.63840017,6.69291300
12.63920017,6.29921200
12.64000017,5.90551100
12.64080017,7.08661400
12.64160017,7.08661400
12.64240017,6.29921200
12.64320017,4.72440900
12.64400017,3.54330700
12.64480017,1.57480300
12.64560017,1.57480300
12.64640017,1.57480300
12.64720017,2.36220500
12.64800017,1.96850400
12.64880017,1.18110200
12.64960017,0.00000000
12.65040017,0.00000000
12.65120017,0.39370070
12.65200017,0.39370070
12.65280017,0.00000000
12.65360017,-1.18110200
12.65440017,-2.36220500
12.65520017,-3.14960600
12.65600017,-3.14960600
12.65680017,-3.54330700
12.65760017,-3.14960600
12.65840017,-3.93700800
12.65920017,-4.72440900
12.66000017,-4.72440900
12.66080017,-4.72440900
12.66160017,-4.72440900
12.66240017,-3.54330700
12.66320017,-3.93700800
12.66400017,-3.54330700
12.66480017,-4.72440900
12.66560017,-5.51181100
12.66640017,-5.90551100
12.66720017,-6.69291300
12.66800017,-7.08661400
12.66880017,-7.48031400
12.66960017,-8.26771600
12.67040017,-8.26771600
12.67120017,-7.08661400
12.67200017,-5.11811000
12.67280017,-3.93700800
12.67360017,-2.75590500
12.67440017,-2.36220500
12.67520017,-1.96850400
12.67600017,-2.36220500
12.67680017,-2.36220500
12.67760017,-2.75590500
12.67840017,-3.93700800
12.67920017,-4.72440900
12.68000017,-5.90551100
12.68080017,-6.29921200
12.68160017,-4.72440900
12.68240017,-2.36220500
12.68320017,-0.78740150
12.68400017,0.78740150
12.68480017,1.18110200
12.68560017,1.96850400
12.68640017,1.57480300
12.68720017,1.57480300
12.68800017,1.57480300
12.68880017,0.78740150
12.68960017,0.39370070
12.69040017,-0.39370070
12.69120017,0.00000000
12.69200017,0.78740150
12.69280017,3.14960600
12.69360017,4.72440900
12.69440017,5.51181100
12.69520017,5.90551100
12.69600017,4.72440900
12.69680017,5.11811000
12.69760017,5.51181100
12.69840017,5.90551100
12.69920017,5.90551100
12.70000017,5.11811000
12.70080017,4.72440900
12.70160017,4.33070900
12.70240017,4.72440900
12.70320017,5.90551100
12.70400017,6.29921200
12.70480017,6.29921200
12.70560017,5.90551100
12.70640017,4.72440900
12.70720017,3.93700800
12.70800017,3.93700800
12.70880017,3.93700800
12.70960017,4.72440900
12.71040017,4.72440900
12.71120017,3.54330700
12.71200017,2.75590500
12.71280017,2.36220500
12.71360017,3.14960600
12.71440017,3.54330700
12.71520017,3.54330700
12.71600017,2.36220500
12.71680017,1.18110200
12.71760017,0.39370070
12.71840017,0.00000000
12.71920017,0.78740150
12.72000017,1.96850400
12.72080017,2.36220500
12.72160017,0.78740150
12.72240017,0.39370070
12.72320017,-0.78740150
12.72400017,-1.57480300
12.72480017,-1.57480300
12.72560017,-2.36220500
12.72640017,-3.54330700
12.72720017,-5.11811000
12.72800017,-5.51181100
12.72880017,-5.51181100
12.72960017,-3.54330700
12.73040017,-1.57480300
12.73120017,-0.39370070
12.73200017,0.00000000
12.73280017,-0.78740150
12.73360017,-1.96850400
12.73440017,-3.14960600
12.73520017,-3.93700800
12.73600017,-4.33070900
12.73680017,-5.11811000
12.73760017,-5.90551100
12.73840017,-6.29921200
12.73920017,-5.51181100
12.74000017,-4.33070900
12.74080017,-2.75590500
12.74160017,-1.57480300
12.74240017,-0.78740150
12.74320017,-1.96850400
12.74400017,-2.75590500
12.74480017,-3.14960600
12.74560017,-3.93700800
12.74640017,-3.93700800
12.74720017,-4.72440900
12.74800017,-4.33070900
12.74880017,-4.33070900
12.74960017,-3.14960600
12.75040017,-1.96850400
12.75120017,0.00000000
12.75200017,0.78740150
12.75280017,1.18110200
12.75360017,0.78740150
12.75440017,0.00000000
12.75520017,-0.39370070
12.75600017,0.00000000
12.75680017,-0.78740150
12.75760017,-1.18110200
12.75840017,-1.18110200
12.75920017,-0.78740150
12.76000017,0.00000000
12.76080017,1.57480300
12.76160017,2.36220500
12.76240017,2.75590500
12.76320017,1.96850400
12.76400017,1.57480300
12.76480017,0.39370070
12.76560017,0.39370070
12.76640017,1.18110200
12.76720017,0.78740150
12.76800017,1.18110200
12.76880017,0.78740150
12.76960017,1.57480300
12.77040017,2.36220500
12.77120017,3.93700800
12.77200017,4.33070900
12.77280017,4.72440900
12.77360017,4.33070900
12.77440017,3.54330700
12.77520017,2.36220500
12.77600017,2.36220500
12.77680017,2.75590500
12.77760017,2.75590500
12.77840017,2.75590500
12.77920017,1.96850400
12.78000017,1.57480300
12.78080017,1.96850400
12.78160017,2.75590500
12.78240017,3.54330700
12.78320017,4.33070900
12.78400017,4.33070900
12.78480017,3.54330700
12.78560017,3.14960600
12.78640017,3.14960600
12.78720017,3.93700800
12.78800017,3.14960600
12.78880017,2.36220500
12.78960017,1.96850400
12.79040017,1.57480300
12.79120017,1.18110200
12.79200017,1.96850400
12.79280017,2.36220500
12.79360017,3.14960600
12.79440017,2.75590500
12.79520017,2.36220500
12.79600017,1.57480300
12.79680017,1.18110200
12.79760017,1.18110200
12.79840017,1.18110200
12.79920017,0.00000000
12.80000017,-0.39370070
12.80080017,-1.57480300
12.80160017,-1.96850400
12.80240017,-1.57480300
12.80320017,-0.39370070
12.80400017,0.00000000
12.80480017,0.39370070
12.80560017,-0.78740150
12.80640017,-1.18110200
12.80720017,-1.96850400
12.80800017,-1.96850400
12.80880017,-1.96850400
12.80960017,-1.96850400
12.81040017,-3.14960600
12.81120017,-3.54330700
12.81200017,-3.14960600
12.81280017,-3.14960600
12.81360017,-2.36220500
12.81440017,-1.57480300
12.81520017,-1.96850400
12.81600017,-2.75590500
12.81680017,-3.93700800
12.81760017,-4.72440900
12.81840017,-5.51181100
12.81920017,-5.11811000
12.82000017,-5.51181100
12.82080017,-5.51181100
12.82160017,-5.51181100
12.82240017,-5.11811000
12.82320017,-4.33070900
12.82400017,-3.14960600
12.82480017,-2.36220500
12.82560017,-1.96850400
12.82640017,-3.14960600
12.82720017,-3.93700800
12.82800017,-4.33070900
12.82880017,-4.72440900
12.82960017,-4.33070900
12.83040017,-3.54330700
12.83120017,-2.75590500
12.83200017,-3.54330700
12.83280017,-3.14960600
12.83360017,-1.96850400
12.83440017,-0.78740150
12.83520017,0.00000000
12.83600017,0.00000000
12.83680017,0.00000000
12.83760017,-1.18110200
12.83840017,-1.96850400
12.83920017,-2.36220500
12.84000017,-1.18110200
12.84080017,-0.39370070
12.84160017,0.78740150
12.84240017,1.96850400
12.84320017,2.75590500
12.84400017,2.36220500
12.84480017,2.75590500
12.84560017,3.54330700
12.84640017,3.93700800
12.84720017,3.93700800
12.84800017,3.14960600
12.84880017,2.75590500
12.84960017,3.14960600
12.85040017,3.54330700
12.85120017,4.72440900
12.85200017,5.90551100
12.85280017,6.29921200
12.85360017,6.69291300
12.85440017,6.29921200
12.85520017,5.90551100
12.85600017,5.51181100
12.85680017,5.11811000
12.85760017,4.72440900
12.85840017,3.93700800
12.85920017,3.93700800
12.86000017,3.93700800
12.86080017,4.72440900
12.86160017,5.90551100
12.86240017,6.69291300
12.86320017,6.69291300
12.86400017,6.69291300
12.86480017,5.90551100
12.86560017,4.72440900
12.86640017,4.72440900
12.86720017,4.72440900
12.86800017,3.93700800
12.86880017,3.14960600
12.86960017,2.36220500
12.87040017,2.36220500
12.87120017,1.96850400
12.87200017,1.96850400
12.87280017,1.96850400
12.87360017,2.36220500
12.87440017,1.96850400
12.87520017,0.39370070
12.87600017,0.00000000
12.87680017,-0.39370070
12.87760017,-1.18110200
12.87840017,-1.57480300
12.87920017,-2.36220500
12.88000017,-2.75590500
12.88080017,-3.14960600
12.88160017,-2.75590500
12.88240017,-2.75590500
12.88320017,-2.75590500
12.88400017,-3.14960600
12.88480017,-3.93700800
12.88560017,-4.33070900
12.88640017,-4.72440900
12.88720017,-5.11811000
12.88800017,-5.51181100
12.88880017,-5.90551100
12.88960017,-6.29921200
12.89040017,-6.29921200
12.89120017,-6.29921200
12.89200017,-6.29921200
12.89280017,-6.69291300
12.89360017,-6.69291300
12.89440017,-6.69291300
12.89520017,-7.08661400
12.89600017,-7.08661400
12.89680017,-6.69291300
12.89760017,-5.90551100
12.89840017,-5.11811000
12.89920017,-5.11811000
12.90000017,-5.51181100
12.90080017,-5.11811000
12.90160017,-5.51181100
12.90240017,-4.72440900
12.90320017,-3.93700800
12.90400017,-3.14960600
12.90480017,-3.14960600
12.90560017,-2.75590500
12.90640017,-2.36220500
12.90720017,-1.57480300
12.90800017,0.00000000
12.90880017,0.39370070
12.90960017,0.39370070
12.91040017,0.00000000
12.91120017,-0.78740150
12.91200017,-0.39370070
12.91280017,0.78740150
12.91360017,1.57480300
12.91440017,2.36220500
12.91520017,2.75590500
12.91600017,2.75590500
12.91680017,2.75590500
12.91760017,3.14960600
12.91840017,4.72440900
12.91920017,5.90551100
12.92000017,7.08661400
12.92080017,5.90551100
12.92160017,5.11811000
12.92240017,4.72440900
12.92320017,4.72440900
12.92400017,5.51181100
12.92480017,6.69291300
12.92560017,7.08661400
12.92640017,6.69291300
12.92720017,6.29921200
12.92800017,5.51181100
12.92880017,5.90551100
12.92960017,7.48031400
12.93040017,7.48031400
12.93120017,7.08661400
12.93200017,5.51181100
12.93280017,4.72440900
12.93360017,4.72440900
12.93440017,5.11811000
12.93520017,5.90551100
12.93600017,5.90551100
12.93680017,5.11811000
12.93760017,3.93700800
12.93840017,2.75590500
12.93920017,3.14960600
12.94000017,3.14960600
12.94080017,2.75590500
12.94160017,2.75590500
12.94240017,1.57480300
12.94320017,0.78740150
12.94400017,0.39370070
12.94480017,0.00000000
12.94560017,0.39370070
12.94640017,0.39370070
12.94720017,0.00000000
12.94800017,-0.78740150
12.94880017,-2.36220500
12.94960017,-3.54330700
12.95040017,-3.54330700
12.95120017,-3.54330700
12.95200017,-3.14960600
12.95280017,-3.93700800
12.95360017,-4.33070900
12.95440017,-5.11811000
12.95520017,-4.72440900
12.95600017,-4.72440900
12.95680017,-4.33070900
12.95760017,-5.11811000
12.95840017,-5.11811000
12.95920017,-5.90551100
12.96000017,-6.29921200
12.96080017,-5.51181100
12.96160017,-5.11811000
12.96240017,-5.51181100
12.96320017,-5.11811000
12.96400017,-5.51181100
12.96480017,-5.11811000
12.96560017,-5.11811000
12.96640017,-5.51181100
12.96720017,-5.90551100
12.96800017,-5.51181100
12.96880017,-5.51181100
12.96960017,-5.11811000
12.97040017,-5.11811000
12.97120017,-3.93700800
12.97200017,-3.93700800
12.97280017,-2.36220500
12.97360017,-1.96850400
12.97440017,-1.96850400
12.97520017,-1.96850400
12.97600017,-1.96850400
12.97680017,-1.96850400
12.97760017,-1.96850400
12.97840017,-2.36220500
12.97920017,-1.96850400
12.98000017,-1.18110200
12.98080017,0.39370070
12.98160017,1.18110200
12.98240017,2.36220500
12.98320017,2.36220500
12.98400017,2.36220500
12.98480017,1.96850400
12.98560017,1.57480300
12.98640017,1.96850400
12.98720017,1.96850400
12.98800017,1.96850400
12.98880017,1.96850400
12.98960017,1.96850400
12.99040017,2.75590500
12.99120017,3.93700800
12.99200017,4.72440900
12.99280017,5.90551100
12.99360017,5.11811000
12.99440017,4.72440900
12.99520017,4.33070900
12.99600017,3.54330700
12.99680017,3.93700800
12.99760017,4.33070900
12.99840017,4.33070900
12.99920017,4.33070900
13.00000017,3.93700800
13.00080017,3.93700800
13.00160017,5.11811000
13.00240017,5.90551100
13.00320017,7.08661400
13.00400017,7.08661400
13.00480017,5.11811000
13.00560017,3.54330700
13.00640017,2.36220500
13.00720017,2.36220500
13.00800017,2.75590500
13.00880017,2.75590500
13.00960017,2.36220500
13.01040017,1.18110200
13.01120017,1.57480300
13.01200017,1.96850400
13.01280017,3.54330700
13.01360017,3.93700800
13.01440017,3.54330700
13.01520017,2.75590500
13.01600017,0.78740150
13.01680017,0.00000000
13.01760017,-0.78740150
13.01840017,0.00000000
13.01920017,0.00000000
13.02000017,0.00000000
13.02080017,-0.78740150
13.02160017,-1.96850400
13.02240017,-1.57480300
13.02320017,-1.18110200
13.02400017,-0.78740150
13.02480017,0.00000000
13.02560017,0.00000000
13.02640017,-1.18110200
13.02720017,-2.36220500
13.02800017,-3.14960600
13.02880017,-3.93700800
13.02960017,-3.54330700
13.03040017,-3.93700800
13.03120017,-4.33070900
13.03200017,-4.72440900
13.03280017,-4.72440900
13.03360017,-3.93700800
13.03440017,-2.36220500
13.03520017,-1.57480300
13.03600017,-1.57480300
13.03680017,-1.96850400
13.03760017,-3.54330700
13.03840017,-3.93700800
13.03920017,-4.72440900
13.04000017,-5.11811000
13.04080017,-5.51181100
13.04160017,-5.11811000
13.04240017,-5.11811000
13.04320017,-4.72440900
13.04400017,-3.93700800
13.04480017,-2.75590500
13.04560017,-1.57480300
13.04640017,-0.78740150
13.04720017,-1.18110200
13.04800017,-1.57480300
13.04880017,-2.75590500
13.04960017,-3.54330700
13.05040017,-4.33070900
13.05120017,-4.33070900
13.05200017,-3.54330700
13.05280017,-3.54330700
13.05360017,-2.36220500
13.05440017,-1.18110200
13.05520017,0.00000000
13.05600017,0.78740150
13.05680017,1.57480300
13.05760017,1.57480300
13.05840017,0.39370070
13.05920017,-0.39370070
13.06000017,-1.18110200
13.06080017,-1.57480300
13.06160017,-1.18110200
13.06240017,-1.18110200
13.06320017,0.00000000
13.06400017,1.57480300
13.06480017,3.14960600
13.06560017,3.93700800
13.06640017,4.72440900
13.06720017,4.72440900
13.06800017,3.93700800
13.06880017,3.54330700
13.06960017,3.14960600
13.07040017,2.75590500
13.07120017,2.36220500
13.07200017,2.36220500
13.07280017,2.36220500
13.07360017,3.54330700
13.07440017,4.33070900
13.07520017,5.51181100
13.07600017,6.29921200
13.07680017,6.69291300
13.07760017,6.69291300
13.07840017,5.90551100
13.07920017,5.11811000
13.08000017,4.33070900
13.08080017,3.54330700
13.08160017,3.93700800
13.08240017,3.93700800
13.08320017,4.33070900
13.08400017,3.93700800
13.08480017,4.33070900
13.08560017,4.72440900
13.08640017,5.51181100
13.08720017,5.90551100
13.08800017,5.11811000
13.08880017,3.54330700
13.08960017,2.36220500
13.09040017,1.18110200
13.09120017,1.57480300
13.09200017,1.57480300
13.09280017,1.57480300
13.09360017,1.96850400
13.09440017,1.57480300
13.09520017,1.57480300
13.09600017,1.18110200
13.09680017,1.18110200
13.09760017,0.78740150
13.09840017,0.00000000
13.09920017,-1.57480300
13.10000017,-2.36220500
13.10080017,-3.14960600
13.10160017,-3.14960600
13.10240017,-2.75590500
13.10320017,-2.75590500
13.10400017,-3.54330700
13.10480017,-3.93700800
13.10560017,-4.33070900
13.10640017,-4.33070900
13.10720017,-4.33070900
13.10800018,-4.72440900
13.10880018,-4.33070900
13.10960018,-5.11811000
13.11040018,-6.69291300
13.11120018,-7.08661400
13.11200018,-7.08661400
13.11280018,-6.29921200
13.11360018,-6.29921200
13.11440018,-5.51181100
13.11520018,-5.51181100
13.11600018,-6.29921200
13.11680018,-6.29921200
13.11760018,-6.29921200
13.11840018,-5.90551100
13.11920018,-5.90551100
13.12000018,-5.90551100
13.12080018,-5.90551100
13.12160018,-5.51181100
13.12240018,-4.72440900
13.12320018,-4.33070900
13.12400018,-3.54330700
13.12480018,-3.14960600
13.12560018,-3.54330700
13.12640018,-3.54330700
13.12720018,-3.54330700
13.12800018,-3.14960600
13.12880018,-1.96850400
13.12960018,-0.78740150
13.13040018,0.00000000
13.13120018,0.78740150
13.13200018,0.78740150
13.13280018,0.78740150
13.13360018,0.78740150
13.13440018,1.96850400
13.13520018,2.36220500
13.13600018,2.75590500
13.13680018,2.75590500
13.13760018,2.36220500
13.13840018,3.14960600
13.13920018,3.54330700
13.14000018,5.90551100
13.14080018,6.29921200
13.14160018,5.90551100
13.14240018,5.90551100
13.14320018,5.51181100
13.14400018,5.90551100
13.14480018,6.29921200
13.14560018,6.69291300
13.14640018,6.29921200
13.14720018,6.29921200
13.14800018,6.69291300
13.14880018,7.48031400
13.14960018,7.87401500
13.15040018,8.26771600
13.15120018,8.26771600
13.15200018,7.48031400
13.15280018,6.69291300
13.15360018,6.29921200
13.15440018,5.90551100
13.15520018,5.90551100
13.15600018,5.90551100
13.15680018,5.11811000
13.15760018,5.51181100
13.15840018,5.11811000
13.15920018,4.33070900
13.16000018,5.51181100
13.16080018,4.33070900
13.16160018,3.93700800
13.16240018,3.14960600
13.16320018,1.96850400
13.16400018,0.39370070
13.16480018,-0.78740150
13.16560018,-0.78740150
13.16640018,-0.78740150
13.16720018,-0.39370070
13.16800018,-0.39370070
13.16880018,-0.78740150
13.16960018,-1.96850400
13.17040018,-1.96850400
13.17120018,-3.14960600
13.17200018,-3.93700800
13.17280018,-4.72440900
13.17360018,-5.51181100
13.17440018,-6.69291300
13.17520018,-7.08661400
13.17600018,-6.69291300
13.17680018,-6.29921200
13.17760018,-5.51181100
13.17840018,-5.11811000
13.17920018,-5.51181100
13.18000018,-5.90551100
13.18080018,-7.08661400
13.18160018,-7.48031400
13.18240018,-8.26771600
13.18320018,-8.26771600
13.18400018,-8.66141700
13.18480018,-8.26771600
13.18560018,-8.26771600
13.18640018,-7.48031400
13.18720018,-6.29921200
13.18800018,-5.90551100
13.18880018,-5.90551100
13.18960018,-5.11811000
13.19040018,-5.51181100
13.19120018,-5.11811000
13.19200018,-4.72440900
13.19280018,-5.11811000
13.19360018,-5.11811000
13.19440018,-5.11811000
13.19520018,-3.93700800
13.19600018,-2.75590500
13.19680018,-1.96850400
13.19760018,-0.39370070
13.19840018,0.00000000
13.19920018,0.78740150
13.20000018,1.18110200
13.20080018,1.57480300
13.20160018,1.96850400
13.20240018,1.57480300
13.20320018,1.96850400
13.20400018,1.57480300
13.20480018,1.57480300
13.20560018,2.75590500
13.20640018,3.93700800
13.20720018,4.72440900
13.20800018,5.51181100
13.20880018,6.29921200
13.20960018,6.29921200
13.21040018,5.90551100
13.21120018,5.90551100
13.21200018,7.08661400
13.21280018,7.48031400
13.21360018,7.08661400
13.21440018,7.08661400
13.21520018,6.69291300
13.21600018,6.69291300
13.21680018,6.29921200
13.21760018,6.69291300
13.21840018,7.08661400
13.21920018,6.69291300
13.22000018,6.69291300
13.22080018,5.90551100
13.22160018,5.90551100
13.22240018,5.51181100
13.22320018,5.51181100
13.22400018,5.51181100
13.22480018,5.11811000
13.22560018,4.33070900
13.22640018,3.54330700
13.22720018,2.75590500
13.22800018,1.96850400
13.22880018,1.96850400
13.22960018,1.96850400
13.23040018,1.96850400
13.23120018,1.57480300
13.23200018,0.78740150
13.23280018,0.39370070
13.23360018,0.00000000
13.23440018,0.78740150
13.23520018,0.00000000
13.23600018,-1.18110200
13.23680018,-2.75590500
13.23760018,-2.75590500
13.23840018,-3.14960600
13.23920018,-2.75590500
13.24000018,-2.75590500
13.24080018,-3.14960600
13.24160018,-3.54330700
13.24240018,-3.14960600
13.24320018,-3.54330700
13.24400018,-3.14960600
13.24480018,-2.75590500
13.24560018,-4.33070900
13.24640018,-4.33070900
13.24720018,-5.11811000
13.24800018,-6.29921200
13.24880018,-6.29921200
13.24960018,-5.90551100
13.25040018,-4.72440900
13.25120018,-3.54330700
13.25200018,-2.36220500
13.25280018,-1.96850400
13.25360018,-2.36220500
13.25440018,-2.36220500
13.25520018,-2.75590500
13.25600018,-3.54330700
13.25680018,-3.54330700
13.25760018,-3.93700800
13.25840018,-4.33070900
13.25920018,-4.72440900
13.26000018,-4.72440900
13.26080018,-3.14960600
13.26160018,-2.36220500
13.26240018,-0.78740150
13.26320018,0.00000000
13.26400018,0.39370070
13.26480018,0.78740150
13.26560018,0.78740150
13.26640018,0.39370070
13.26720018,-0.39370070
13.26800018,-0.78740150
13.26880018,-1.57480300
13.26960018,-1.96850400
13.27040018,-1.96850400
13.27120018,-1.57480300
13.27200018,-0.78740150
13.27280018,0.39370070
13.27360018,1.57480300
13.27440018,2.36220500
13.27520018,2.36220500
13.27600018,2.36220500
13.27680018,1.96850400
13.27760018,1.96850400
13.27840018,1.57480300
13.27920018,1.18110200
13.28000018,0.39370070
13.28080018,0.00000000
13.28160018,0.00000000
13.28240018,0.39370070
13.28320018,1.18110200
13.28400018,1.96850400
13.28480018,2.36220500
13.28560018,2.75590500
13.28640018,2.36220500
13.28720018,1.96850400
13.28800018,1.57480300
13.28880018,1.57480300
13.28960018,1.18110200
13.29040018,1.57480300
13.29120018,1.18110200
13.29200018,1.18110200
13.29280018,1.57480300
13.29360018,1.57480300
13.29440018,1.96850400
13.29520018,2.75590500
13.29600018,3.14960600
13.29680018,3.93700800
13.29760018,3.54330700
13.29840018,2.36220500
13.29920018,1.57480300
13.30000018,1.18110200
13.30080018,0.39370070
13.30160018,0.00000000
13.30240018,0.78740150
13.30320018,0.39370070
13.30400018,1.57480300
13.30480018,2.75590500
13.30560018,3.54330700
13.30640018,4.33070900
13.30720018,4.72440900
13.30800018,4.72440900
13.30880018,3.54330700
13.30960018,2.75590500
13.31040018,1.18110200
13.31120018,0.00000000
13.31200018,-0.39370070
13.31280018,-0.39370070
13.31360018,0.00000000
13.31440018,1.18110200
13.31520018,1.57480300
13.31600018,1.96850400
13.31680018,2.36220500
13.31760018,3.54330700
13.31840018,3.54330700
13.31920018,3.14960600
13.32000018,1.18110200
13.32080018,-0.39370070
13.32160018,-1.18110200
13.32240018,-1.57480300
13.32320018,-1.96850400
13.32400018,-1.57480300
13.32480018,-1.57480300
13.32560018,-1.18110200
13.32640018,-1.18110200
13.32720018,-0.78740150
13.32800018,-0.78740150
13.32880018,-0.78740150
13.32960018,-0.78740150
13.33040018,-1.18110200
13.33120018,-1.96850400
13.33200018,-3.14960600
13.33280018,-3.93700800
13.33360018,-3.93700800
13.33440018,-3.54330700
13.33520018,-2.75590500
13.33600018,-3.14960600
13.33680018,-3.93700800
13.33760018,-4.33070900
13.33840018,-4.33070900
13.33920018,-4.72440900
13.34000018,-4.72440900
13.34080018,-3.93700800
13.34160018,-4.72440900
13.34240018,-4.72440900
13.34320018,-5.11811000
13.34400018,-4.33070900
13.34480018,-3.93700800
13.34560018,-3.54330700
13.34640018,-3.54330700
13.34720018,-4.33070900
13.34800018,-4.33070900
13.34880018,-5.11811000
13.34960018,-4.33070900
13.35040018,-3.93700800
13.35120018,-3.14960600
13.35200018,-2.75590500
13.35280018,-2.36220500
13.35360018,-1.96850400
13.35440018,-1.57480300
13.35520018,-0.78740150
13.35600018,-0.39370070
13.35680018,-0.39370070
13.35760018,-0.39370070
13.35840018,-1.18110200
13.35920018,-1.18110200
13.36000018,-0.78740150
13.36080018,-0.39370070
13.36160018,1.18110200
13.36240018,2.36220500
13.36320018,3.14960600
13.36400018,3.93700800
13.36480018,5.11811000
13.36560018,5.51181100
13.36640018,5.11811000
13.36720018,4.72440900
13.36800018,3.54330700
13.36880018,2.75590500
13.36960018,3.14960600
13.37040018,3.14960600
13.37120018,3.93700800
13.37200018,4.72440900
13.37280018,5.51181100
13.37360018,6.29921200
13.37440018,6.69291300
13.37520018,7.48031400
13.37600018,6.69291300
13.37680018,6.29921200
13.37760018,5.90551100
13.37840018,5.11811000
13.37920018,4.72440900
13.38000018,4.72440900
13.38080018,4.72440900
13.38160018,4.72440900
13.38240018,5.11811000
13.38320018,5.51181100
13.38400018,5.90551100
13.38480018,5.90551100
13.38560018,5.51181100
13.38640018,5.11811000
13.38720018,4.72440900
13.38800018,3.93700800
13.38880018,3.14960600
13.38960018,2.75590500
13.39040018,1.96850400
13.39120018,1.57480300
13.39200018,1.57480300
13.39280018,0.78740150
13.39360018,0.78740150
13.39440018,0.39370070
13.39520018,0.39370070
13.39600018,0.78740150
13.39680018,0.39370070
13.39760018,-0.39370070
13.39840018,-1.18110200
13.39920018,-2.36220500
13.40000018,-3.14960600
13.40080018,-3.54330700
13.40160018,-3.93700800
13.40240018,-4.33070900
13.40320018,-4.72440900
13.40400018,-5.11811000
13.40480018,-5.51181100
13.40560018,-5.11811000
13.40640018,-5.11811000
13.40720018,-5.11811000
13.40800018,-4.33070900
13.40880018,-4.72440900
13.40960018,-5.51181100
13.41040018,-5.90551100
13.41120018,-6.69291300
13.41200018,-7.48031400
13.41280018,-7.48031400
13.41360018,-7.87401500
13.41440018,-8.26771600
13.41520018,-8.66141700
13.41600018,-8.26771600
13.41680018,-7.08661400
13.41760018,-5.11811000
13.41840018,-4.72440900
13.41920018,-4.33070900
13.42000018,-4.72440900
13.42080018,-4.33070900
13.42160018,-5.11811000
13.42240018,-4.33070900
13.42320018,-4.33070900
13.42400018,-4.33070900
13.42480018,-3.54330700
13.42560018,-3.54330700
13.42640018,-2.36220500
13.42720018,-1.18110200
13.42800018,-0.39370070
13.42880018,-0.39370070
13.42960018,-0.39370070
13.43040018,0.00000000
13.43120018,0.00000000
13.43200018,0.39370070
13.43280018,0.39370070
13.43360018,1.18110200
13.43440018,1.18110200
13.43520018,1.18110200
13.43600018,1.57480300
13.43680018,3.14960600
13.43760018,3.93700800
13.43840018,5.51181100
13.43920018,6.69291300
13.44000018,7.08661400
13.44080018,7.08661400
13.44160018,6.29921200
13.44240018,5.90551100
13.44320018,5.11811000
13.44400018,5.90551100
13.44480018,6.29921200
13.44560018,5.90551100
13.44640018,6.29921200
13.44720018,6.29921200
13.44800018,7.08661400
13.44880018,7.48031400
13.44960018,7.87401500
13.45040018,7.87401500
13.45120018,7.08661400
13.45200018,6.29921200
13.45280018,4.33070900
13.45360018,3.54330700
13.45440018,3.54330700
13.45520018,4.33070900
13.45600018,4.72440900
13.45680018,4.72440900
13.45760018,4.33070900
13.45840018,3.54330700
13.45920018,2.36220500
13.46000018,1.18110200
13.46080018,1.18110200
13.46160018,0.39370070
13.46240018,0.00000000
13.46320018,0.39370070
13.46400018,1.18110200
13.46480018,1.18110200
13.46560018,1.57480300
13.46640018,1.96850400
13.46720018,1.96850400
13.46800018,0.00000000
13.46880018,-1.96850400
13.46960018,-3.54330700
13.47040018,-3.93700800
13.47120018,-3.54330700
13.47200018,-3.54330700
13.47280018,-1.96850400
13.47360018,-0.78740150
13.47440018,-0.78740150
13.47520018,-0.78740150
13.47600018,-1.96850400
13.47680018,-2.36220500
13.47760018,-2.36220500
13.47840018,-2.75590500
13.47920018,-2.75590500
13.48000018,-3.14960600
13.48080018,-3.93700800
13.48160018,-5.90551100
13.48240018,-5.51181100
13.48320018,-5.51181100
13.48400018,-5.11811000
13.48480018,-4.33070900
13.48560018,-4.33070900
13.48640018,-4.33070900
13.48720018,-5.11811000
13.48800018,-5.90551100
13.48880018,-7.87401500
13.48960018,-6.69291300
13.49040018,-6.29921200
13.49120018,-5.51181100
13.49200018,-4.33070900
13.49280018,-3.14960600
13.49360018,-2.36220500
13.49440018,-1.96850400
13.49520018,-2.75590500
13.49600018,-3.93700800
13.49680018,-3.93700800
13.49760018,-4.33070900
13.49840018,-4.33070900
13.49920018,-4.33070900
13.50000018,-4.33070900
13.50080018,-3.54330700
13.50160018,-2.75590500
13.50240018,-1.96850400
13.50320018,-1.18110200
13.50400018,0.39370070
13.50480018,1.96850400
13.50560018,2.75590500
13.50640018,2.75590500
13.50720018,1.96850400
13.50800018,0.78740150
13.50880018,0.00000000
13.50960018,0.00000000
13.51040018,-0.39370070
13.51120018,0.39370070
13.51200018,0.78740150
13.51280018,1.18110200
13.51360018,1.57480300
13.51440018,2.36220500
13.51520018,3.14960600
13.51600018,4.72440900
13.51680018,6.29921200
13.51760018,7.08661400
13.51840018,7.08661400
13.51920018,5.90551100
13.52000018,4.72440900
13.52080018,3.93700800
13.52160018,4.33070900
13.52240018,4.72440900
13.52320018,4.72440900
13.52400018,5.11811000
13.52480018,4.72440900
13.52560018,5.11811000
13.52640018,5.11811000
13.52720018,6.69291300
13.52800018,6.69291300
13.52880018,6.69291300
13.52960018,6.29921200
13.53040018,5.90551100
13.53120018,5.90551100
13.53200018,5.51181100
13.53280018,5.90551100
13.53360018,6.29921200
13.53440018,5.51181100
13.53520018,4.72440900
13.53600018,3.93700800
13.53680018,2.75590500
13.53760018,2.36220500
13.53840018,3.14960600
13.53920018,3.54330700
13.54000018,4.33070900
13.54080018,3.93700800
13.54160018,2.75590500
13.54240018,1.57480300
13.54320018,1.18110200
13.54400018,1.57480300
13.54480018,1.96850400
13.54560018,0.78740150
13.54640018,-0.39370070
13.54720018,-2.36220500
13.54800018,-3.54330700
13.54880018,-3.54330700
13.54960018,-3.54330700
13.55040018,-3.14960600
13.55120018,-3.54330700
13.55200018,-3.93700800
13.55280018,-4.33070900
13.55360018,-4.72440900
13.55440018,-4.33070900
13.55520018,-3.93700800
13.55600018,-3.93700800
13.55680018,-4.33070900
13.55760018,-5.51181100
13.55840018,-6.29921200
13.55920018,-7.08661400
13.56000018,-6.29921200
13.56080018,-4.72440900
13.56160018,-3.54330700
13.56240018,-3.14960600
13.56320018,-3.93700800
13.56400018,-4.33070900
13.56480018,-4.33070900
13.56560018,-2.75590500
13.56640018,-1.96850400
13.56720018,-1.18110200
13.56800018,-1.18110200
13.56880018,-1.57480300
13.56960018,-1.18110200
13.57040018,0.00000000
13.57120018,1.57480300
13.57200018,3.14960600
13.57280018,4.72440900
13.57360018,4.72440900
13.57440018,5.51181100
13.57520018,6.29921200
13.57600018,8.26771600
13.57680018,9.84251900
13.57760018,11.02362000
13.57840018,11.81102000
13.57920018,10.62992000
13.58000018,9.84251900
13.58080018,8.66141700
13.58160018,9.84251900
13.58240018,9.84251900
13.58320018,11.41732000
13.58400018,12.99213000
13.58480018,12.99213000
13.58560018,13.38583000
13.58640018,12.20472000
13.58720018,12.20472000
13.58800018,12.99213000
13.58880018,12.99213000
13.58960018,11.81102000
13.59040018,9.44881800
13.59120018,7.48031400
13.59200018,5.90551100
13.59280018,5.51181100
13.59360018,6.29921200
13.59440018,6.69291300
13.59520018,6.29921200
13.59600018,6.69291300
13.59680018,5.51181100
13.59760018,4.72440900
13.59840018,3.14960600
13.59920018,1.57480300
13.60000018,-0.39370070
13.60080018,-1.57480300
13.60160018,-3.14960600
13.60240018,-4.33070900
13.60320018,-5.51181100
13.60400018,-6.29921200
13.60480018,-5.90551100
13.60560018,-4.72440900
13.60640018,-4.33070900
13.60720018,-4.72440900
13.60800018,-5.51181100
13.60880018,-7.87401500
13.60960018,-9.44881800
13.61040018,-10.23622000
13.61120018,-11.02362000
13.61200018,-11.41732000
13.61280018,-11.41732000
13.61360018,-12.59842000
13.61440018,-12.99213000
13.61520018,-12.20472000
13.61600018,-11.81102000
13.61680018,-10.62992000
13.61760018,-9.84251900
13.61840018,-10.62992000
13.61920018,-12.20472000
13.62000018,-14.17323000
13.62080018,-16.14173000
13.62160018,-16.14173000
13.62240018,-16.14173000
13.62320018,-16.14173000
13.62400018,-16.14173000
13.62480018,-16.53543000
13.62560018,-17.32283000
13.62640018,-16.92913000
13.62720018,-15.74803000
13.62800018,-14.56693000
13.62880018,-13.77953000
13.62960018,-14.96063000
13.63040018,-15.74803000
13.63120018,-16.53543000
13.63200018,-16.14173000
13.63280018,-15.74803000
13.63360018,-14.56693000
13.63440018,-13.77953000
13.63520018,-12.59842000
13.63600018,-11.41732000
13.63680018,-10.23622000
13.63760018,-8.66141700
13.63840018,-6.29921200
13.63920018,-4.33070900
13.64000018,-3.93700800
13.64080018,-3.93700800
13.64160018,-3.54330700
13.64240018,-3.54330700
13.64320018,-2.75590500
13.64400018,-1.18110200
13.64480018,1.18110200
13.64560018,2.75590500
13.64640018,3.54330700
13.64720018,3.93700800
13.64800018,5.11811000
13.64880018,7.87401500
13.64960018,10.23622000
13.65040018,12.20472000
13.65120018,12.20472000
13.65200018,11.81102000
13.65280018,11.81102000
13.65360018,11.81102000
13.65440018,11.41732000
13.65520018,12.20472000
13.65600018,12.20472000
13.65680018,12.20472000
13.65760018,12.99213000
13.65840018,14.17323000
13.65920018,15.74803000
13.66000018,17.71653000
13.66080018,19.29134000
13.66160018,20.07874000
13.66240018,19.68504000
13.66320018,18.50394000
13.66400018,16.53543000
13.66480018,15.35433000
13.66560018,14.56693000
13.66640018,12.99213000
13.66720018,12.59842000
13.66800018,12.59842000
13.66880018,12.20472000
13.66960018,11.81102000
13.67040018,11.81102000
13.67120018,12.20472000
13.67200018,12.59842000
13.67280018,12.59842000
13.67360018,11.02362000
13.67440018,8.66141700
13.67520018,6.29921200
13.67600018,3.54330700
13.67680018,1.18110200
13.67760018,-0.39370070
13.67840018,-1.57480300
13.67920018,-2.36220500
13.68000018,-2.75590500
13.68080018,-3.93700800
13.68160018,-5.11811000
13.68240018,-5.90551100
13.68320018,-6.69291300
13.68400018,-7.48031400
13.68480018,-7.87401500
13.68560018,-9.05511800
13.68640018,-9.84251900
13.68720018,-11.02362000
13.68800018,-11.41732000
13.68880018,-11.02362000
13.68960018,-11.02362000
13.69040018,-11.41732000
13.69120018,-12.20472000
13.69200018,-12.99213000
13.69280018,-13.77953000
13.69360018,-12.99213000
13.69440018,-12.99213000
13.69520018,-12.59842000
13.69600018,-11.41732000
13.69680018,-11.41732000
13.69760018,-11.41732000
13.69840018,-11.02362000
13.69920018,-10.23622000
13.70000018,-9.44881800
13.70080018,-8.26771600
13.70160018,-8.26771600
13.70240018,-8.66141700
13.70320018,-9.05511800
13.70400018,-9.44881800
13.70480018,-9.44881800
13.70560018,-7.87401500
13.70640018,-6.29921200
13.70720018,-4.33070900
13.70800018,-3.54330700
13.70880018,-4.33070900
13.70960018,-4.33070900
13.71040018,-3.93700800
13.71120018,-3.54330700
13.71200018,-2.75590500
13.71280018,-2.36220500
13.71360018,-2.75590500
13.71440018,-2.75590500
13.71520018,-1.57480300
13.71600018,0.00000000
13.71680018,1.18110200
13.71760018,1.96850400
13.71840018,2.75590500
13.71920018,2.75590500
13.72000018,2.36220500
13.72080018,1.96850400
13.72160018,2.36220500
13.72240018,3.54330700
13.72320018,4.33070900
13.72400018,4.72440900
13.72480018,4.72440900
13.72560018,5.11811000
13.72640018,5.51181100
13.72720018,5.90551100
13.72800018,7.08661400
13.72880018,7.48031400
13.72960018,7.48031400
13.73040018,7.08661400
13.73120018,7.48031400
13.73200018,7.48031400
13.73280018,8.26771600
13.73360018,9.05511800
13.73440018,9.05511800
13.73520018,9.05511800
13.73600018,9.05511800
13.73680018,7.48031400
13.73760018,7.08661400
13.73840018,5.51181100
13.73920018,4.72440900
13.74000018,4.72440900
13.74080018,4.72440900
13.74160018,5.90551100
13.74240018,6.29921200
13.74320018,7.08661400
13.74400018,8.26771600
13.74480018,8.66141700
13.74560018,9.05511800
13.74640018,8.26771600
13.74720018,6.69291300
13.74800018,4.33070900
13.74880018,2.75590500
13.74960018,1.57480300
13.75040018,1.18110200
13.75120018,0.78740150
13.75200018,0.78740150
13.75280018,1.57480300
13.75360018,3.14960600
13.75440018,4.33070900
13.75520018,5.11811000
13.75600018,5.11811000
13.75680018,4.33070900
13.75760018,2.75590500
13.75840018,0.39370070
13.75920018,-1.96850400
13.76000018,-3.93700800
13.76080018,-5.11811000
13.76160018,-5.90551100
13.76240018,-5.51181100
13.76320018,-4.72440900
13.76400018,-3.93700800
13.76480018,-3.93700800
13.76560018,-3.54330700
13.76640018,-3.14960600
13.76720018,-3.93700800
13.76800018,-4.72440900
13.76880018,-5.90551100
13.76960018,-7.87401500
13.77040018,-9.44881800
13.77120018,-9.44881800
13.77200018,-8.66141700
13.77280018,-8.66141700
13.77360018,-7.87401500
13.77440018,-7.48031400
13.77520018,-7.48031400
13.77600018,-6.29921200
13.77680018,-6.29921200
13.77760018,-6.29921200
13.77840018,-6.69291300
13.77920018,-7.48031400
13.78000018,-7.87401500
13.78080018,-7.87401500
13.78160018,-7.87401500
13.78240018,-7.48031400
13.78320018,-6.69291300
13.78400018,-5.51181100
13.78480018,-4.33070900
13.78560018,-3.93700800
13.78640018,-3.93700800
13.78720018,-3.93700800
13.78800018,-3.14960600
13.78880018,-3.14960600
13.78960018,-3.54330700
13.79040018,-3.54330700
13.79120018,-3.14960600
13.79200018,-3.14960600
13.79280018,-2.75590500
13.79360018,-1.57480300
13.79440018,-0.78740150
13.79520018,0.39370070
13.79600018,1.18110200
13.79680018,1.57480300
13.79760018,3.14960600
13.79840018,3.93700800
13.79920018,3.93700800
13.80000018,3.54330700
13.80080018,3.54330700
13.80160018,4.33070900
13.80240018,4.72440900
13.80320018,5.11811000
13.80400018,4.72440900
13.80480018,5.51181100
13.80560018,5.51181100
13.80640018,6.69291300
13.80720018,7.48031400
13.80800018,8.26771600
13.80880018,9.05511800
13.80960018,9.44881800
13.81040018,9.44881800
13.81120018,9.84251900
13.81200018,9.44881800
13.81280018,9.05511800
13.81360018,8.66141700
13.81440018,8.26771600
13.81520018,7.87401500
13.81600018,7.87401500
13.81680018,7.87401500
13.81760018,8.26771600
13.81840018,8.26771600
13.81920018,9.05511800
13.82000018,8.66141700
13.82080018,8.26771600
13.82160018,7.87401500
13.82240018,7.08661400
13.82320018,6.69291300
13.82400018,6.69291300
13.82480018,5.51181100
13.82560018,4.72440900
13.82640018,4.72440900
13.82720018,3.93700800
13.82800018,3.54330700
13.82880018,3.14960600
13.82960018,2.36220500
13.83040018,1.18110200
13.83120018,0.39370070
13.83200018,-0.78740150
13.83280018,-0.39370070
13.83360018,-0.78740150
13.83440018,-1.18110200
13.83520018,-1.96850400
13.83600018,-2.75590500
13.83680018,-3.14960600
13.83760018,-3.14960600
13.83840018,-3.93700800
13.83920018,-5.11811000
13.84000018,-6.69291300
13.84080018,-7.87401500
13.84160018,-8.66141700
13.84240018,-9.05511800
13.84320018,-9.05511800
13.84400018,-9.05511800
13.84480018,-8.26771600
13.84560018,-8.26771600
13.84640018,-8.26771600
13.84720018,-8.66141700
13.84800018,-8.26771600
13.84880018,-8.26771600
13.84960018,-9.44881800
13.85040018,-10.62992000
13.85120018,-11.81102000
13.85200018,-12.20472000
13.85280018,-11.81102000
13.85360018,-11.02362000
13.85440018,-8.66141700
13.85520018,-7.08661400
13.85600018,-6.29921200
13.85680019,-5.51181100
13.85760019,-6.29921200
13.85840019,-5.90551100
13.85920019,-5.51181100
13.86000019,-5.11811000
13.86080019,-5.51181100
13.86160019,-6.29921200
13.86240019,-6.29921200
13.86320019,-5.11811000
13.86400019,-3.14960600
13.86480019,-0.78740150
13.86560019,0.39370070
13.86640019,1.96850400
13.86720019,3.54330700
13.86800019,3.54330700
13.86880019,2.75590500
13.86960019,3.14960600
13.87040019,3.54330700
13.87120019,3.54330700
13.87200019,3.93700800
13.87280019,3.93700800
13.87360019,3.93700800
13.87440019,5.90551100
13.87520019,7.08661400
13.87600019,9.84251900
13.87680019,11.02362000
13.87760019,11.81102000
13.87840019,11.81102000
13.87920019,11.02362000
13.88000019,9.84251900
13.88080019,8.66141700
13.88160019,7.48031400
13.88240019,7.08661400
13.88320019,6.29921200
13.88400019,6.69291300
13.88480019,7.87401500
13.88560019,9.05511800
13.88640019,10.23622000
13.88720019,10.62992000
13.88800019,10.62992000
13.88880019,9.44881800
13.88960019,8.66141700
13.89040019,8.26771600
13.89120019,7.48031400
13.89200019,6.29921200
13.89280019,5.51181100
13.89360019,5.11811000
13.89440019,5.11811000
13.89520019,5.11811000
13.89600019,3.93700800
13.89680019,3.54330700
13.89760019,2.75590500
13.89840019,1.96850400
13.89920019,1.57480300
13.90000019,1.18110200
13.90080019,0.39370070
13.90160019,0.00000000
13.90240019,-0.78740150
13.90320019,-1.18110200
13.90400019,-1.18110200
13.90480019,-1.57480300
13.90560019,-1.96850400
13.90640019,-1.96850400
13.90720019,-3.54330700
13.90800019,-4.72440900
13.90880019,-5.90551100
13.90960019,-6.29921200
13.91040019,-5.90551100
13.91120019,-5.11811000
13.91200019,-5.51181100
13.91280019,-5.90551100
13.91360019,-7.08661400
13.91440019,-7.08661400
13.91520019,-7.08661400
13.91600019,-5.90551100
13.91680019,-6.69291300
13.91760019,-7.87401500
13.91840019,-8.66141700
13.91920019,-9.44881800
13.92000019,-9.05511800
13.92080019,-8.66141700
13.92160019,-7.87401500
13.92240019,-7.08661400
13.92320019,-7.08661400
13.92400019,-7.48031400
13.92480019,-7.87401500
13.92560019,-7.48031400
13.92640019,-7.08661400
13.92720019,-6.29921200
13.92800019,-5.51181100
13.92880019,-6.29921200
13.92960019,-5.90551100
13.93040019,-5.90551100
13.93120019,-4.72440900
13.93200019,-3.14960600
13.93280019,-1.18110200
13.93360019,-1.57480300
13.93440019,-2.36220500
13.93520019,-3.93700800
13.93600019,-4.33070900
13.93680019,-3.54330700
13.93760019,-1.96850400
13.93840019,-0.78740150
13.93920019,0.39370070
13.94000019,0.39370070
13.94080019,0.00000000
13.94160019,1.18110200
13.94240019,2.36220500
13.94320019,4.33070900
13.94400019,5.11811000
13.94480019,5.11811000
13.94560019,4.72440900
13.94640019,4.72440900
13.94720019,5.11811000
13.94800019,5.11811000
13.94880019,5.90551100
13.94960019,5.90551100
13.95040019,5.90551100
13.95120019,5.51181100
13.95200019,5.51181100
13.95280019,5.51181100
13.95360019,6.69291300
13.95440019,7.87401500
13.95520019,8.26771600
13.95600019,8.66141700
13.95680019,8.26771600
13.95760019,7.87401500
13.95840019,7.08661400
13.95920019,7.08661400
13.96000019,7.08661400
13.96080019,7.08661400
13.96160019,6.69291300
13.96240019,6.29921200
13.96320019,6.69291300
13.96400019,6.29921200
13.96480019,6.69291300
13.96560019,6.69291300
13.96640019,6.69291300
13.96720019,6.69291300
13.96800019,6.29921200
13.96880019,5.11811000
13.96960019,4.33070900
13.97040019,3.54330700
13.97120019,3.14960600
13.97200019,2.75590500
13.97280019,2.75590500
13.97360019,2.36220500
13.97440019,1.96850400
13.97520019,1.18110200
13.97600019,1.18110200
13.97680019,1.18110200
13.97760019,1.18110200
13.97840019,0.78740150
13.97920019,-0.39370070
13.98000019,-1.57480300
13.98080019,-3.14960600
13.98160019,-3.93700800
13.98240019,-3.54330700
13.98320019,-3.14960600
13.98400019,-3.14960600
13.98480019,-3.14960600
13.98560019,-3.54330700
13.98640019,-4.33070900
13.98720019,-3.93700800
13.98800019,-3.54330700
13.98880019,-4.33070900
13.98960019,-5.11811000
13.99040019,-6.29921200
13.99120019,-8.26771600
13.99200019,-9.05511800
13.99280019,-9.44881800
13.99360019,-8.66141700
13.99440019,-7.08661400
13.99520019,-5.90551100
13.99600019,-6.29921200
13.99680019,-7.08661400
13.99760019,-7.48031400
13.99840019,-7.87401500
13.99920019,-7.87401500
14.00000019,-7.87401500
14.00080019,-8.26771600
14.00160019,-8.66141700
14.00240019,-9.05511800
14.00320019,-8.66141700
14.00400019,-7.87401500
14.00480019,-5.90551100
14.00560019,-3.93700800
14.00640019,-3.54330700
14.00720019,-3.54330700
14.00800019,-4.33070900
14.00880019,-4.33070900
14.00960019,-5.51181100
14.01040019,-5.11811000
14.01120019,-4.33070900
14.01200019,-3.54330700
14.01280019,-3.93700800
14.01360019,-3.54330700
14.01440019,-2.75590500
14.01520019,-0.78740150
14.01600019,1.18110200
14.01680019,3.14960600
14.01760019,3.54330700
14.01840019,2.75590500
14.01920019,2.36220500
14.02000019,1.96850400
14.02080019,2.75590500
14.02160019,4.33070900
14.02240019,5.11811000
14.02320019,5.90551100
14.02400019,5.90551100
14.02480019,5.90551100
14.02560019,6.69291300
14.02640019,7.87401500
14.02720019,8.26771600
14.02800019,9.05511800
14.02880019,9.84251900
14.02960019,9.44881800
14.03040019,8.66141700
14.03120019,7.87401500
14.03200019,8.26771600
14.03280019,9.05511800
14.03360019,9.84251900
14.03440019,10.23622000
14.03520019,10.23622000
14.03600019,9.44881800
14.03680019,9.05511800
14.03760019,9.05511800
14.03840019,9.84251900
14.03920019,9.84251900
14.04000019,9.44881800
14.04080019,8.26771600
14.04160019,7.08661400
14.04240019,6.29921200
14.04320019,6.69291300
14.04400019,6.29921200
14.04480019,6.29921200
14.04560019,5.90551100
14.04640019,4.33070900
14.04720019,3.54330700
14.04800019,2.75590500
14.04880019,1.96850400
14.04960019,1.96850400
14.05040019,2.75590500
14.05120019,1.96850400
14.05200019,0.78740150
14.05280019,-1.18110200
14.05360019,-3.14960600
14.05440019,-3.93700800
14.05520019,-4.33070900
14.05600019,-4.33070900
14.05680019,-5.11811000
14.05760019,-5.90551100
14.05840019,-6.69291300
14.05920019,-7.48031400
14.06000019,-6.69291300
14.06080019,-6.29921200
14.06160019,-6.29921200
14.06240019,-7.08661400
14.06320019,-8.26771600
14.06400019,-9.84251900
14.06480019,-11.02362000
14.06560019,-11.41732000
14.06640019,-11.02362000
14.06720019,-10.62992000
14.06800019,-10.23622000
14.06880019,-10.23622000
14.06960019,-10.62992000
14.07040019,-11.02362000
14.07120019,-10.62992000
14.07200019,-9.84251900
14.07280019,-9.05511800
14.07360019,-8.66141700
14.07440019,-8.66141700
14.07520019,-9.84251900
14.07600019,-9.05511800
14.07680019,-8.26771600
14.07760019,-6.69291300
14.07840019,-5.51181100
14.07920019,-5.11811000
14.08000019,-6.29921200
14.08080019,-6.29921200
14.08160019,-5.90551100
14.08240019,-5.51181100
14.08320019,-3.93700800
14.08400019,-3.14960600
14.08480019,-2.36220500
14.08560019,-1.57480300
14.08640019,-1.18110200
14.08720019,0.00000000
14.08800019,1.57480300
14.08880019,3.14960600
14.08960019,4.72440900
14.09040019,5.11811000
14.09120019,4.72440900
14.09200019,4.33070900
14.09280019,3.93700800
14.09360019,4.33070900
14.09440019,5.90551100
14.09520019,7.48031400
14.09600019,8.66141700
14.09680019,9.05511800
14.09760019,9.05511800
14.09840019,9.84251900
14.09920019,10.62992000
14.10000019,11.41732000
14.10080019,11.81102000
14.10160019,10.62992000
14.10240019,9.05511800
14.10320019,8.26771600
14.10400019,7.87401500
14.10480019,8.26771600
14.10560019,10.23622000
14.10640019,11.02362000
14.10720019,11.81102000
14.10800019,11.41732000
14.10880019,10.62992000
14.10960019,9.44881800
14.11040019,8.66141700
14.11120019,8.66141700
14.11200019,7.48031400
14.11280019,7.08661400
14.11360019,5.11811000
14.11440019,3.93700800
14.11520019,4.33070900
14.11600019,5.11811000
14.11680019,6.29921200
14.11760019,7.08661400
14.11840019,6.29921200
14.11920019,4.33070900
14.12000019,1.57480300
14.12080019,0.39370070
14.12160019,-0.78740150
14.12240019,-0.78740150
14.12320019,-2.36220500
14.12400019,-2.75590500
14.12480019,-3.93700800
14.12560019,-3.93700800
14.12640019,-3.54330700
14.12720019,-3.14960600
14.12800019,-2.75590500
14.12880019,-3.14960600
14.12960019,-3.93700800
14.13040019,-5.51181100
14.13120019,-7.48031400
14.13200019,-8.66141700
14.13280019,-9.05511800
14.13360019,-8.26771600
14.13440019,-7.87401500
14.13520019,-8.26771600
14.13600019,-7.87401500
14.13680019,-9.05511800
14.13760019,-9.05511800
14.13840019,-8.26771600
14.13920019,-7.87401500
14.14000019,-8.26771600
14.14080019,-8.66141700
14.14160019,-9.05511800
14.14240019,-9.44881800
14.14320019,-9.44881800
14.14400019,-8.66141700
14.14480019,-7.87401500
14.14560019,-6.69291300
14.14640019,-6.29921200
14.14720019,-6.29921200
14.14800019,-5.90551100
14.14880019,-5.90551100
14.14960019,-5.90551100
14.15040019,-5.51181100
14.15120019,-4.33070900
14.15200019,-3.54330700
14.15280019,-3.14960600
14.15360019,-2.75590500
14.15440019,-2.75590500
14.15520019,-1.96850400
14.15600019,-0.78740150
14.15680019,-0.78740150
14.15760019,-0.39370070
14.15840019,-0.39370070
14.15920019,-0.78740150
14.16000019,-0.39370070
14.16080019,0.78740150
14.16160019,2.36220500
14.16240019,4.33070900
14.16320019,5.51181100
14.16400019,5.90551100
14.16480019,4.72440900
14.16560019,4.33070900
14.16640019,3.93700800
14.16720019,4.33070900
14.16800019,5.51181100
14.16880019,5.90551100
14.16960019,5.90551100
14.17040019,5.51181100
14.17120019,5.51181100
14.17200019,6.29921200
14.17280019,8.26771600
14.17360019,9.84251900
14.17440019,10.62992000
14.17520019,9.44881800
14.17600019,7.48031400
14.17680019,5.90551100
14.17760019,5.51181100
14.17840019,5.51181100
14.17920019,5.90551100
14.18000019,6.29921200
14.18080019,5.51181100
14.18160019,5.11811000
14.18240019,5.90551100
14.18320019,6.69291300
14.18400019,7.87401500
14.18480019,7.87401500
14.18560019,6.69291300
14.18640019,4.33070900
14.18720019,1.96850400
14.18800019,0.78740150
14.18880019,0.78740150
14.18960019,1.57480300
14.19040019,2.75590500
14.19120019,2.75590500
14.19200019,2.75590500
14.19280019,2.36220500
14.19360019,2.36220500
14.19440019,3.14960600
14.19520019,2.75590500
14.19600019,1.18110200
14.19680019,-0.78740150
14.19760019,-3.93700800
14.19840019,-5.51181100
14.19920019,-5.51181100
14.20000019,-5.51181100
14.20080019,-3.93700800
14.20160019,-2.36220500
14.20240019,-1.96850400
14.20320019,-2.36220500
14.20400019,-2.75590500
14.20480019,-3.54330700
14.20560019,-4.33070900
14.20640019,-4.33070900
14.20720019,-5.11811000
14.20800019,-5.90551100
14.20880019,-6.69291300
14.20960019,-6.29921200
14.21040019,-6.69291300
14.21120019,-5.90551100
14.21200019,-5.90551100
14.21280019,-5.51181100
14.21360019,-4.72440900
14.21440019,-4.72440900
14.21520019,-5.51181100
14.21600019,-5.90551100
14.21680019,-5.90551100
14.21760019,-5.51181100
14.21840019,-4.72440900
14.21920019,-4.33070900
14.22000019,-4.33070900
14.22080019,-4.33070900
14.22160019,-5.11811000
14.22240019,-4.72440900
14.22320019,-3.93700800
14.22400019,-3.93700800
14.22480019,-2.75590500
14.22560019,-1.96850400
14.22640019,-1.96850400
14.22720019,-2.36220500
14.22800019,-2.36220500
14.22880019,-1.96850400
14.22960019,-0.78740150
14.23040019,0.00000000
14.23120019,0.00000000
14.23200019,-0.39370070
14.23280019,-1.18110200
14.23360019,-1.18110200
14.23440019,-0.39370070
14.23520019,0.78740150
14.23600019,1.57480300
14.23680019,1.57480300
14.23760019,1.57480300
14.23840019,1.57480300
14.23920019,1.96850400
14.24000019,3.54330700
14.24080019,4.33070900
14.24160019,4.33070900
14.24240019,3.54330700
14.24320019,2.75590500
14.24400019,2.36220500
14.24480019,1.96850400
14.24560019,3.14960600
14.24640019,3.93700800
14.24720019,4.72440900
14.24800019,4.72440900
14.24880019,4.72440900
14.24960019,4.72440900
14.25040019,4.33070900
14.25120019,4.33070900
14.25200019,5.51181100
14.25280019,5.51181100
14.25360019,4.72440900
14.25440019,4.33070900
14.25520019,4.72440900
14.25600019,3.93700800
14.25680019,4.72440900
14.25760019,5.11811000
14.25840019,5.11811000
14.25920019,4.33070900
14.26000019,3.54330700
14.26080019,3.14960600
14.26160019,3.54330700
14.26240019,3.54330700
14.26320019,4.33070900
14.26400019,3.93700800
14.26480019,4.33070900
14.26560019,3.54330700
14.26640019,3.14960600
14.26720019,3.14960600
14.26800019,1.96850400
14.26880019,1.96850400
14.26960019,1.18110200
14.27040019,0.00000000
14.27120019,-0.39370070
14.27200019,-1.18110200
14.27280019,-0.78740150
14.27360019,0.00000000
14.27440019,0.39370070
14.27520019,0.00000000
14.27600019,0.00000000
14.27680019,-0.39370070
14.27760019,-1.57480300
14.27840019,-1.57480300
14.27920019,-2.36220500
14.28000019,-3.54330700
14.28080019,-4.72440900
14.28160019,-5.90551100
14.28240019,-5.51181100
14.28320019,-5.11811000
14.28400019,-4.72440900
14.28480019,-3.93700800
14.28560019,-3.14960600
14.28640019,-3.14960600
14.28720019,-3.14960600
14.28800019,-3.93700800
14.28880019,-5.51181100
14.28960019,-6.69291300
14.29040019,-7.08661400
14.29120019,-7.08661400
14.29200019,-6.69291300
14.29280019,-6.29921200
14.29360019,-6.29921200
14.29440019,-5.90551100
14.29520019,-4.72440900
14.29600019,-3.93700800
14.29680019,-3.54330700
14.29760019,-2.36220500
14.29840019,-3.14960600
14.29920019,-4.33070900
14.30000019,-5.11811000
14.30080019,-5.11811000
14.30160019,-5.11811000
14.30240019,-4.33070900
14.30320019,-3.54330700
14.30400019,-2.75590500
14.30480019,-1.57480300
14.30560019,-0.78740150
14.30640019,0.00000000
14.30720019,0.78740150
14.30800019,1.18110200
14.30880019,1.18110200
14.30960019,1.57480300
14.31040019,0.00000000
14.31120019,0.00000000
14.31200019,0.39370070
14.31280019,0.78740150
14.31360019,1.96850400
14.31440019,3.54330700
14.31520019,4.72440900
14.31600019,5.51181100
14.31680019,5.51181100
14.31760019,5.51181100
14.31840019,5.51181100
14.31920019,5.90551100
14.32000019,4.72440900
14.32080019,4.72440900
14.32160019,4.33070900
14.32240019,4.72440900
14.32320019,4.72440900
14.32400019,5.11811000
14.32480019,5.51181100
14.32560019,5.90551100
14.32640019,6.29921200
14.32720019,6.29921200
14.32800019,5.51181100
14.32880019,5.51181100
14.32960019,5.51181100
14.33040019,5.11811000
14.33120019,4.72440900
14.33200019,3.54330700
14.33280019,3.14960600
14.33360019,2.36220500
14.33440019,2.75590500
14.33520019,3.14960600
14.33600019,3.93700800
14.33680019,3.93700800
14.33760019,3.93700800
14.33840019,3.54330700
14.33920019,3.14960600
14.34000019,2.36220500
14.34080019,1.57480300
14.34160019,1.18110200
14.34240019,0.00000000
14.34320019,-1.18110200
14.34400019,-1.96850400
14.34480019,-2.75590500
14.34560019,-2.75590500
14.34640019,-2.36220500
14.34720019,-1.57480300
14.34800019,-0.78740150
14.34880019,-0.39370070
14.34960019,-1.18110200
14.35040019,-2.36220500
14.35120019,-3.54330700
14.35200019,-3.93700800
14.35280019,-4.72440900
14.35360019,-5.51181100
14.35440019,-6.29921200
14.35520019,-6.69291300
14.35600019,-6.29921200
14.35680019,-5.11811000
14.35760019,-3.93700800
14.35840019,-2.75590500
14.35920019,-2.75590500
14.36000019,-3.14960600
14.36080019,-3.54330700
14.36160019,-5.11811000
14.36240019,-5.51181100
14.36320019,-6.69291300
14.36400019,-6.69291300
14.36480019,-7.08661400
14.36560019,-6.29921200
14.36640019,-6.29921200
14.36720019,-5.11811000
14.36800019,-3.93700800
14.36880019,-2.75590500
14.36960019,-1.57480300
14.37040019,-1.18110200
14.37120019,-1.57480300
14.37200019,-2.36220500
14.37280019,-3.14960600
14.37360019,-4.33070900
14.37440019,-3.93700800
14.37520019,-3.54330700
14.37600019,-2.36220500
14.37680019,-1.96850400
14.37760019,-0.78740150
14.37840019,0.78740150
14.37920019,1.96850400
14.38000019,1.96850400
14.38080019,1.96850400
14.38160019,1.96850400
14.38240019,1.18110200
14.38320019,0.39370070
14.38400019,0.00000000
14.38480019,-0.39370070
14.38560019,0.39370070
14.38640019,0.78740150
14.38720019,1.96850400
14.38800019,3.14960600
14.38880019,4.33070900
14.38960019,4.72440900
14.39040019,4.72440900
14.39120019,4.33070900
14.39200019,3.93700800
14.39280019,3.54330700
14.39360019,3.14960600
14.39440019,2.75590500
14.39520019,2.36220500
14.39600019,2.75590500
14.39680019,3.14960600
14.39760019,3.93700800
14.39840019,4.72440900
14.39920019,5.11811000
14.40000019,5.11811000
14.40080019,5.11811000
14.40160019,4.33070900
14.40240019,3.93700800
14.40320019,3.93700800
14.40400019,3.54330700
14.40480019,3.14960600
14.40560019,3.14960600
14.40640019,2.36220500
14.40720019,1.96850400
14.40800019,1.96850400
14.40880019,3.14960600
14.40960019,3.54330700
14.41040019,3.93700800
14.41120019,3.93700800
14.41200019,2.75590500
14.41280019,2.36220500
14.41360019,2.36220500
14.41440019,1.96850400
14.41520019,1.96850400
14.41600019,1.57480300
14.41680019,0.39370070
14.41760019,0.00000000
14.41840019,0.00000000
14.41920019,-0.39370070
14.42000019,0.39370070
14.42080019,0.39370070
14.42160019,0.00000000
14.42240019,0.00000000
14.42320019,-0.39370070
14.42400019,-0.39370070
14.42480019,-0.39370070
14.42560019,-0.39370070
14.42640019,-1.18110200
14.42720019,-1.57480300
14.42800019,-2.36220500
14.42880019,-3.14960600
14.42960019,-3.54330700
14.43040019,-3.54330700
14.43120019,-3.14960600
14.43200019,-2.75590500
14.43280019,-2.36220500
14.43360019,-3.14960600
14.43440019,-2.75590500
14.43520019,-2.36220500
14.43600019,-3.14960600
14.43680019,-3.14960600
14.43760019,-3.54330700
14.43840019,-3.93700800
14.43920019,-4.72440900
14.44000019,-5.11811000
14.44080019,-5.11811000
14.44160019,-5.11811000
14.44240019,-5.11811000
14.44320019,-4.72440900
14.44400019,-4.33070900
14.44480019,-3.93700800
14.44560019,-3.93700800
14.44640019,-4.33070900
14.44720019,-4.33070900
14.44800019,-5.11811000
14.44880019,-4.33070900
14.44960019,-3.93700800
14.45040019,-3.54330700
14.45120019,-3.14960600
14.45200019,-2.36220500
14.45280019,-2.36220500
14.45360019,-1.96850400
14.45440019,-1.57480300
14.45520019,-1.57480300
14.45600019,-1.96850400
14.45680019,-1.96850400
14.45760019,-1.96850400
14.45840019,-1.57480300
14.45920019,-1.57480300
14.46000019,-1.18110200
14.46080019,-0.78740150
14.46160019,-0.39370070
14.46240019,-0.39370070
14.46320019,0.78740150
14.46400019,1.18110200
14.46480019,1.18110200
14.46560019,1.57480300
14.46640019,1.57480300
14.46720019,1.96850400
14.46800019,2.36220500
14.46880019,2.75590500
14.46960019,2.75590500
14.47040019,3.54330700
14.47120019,4.33070900
14.47200019,3.93700800
14.47280019,3.93700800
14.47360019,3.54330700
14.47440019,3.54330700
14.47520019,3.14960600
14.47600019,4.33070900
14.47680019,4.72440900
14.47760019,5.51181100
14.47840019,6.29921200
14.47920019,6.29921200
14.48000019,5.90551100
14.48080019,6.29921200
14.48160019,6.29921200
14.48240019,5.51181100
14.48320019,5.90551100
14.48400019,5.51181100
14.48480019,4.72440900
14.48560019,4.72440900
14.48640019,4.33070900
14.48720019,5.51181100
14.48800019,5.90551100
14.48880019,5.90551100
14.48960019,5.51181100
14.49040019,5.11811000
14.49120019,4.72440900
14.49200019,4.33070900
14.49280019,4.33070900
14.49360019,3.14960600
14.49440019,2.75590500
14.49520019,1.57480300
14.49600019,1.18110200
14.49680019,1.57480300
14.49760019,1.96850400
14.49840019,1.96850400
14.49920019,1.96850400
14.50000019,1.18110200
14.50080019,0.00000000
14.50160019,-0.78740150
14.50240019,-1.57480300
14.50320019,-3.14960600
14.50400019,-3.93700800
14.50480019,-3.93700800
14.50560019,-3.93700800
14.50640019,-3.54330700
14.50720019,-3.14960600
14.50800019,-2.75590500
14.50880019,-2.75590500
14.50960019,-3.14960600
14.51040019,-4.33070900
14.51120019,-5.51181100
14.51200019,-6.69291300
14.51280019,-7.08661400
14.51360019,-7.87401500
14.51440019,-8.26771600
14.51520019,-8.66141700
14.51600019,-8.26771600
14.51680019,-7.48031400
14.51760019,-7.08661400
14.51840019,-5.90551100
14.51920019,-5.51181100
14.52000019,-6.29921200
14.52080019,-7.08661400
14.52160019,-7.87401500
14.52240019,-8.66141700
14.52320019,-8.66141700
14.52400019,-8.26771600
14.52480019,-7.87401500
14.52560019,-6.69291300
14.52640019,-5.51181100
14.52720019,-4.72440900
14.52800019,-3.54330700
14.52880019,-2.75590500
14.52960019,-2.36220500
14.53040019,-2.36220500
14.53120019,-2.36220500
14.53200019,-3.14960600
14.53280019,-2.36220500
14.53360019,-1.96850400
14.53440019,-1.96850400
14.53520019,-0.78740150
14.53600019,0.00000000
14.53680019,1.18110200
14.53760019,2.75590500
14.53840019,3.54330700
14.53920019,3.93700800
14.54000019,4.72440900
14.54080019,5.11811000
14.54160019,4.33070900
14.54240019,4.33070900
14.54320019,4.72440900
14.54400019,5.11811000
14.54480019,5.90551100
14.54560019,6.69291300
14.54640019,7.08661400
14.54720019,7.87401500
14.54800019,8.66141700
14.54880019,9.44881800
14.54960019,9.44881800
14.55040019,9.84251900
14.55120019,9.05511800
14.55200019,8.26771600
14.55280019,8.26771600
14.55360019,7.87401500
14.55440019,7.87401500
14.55520019,7.48031400
14.55600019,7.87401500
14.55680019,7.87401500
14.55760019,8.26771600
14.55840019,7.87401500
14.55920019,7.87401500
14.56000019,7.08661400
14.56080019,6.69291300
14.56160019,5.51181100
14.56240019,5.51181100
14.56320019,4.72440900
14.56400019,4.72440900
14.56480019,3.54330700
14.56560019,2.75590500
14.56640019,2.36220500
14.56720019,1.96850400
14.56800019,1.96850400
14.56880019,1.96850400
14.56960019,1.18110200
14.57040019,0.39370070
14.57120019,-0.78740150
14.57200019,-1.57480300
14.57280019,-2.75590500
14.57360019,-3.54330700
14.57440019,-4.72440900
14.57520019,-4.72440900
14.57600019,-5.51181100
14.57680019,-5.90551100
14.57760019,-6.29921200
14.57840019,-6.69291300
14.57920019,-5.90551100
14.58000019,-5.90551100
14.58080019,-5.90551100
14.58160019,-5.90551100
14.58240019,-7.48031400
14.58320019,-8.66141700
14.58400019,-9.05511800
14.58480019,-9.05511800
14.58560019,-9.05511800
14.58640019,-7.87401500
14.58720019,-8.26771600
14.58800019,-7.48031400
14.58880019,-6.69291300
14.58960019,-5.90551100
14.59040019,-5.51181100
14.59120019,-4.72440900
14.59200019,-5.51181100
14.59280019,-6.29921200
14.59360019,-7.08661400
14.59440019,-7.48031400
14.59520019,-7.08661400
14.59600019,-6.29921200
14.59680019,-5.90551100
14.59760019,-4.33070900
14.59840019,-3.54330700
14.59920019,-2.36220500
14.60000019,-1.57480300
14.60080019,-0.39370070
14.60160019,0.39370070
14.60240019,0.78740150
14.60320019,0.78740150
14.60400019,0.39370070
14.60480019,-0.39370070
14.60560020,-0.39370070
14.60640020,0.00000000
14.60720020,0.78740150
14.60800020,1.96850400
14.60880020,2.75590500
14.60960020,3.54330700
14.61040020,4.33070900
14.61120020,5.11811000
14.61200020,5.90551100
14.61280020,5.51181100
14.61360020,4.72440900
14.61440020,4.33070900
14.61520020,3.54330700
14.61600020,3.14960600
14.61680020,3.93700800
14.61760020,4.72440900
14.61840020,5.51181100
14.61920020,7.08661400
14.62000020,8.26771600
14.62080020,7.87401500
14.62160020,7.87401500
14.62240020,7.48031400
14.62320020,6.29921200
14.62400020,5.51181100
14.62480020,5.11811000
14.62560020,4.33070900
14.62640020,4.72440900
14.62720020,4.72440900
14.62800020,4.33070900
14.62880020,4.72440900
14.62960020,5.11811000
14.63040020,5.11811000
14.63120020,5.90551100
14.63200020,5.11811000
14.63280020,3.93700800
14.63360020,3.14960600
14.63440020,1.96850400
14.63520020,1.96850400
14.63600020,1.57480300
14.63680020,1.57480300
14.63760020,1.57480300
14.63840020,1.18110200
14.63920020,1.18110200
14.64000020,1.18110200
14.64080020,1.57480300
14.64160020,1.96850400
14.64240020,1.57480300
14.64320020,0.78740150
14.64400020,-0.39370070
14.64480020,-1.96850400
14.64560020,-1.96850400
14.64640020,-1.18110200
14.64720020,-1.18110200
14.64800020,-1.18110200
14.64880020,-1.96850400
14.64960020,-2.36220500
14.65040020,-2.75590500
14.65120020,-2.75590500
14.65200020,-3.14960600
14.65280020,-3.14960600
14.65360020,-3.54330700
14.65440020,-3.54330700
14.65520020,-3.54330700
14.65600020,-3.93700800
14.65680020,-3.93700800
14.65760020,-3.14960600
14.65840020,-2.75590500
14.65920020,-2.75590500
14.66000020,-3.54330700
14.66080020,-3.54330700
14.66160020,-4.33070900
14.66240020,-4.72440900
14.66320020,-4.33070900
14.66400020,-4.72440900
14.66480020,-5.11811000
14.66560020,-5.11811000
14.66640020,-5.11811000
14.66720020,-5.11811000
14.66800020,-4.33070900
14.66880020,-3.93700800
14.66960020,-3.54330700
14.67040020,-3.93700800
14.67120020,-3.93700800
14.67200020,-4.33070900
14.67280020,-3.93700800
14.67360020,-3.93700800
14.67440020,-3.14960600
14.67520020,-2.36220500
14.67600020,-2.36220500
14.67680020,-1.96850400
14.67760020,-2.36220500
14.67840020,-2.75590500
14.67920020,-2.36220500
14.68000020,-1.96850400
14.68080020,-1.18110200
14.68160020,-1.18110200
14.68240020,0.00000000
14.68320020,-0.39370070
14.68400020,0.00000000
14.68480020,0.39370070
14.68560020,1.18110200
14.68640020,1.57480300
14.68720020,2.75590500
14.68800020,1.96850400
14.68880020,1.57480300
14.68960020,1.18110200
14.69040020,1.57480300
14.69120020,3.14960600
14.69200020,4.33070900
14.69280020,4.72440900
14.69360020,5.11811000
14.69440020,4.72440900
14.69520020,4.72440900
14.69600020,5.11811000
14.69680020,5.90551100
14.69760020,6.29921200
14.69840020,6.69291300
14.69920020,7.08661400
14.70000020,7.08661400
14.70080020,5.90551100
14.70160020,6.69291300
14.70240020,7.87401500
14.70320020,7.87401500
14.70400020,7.87401500
14.70480020,7.08661400
14.70560020,5.90551100
14.70640020,5.90551100
14.70720020,5.51181100
14.70800020,5.51181100
14.70880020,5.90551100
14.70960020,5.90551100
14.71040020,5.90551100
14.71120020,5.51181100
14.71200020,5.90551100
14.71280020,5.51181100
14.71360020,5.90551100
14.71440020,5.51181100
14.71520020,5.11811000
14.71600020,3.54330700
14.71680020,2.36220500
14.71760020,0.78740150
14.71840020,0.78740150
14.71920020,0.00000000
14.72000020,0.78740150
14.72080020,0.39370070
14.72160020,-0.39370070
14.72240020,-1.18110200
14.72320020,-1.57480300
14.72400020,-2.36220500
14.72480020,-2.75590500
14.72560020,-3.14960600
14.72640020,-3.93700800
14.72720020,-5.11811000
14.72800020,-6.29921200
14.72880020,-7.08661400
14.72960020,-7.08661400
14.73040020,-6.29921200
14.73120020,-6.29921200
14.73200020,-6.29921200
14.73280020,-7.08661400
14.73360020,-7.87401500
14.73440020,-8.66141700
14.73520020,-8.66141700
14.73600020,-8.66141700
14.73680020,-8.66141700
14.73760020,-8.26771600
14.73840020,-9.05511800
14.73920020,-9.05511800
14.74000020,-8.66141700
14.74080020,-9.05511800
14.74160020,-8.26771600
14.74240020,-7.08661400
14.74320020,-7.08661400
14.74400020,-7.48031400
14.74480020,-7.48031400
14.74560020,-7.87401500
14.74640020,-6.69291300
14.74720020,-5.90551100
14.74800020,-3.93700800
14.74880020,-3.93700800
14.74960020,-3.54330700
14.75040020,-3.54330700
14.75120020,-3.54330700
14.75200020,-3.14960600
14.75280020,-1.57480300
14.75360020,-0.78740150
14.75440020,0.78740150
14.75520020,0.78740150
14.75600020,1.57480300
14.75680020,2.36220500
14.75760020,3.93700800
14.75840020,5.11811000
14.75920020,6.29921200
14.76000020,6.29921200
14.76080020,5.51181100
14.76160020,5.11811000
14.76240020,4.33070900
14.76320020,4.72440900
14.76400020,5.51181100
14.76480020,6.69291300
14.76560020,7.87401500
14.76640020,9.05511800
14.76720020,9.44881800
14.76800020,10.23622000
14.76880020,11.81102000
14.76960020,12.20472000
14.77040020,11.81102000
14.77120020,11.02362000
14.77200020,9.05511800
14.77280020,7.48031400
14.77360020,7.08661400
14.77440020,7.08661400
14.77520020,7.87401500
14.77600020,8.66141700
14.77680020,9.05511800
14.77760020,9.05511800
14.77840020,8.66141700
14.77920020,8.66141700
14.78000020,8.26771600
14.78080020,7.87401500
14.78160020,6.69291300
14.78240020,4.72440900
14.78320020,3.54330700
14.78400020,1.57480300
14.78480020,1.57480300
14.78560020,1.57480300
14.78640020,2.36220500
14.78720020,1.96850400
14.78800020,1.57480300
14.78880020,0.00000000
14.78960020,-1.57480300
14.79040020,-2.36220500
14.79120020,-3.14960600
14.79200020,-3.54330700
14.79280020,-3.93700800
14.79360020,-5.11811000
14.79440020,-5.51181100
14.79520020,-5.90551100
14.79600020,-5.90551100
14.79680020,-5.51181100
14.79760020,-5.11811000
14.79840020,-5.90551100
14.79920020,-6.69291300
14.80000020,-8.66141700
14.80080020,-9.44881800
14.80160020,-10.23622000
14.80240020,-10.23622000
14.80320020,-9.84251900
14.80400020,-9.05511800
14.80480020,-9.05511800
14.80560020,-8.66141700
14.80640020,-9.05511800
14.80720020,-7.87401500
14.80800020,-7.48031400
14.80880020,-6.69291300
14.80960020,-6.69291300
14.81040020,-7.48031400
14.81120020,-8.66141700
14.81200020,-9.05511800
14.81280020,-9.05511800
14.81360020,-8.66141700
14.81440020,-7.08661400
14.81520020,-5.51181100
14.81600020,-4.72440900
14.81680020,-3.54330700
14.81760020,-3.14960600
14.81840020,-2.75590500
14.81920020,-2.36220500
14.82000020,-1.96850400
14.82080020,-1.57480300
14.82160020,-1.18110200
14.82240020,-1.18110200
14.82320020,-0.78740150
14.82400020,0.00000000
14.82480020,0.78740150
14.82560020,2.75590500
14.82640020,3.93700800
14.82720020,5.11811000
14.82800020,5.51181100
14.82880020,5.11811000
14.82960020,5.51181100
14.83040020,5.90551100
14.83120020,6.69291300
14.83200020,6.69291300
14.83280020,6.29921200
14.83360020,5.90551100
14.83440020,6.29921200
14.83520020,6.29921200
14.83600020,7.48031400
14.83680020,8.66141700
14.83760020,9.44881800
14.83840020,9.84251900
14.83920020,9.44881800
14.84000020,9.05511800
14.84080020,9.05511800
14.84160020,9.05511800
14.84240020,8.66141700
14.84320020,8.26771600
14.84400020,7.48031400
14.84480020,5.51181100
14.84560020,4.72440900
14.84640020,4.72440900
14.84720020,5.11811000
14.84800020,6.69291300
14.84880020,7.08661400
14.84960020,6.29921200
14.85040020,6.29921200
14.85120020,5.11811000
14.85200020,4.72440900
14.85280020,3.93700800
14.85360020,3.54330700
14.85440020,1.96850400
14.85520020,0.00000000
14.85600020,-1.96850400
14.85680020,-2.75590500
14.85760020,-2.75590500
14.85840020,-1.96850400
14.85920020,-0.78740150
14.86000020,-0.78740150
14.86080020,-1.18110200
14.86160020,-1.57480300
14.86240020,-2.36220500
14.86320020,-2.75590500
14.86400020,-3.93700800
14.86480020,-5.11811000
14.86560020,-6.29921200
14.86640020,-7.08661400
14.86720020,-7.48031400
14.86800020,-7.08661400
14.86880020,-6.29921200
14.86960020,-5.11811000
14.87040020,-4.33070900
14.87120020,-3.93700800
14.87200020,-4.33070900
14.87280020,-5.51181100
14.87360020,-5.51181100
14.87440020,-6.29921200
14.87520020,-6.69291300
14.87600020,-7.87401500
14.87680020,-7.87401500
14.87760020,-7.48031400
14.87840020,-6.29921200
14.87920020,-5.11811000
14.88000020,-3.93700800
14.88080020,-2.36220500
14.88160020,-1.57480300
14.88240020,-1.96850400
14.88320020,-2.36220500
14.88400020,-2.75590500
14.88480020,-3.93700800
14.88560020,-4.33070900
14.88640020,-3.93700800
14.88720020,-3.14960600
14.88800020,-3.14960600
14.88880020,-1.96850400
14.88960020,-0.78740150
14.89040020,0.00000000
14.89120020,1.18110200
14.89200020,1.96850400
14.89280020,1.96850400
14.89360020,2.36220500
14.89440020,1.18110200
14.89520020,0.39370070
14.89600020,-0.39370070
14.89680020,0.00000000
14.89760020,0.78740150
14.89840020,1.57480300
14.89920020,1.96850400
14.90000020,1.96850400
14.90080020,2.75590500
14.90160020,2.75590500
14.90240020,2.36220500
14.90320020,3.14960600
14.90400020,3.14960600
14.90480020,3.14960600
14.90560020,3.14960600
14.90640020,2.75590500
14.90720020,2.75590500
14.90800020,2.75590500
14.90880020,3.14960600
14.90960020,3.54330700
14.91040020,3.54330700
14.91120020,2.36220500
14.91200020,1.57480300
14.91280020,1.57480300
14.91360020,1.57480300
14.91440020,2.36220500
14.91520020,3.14960600
14.91600020,3.14960600
14.91680020,3.54330700
14.91760020,3.54330700
14.91840020,3.14960600
14.91920020,3.93700800
14.92000020,3.93700800
14.92080020,3.54330700
14.92160020,3.14960600
14.92240020,1.96850400
14.92320020,0.78740150
14.92400020,0.00000000
14.92480020,0.39370070
14.92560020,1.18110200
14.92640020,2.36220500
14.92720020,2.36220500
14.92800020,2.36220500
14.92880020,1.96850400
14.92960020,2.36220500
14.93040020,2.75590500
14.93120020,2.75590500
14.93200020,3.14960600
14.93280020,2.36220500
14.93360020,1.18110200
14.93440020,0.78740150
14.93520020,0.39370070
14.93600020,0.39370070
14.93680020,0.78740150
14.93760020,0.78740150
14.93840020,0.00000000
14.93920020,0.00000000
14.94000020,0.00000000
14.94080020,-0.78740150
14.94160020,-0.39370070
14.94240020,-0.39370070
14.94320020,-1.18110200
14.94400020,-1.57480300
14.94480020,-1.96850400
14.94560020,-1.96850400
14.94640020,-1.96850400
14.94720020,-1.57480300
14.94800020,-0.78740150
14.94880020,-0.78740150
14.94960020,-1.96850400
14.95040020,-3.14960600
14.95120020,-3.93700800
14.95200020,-3.14960600
14.95280020,-3.54330700
14.95360020,-3.54330700
14.95440020,-3.54330700
14.95520020,-4.33070900
14.95600020,-4.72440900
14.95680020,-4.33070900
14.95760020,-3.93700800
14.95840020,-3.14960600
14.95920020,-3.54330700
14.96000020,-4.33070900
14.96080020,-4.33070900
14.96160020,-4.33070900
14.96240020,-4.72440900
14.96320020,-4.72440900
14.96400020,-4.33070900
14.96480020,-4.72440900
14.96560020,-4.72440900
14.96640020,-5.11811000
14.96720020,-5.11811000
14.96800020,-5.11811000
14.96880020,-4.72440900
14.96960020,-4.33070900
14.97040020,-3.14960600
14.97120020,-1.96850400
14.97200020,-1.96850400
14.97280020,-1.96850400
14.97360020,-1.96850400
14.97440020,-1.57480300
14.97520020,-1.57480300
14.97600020,-1.57480300
14.97680020,-1.96850400
14.97760020,-1.96850400
14.97840020,-1.96850400
14.97920020,-1.57480300
14.98000020,0.00000000
14.98080020,1.18110200
14.98160020,1.96850400
14.98240020,3.54330700
14.98320020,3.93700800
14.98400020,3.54330700
14.98480020,3.54330700
14.98560020,3.14960600
14.98640020,3.14960600
14.98720020,3.14960600
14.98800020,3.54330700
14.98880020,3.14960600
14.98960020,3.93700800
14.99040020,3.93700800
14.99120020,5.11811000
14.99200020,6.29921200
14.99280020,7.48031400
14.99360020,7.48031400
14.99440020,7.48031400
14.99520020,7.08661400
14.99600020,6.69291300
14.99680020,6.69291300
14.99760020,6.29921200
14.99840020,5.90551100
14.99920020,6.29921200
15.00000020,5.90551100
15.00080020,6.29921200
15.00160020,7.08661400
15.00240020,7.48031400
15.00320020,7.48031400
15.00400020,7.87401500
15.00480020,7.48031400
15.00560020,6.29921200
15.00640020,4.72440900
15.00720020,3.54330700
15.00800020,2.75590500
15.00880020,2.36220500
15.00960020,1.96850400
15.01040020,1.18110200
15.01120020,1.18110200
15.01200020,0.78740150
15.01280020,0.78740150
15.01360020,1.57480300
15.01440020,1.96850400
15.01520020,0.78740150
15.01600020,0.00000000
15.01680020,-1.18110200
15.01760020,-2.36220500
15.01840020,-3.14960600
15.01920020,-3.93700800
15.02000020,-4.72440900
15.02080020,-5.51181100
15.02160020,-6.69291300
15.02240020,-7.48031400
15.02320020,-7.48031400
15.02400020,-7.08661400
15.02480020,-7.08661400
15.02560020,-5.90551100
15.02640020,-5.11811000
15.02720020,-5.11811000
15.02800020,-5.11811000
15.02880020,-6.29921200
15.02960020,-6.69291300
15.03040020,-7.48031400
15.03120020,-8.66141700
15.03200020,-10.23622000
15.03280020,-11.02362000
15.03360020,-11.02362000
15.03440020,-11.02362000
15.03520020,-9.44881800
15.03600020,-7.87401500
15.03680020,-6.29921200
15.03760020,-4.72440900
15.03840020,-3.93700800
15.03920020,-3.54330700
15.04000020,-3.54330700
15.04080020,-4.33070900
15.04160020,-4.72440900
15.04240020,-5.11811000
15.04320020,-6.69291300
15.04400020,-6.29921200
15.04480020,-6.29921200
15.04560020,-5.11811000
15.04640020,-3.14960600
15.04720020,-0.78740150
15.04800020,1.96850400
15.04880020,3.14960600
15.04960020,4.72440900
15.05040020,4.33070900
15.05120020,3.14960600
15.05200020,3.14960600
15.05280020,3.14960600
15.05360020,3.14960600
15.05440020,2.36220500
15.05520020,2.75590500
15.05600020,2.75590500
15.05680020,4.33070900
15.05760020,6.29921200
15.05840020,7.87401500
15.05920020,9.44881800
15.06000020,10.23622000
15.06080020,9.84251900
15.06160020,9.44881800
15.06240020,9.05511800
15.06320020,8.26771600
15.06400020,7.87401500
15.06480020,7.48031400
15.06560020,6.69291300
15.06640020,5.90551100
15.06720020,6.29921200
15.06800020,6.69291300
15.06880020,7.48031400
15.06960020,8.26771600
15.07040020,8.66141700
15.07120020,8.66141700
15.07200020,8.26771600
15.07280020,7.48031400
15.07360020,6.29921200
15.07440020,5.51181100
15.07520020,3.93700800
15.07600020,3.14960600
15.07680020,1.57480300
15.07760020,0.00000000
15.07840020,-0.39370070
15.07920020,0.39370070
15.08000020,0.39370070
15.08080020,1.18110200
15.08160020,1.57480300
15.08240020,1.18110200
15.08320020,0.39370070
15.08400020,-0.78740150
15.08480020,-1.96850400
15.08560020,-3.14960600
15.08640020,-4.33070900
15.08720020,-5.11811000
15.08800020,-5.51181100
15.08880020,-5.90551100
15.08960020,-6.69291300
15.09040020,-5.11811000
15.09120020,-4.72440900
15.09200020,-3.93700800
15.09280020,-2.75590500
15.09360020,-2.75590500
15.09440020,-3.54330700
15.09520020,-4.72440900
15.09600020,-6.29921200
15.09680020,-7.48031400
15.09760020,-7.87401500
15.09840020,-7.48031400
15.09920020,-7.08661400
15.10000020,-6.69291300
15.10080020,-5.90551100
15.10160020,-5.51181100
15.10240020,-4.33070900
15.10320020,-3.54330700
15.10400020,-3.14960600
15.10480020,-3.54330700
15.10560020,-3.93700800
15.10640020,-4.72440900
15.10720020,-4.72440900
15.10800020,-4.72440900
15.10880020,-3.93700800
15.10960020,-3.14960600
15.11040020,-2.36220500
15.11120020,-1.57480300
15.11200020,-0.39370070
15.11280020,0.39370070
15.11360020,0.78740150
15.11440020,1.57480300
15.11520020,1.18110200
15.11600020,0.00000000
15.11680020,-0.78740150
15.11760020,-1.57480300
15.11840020,-1.57480300
15.11920020,-0.39370070
15.12000020,0.78740150
15.12080020,1.96850400
15.12160020,3.54330700
15.12240020,4.33070900
15.12320020,3.93700800
15.12400020,3.54330700
15.12480020,3.54330700
15.12560020,1.96850400
15.12640020,1.18110200
15.12720020,0.39370070
15.12800020,-0.39370070
15.12880020,-0.39370070
15.12960020,0.39370070
15.13040020,1.96850400
15.13120020,3.54330700
15.13200020,5.11811000
15.13280020,5.51181100
15.13360020,4.33070900
15.13440020,3.93700800
15.13520020,2.36220500
15.13600020,1.96850400
15.13680020,1.96850400
15.13760020,1.57480300
15.13840020,1.96850400
15.13920020,1.57480300
15.14000020,1.96850400
15.14080020,2.75590500
15.14160020,3.54330700
15.14240020,3.93700800
15.14320020,3.54330700
15.14400020,3.14960600
15.14480020,1.96850400
15.14560020,1.57480300
15.14640020,1.57480300
15.14720020,1.57480300
15.14800020,2.36220500
15.14880020,1.96850400
15.14960020,1.96850400
15.15040020,1.96850400
15.15120020,1.57480300
15.15200020,1.18110200
15.15280020,0.78740150
15.15360020,1.18110200
15.15440020,1.57480300
15.15520020,0.78740150
15.15600020,0.78740150
15.15680020,0.39370070
15.15760020,1.18110200
15.15840020,2.36220500
15.15920020,3.14960600
15.16000020,3.14960600
15.16080020,2.36220500
15.16160020,1.96850400
15.16240020,0.78740150
15.16320020,0.39370070
15.16400020,-0.39370070
15.16480020,-0.78740150
15.16560020,-0.78740150
15.16640020,-1.18110200
15.16720020,-0.78740150
15.16800020,0.00000000
15.16880020,0.00000000
15.16960020,0.00000000
15.17040020,0.78740150
15.17120020,0.39370070
15.17200020,-0.78740150
15.17280020,-1.18110200
15.17360020,-2.36220500
15.17440020,-2.75590500
15.17520020,-3.14960600
15.17600020,-2.75590500
15.17680020,-2.75590500
15.17760020,-1.96850400
15.17840020,-1.57480300
15.17920020,-1.57480300
15.18000020,-1.57480300
15.18080020,-2.36220500
15.18160020,-3.54330700
15.18240020,-3.93700800
15.18320020,-4.72440900
15.18400020,-4.33070900
15.18480020,-3.93700800
15.18560020,-3.14960600
15.18640020,-3.14960600
15.18720020,-2.36220500
15.18800020,-2.75590500
15.18880020,-2.75590500
15.18960020,-2.75590500
15.19040020,-3.93700800
15.19120020,-3.93700800
15.19200020,-4.72440900
15.19280020,-5.11811000
15.19360020,-5.11811000
15.19440020,-3.93700800
15.19520020,-3.93700800
15.19600020,-2.75590500
15.19680020,-2.75590500
15.19760020,-1.96850400
15.19840020,-1.57480300
15.19920020,-1.18110200
15.20000020,-1.57480300
15.20080020,-1.96850400
15.20160020,-2.36220500
15.20240020,-2.36220500
15.20320020,-2.36220500
15.20400020,-1.18110200
15.20480020,0.00000000
15.20560020,1.18110200
15.20640020,1.96850400
15.20720020,2.75590500
15.20800020,2.75590500
15.20880020,3.14960600
15.20960020,2.36220500
15.21040020,2.75590500
15.21120020,3.14960600
15.21200020,2.36220500
15.21280020,3.14960600
15.21360020,3.54330700
15.21440020,4.72440900
15.21520020,5.90551100
15.21600020,6.69291300
15.21680020,6.69291300
15.21760020,6.69291300
15.21840020,6.29921200
15.21920020,5.51181100
15.22000020,5.51181100
15.22080020,5.90551100
15.22160020,5.11811000
15.22240020,5.11811000
15.22320020,5.51181100
15.22400020,6.29921200
15.22480020,7.08661400
15.22560020,7.48031400
15.22640020,7.08661400
15.22720020,7.48031400
15.22800020,7.08661400
15.22880020,6.29921200
15.22960020,5.11811000
15.23040020,4.72440900
15.23120020,3.93700800
15.23200020,3.14960600
15.23280020,3.14960600
15.23360020,3.14960600
15.23440020,2.75590500
15.23520020,2.75590500
15.23600020,2.75590500
15.23680020,2.36220500
15.23760020,2.36220500
15.23840020,1.18110200
15.23920020,0.78740150
15.24000020,0.00000000
15.24080020,-1.57480300
15.24160020,-1.96850400
15.24240020,-2.75590500
15.24320020,-3.54330700
15.24400020,-4.33070900
15.24480020,-4.33070900
15.24560020,-4.72440900
15.24640020,-4.33070900
15.24720020,-4.72440900
15.24800020,-5.51181100
15.24880020,-5.90551100
15.24960020,-6.29921200
15.25040020,-7.08661400
15.25120020,-6.69291300
15.25200020,-6.69291300
15.25280020,-7.08661400
15.25360020,-7.08661400
15.25440020,-7.87401500
15.25520020,-8.26771600
15.25600020,-9.05511800
15.25680020,-8.26771600
15.25760020,-8.26771600
15.25840020,-7.87401500
15.25920020,-7.08661400
15.26000020,-7.08661400
15.26080020,-7.08661400
15.26160020,-6.29921200
15.26240020,-6.69291300
15.26320020,-5.90551100
15.26400020,-5.51181100
15.26480020,-5.90551100
15.26560020,-5.51181100
15.26640020,-4.33070900
15.26720020,-3.93700800
15.26800020,-3.14960600
15.26880020,-1.96850400
15.26960020,-1.96850400
15.27040020,-1.18110200
15.27120020,-1.18110200
15.27200020,-0.78740150
15.27280020,0.00000000
15.27360020,0.39370070
15.27440020,0.78740150
15.27520020,0.78740150
15.27600020,1.57480300
15.27680020,2.75590500
15.27760020,3.54330700
15.27840020,5.11811000
15.27920020,5.90551100
15.28000020,5.90551100
15.28080020,7.08661400
15.28160020,6.69291300
15.28240020,6.29921200
15.28320020,6.69291300
15.28400020,5.90551100
15.28480020,6.29921200
15.28560020,6.69291300
15.28640020,6.69291300
15.28720020,7.08661400
15.28800020,8.26771600
15.28880020,7.87401500
15.28960020,9.44881800
15.29040020,9.84251900
15.29120020,9.44881800
15.29200020,8.26771600
15.29280020,7.08661400
15.29360020,5.90551100
15.29440020,5.51181100
15.29520020,5.51181100
15.29600020,5.51181100
15.29680020,5.51181100
15.29760020,5.90551100
15.29840020,6.29921200
15.29920020,5.90551100
15.30000020,6.29921200
15.30080020,5.90551100
15.30160020,4.72440900
15.30240020,3.54330700
15.30320020,2.75590500
15.30400020,1.18110200
15.30480020,0.00000000
15.30560020,-0.39370070
15.30640020,-0.39370070
15.30720020,0.00000000
15.30800020,0.00000000
15.30880020,0.00000000
15.30960020,0.00000000
15.31040020,-0.78740150
15.31120020,-1.57480300
15.31200020,-1.96850400
15.31280020,-2.75590500
15.31360020,-3.93700800
15.31440020,-4.72440900
15.31520020,-5.90551100
15.31600020,-6.29921200
15.31680020,-5.51181100
15.31760020,-5.51181100
15.31840020,-4.72440900
15.31920020,-4.33070900
15.32000020,-4.72440900
15.32080020,-5.51181100
15.32160020,-5.90551100
15.32240020,-6.69291300
15.32320020,-6.69291300
15.32400020,-6.69291300
15.32480020,-6.29921200
15.32560020,-7.08661400
15.32640020,-6.69291300
15.32720020,-6.69291300
15.32800020,-6.29921200
15.32880020,-5.11811000
15.32960020,-5.11811000
15.33040020,-4.72440900
15.33120020,-5.11811000
15.33200020,-5.51181100
15.33280020,-6.29921200
15.33360020,-5.51181100
15.33440020,-4.72440900
15.33520020,-3.54330700
15.33600020,-3.14960600
15.33680020,-2.75590500
15.33760020,-3.14960600
15.33840020,-2.36220500
15.33920020,-1.96850400
15.34000020,-1.96850400
15.34080020,-0.39370070
15.34160020,-0.78740150
15.34240020,-0.78740150
15.34320020,-0.78740150
15.34400020,-1.18110200
15.34480020,-0.39370070
15.34560020,0.78740150
15.34640020,1.96850400
15.34720020,2.36220500
15.34800020,2.75590500
15.34880020,2.75590500
15.34960020,2.36220500
15.35040020,3.14960600
15.35120020,3.14960600
15.35200020,3.93700800
15.35280020,4.33070900
15.35360020,4.72440900
15.35440021,3.93700800
15.35520021,3.93700800
15.35600021,4.33070900
15.35680021,5.11811000
15.35760021,5.51181100
15.35840021,5.90551100
15.35920021,5.90551100
15.36000021,5.51181100
15.36080021,5.51181100
15.36160021,5.51181100
15.36240021,5.90551100
15.36320021,6.29921200
15.36400021,6.29921200
15.36480021,5.51181100
15.36560021,4.72440900
15.36640021,3.93700800
15.36720021,3.93700800
15.36800021,4.33070900
15.36880021,4.72440900
15.36960021,5.51181100
15.37040021,5.11811000
15.37120021,4.33070900
15.37200021,4.72440900
15.37280021,4.72440900
15.37360021,5.11811000
15.37440021,4.72440900
15.37520021,3.54330700
15.37600021,2.36220500
15.37680021,0.78740150
15.37760021,0.00000000
15.37840021,0.39370070
15.37920021,1.57480300
15.38000021,2.36220500
15.38080021,2.75590500
15.38160021,2.36220500
15.38240021,1.18110200
15.38320021,0.00000000
15.38400021,0.00000000
15.38480021,0.00000000
15.38560021,-0.39370070
15.38640021,-0.78740150
15.38720021,-2.75590500
15.38800021,-3.93700800
15.38880021,-3.93700800
15.38960021,-3.14960600
15.39040021,-2.36220500
15.39120021,-1.18110200
15.39200021,-1.18110200
15.39280021,-2.75590500
15.39360021,-3.54330700
15.39440021,-4.33070900
15.39520021,-4.72440900
15.39600021,-4.72440900
15.39680021,-5.11811000
15.39760021,-5.90551100
15.39840021,-5.51181100
15.39920021,-6.69291300
15.40000021,-5.90551100
15.40080021,-5.11811000
15.40160021,-4.33070900
15.40240021,-3.93700800
15.40320021,-4.33070900
15.40400021,-5.51181100
15.40480021,-6.69291300
15.40560021,-7.08661400
15.40640021,-6.69291300
15.40720021,-6.69291300
15.40800021,-5.51181100
15.40880021,-5.11811000
15.40960021,-5.11811000
15.41040021,-4.72440900
15.41120021,-4.72440900
15.41200021,-3.93700800
15.41280021,-3.14960600
15.41360021,-2.75590500
15.41440021,-3.54330700
15.41520021,-4.72440900
15.41600021,-5.51181100
15.41680021,-7.08661400
15.41760021,-5.90551100
15.41840021,-4.33070900
15.41920021,-1.96850400
15.42000021,-0.78740150
15.42080021,-0.39370070
15.42160021,0.00000000
15.42240021,0.78740150
15.42320021,1.18110200
15.42400021,1.96850400
15.42480021,2.75590500
15.42560021,2.75590500
15.42640021,1.96850400
15.42720021,0.78740150
15.42800021,1.18110200
15.42880021,3.14960600
15.42960021,7.48031400
15.43040021,10.23622000
15.43120021,11.41732000
15.43200021,9.44881800
15.43280021,7.48031400
15.43360021,5.11811000
15.43440021,4.72440900
15.43520021,4.72440900
15.43600021,5.11811000
15.43680021,7.08661400
15.43760021,8.66141700
15.43840021,9.84251900
15.43920021,9.84251900
15.44000021,10.62992000
15.44080021,10.23622000
15.44160021,9.84251900
15.44240021,9.44881800
15.44320021,7.87401500
15.44400021,7.08661400
15.44480021,6.29921200
15.44560021,5.90551100
15.44640021,6.69291300
15.44720021,6.69291300
15.44800021,6.29921200
15.44880021,5.90551100
15.44960021,5.51181100
15.45040021,5.51181100
15.45120021,6.69291300
15.45200021,7.08661400
15.45280021,6.29921200
15.45360021,4.33070900
15.45440021,1.18110200
15.45520021,-2.36220500
15.45600021,-3.14960600
15.45680021,-3.14960600
15.45760021,-1.57480300
15.45840021,-0.39370070
15.45920021,-0.39370070
15.46000021,-1.57480300
15.46080021,-3.14960600
15.46160021,-4.72440900
15.46240021,-5.51181100
15.46320021,-5.51181100
15.46400021,-5.11811000
15.46480021,-4.72440900
15.46560021,-5.11811000
15.46640021,-5.90551100
15.46720021,-7.48031400
15.46800021,-9.05511800
15.46880021,-10.62992000
15.46960021,-10.62992000
15.47040021,-11.02362000
15.47120021,-10.23622000
15.47200021,-10.62992000
15.47280021,-10.23622000
15.47360021,-9.84251900
15.47440021,-8.66141700
15.47520021,-8.26771600
15.47600021,-8.26771600
15.47680021,-8.66141700
15.47760021,-9.05511800
15.47840021,-9.05511800
15.47920021,-9.05511800
15.48000021,-9.05511800
15.48080021,-9.05511800
15.48160021,-9.44881800
15.48240021,-9.05511800
15.48320021,-7.48031400
15.48400021,-4.72440900
15.48480021,-2.36220500
15.48560021,-0.78740150
15.48640021,0.00000000
15.48720021,-0.39370070
15.48800021,-1.57480300
15.48880021,-1.96850400
15.48960021,-1.96850400
15.49040021,-1.18110200
15.49120021,0.39370070
15.49200021,1.57480300
15.49280021,1.96850400
15.49360021,2.36220500
15.49440021,2.75590500
15.49520021,3.93700800
15.49600021,4.72440900
15.49680021,7.48031400
15.49760021,8.66141700
15.49840021,7.48031400
15.49920021,7.08661400
15.50000021,6.69291300
15.50080021,7.08661400
15.50160021,8.26771600
15.50240021,9.05511800
15.50320021,10.23622000
15.50400021,11.02362000
15.50480021,10.62992000
15.50560021,9.05511800
15.50640021,8.66141700
15.50720021,8.66141700
15.50800021,8.66141700
15.50880021,9.05511800
15.50960021,9.84251900
15.51040021,9.44881800
15.51120021,8.26771600
15.51200021,7.87401500
15.51280021,8.26771600
15.51360021,8.26771600
15.51440021,8.26771600
15.51520021,7.87401500
15.51600021,6.69291300
15.51680021,5.51181100
15.51760021,3.93700800
15.51840021,3.93700800
15.51920021,3.54330700
15.52000021,3.14960600
15.52080021,2.75590500
15.52160021,2.36220500
15.52240021,1.18110200
15.52320021,0.39370070
15.52400021,-0.39370070
15.52480021,-0.39370070
15.52560021,0.00000000
15.52640021,-0.78740150
15.52720021,-2.36220500
15.52800021,-3.14960600
15.52880021,-3.93700800
15.52960021,-3.54330700
15.53040021,-3.54330700
15.53120021,-3.54330700
15.53200021,-4.33070900
15.53280021,-5.90551100
15.53360021,-7.87401500
15.53440021,-9.05511800
15.53520021,-9.05511800
15.53600021,-8.26771600
15.53680021,-7.87401500
15.53760021,-7.87401500
15.53840021,-8.26771600
15.53920021,-8.66141700
15.54000021,-7.87401500
15.54080021,-6.29921200
15.54160021,-5.51181100
15.54240021,-5.11811000
15.54320021,-6.69291300
15.54400021,-8.26771600
15.54480021,-9.84251900
15.54560021,-10.62992000
15.54640021,-9.44881800
15.54720021,-7.48031400
15.54800021,-5.90551100
15.54880021,-4.33070900
15.54960021,-4.33070900
15.55040021,-4.33070900
15.55120021,-3.93700800
15.55200021,-3.14960600
15.55280021,-2.75590500
15.55360021,-3.14960600
15.55440021,-3.54330700
15.55520021,-4.72440900
15.55600021,-5.51181100
15.55680021,-4.33070900
15.55760021,-2.75590500
15.55840021,-0.39370070
15.55920021,1.18110200
15.56000021,2.36220500
15.56080021,2.36220500
15.56160021,2.36220500
15.56240021,2.75590500
15.56320021,1.96850400
15.56400021,2.75590500
15.56480021,2.75590500
15.56560021,1.96850400
15.56640021,1.96850400
15.56720021,2.36220500
15.56800021,2.75590500
15.56880021,4.33070900
15.56960021,5.90551100
15.57040021,6.69291300
15.57120021,7.08661400
15.57200021,7.48031400
15.57280021,6.69291300
15.57360021,6.29921200
15.57440021,5.51181100
15.57520021,5.11811000
15.57600021,5.51181100
15.57680021,5.51181100
15.57760021,5.51181100
15.57840021,6.29921200
15.57920021,6.69291300
15.58000021,7.08661400
15.58080021,7.87401500
15.58160021,7.87401500
15.58240021,7.87401500
15.58320021,7.08661400
15.58400021,5.90551100
15.58480021,4.72440900
15.58560021,3.93700800
15.58640021,4.72440900
15.58720021,4.72440900
15.58800021,5.11811000
15.58880021,4.33070900
15.58960021,2.75590500
15.59040021,1.96850400
15.59120021,1.96850400
15.59200021,1.96850400
15.59280021,3.14960600
15.59360021,3.14960600
15.59440021,2.75590500
15.59520021,1.57480300
15.59600021,0.78740150
15.59680021,0.39370070
15.59760021,1.18110200
15.59840021,1.18110200
15.59920021,0.00000000
15.60000021,-0.39370070
15.60080021,-2.36220500
15.60160021,-3.54330700
15.60240021,-2.75590500
15.60320021,-2.75590500
15.60400021,-1.96850400
15.60480021,-1.96850400
15.60560021,-3.14960600
15.60640021,-3.54330700
15.60720021,-3.93700800
15.60800021,-4.33070900
15.60880021,-4.33070900
15.60960021,-3.93700800
15.61040021,-3.93700800
15.61120021,-4.72440900
15.61200021,-5.90551100
15.61280021,-6.29921200
15.61360021,-6.29921200
15.61440021,-5.11811000
15.61520021,-4.33070900
15.61600021,-4.72440900
15.61680021,-5.51181100
15.61760021,-6.29921200
15.61840021,-7.08661400
15.61920021,-7.48031400
15.62000021,-7.08661400
15.62080021,-6.29921200
15.62160021,-6.29921200
15.62240021,-6.29921200
15.62320021,-5.90551100
15.62400021,-5.51181100
15.62480021,-4.33070900
15.62560021,-3.54330700
15.62640021,-2.75590500
15.62720021,-3.14960600
15.62800021,-4.72440900
15.62880021,-5.90551100
15.62960021,-6.29921200
15.63040021,-6.29921200
15.63120021,-4.72440900
15.63200021,-3.93700800
15.63280021,-2.75590500
15.63360021,-2.75590500
15.63440021,-2.36220500
15.63520021,-1.18110200
15.63600021,0.00000000
15.63680021,1.96850400
15.63760021,3.14960600
15.63840021,3.14960600
15.63920021,2.75590500
15.64000021,1.18110200
15.64080021,0.78740150
15.64160021,1.18110200
15.64240021,1.57480300
15.64320021,2.75590500
15.64400021,3.14960600
15.64480021,2.75590500
15.64560021,2.36220500
15.64640021,3.14960600
15.64720021,3.54330700
15.64800021,5.11811000
15.64880021,5.90551100
15.64960021,6.69291300
15.65040021,6.69291300
15.65120021,7.48031400
15.65200021,7.87401500
15.65280021,9.05511800
15.65360021,9.84251900
15.65440021,9.05511800
15.65520021,8.66141700
15.65600021,6.69291300
15.65680021,5.51181100
15.65760021,5.11811000
15.65840021,5.11811000
15.65920021,5.51181100
15.66000021,6.69291300
15.66080021,8.66141700
15.66160021,9.84251900
15.66240021,10.23622000
15.66320021,10.23622000
15.66400021,9.84251900
15.66480021,8.66141700
15.66560021,8.26771600
15.66640021,6.29921200
15.66720021,4.33070900
15.66800021,2.75590500
15.66880021,0.78740150
15.66960021,0.00000000
15.67040021,0.39370070
15.67120021,0.78740150
15.67200021,0.78740150
15.67280021,0.78740150
15.67360021,0.78740150
15.67440021,0.78740150
15.67520021,0.39370070
15.67600021,0.00000000
15.67680021,-0.78740150
15.67760021,-1.18110200
15.67840021,-2.75590500
15.67920021,-3.93700800
15.68000021,-5.11811000
15.68080021,-5.90551100
15.68160021,-6.29921200
15.68240021,-6.29921200
15.68320021,-6.29921200
15.68400021,-6.69291300
15.68480021,-7.08661400
15.68560021,-7.87401500
15.68640021,-8.26771600
15.68720021,-7.87401500
15.68800021,-7.48031400
15.68880021,-6.69291300
15.68960021,-6.69291300
15.69040021,-7.87401500
15.69120021,-8.26771600
15.69200021,-8.66141700
15.69280021,-8.26771600
15.69360021,-8.26771600
15.69440021,-8.26771600
15.69520021,-9.84251900
15.69600021,-11.41732000
15.69680021,-11.41732000
15.69760021,-11.41732000
15.69840021,-9.84251900
15.69920021,-7.87401500
15.70000021,-6.69291300
15.70080021,-5.51181100
15.70160021,-5.11811000
15.70240021,-5.51181100
15.70320021,-5.51181100
15.70400021,-4.33070900
15.70480021,-3.14960600
15.70560021,-2.75590500
15.70640021,-2.36220500
15.70720021,-2.36220500
15.70800021,-2.75590500
15.70880021,-2.36220500
15.70960021,-1.18110200
15.71040021,1.18110200
15.71120021,2.36220500
15.71200021,2.36220500
15.71280021,1.96850400
15.71360021,2.36220500
15.71440021,3.54330700
15.71520021,5.51181100
15.71600021,7.08661400
15.71680021,7.87401500
15.71760021,7.48031400
15.71840021,7.48031400
15.71920021,6.69291300
15.72000021,7.08661400
15.72080021,7.87401500
15.72160021,8.26771600
15.72240021,8.26771600
15.72320021,8.26771600
15.72400021,8.26771600
15.72480021,8.66141700
15.72560021,9.84251900
15.72640021,10.62992000
15.72720021,11.41732000
15.72800021,12.20472000
15.72880021,11.81102000
15.72960021,10.23622000
15.73040021,9.05511800
15.73120021,8.26771600
15.73200021,8.26771600
15.73280021,7.87401500
15.73360021,7.87401500
15.73440021,7.87401500
15.73520021,7.08661400
15.73600021,6.69291300
15.73680021,7.08661400
15.73760021,7.87401500
15.73840021,7.48031400
15.73920021,6.69291300
15.74000021,5.51181100
15.74080021,3.54330700
15.74160021,1.57480300
15.74240021,0.39370070
15.74320021,0.00000000
15.74400021,0.00000000
15.74480021,0.00000000
15.74560021,-0.39370070
15.74640021,-1.18110200
15.74720021,-1.57480300
15.74800021,-2.75590500
15.74880021,-3.54330700
15.74960021,-3.14960600
15.75040021,-3.93700800
15.75120021,-5.51181100
15.75200021,-7.08661400
15.75280021,-8.66141700
15.75360021,-9.44881800
15.75440021,-8.66141700
15.75520021,-8.66141700
15.75600021,-8.66141700
15.75680021,-8.66141700
15.75760021,-9.44881800
15.75840021,-9.44881800
15.75920021,-9.84251900
15.76000021,-9.84251900
15.76080021,-9.05511800
15.76160021,-8.66141700
15.76240021,-9.05511800
15.76320021,-9.84251900
15.76400021,-10.62992000
15.76480021,-11.02362000
15.76560021,-10.62992000
15.76640021,-10.23622000
15.76720021,-9.05511800
15.76800021,-9.44881800
15.76880021,-9.44881800
15.76960021,-9.44881800
15.77040021,-8.26771600
15.77120021,-6.29921200
15.77200021,-4.33070900
15.77280021,-3.14960600
15.77360021,-3.14960600
15.77440021,-3.54330700
15.77520021,-4.33070900
15.77600021,-4.33070900
15.77680021,-3.14960600
15.77760021,-0.78740150
15.77840021,0.78740150
15.77920021,1.57480300
15.78000021,2.36220500
15.78080021,3.54330700
15.78160021,4.72440900
15.78240021,5.51181100
15.78320021,6.69291300
15.78400021,6.29921200
15.78480021,5.51181100
15.78560021,4.72440900
15.78640021,3.93700800
15.78720021,4.33070900
15.78800021,5.11811000
15.78880021,5.90551100
15.78960021,7.48031400
15.79040021,8.66141700
15.79120021,9.44881800
15.79200021,9.44881800
15.79280021,9.44881800
15.79360021,9.84251900
15.79440021,9.44881800
15.79520021,8.26771600
15.79600021,6.69291300
15.79680021,4.72440900
15.79760021,4.33070900
15.79840021,5.51181100
15.79920021,6.69291300
15.80000021,9.05511800
15.80080021,9.84251900
15.80160021,9.84251900
15.80240021,10.23622000
15.80320021,9.05511800
15.80400021,7.48031400
15.80480021,6.69291300
15.80560021,5.11811000
15.80640021,3.93700800
15.80720021,2.75590500
15.80800021,0.78740150
15.80880021,0.00000000
15.80960021,0.78740150
15.81040021,1.96850400
15.81120021,3.93700800
15.81200021,4.33070900
15.81280021,3.54330700
15.81360021,1.57480300
15.81440021,-0.39370070
15.81520021,-2.36220500
15.81600021,-3.14960600
15.81680021,-3.54330700
15.81760021,-3.93700800
15.81840021,-4.72440900
15.81920021,-5.11811000
15.82000021,-4.33070900
15.82080021,-3.54330700
15.82160021,-2.75590500
15.82240021,-1.96850400
15.82320021,-1.96850400
15.82400021,-3.14960600
15.82480021,-4.72440900
15.82560021,-6.29921200
15.82640021,-7.08661400
15.82720021,-7.08661400
15.82800021,-6.69291300
15.82880021,-5.51181100
15.82960021,-5.11811000
15.83040021,-5.11811000
15.83120021,-5.11811000
15.83200021,-5.11811000
15.83280021,-4.72440900
15.83360021,-4.33070900
15.83440021,-4.33070900
15.83520021,-5.11811000
15.83600021,-5.51181100
15.83680021,-6.69291300
15.83760021,-7.08661400
15.83840021,-6.69291300
15.83920021,-5.90551100
15.84000021,-4.72440900
15.84080021,-3.54330700
15.84160021,-3.54330700
15.84240021,-4.33070900
15.84320021,-4.33070900
15.84400021,-4.72440900
15.84480021,-3.93700800
15.84560021,-3.93700800
15.84640021,-3.54330700
15.84720021,-3.54330700
15.84800021,-3.14960600
15.84880021,-3.14960600
15.84960021,-2.36220500
15.85040021,-0.78740150
15.85120021,0.39370070
15.85200021,0.39370070
15.85280021,0.39370070
15.85360021,0.00000000
15.85440021,-0.39370070
15.85520021,0.39370070
15.85600021,0.78740150
15.85680021,1.18110200
15.85760021,2.36220500
15.85840021,2.36220500
15.85920021,2.36220500
15.86000021,3.54330700
15.86080021,4.72440900
15.86160021,5.51181100
15.86240021,5.90551100
15.86320021,5.51181100
15.86400021,5.11811000
15.86480021,5.11811000
15.86560021,4.72440900
15.86640021,4.72440900
15.86720021,4.72440900
15.86800021,5.11811000
15.86880021,4.72440900
15.86960021,4.72440900
15.87040021,5.11811000
15.87120021,5.11811000
15.87200021,6.29921200
15.87280021,6.69291300
15.87360021,6.69291300
15.87440021,5.90551100
15.87520021,5.51181100
15.87600021,4.72440900
15.87680021,5.11811000
15.87760021,4.72440900
15.87840021,4.33070900
15.87920021,3.93700800
15.88000021,2.75590500
15.88080021,2.36220500
15.88160021,2.75590500
15.88240021,3.14960600
15.88320021,3.93700800
15.88400021,4.72440900
15.88480021,4.33070900
15.88560021,2.75590500
15.88640021,2.36220500
15.88720021,1.18110200
15.88800021,0.00000000
15.88880021,0.00000000
15.88960021,0.39370070
15.89040021,0.78740150
15.89120021,0.78740150
15.89200021,0.39370070
15.89280021,0.00000000
15.89360021,0.78740150
15.89440021,0.78740150
15.89520021,0.78740150
15.89600021,0.00000000
15.89680021,-1.18110200
15.89760021,-2.75590500
15.89840021,-3.93700800
15.89920021,-4.33070900
15.90000021,-4.33070900
15.90080021,-3.54330700
15.90160021,-2.75590500
15.90240021,-2.75590500
15.90320021,-1.57480300
15.90400021,-1.96850400
15.90480021,-2.36220500
15.90560021,-2.75590500
15.90640021,-3.93700800
15.90720021,-5.11811000
15.90800021,-5.90551100
15.90880021,-7.48031400
15.90960021,-8.26771600
15.91040021,-8.26771600
15.91120021,-7.48031400
15.91200021,-5.90551100
15.91280021,-3.54330700
15.91360021,-2.75590500
15.91440021,-2.75590500
15.91520021,-3.14960600
15.91600021,-3.54330700
15.91680021,-4.33070900
15.91760021,-4.33070900
15.91840021,-5.11811000
15.91920021,-5.51181100
15.92000021,-5.51181100
15.92080021,-5.90551100
15.92160021,-5.11811000
15.92240021,-3.93700800
15.92320021,-2.36220500
15.92400021,-1.96850400
15.92480021,-1.18110200
15.92560021,-1.96850400
15.92640021,-2.75590500
15.92720021,-3.14960600
15.92800021,-3.54330700
15.92880021,-3.54330700
15.92960021,-2.75590500
15.93040021,-1.96850400
15.93120021,-1.18110200
15.93200021,0.00000000
15.93280021,0.39370070
15.93360021,1.18110200
15.93440021,1.57480300
15.93520021,1.18110200
15.93600021,1.18110200
15.93680021,1.18110200
15.93760021,1.18110200
15.93840021,1.96850400
15.93920021,2.75590500
15.94000021,3.14960600
15.94080021,4.72440900
15.94160021,5.11811000
15.94240021,5.90551100
15.94320021,6.69291300
15.94400021,6.29921200
15.94480021,6.69291300
15.94560021,6.69291300
15.94640021,6.69291300
15.94720021,7.08661400
15.94800021,6.69291300
15.94880021,6.69291300
15.94960021,6.29921200
15.95040021,6.29921200
15.95120021,7.48031400
15.95200021,7.08661400
15.95280021,7.48031400
15.95360021,7.48031400
15.95440021,6.69291300
15.95520021,5.90551100
15.95600021,5.90551100
15.95680021,5.51181100
15.95760021,5.11811000
15.95840021,5.11811000
15.95920021,4.33070900
15.96000021,3.54330700
15.96080021,3.54330700
15.96160021,3.54330700
15.96240021,3.14960600
15.96320021,3.14960600
15.96400021,2.75590500
15.96480021,1.57480300
15.96560021,1.18110200
15.96640021,0.39370070
15.96720021,0.00000000
15.96800021,0.00000000
15.96880021,0.00000000
15.96960021,0.00000000
15.97040021,-0.39370070
15.97120021,-0.39370070
15.97200021,-0.78740150
15.97280021,-1.96850400
15.97360021,-2.36220500
15.97440021,-3.14960600
15.97520021,-4.33070900
15.97600021,-5.11811000
15.97680021,-5.51181100
15.97760021,-5.90551100
15.97840021,-5.90551100
15.97920021,-6.29921200
15.98000021,-5.51181100
15.98080021,-5.90551100
15.98160021,-6.29921200
15.98240021,-6.29921200
15.98320021,-6.69291300
15.98400021,-7.48031400
15.98480021,-7.08661400
15.98560021,-6.69291300
15.98640021,-6.69291300
15.98720021,-6.29921200
15.98800021,-5.90551100
15.98880021,-5.90551100
15.98960021,-5.51181100
15.99040021,-5.11811000
15.99120021,-4.72440900
15.99200021,-3.93700800
15.99280021,-4.33070900
15.99360021,-4.33070900
15.99440021,-4.72440900
15.99520021,-4.33070900
15.99600021,-4.33070900
15.99680021,-3.93700800
15.99760021,-3.14960600
15.99840021,-2.75590500
15.99920021,-1.96850400
16.00000021,-1.57480300
16.00080021,-1.18110200
16.00160021,-0.39370070
16.00240021,-0.39370070
16.00320021,0.78740150
16.00400021,1.18110200
16.00480021,1.57480300
16.00560021,0.78740150
16.00640021,0.78740150
16.00720021,0.78740150
16.00800021,1.18110200
16.00880021,1.96850400
16.00960021,3.14960600
16.01040021,3.14960600
16.01120021,3.54330700
16.01200021,3.93700800
16.01280021,4.33070900
16.01360021,5.11811000
16.01440021,5.11811000
16.01520021,4.72440900
16.01600021,4.72440900
16.01680021,3.93700800
16.01760021,3.93700800
16.01840021,3.93700800
16.01920021,3.93700800
16.02000021,5.11811000
16.02080021,5.90551100
16.02160021,5.90551100
16.02240021,5.90551100
16.02320021,5.90551100
16.02400021,5.90551100
16.02480021,5.51181100
16.02560021,5.11811000
16.02640021,4.72440900
16.02720021,3.14960600
16.02800021,2.75590500
16.02880021,2.36220500
16.02960021,2.75590500
16.03040021,3.14960600
16.03120021,3.93700800
16.03200021,4.72440900
16.03280021,4.72440900
16.03360021,3.93700800
16.03440021,3.14960600
16.03520021,2.75590500
16.03600021,1.57480300
16.03680021,0.39370070
16.03760021,0.00000000
16.03840021,-0.78740150
16.03920021,-0.39370070
16.04000021,-0.39370070
16.04080021,0.00000000
16.04160021,0.78740150
16.04240021,1.57480300
16.04320021,1.96850400
16.04400021,1.18110200
16.04480021,0.78740150
16.04560021,-0.78740150
16.04640021,-2.36220500
16.04720021,-3.14960600
16.04800021,-3.54330700
16.04880021,-3.54330700
16.04960021,-3.54330700
16.05040021,-3.93700800
16.05120021,-3.54330700
16.05200021,-3.54330700
16.05280021,-2.36220500
16.05360021,-2.75590500
16.05440021,-2.36220500
16.05520021,-2.75590500
16.05600021,-3.54330700
16.05680021,-4.72440900
16.05760021,-5.11811000
16.05840021,-5.11811000
16.05920021,-4.33070900
16.06000021,-4.33070900
16.06080021,-3.54330700
16.06160021,-3.54330700
16.06240021,-3.14960600
16.06320021,-3.54330700
16.06400021,-3.14960600
16.06480021,-1.96850400
16.06560021,-2.75590500
16.06640021,-2.75590500
16.06720021,-3.14960600
16.06800021,-3.93700800
16.06880021,-3.93700800
16.06960021,-3.54330700
16.07040021,-3.14960600
16.07120021,-2.36220500
16.07200021,-2.36220500
16.07280021,-2.36220500
16.07360021,-1.96850400
16.07440021,-1.18110200
16.07520021,-0.78740150
16.07600021,0.00000000
16.07680021,0.00000000
16.07760021,0.00000000
16.07840021,0.00000000
16.07920021,-0.39370070
16.08000021,-0.78740150
16.08080021,-0.39370070
16.08160021,0.00000000
16.08240021,0.78740150
16.08320021,0.39370070
16.08400021,0.39370070
16.08480021,0.78740150
16.08560021,1.57480300
16.08640021,1.96850400
16.08720021,2.75590500
16.08800021,3.14960600
16.08880021,3.14960600
16.08960021,1.96850400
16.09040021,2.36220500
16.09120021,1.57480300
16.09200021,1.57480300
16.09280021,1.57480300
16.09360021,0.78740150
16.09440021,0.78740150
16.09520021,1.96850400
16.09600021,2.36220500
16.09680021,3.54330700
16.09760021,4.33070900
16.09840021,5.11811000
16.09920021,5.90551100
16.10000021,5.51181100
16.10080021,5.11811000
16.10160021,3.54330700
16.10240021,2.36220500
16.10320022,1.96850400
16.10400022,1.57480300
16.10480022,1.96850400
16.10560022,2.75590500
16.10640022,2.75590500
16.10720022,3.54330700
16.10800022,3.93700800
16.10880022,4.33070900
16.10960022,5.11811000
16.11040022,5.51181100
16.11120022,4.72440900
16.11200022,3.93700800
16.11280022,2.75590500
16.11360022,1.96850400
16.11440022,2.36220500
16.11520022,2.36220500
16.11600022,2.36220500
16.11680022,2.75590500
16.11760022,2.75590500
16.11840022,1.96850400
16.11920022,1.57480300
16.12000022,1.96850400
16.12080022,1.18110200
16.12160022,1.57480300
16.12240022,1.57480300
16.12320022,0.39370070
16.12400022,0.39370070
16.12480022,-0.39370070
16.12560022,-0.39370070
16.12640022,-0.78740150
16.12720022,-0.39370070
16.12800022,-1.57480300
16.12880022,-2.36220500
16.12960022,-3.14960600
16.13040022,-3.14960600
16.13120022,-3.14960600
16.13200022,-3.14960600
16.13280022,-3.54330700
16.13360022,-4.33070900
16.13440022,-4.33070900
16.13520022,-5.11811000
16.13600022,-5.51181100
16.13680022,-5.51181100
16.13760022,-6.29921200
16.13840022,-6.69291300
16.13920022,-7.48031400
16.14000022,-7.87401500
16.14080022,-7.87401500
16.14160022,-7.08661400
16.14240022,-6.69291300
16.14320022,-6.29921200
16.14400022,-5.90551100
16.14480022,-6.29921200
16.14560022,-6.29921200
16.14640022,-6.69291300
16.14720022,-7.48031400
16.14800022,-7.48031400
16.14880022,-7.48031400
16.14960022,-7.87401500
16.15040022,-7.48031400
16.15120022,-6.29921200
16.15200022,-5.51181100
16.15280022,-3.14960600
16.15360022,-1.57480300
16.15440022,0.00000000
16.15520022,0.00000000
16.15600022,0.39370070
16.15680022,0.00000000
16.15760022,0.00000000
16.15840022,-0.39370070
16.15920022,-0.78740150
16.16000022,-0.78740150
16.16080022,0.00000000
16.16160022,1.57480300
16.16240022,2.75590500
16.16320022,4.72440900
16.16400022,6.29921200
16.16480022,7.48031400
16.16560022,8.66141700
16.16640022,8.26771600
16.16720022,7.48031400
16.16800022,7.08661400
16.16880022,6.29921200
16.16960022,6.29921200
16.17040022,6.69291300
16.17120022,7.08661400
16.17200022,7.87401500
16.17280022,9.44881800
16.17360022,9.84251900
16.17440022,10.62992000
16.17520022,11.02362000
16.17600022,11.02362000
16.17680022,10.23622000
16.17760022,10.23622000
16.17840022,9.05511800
16.17920022,8.26771600
16.18000022,7.48031400
16.18080022,6.69291300
16.18160022,7.08661400
16.18240022,7.48031400
16.18320022,7.48031400
16.18400022,7.87401500
16.18480022,7.48031400
16.18560022,5.90551100
16.18640022,4.72440900
16.18720022,3.93700800
16.18800022,2.75590500
16.18880022,1.57480300
16.18960022,0.78740150
16.19040022,-0.39370070
16.19120022,-0.78740150
16.19200022,-1.57480300
16.19280022,-1.18110200
16.19360022,-1.57480300
16.19440022,-1.96850400
16.19520022,-2.75590500
16.19600022,-3.93700800
16.19680022,-5.11811000
16.19760022,-5.90551100
16.19840022,-7.08661400
16.19920022,-7.48031400
16.20000022,-7.48031400
16.20080022,-7.87401500
16.20160022,-8.26771600
16.20240022,-9.44881800
16.20320022,-10.23622000
16.20400022,-10.23622000
16.20480022,-10.23622000
16.20560022,-10.23622000
16.20640022,-10.62992000
16.20720022,-10.62992000
16.20800022,-11.02362000
16.20880022,-11.02362000
16.20960022,-10.23622000
16.21040022,-9.84251900
16.21120022,-9.05511800
16.21200022,-9.05511800
16.21280022,-9.44881800
16.21360022,-9.44881800
16.21440022,-9.44881800
16.21520022,-9.05511800
16.21600022,-8.66141700
16.21680022,-7.87401500
16.21760022,-7.08661400
16.21840022,-5.90551100
16.21920022,-5.11811000
16.22000022,-4.33070900
16.22080022,-3.54330700
16.22160022,-2.36220500
16.22240022,-1.57480300
16.22320022,-0.78740150
16.22400022,-1.18110200
16.22480022,-0.78740150
16.22560022,-0.78740150
16.22640022,0.00000000
16.22720022,1.18110200
16.22800022,2.36220500
16.22880022,4.33070900
16.22960022,5.11811000
16.23040022,6.69291300
16.23120022,7.48031400
16.23200022,7.87401500
16.23280022,7.87401500
16.23360022,7.87401500
16.23440022,7.87401500
16.23520022,8.66141700
16.23600022,9.05511800
16.23680022,9.44881800
16.23760022,10.23622000
16.23840022,10.23622000
16.23920022,10.62992000
16.24000022,11.81102000
16.24080022,11.81102000
16.24160022,12.20472000
16.24240022,11.41732000
16.24320022,10.62992000
16.24400022,9.84251900
16.24480022,9.05511800
16.24560022,8.66141700
16.24640022,8.66141700
16.24720022,9.05511800
16.24800022,9.05511800
16.24880022,9.05511800
16.24960022,8.66141700
16.25040022,7.87401500
16.25120022,7.48031400
16.25200022,7.08661400
16.25280022,5.90551100
16.25360022,3.93700800
16.25440022,3.14960600
16.25520022,1.57480300
16.25600022,0.78740150
16.25680022,1.18110200
16.25760022,1.18110200
16.25840022,0.39370070
16.25920022,-0.39370070
16.26000022,-1.57480300
16.26080022,-2.36220500
16.26160022,-2.75590500
16.26240022,-3.93700800
16.26320022,-4.72440900
16.26400022,-6.29921200
16.26480022,-7.48031400
16.26560022,-8.26771600
16.26640022,-8.26771600
16.26720022,-8.26771600
16.26800022,-7.87401500
16.26880022,-7.48031400
16.26960022,-7.87401500
16.27040022,-8.26771600
16.27120022,-9.05511800
16.27200022,-9.44881800
16.27280022,-9.84251900
16.27360022,-10.23622000
16.27440022,-10.23622000
16.27520022,-10.23622000
16.27600022,-9.84251900
16.27680022,-9.84251900
16.27760022,-9.44881800
16.27840022,-8.66141700
16.27920022,-7.48031400
16.28000022,-7.48031400
16.28080022,-7.08661400
16.28160022,-7.48031400
16.28240022,-7.87401500
16.28320022,-7.48031400
16.28400022,-6.69291300
16.28480022,-6.29921200
16.28560022,-5.51181100
16.28640022,-5.11811000
16.28720022,-5.11811000
16.28800022,-4.72440900
16.28880022,-3.54330700
16.28960022,-2.75590500
16.29040022,0.00000000
16.29120022,0.39370070
16.29200022,1.57480300
16.29280022,1.57480300
16.29360022,1.57480300
16.29440022,1.57480300
16.29520022,1.96850400
16.29600022,2.75590500
16.29680022,3.14960600
16.29760022,3.93700800
16.29840022,3.93700800
16.29920022,3.54330700
16.30000022,4.33070900
16.30080022,5.90551100
16.30160022,7.08661400
16.30240022,8.26771600
16.30320022,8.66141700
16.30400022,8.26771600
16.30480022,7.48031400
16.30560022,7.08661400
16.30640022,6.29921200
16.30720022,5.90551100
16.30800022,5.90551100
16.30880022,5.90551100
16.30960022,6.69291300
16.31040022,6.69291300
16.31120022,7.48031400
16.31200022,8.26771600
16.31280022,8.26771600
16.31360022,9.05511800
16.31440022,9.05511800
16.31520022,7.87401500
16.31600022,6.29921200
16.31680022,4.72440900
16.31760022,3.54330700
16.31840022,2.75590500
16.31920022,3.14960600
16.32000022,3.14960600
16.32080022,3.54330700
16.32160022,3.54330700
16.32240022,4.33070900
16.32320022,4.72440900
16.32400022,5.11811000
16.32480022,4.72440900
16.32560022,2.75590500
16.32640022,1.18110200
16.32720022,-1.18110200
16.32800022,-2.36220500
16.32880022,-2.75590500
16.32960022,-1.96850400
16.33040022,-1.96850400
16.33120022,-0.78740150
16.33200022,-0.39370070
16.33280022,-0.78740150
16.33360022,-1.57480300
16.33440022,-1.18110200
16.33520022,-1.18110200
16.33600022,-1.57480300
16.33680022,-2.75590500
16.33760022,-4.33070900
16.33840022,-5.90551100
16.33920022,-6.69291300
16.34000022,-7.08661400
16.34080022,-5.11811000
16.34160022,-3.14960600
16.34240022,-3.14960600
16.34320022,-3.54330700
16.34400022,-4.72440900
16.34480022,-5.51181100
16.34560022,-5.51181100
16.34640022,-5.51181100
16.34720022,-5.51181100
16.34800022,-5.51181100
16.34880022,-6.69291300
16.34960022,-7.08661400
16.35040022,-6.29921200
16.35120022,-5.11811000
16.35200022,-3.93700800
16.35280022,-2.75590500
16.35360022,-2.36220500
16.35440022,-2.75590500
16.35520022,-3.54330700
16.35600022,-4.72440900
16.35680022,-3.93700800
16.35760022,-3.14960600
16.35840022,-2.36220500
16.35920022,-2.75590500
16.36000022,-2.75590500
16.36080022,-3.54330700
16.36160022,-3.14960600
16.36240022,-1.57480300
16.36320022,0.00000000
16.36400022,0.78740150
16.36480022,0.78740150
16.36560022,0.00000000
16.36640022,-0.78740150
16.36720022,-0.39370070
16.36800022,-0.39370070
16.36880022,0.39370070
16.36960022,1.96850400
16.37040022,1.96850400
16.37120022,1.57480300
16.37200022,1.18110200
16.37280022,0.78740150
16.37360022,1.57480300
16.37440022,3.14960600
16.37520022,3.93700800
16.37600022,3.93700800
16.37680022,3.14960600
16.37760022,2.36220500
16.37840022,1.57480300
16.37920022,2.75590500
16.38000022,3.54330700
16.38080022,3.93700800
16.38160022,4.72440900
16.38240022,3.54330700
16.38320022,3.14960600
16.38400022,3.14960600
16.38480022,3.93700800
16.38560022,4.72440900
16.38640022,5.11811000
16.38720022,4.33070900
16.38800022,3.14960600
16.38880022,2.36220500
16.38960022,1.96850400
16.39040022,1.96850400
16.39120022,2.75590500
16.39200022,4.33070900
16.39280022,4.33070900
16.39360022,3.93700800
16.39440022,3.14960600
16.39520022,3.14960600
16.39600022,3.54330700
16.39680022,4.33070900
16.39760022,3.93700800
16.39840022,3.54330700
16.39920022,1.57480300
16.40000022,0.00000000
16.40080022,-0.78740150
16.40160022,0.00000000
16.40240022,1.57480300
16.40320022,2.75590500
16.40400022,3.14960600
16.40480022,2.75590500
16.40560022,1.96850400
16.40640022,1.57480300
16.40720022,1.18110200
16.40800022,1.18110200
16.40880022,0.78740150
16.40960022,-0.39370070
16.41040022,-1.57480300
16.41120022,-2.75590500
16.41200022,-2.75590500
16.41280022,-1.96850400
16.41360022,0.00000000
16.41440022,1.18110200
16.41520022,1.96850400
16.41600022,0.78740150
16.41680022,-1.18110200
16.41760022,-2.36220500
16.41840022,-2.75590500
16.41920022,-2.36220500
16.42000022,-1.96850400
16.42080022,-2.75590500
16.42160022,-4.33070900
16.42240022,-5.11811000
16.42320022,-4.33070900
16.42400022,-3.14960600
16.42480022,-1.18110200
16.42560022,-0.78740150
16.42640022,-1.18110200
16.42720022,-2.36220500
16.42800022,-4.33070900
16.42880022,-5.90551100
16.42960022,-5.90551100
16.43040022,-4.72440900
16.43120022,-5.11811000
16.43200022,-3.93700800
16.43280022,-4.33070900
16.43360022,-4.72440900
16.43440022,-3.54330700
16.43520022,-2.36220500
16.43600022,-1.18110200
16.43680022,-0.39370070
16.43760022,-0.78740150
16.43840022,-2.75590500
16.43920022,-3.93700800
16.44000022,-5.11811000
16.44080022,-4.72440900
16.44160022,-3.14960600
16.44240022,-2.36220500
16.44320022,-1.96850400
16.44400022,-2.36220500
16.44480022,-1.96850400
16.44560022,-1.18110200
16.44640022,0.39370070
16.44720022,1.18110200
16.44800022,1.57480300
16.44880022,1.57480300
16.44960022,0.00000000
16.45040022,-0.78740150
16.45120022,-0.39370070
16.45200022,0.00000000
16.45280022,1.18110200
16.45360022,2.36220500
16.45440022,2.36220500
16.45520022,1.96850400
16.45600022,1.96850400
16.45680022,2.36220500
16.45760022,3.54330700
16.45840022,4.72440900
16.45920022,5.51181100
16.46000022,5.11811000
16.46080022,3.54330700
16.46160022,2.36220500
16.46240022,1.96850400
16.46320022,3.14960600
16.46400022,4.33070900
16.46480022,4.72440900
16.46560022,4.72440900
16.46640022,4.33070900
16.46720022,3.54330700
16.46800022,3.93700800
16.46880022,4.72440900
16.46960022,5.51181100
16.47040022,6.29921200
16.47120022,5.90551100
16.47200022,3.93700800
16.47280022,2.75590500
16.47360022,1.57480300
16.47440022,2.75590500
16.47520022,3.54330700
16.47600022,3.93700800
16.47680022,3.14960600
16.47760022,2.36220500
16.47840022,1.18110200
16.47920022,1.18110200
16.48000022,2.75590500
16.48080022,3.54330700
16.48160022,3.14960600
16.48240022,1.96850400
16.48320022,0.39370070
16.48400022,-1.18110200
16.48480022,-1.57480300
16.48560022,-1.57480300
16.48640022,-0.78740150
16.48720022,-0.39370070
16.48800022,-0.39370070
16.48880022,-0.39370070
16.48960022,-1.18110200
16.49040022,-1.18110200
16.49120022,-1.18110200
16.49200022,-0.78740150
16.49280022,-0.78740150
16.49360022,-2.36220500
16.49440022,-3.54330700
16.49520022,-5.11811000
16.49600022,-5.90551100
16.49680022,-4.72440900
16.49760022,-3.14960600
16.49840022,-1.96850400
16.49920022,-2.36220500
16.50000022,-3.54330700
16.50080022,-4.72440900
16.50160022,-4.72440900
16.50240022,-3.93700800
16.50320022,-3.54330700
16.50400022,-3.14960600
16.50480022,-3.93700800
16.50560022,-5.11811000
16.50640022,-5.11811000
16.50720022,-4.72440900
16.50800022,-4.72440900
16.50880022,-3.54330700
16.50960022,-2.75590500
16.51040022,-3.14960600
16.51120022,-3.54330700
16.51200022,-3.54330700
16.51280022,-3.93700800
16.51360022,-3.14960600
16.51440022,-1.57480300
16.51520022,-1.96850400
16.51600022,-1.96850400
16.51680022,-2.36220500
16.51760022,-3.14960600
16.51840022,-2.36220500
16.51920022,-1.18110200
16.52000022,-0.78740150
16.52080022,0.00000000
16.52160022,-0.39370070
16.52240022,-1.57480300
16.52320022,-1.18110200
16.52400022,-0.39370070
16.52480022,1.18110200
16.52560022,2.75590500
16.52640022,2.75590500
16.52720022,2.36220500
16.52800022,1.18110200
16.52880022,0.78740150
16.52960022,0.39370070
16.53040022,1.18110200
16.53120022,2.36220500
16.53200022,3.54330700
16.53280022,3.54330700
16.53360022,4.33070900
16.53440022,3.93700800
16.53520022,4.72440900
16.53600022,5.90551100
16.53680022,5.90551100
16.53760022,6.29921200
16.53840022,5.11811000
16.53920022,3.54330700
16.54000022,1.96850400
16.54080022,2.36220500
16.54160022,2.75590500
16.54240022,4.33070900
16.54320022,5.90551100
16.54400022,6.29921200
16.54480022,5.90551100
16.54560022,5.90551100
16.54640022,5.51181100
16.54720022,5.90551100
16.54800022,6.29921200
16.54880022,4.72440900
16.54960022,3.54330700
16.55040022,2.36220500
16.55120022,1.57480300
16.55200022,1.57480300
16.55280022,2.36220500
16.55360022,3.93700800
16.55440022,4.33070900
16.55520022,3.54330700
16.55600022,2.75590500
16.55680022,1.57480300
16.55760022,1.18110200
16.55840022,1.18110200
16.55920022,1.57480300
16.56000022,0.78740150
16.56080022,-0.39370070
16.56160022,-1.18110200
16.56240022,-1.57480300
16.56320022,-0.78740150
16.56400022,0.39370070
16.56480022,1.18110200
16.56560022,0.78740150
16.56640022,-0.78740150
16.56720022,-2.36220500
16.56800022,-3.93700800
16.56880022,-4.72440900
16.56960022,-4.33070900
16.57040022,-3.93700800
16.57120022,-3.14960600
16.57200022,-3.14960600
16.57280022,-3.54330700
16.57360022,-3.93700800
16.57440022,-3.93700800
16.57520022,-3.93700800
16.57600022,-3.54330700
16.57680022,-3.54330700
16.57760022,-5.11811000
16.57840022,-6.29921200
16.57920022,-7.08661400
16.58000022,-7.08661400
16.58080022,-5.51181100
16.58160022,-4.72440900
16.58240022,-4.33070900
16.58320022,-3.93700800
16.58400022,-4.33070900
16.58480022,-5.51181100
16.58560022,-5.11811000
16.58640022,-4.72440900
16.58720022,-4.33070900
16.58800022,-4.33070900
16.58880022,-4.72440900
16.58960022,-5.11811000
16.59040022,-4.72440900
16.59120022,-3.14960600
16.59200022,-1.96850400
16.59280022,-1.18110200
16.59360022,-1.18110200
16.59440022,-1.57480300
16.59520022,-2.36220500
16.59600022,-3.54330700
16.59680022,-3.93700800
16.59760022,-3.14960600
16.59840022,-1.96850400
16.59920022,-1.18110200
16.60000022,0.00000000
16.60080022,0.39370070
16.60160022,1.18110200
16.60240022,2.36220500
16.60320022,3.54330700
16.60400022,3.93700800
16.60480022,3.93700800
16.60560022,2.75590500
16.60640022,1.18110200
16.60720022,1.18110200
16.60800022,1.57480300
16.60880022,2.75590500
16.60960022,3.93700800
16.61040022,5.51181100
16.61120022,6.29921200
16.61200022,5.90551100
16.61280022,6.29921200
16.61360022,5.90551100
16.61440022,6.69291300
16.61520022,6.69291300
16.61600022,6.69291300
16.61680022,6.69291300
16.61760022,5.90551100
16.61840022,5.11811000
16.61920022,5.90551100
16.62000022,6.69291300
16.62080022,7.08661400
16.62160022,7.08661400
16.62240022,7.08661400
16.62320022,6.29921200
16.62400022,5.90551100
16.62480022,5.90551100
16.62560022,5.90551100
16.62640022,5.90551100
16.62720022,5.90551100
16.62800022,5.11811000
16.62880022,4.33070900
16.62960022,3.54330700
16.63040022,3.54330700
16.63120022,3.93700800
16.63200022,3.54330700
16.63280022,3.14960600
16.63360022,2.36220500
16.63440022,1.57480300
16.63520022,0.78740150
16.63600022,0.00000000
16.63680022,0.39370070
16.63760022,0.39370070
16.63840022,0.00000000
16.63920022,-0.78740150
16.64000022,-2.36220500
16.64080022,-3.54330700
16.64160022,-3.54330700
16.64240022,-3.14960600
16.64320022,-2.75590500
16.64400022,-2.75590500
16.64480022,-3.14960600
16.64560022,-4.33070900
16.64640022,-4.33070900
16.64720022,-5.11811000
16.64800022,-5.11811000
16.64880022,-5.51181100
16.64960022,-6.29921200
16.65040022,-7.87401500
16.65120022,-8.26771600
16.65200022,-9.84251900
16.65280022,-9.44881800
16.65360022,-8.66141700
16.65440022,-7.08661400
16.65520022,-6.69291300
16.65600022,-7.08661400
16.65680022,-7.48031400
16.65760022,-8.26771600
16.65840022,-7.87401500
16.65920022,-7.48031400
16.66000022,-6.69291300
16.66080022,-6.69291300
16.66160022,-7.08661400
16.66240022,-7.87401500
16.66320022,-7.87401500
16.66400022,-7.87401500
16.66480022,-7.08661400
16.66560022,-5.51181100
16.66640022,-4.33070900
16.66720022,-2.36220500
16.66800022,-1.96850400
16.66880022,-1.57480300
16.66960022,-0.78740150
16.67040022,-0.39370070
16.67120022,-0.78740150
16.67200022,-1.18110200
16.67280022,-0.78740150
16.67360022,-0.39370070
16.67440022,0.00000000
16.67520022,1.18110200
16.67600022,3.14960600
16.67680022,4.72440900
16.67760022,5.51181100
16.67840022,5.11811000
16.67920022,5.51181100
16.68000022,5.51181100
16.68080022,5.51181100
16.68160022,6.69291300
16.68240022,7.08661400
16.68320022,7.48031400
16.68400022,7.08661400
16.68480022,7.48031400
16.68560022,7.87401500
16.68640022,8.26771600
16.68720022,8.66141700
16.68800022,9.44881800
16.68880022,9.44881800
16.68960022,9.84251900
16.69040022,9.44881800
16.69120022,9.05511800
16.69200022,8.26771600
16.69280022,7.87401500
16.69360022,7.87401500
16.69440022,8.26771600
16.69520022,8.26771600
16.69600022,7.48031400
16.69680022,7.08661400
16.69760022,6.29921200
16.69840022,6.29921200
16.69920022,6.29921200
16.70000022,5.90551100
16.70080022,5.90551100
16.70160022,5.11811000
16.70240022,4.33070900
16.70320022,3.14960600
16.70400022,2.75590500
16.70480022,0.78740150
16.70560022,0.39370070
16.70640022,0.00000000
16.70720022,-0.78740150
16.70800022,-1.18110200
16.70880022,-1.57480300
16.70960022,-2.36220500
16.71040022,-2.75590500
16.71120022,-3.14960600
16.71200022,-3.14960600
16.71280022,-3.93700800
16.71360022,-4.33070900
16.71440022,-5.51181100
16.71520022,-7.08661400
16.71600022,-7.48031400
16.71680022,-8.26771600
16.71760022,-8.66141700
16.71840022,-9.05511800
16.71920022,-9.84251900
16.72000022,-9.84251900
16.72080022,-9.05511800
16.72160022,-7.48031400
16.72240022,-7.08661400
16.72320022,-6.29921200
16.72400022,-7.48031400
16.72480022,-8.26771600
16.72560022,-9.05511800
16.72640022,-9.84251900
16.72720022,-10.62992000
16.72800022,-9.84251900
16.72880022,-9.44881800
16.72960022,-8.66141700
16.73040022,-7.87401500
16.73120022,-7.48031400
16.73200022,-5.90551100
16.73280022,-4.72440900
16.73360022,-3.93700800
16.73440022,-3.93700800
16.73520022,-4.33070900
16.73600022,-5.11811000
16.73680022,-5.11811000
16.73760022,-3.93700800
16.73840022,-3.14960600
16.73920022,-1.96850400
16.74000022,-0.78740150
16.74080022,-0.39370070
16.74160022,0.00000000
16.74240022,0.78740150
16.74320022,1.96850400
16.74400022,2.75590500
16.74480022,3.54330700
16.74560022,4.33070900
16.74640022,3.93700800
16.74720022,4.33070900
16.74800022,5.11811000
16.74880022,5.51181100
16.74960022,5.90551100
16.75040022,6.29921200
16.75120022,6.69291300
16.75200022,7.48031400
16.75280022,7.87401500
16.75360022,7.48031400
16.75440022,7.87401500
16.75520022,7.87401500
16.75600022,7.87401500
16.75680022,8.26771600
16.75760022,8.26771600
16.75840022,8.66141700
16.75920022,8.26771600
16.76000022,8.26771600
16.76080022,7.87401500
16.76160022,7.87401500
16.76240022,7.48031400
16.76320022,7.48031400
16.76400022,7.08661400
16.76480022,6.69291300
16.76560022,6.69291300
16.76640022,6.69291300
16.76720022,6.29921200
16.76800022,5.90551100
16.76880022,5.51181100
16.76960022,4.72440900
16.77040022,3.54330700
16.77120022,2.36220500
16.77200022,1.18110200
16.77280022,1.57480300
16.77360022,1.18110200
16.77440022,1.18110200
16.77520022,0.39370070
16.77600022,0.00000000
16.77680022,0.00000000
16.77760022,0.39370070
16.77840022,0.39370070
16.77920022,0.39370070
16.78000022,-0.39370070
16.78080022,-1.96850400
16.78160022,-3.93700800
16.78240022,-5.11811000
16.78320022,-5.51181100
16.78400022,-5.90551100
16.78480022,-5.11811000
16.78560022,-4.72440900
16.78640022,-5.11811000
16.78720022,-6.29921200
16.78800022,-6.29921200
16.78880022,-5.51181100
16.78960022,-4.72440900
16.79040022,-4.72440900
16.79120022,-5.51181100
16.79200022,-6.69291300
16.79280022,-7.48031400
16.79360022,-7.48031400
16.79440022,-7.48031400
16.79520022,-6.69291300
16.79600022,-5.90551100
16.79680022,-6.29921200
16.79760022,-5.90551100
16.79840022,-6.69291300
16.79920022,-5.90551100
16.80000022,-5.11811000
16.80080022,-4.72440900
16.80160022,-4.72440900
16.80240022,-4.33070900
16.80320022,-4.33070900
16.80400022,-4.33070900
16.80480022,-3.93700800
16.80560022,-3.54330700
16.80640022,-2.75590500
16.80720022,-1.96850400
16.80800022,-2.36220500
16.80880022,-2.36220500
16.80960022,-2.36220500
16.81040022,-2.36220500
16.81120022,-1.18110200
16.81200022,-0.39370070
16.81280022,0.00000000
16.81360022,0.39370070
16.81440022,1.18110200
16.81520022,1.18110200
16.81600022,1.57480300
16.81680022,1.96850400
16.81760022,2.36220500
16.81840022,2.36220500
16.81920022,1.96850400
16.82000022,1.57480300
16.82080022,1.96850400
16.82160022,3.54330700
16.82240022,4.72440900
16.82320022,5.90551100
16.82400022,6.29921200
16.82480022,5.51181100
16.82560022,5.11811000
16.82640022,5.11811000
16.82720022,4.33070900
16.82800022,3.54330700
16.82880022,3.54330700
16.82960022,3.54330700
16.83040022,3.93700800
16.83120022,4.33070900
16.83200022,5.11811000
16.83280022,5.90551100
16.83360022,7.48031400
16.83440022,7.87401500
16.83520022,7.87401500
16.83600022,7.08661400
16.83680022,5.51181100
16.83760022,3.93700800
16.83840022,2.75590500
16.83920022,2.36220500
16.84000022,1.96850400
16.84080022,2.75590500
16.84160022,3.93700800
16.84240022,4.33070900
16.84320022,5.11811000
16.84400022,5.11811000
16.84480022,4.72440900
16.84560022,5.11811000
16.84640022,4.33070900
16.84720022,2.36220500
16.84800022,0.78740150
16.84880022,-0.78740150
16.84960022,-1.96850400
16.85040022,-1.96850400
16.85120022,-1.18110200
16.85200022,0.00000000
16.85280023,0.78740150
16.85360023,1.18110200
16.85440023,0.78740150
16.85520023,0.00000000
16.85600023,-0.78740150
16.85680023,-1.18110200
16.85760023,-1.96850400
16.85840023,-3.54330700
16.85920023,-4.72440900
16.86000023,-5.51181100
16.86080023,-5.51181100
16.86160023,-5.11811000
16.86240023,-3.54330700
16.86320023,-2.75590500
16.86400023,-2.75590500
16.86480023,-3.14960600
16.86560023,-3.93700800
16.86640023,-4.72440900
16.86720023,-5.11811000
16.86800023,-5.90551100
16.86880023,-6.69291300
16.86960023,-6.69291300
16.87040023,-7.08661400
16.87120023,-7.48031400
16.87200023,-6.69291300
16.87280023,-5.51181100
16.87360023,-4.33070900
16.87440023,-3.54330700
16.87520023,-3.54330700
16.87600023,-4.33070900
16.87680023,-4.72440900
16.87760023,-5.11811000
16.87840023,-5.51181100
16.87920023,-4.72440900
16.88000023,-4.72440900
16.88080023,-5.11811000
16.88160023,-5.11811000
16.88240023,-4.33070900
16.88320023,-3.14960600
16.88400023,-1.96850400
16.88480023,-0.78740150
16.88560023,-0.39370070
16.88640023,-0.39370070
16.88720023,-0.78740150
16.88800023,-1.18110200
16.88880023,-1.57480300
16.88960023,-0.39370070
16.89040023,0.39370070
16.89120023,0.39370070
16.89200023,0.78740150
16.89280023,0.78740150
16.89360023,1.57480300
16.89440023,2.36220500
16.89520023,3.54330700
16.89600023,4.33070900
16.89680023,5.51181100
16.89760023,5.11811000
16.89840023,5.51181100
16.89920023,5.51181100
16.90000023,5.51181100
16.90080023,5.51181100
16.90160023,5.51181100
16.90240023,5.11811000
16.90320023,5.11811000
16.90400023,4.72440900
16.90480023,5.11811000
16.90560023,5.90551100
16.90640023,7.48031400
16.90720023,8.26771600
16.90800023,9.05511800
16.90880023,8.66141700
16.90960023,7.08661400
16.91040023,6.69291300
16.91120023,5.51181100
16.91200023,5.11811000
16.91280023,5.11811000
16.91360023,4.72440900
16.91440023,4.33070900
16.91520023,4.72440900
16.91600023,5.51181100
16.91680023,6.29921200
16.91760023,6.29921200
16.91840023,6.69291300
16.91920023,5.51181100
16.92000023,3.93700800
16.92080023,1.96850400
16.92160023,0.78740150
16.92240023,-0.39370070
16.92320023,-0.78740150
16.92400023,-0.78740150
16.92480023,-0.39370070
16.92560023,-0.78740150
16.92640023,-0.39370070
16.92720023,-0.39370070
16.92800023,0.00000000
16.92880023,-0.39370070
16.92960023,-0.78740150
16.93040023,-1.96850400
16.93120023,-3.93700800
16.93200023,-5.11811000
16.93280023,-6.29921200
16.93360023,-6.69291300
16.93440023,-6.69291300
16.93520023,-5.90551100
16.93600023,-5.90551100
16.93680023,-5.90551100
16.93760023,-5.51181100
16.93840023,-5.90551100
16.93920023,-5.51181100
16.94000023,-5.90551100
16.94080023,-7.08661400
16.94160023,-7.87401500
16.94240023,-8.66141700
16.94320023,-9.05511800
16.94400023,-8.26771600
16.94480023,-7.87401500
16.94560023,-6.29921200
16.94640023,-5.51181100
16.94720023,-5.11811000
16.94800023,-5.11811000
16.94880023,-5.51181100
16.94960023,-5.51181100
16.95040023,-6.29921200
16.95120023,-5.90551100
16.95200023,-5.90551100
16.95280023,-5.11811000
16.95360023,-4.33070900
16.95440023,-3.14960600
16.95520023,-2.36220500
16.95600023,-1.57480300
16.95680023,-0.39370070
16.95760023,0.00000000
16.95840023,0.78740150
16.95920023,0.39370070
16.96000023,-0.39370070
16.96080023,-0.78740150
16.96160023,-0.39370070
16.96240023,0.00000000
16.96320023,1.96850400
16.96400023,3.54330700
16.96480023,3.93700800
16.96560023,4.72440900
16.96640023,5.51181100
16.96720023,5.90551100
16.96800023,5.90551100
16.96880023,6.29921200
16.96960023,6.29921200
16.97040023,5.51181100
16.97120023,4.72440900
16.97200023,5.11811000
16.97280023,5.11811000
16.97360023,6.69291300
16.97440023,7.48031400
16.97520023,8.26771600
16.97600023,8.26771600
16.97680023,7.48031400
16.97760023,7.48031400
16.97840023,7.48031400
16.97920023,7.48031400
16.98000023,7.08661400
16.98080023,6.29921200
16.98160023,5.11811000
16.98240023,4.72440900
16.98320023,5.11811000
16.98400023,5.11811000
16.98480023,5.90551100
16.98560023,5.90551100
16.98640023,5.11811000
16.98720023,4.33070900
16.98800023,4.33070900
16.98880023,3.54330700
16.98960023,3.54330700
16.99040023,2.75590500
16.99120023,1.96850400
16.99200023,1.18110200
16.99280023,0.78740150
16.99360023,0.00000000
16.99440023,-0.78740150
16.99520023,0.00000000
16.99600023,-0.39370070
16.99680023,-0.78740150
16.99760023,-1.18110200
16.99840023,-2.36220500
16.99920023,-2.36220500
17.00000023,-2.75590500
17.00080023,-2.75590500
17.00160023,-3.14960600
17.00240023,-3.54330700
17.00320023,-4.72440900
17.00400023,-5.11811000
17.00480023,-5.51181100
17.00560023,-5.51181100
17.00640023,-5.51181100
17.00720023,-5.51181100
17.00800023,-5.90551100
17.00880023,-6.29921200
17.00960023,-5.90551100
17.01040023,-5.11811000
17.01120023,-3.93700800
17.01200023,-3.93700800
17.01280023,-5.11811000
17.01360023,-5.90551100
17.01440023,-6.29921200
17.01520023,-5.90551100
17.01600023,-5.51181100
17.01680023,-5.11811000
17.01760023,-5.11811000
17.01840023,-5.11811000
17.01920023,-4.72440900
17.02000023,-3.93700800
17.02080023,-2.75590500
17.02160023,-2.36220500
17.02240023,-2.36220500
17.02320023,-2.36220500
17.02400023,-2.75590500
17.02480023,-3.93700800
17.02560023,-3.54330700
17.02640023,-2.36220500
17.02720023,-2.36220500
17.02800023,-1.18110200
17.02880023,-0.78740150
17.02960023,-0.39370070
17.03040023,0.00000000
17.03120023,1.18110200
17.03200023,1.96850400
17.03280023,2.36220500
17.03360023,2.75590500
17.03440023,1.96850400
17.03520023,1.96850400
17.03600023,2.36220500
17.03680023,1.96850400
17.03760023,1.96850400
17.03840023,1.57480300
17.03920023,1.18110200
17.04000023,1.18110200
17.04080023,1.18110200
17.04160023,1.96850400
17.04240023,3.14960600
17.04320023,3.93700800
17.04400023,3.93700800
17.04480023,4.72440900
17.04560023,5.11811000
17.04640023,5.90551100
17.04720023,5.90551100
17.04800023,5.11811000
17.04880023,3.93700800
17.04960023,3.54330700
17.05040023,2.75590500
17.05120023,2.75590500
17.05200023,2.75590500
17.05280023,2.36220500
17.05360023,1.57480300
17.05440023,1.57480300
17.05520023,2.36220500
17.05600023,3.54330700
17.05680023,4.72440900
17.05760023,5.11811000
17.05840023,4.72440900
17.05920023,3.54330700
17.06000023,3.14960600
17.06080023,1.96850400
17.06160023,1.57480300
17.06240023,2.36220500
17.06320023,1.96850400
17.06400023,1.18110200
17.06480023,1.18110200
17.06560023,1.18110200
17.06640023,1.57480300
17.06720023,2.36220500
17.06800023,2.36220500
17.06880023,1.57480300
17.06960023,0.78740150
17.07040023,0.00000000
17.07120023,-1.57480300
17.07200023,-1.57480300
17.07280023,-0.39370070
17.07360023,-0.39370070
17.07440023,0.00000000
17.07520023,-0.39370070
17.07600023,-0.78740150
17.07680023,-1.18110200
17.07760023,-0.78740150
17.07840023,-0.39370070
17.07920023,-0.39370070
17.08000023,-1.57480300
17.08080023,-2.75590500
17.08160023,-3.54330700
17.08240023,-3.14960600
17.08320023,-1.96850400
17.08400023,-0.78740150
17.08480023,-0.78740150
17.08560023,-1.18110200
17.08640023,-1.96850400
17.08720023,-2.36220500
17.08800023,-3.14960600
17.08880023,-3.54330700
17.08960023,-3.54330700
17.09040023,-4.33070900
17.09120023,-5.11811000
17.09200023,-5.11811000
17.09280023,-4.72440900
17.09360023,-3.54330700
17.09440023,-2.36220500
17.09520023,-2.36220500
17.09600023,-2.75590500
17.09680023,-3.93700800
17.09760023,-4.72440900
17.09840023,-4.33070900
17.09920023,-3.93700800
17.10000023,-3.14960600
17.10080023,-3.14960600
17.10160023,-3.54330700
17.10240023,-3.14960600
17.10320023,-2.36220500
17.10400023,-1.96850400
17.10480023,-1.96850400
17.10560023,-1.96850400
17.10640023,-2.36220500
17.10720023,-3.14960600
17.10800023,-3.14960600
17.10880023,-3.54330700
17.10960023,-3.14960600
17.11040023,-2.36220500
17.11120023,-1.96850400
17.11200023,-1.18110200
17.11280023,0.00000000
17.11360023,0.00000000
17.11440023,0.78740150
17.11520023,1.96850400
17.11600023,2.36220500
17.11680023,1.57480300
17.11760023,2.36220500
17.11840023,2.36220500
17.11920023,1.96850400
17.12000023,2.36220500
17.12080023,2.75590500
17.12160023,3.54330700
17.12240023,4.33070900
17.12320023,4.72440900
17.12400023,5.51181100
17.12480023,5.90551100
17.12560023,5.90551100
17.12640023,5.11811000
17.12720023,4.72440900
17.12800023,4.72440900
17.12880023,5.11811000
17.12960023,5.51181100
17.13040023,5.51181100
17.13120023,5.11811000
17.13200023,5.11811000
17.13280023,5.11811000
17.13360023,6.29921200
17.13440023,6.69291300
17.13520023,6.69291300
17.13600023,6.29921200
17.13680023,5.90551100
17.13760023,5.11811000
17.13840023,5.11811000
17.13920023,5.11811000
17.14000023,5.11811000
17.14080023,4.72440900
17.14160023,3.93700800
17.14240023,3.14960600
17.14320023,1.57480300
17.14400023,1.18110200
17.14480023,1.18110200
17.14560023,1.18110200
17.14640023,1.57480300
17.14720023,1.57480300
17.14800023,0.78740150
17.14880023,-0.39370070
17.14960023,-0.78740150
17.15040023,-1.18110200
17.15120023,-1.57480300
17.15200023,-2.75590500
17.15280023,-3.93700800
17.15360023,-3.93700800
17.15440023,-3.93700800
17.15520023,-3.54330700
17.15600023,-2.36220500
17.15680023,-1.96850400
17.15760023,-1.96850400
17.15840023,-2.75590500
17.15920023,-3.54330700
17.16000023,-4.33070900
17.16080023,-4.72440900
17.16160023,-5.51181100
17.16240023,-6.29921200
17.16320023,-7.48031400
17.16400023,-8.66141700
17.16480023,-9.84251900
17.16560023,-9.05511800
17.16640023,-7.48031400
17.16720023,-5.90551100
17.16800023,-4.33070900
17.16880023,-3.93700800
17.16960023,-4.33070900
17.17040023,-5.11811000
17.17120023,-5.51181100
17.17200023,-5.90551100
17.17280023,-5.90551100
17.17360023,-6.69291300
17.17440023,-7.48031400
17.17520023,-7.48031400
17.17600023,-6.29921200
17.17680023,-4.33070900
17.17760023,-1.96850400
17.17840023,-0.39370070
17.17920023,0.00000000
17.18000023,0.39370070
17.18080023,-0.39370070
17.18160023,-0.39370070
17.18240023,-0.39370070
17.18320023,-0.39370070
17.18400023,-0.78740150
17.18480023,-0.39370070
17.18560023,-0.39370070
17.18640023,0.00000000
17.18720023,1.18110200
17.18800023,1.96850400
17.18880023,3.14960600
17.18960023,4.33070900
17.19040023,4.72440900
17.19120023,5.11811000
17.19200023,4.33070900
17.19280023,3.54330700
17.19360023,4.33070900
17.19440023,5.11811000
17.19520023,5.51181100
17.19600023,5.11811000
17.19680023,5.11811000
17.19760023,5.11811000
17.19840023,5.90551100
17.19920023,6.29921200
17.20000023,6.69291300
17.20080023,6.69291300
17.20160023,7.08661400
17.20240023,6.29921200
17.20320023,6.29921200
17.20400023,6.29921200
17.20480023,5.90551100
17.20560023,6.69291300
17.20640023,6.29921200
17.20720023,5.90551100
17.20800023,5.11811000
17.20880023,4.33070900
17.20960023,3.14960600
17.21040023,2.75590500
17.21120023,3.54330700
17.21200023,4.33070900
17.21280023,4.33070900
17.21360023,3.93700800
17.21440023,3.93700800
17.21520023,3.14960600
17.21600023,2.75590500
17.21680023,2.36220500
17.21760023,1.57480300
17.21840023,0.00000000
17.21920023,-1.57480300
17.22000023,-3.14960600
17.22080023,-3.14960600
17.22160023,-3.14960600
17.22240023,-2.36220500
17.22320023,-1.57480300
17.22400023,-1.18110200
17.22480023,-1.18110200
17.22560023,-1.96850400
17.22640023,-2.75590500
17.22720023,-3.54330700
17.22800023,-3.93700800
17.22880023,-4.33070900
17.22960023,-5.51181100
17.23040023,-5.90551100
17.23120023,-6.69291300
17.23200023,-6.69291300
17.23280023,-5.51181100
17.23360023,-3.93700800
17.23440023,-2.75590500
17.23520023,-2.36220500
17.23600023,-2.36220500
17.23680023,-3.93700800
17.23760023,-4.72440900
17.23840023,-5.51181100
17.23920023,-5.90551100
17.24000023,-5.90551100
17.24080023,-6.29921200
17.24160023,-6.29921200
17.24240023,-6.29921200
17.24320023,-5.51181100
17.24400023,-3.93700800
17.24480023,-2.75590500
17.24560023,-1.57480300
17.24640023,-0.78740150
17.24720023,-1.18110200
17.24800023,-2.36220500
17.24880023,-3.54330700
17.24960023,-3.93700800
17.25040023,-3.14960600
17.25120023,-2.75590500
17.25200023,-1.96850400
17.25280023,-1.57480300
17.25360023,-1.18110200
17.25440023,0.00000000
17.25520023,0.78740150
17.25600023,1.96850400
17.25680023,2.36220500
17.25760023,1.57480300
17.25840023,0.78740150
17.25920023,0.00000000
17.26000023,-0.39370070
17.26080023,0.39370070
17.26160023,1.18110200
17.26240023,2.36220500
17.26320023,2.75590500
17.26400023,3.14960600
17.26480023,3.14960600
17.26560023,3.54330700
17.26640023,3.93700800
17.26720023,4.33070900
17.26800023,4.72440900
17.26880023,5.11811000
17.26960023,4.33070900
17.27040023,3.93700800
17.27120023,5.11811000
17.27200023,5.51181100
17.27280023,6.29921200
17.27360023,6.69291300
17.27440023,5.51181100
17.27520023,4.72440900
17.27600023,3.93700800
17.27680023,3.93700800
17.27760023,3.93700800
17.27840023,5.11811000
17.27920023,5.11811000
17.28000023,4.72440900
17.28080023,4.72440900
17.28160023,4.33070900
17.28240023,3.93700800
17.28320023,4.33070900
17.28400023,4.72440900
17.28480023,3.14960600
17.28560023,2.36220500
17.28640023,0.78740150
17.28720023,0.39370070
17.28800023,0.39370070
17.28880023,1.96850400
17.28960023,2.36220500
17.29040023,2.75590500
17.29120023,2.75590500
17.29200023,1.96850400
17.29280023,1.18110200
17.29360023,0.39370070
17.29440023,0.00000000
17.29520023,-0.39370070
17.29600023,-1.96850400
17.29680023,-3.54330700
17.29760023,-3.93700800
17.29840023,-4.33070900
17.29920023,-3.93700800
17.30000023,-2.75590500
17.30080023,-1.96850400
17.30160023,-1.57480300
17.30240023,-1.96850400
17.30320023,-2.36220500
17.30400023,-2.36220500
17.30480023,-2.75590500
17.30560023,-3.54330700
17.30640023,-4.33070900
17.30720023,-3.93700800
17.30800023,-5.11811000
17.30880023,-5.51181100
17.30960023,-5.11811000
17.31040023,-5.11811000
17.31120023,-4.72440900
17.31200023,-3.93700800
17.31280023,-3.14960600
17.31360023,-3.14960600
17.31440023,-2.36220500
17.31520023,-2.36220500
17.31600023,-3.14960600
17.31680023,-2.75590500
17.31760023,-3.93700800
17.31840023,-4.33070900
17.31920023,-4.33070900
17.32000023,-5.51181100
17.32080023,-5.11811000
17.32160023,-5.11811000
17.32240023,-3.93700800
17.32320023,-2.36220500
17.32400023,-0.78740150
17.32480023,0.39370070
17.32560023,0.39370070
17.32640023,0.00000000
17.32720023,-0.39370070
17.32800023,-0.78740150
17.32880023,-0.78740150
17.32960023,-1.18110200
17.33040023,-2.36220500
17.33120023,-2.36220500
17.33200023,-3.14960600
17.33280023,-1.96850400
17.33360023,0.00000000
17.33440023,1.96850400
17.33520023,3.93700800
17.33600023,3.93700800
17.33680023,3.93700800
17.33760023,2.75590500
17.33840023,2.36220500
17.33920023,1.96850400
17.34000023,1.96850400
17.34080023,1.57480300
17.34160023,1.18110200
17.34240023,1.18110200
17.34320023,1.57480300
17.34400023,3.93700800
17.34480023,5.51181100
17.34560023,7.08661400
17.34640023,7.87401500
17.34720023,7.08661400
17.34800023,6.29921200
17.34880023,4.72440900
17.34960023,3.93700800
17.35040023,3.93700800
17.35120023,3.93700800
17.35200023,3.54330700
17.35280023,3.54330700
17.35360023,3.14960600
17.35440023,4.72440900
17.35520023,5.90551100
17.35600023,7.48031400
17.35680023,7.87401500
17.35760023,7.08661400
17.35840023,5.11811000
17.35920023,3.14960600
17.36000023,2.36220500
17.36080023,1.57480300
17.36160023,0.78740150
17.36240023,0.78740150
17.36320023,0.78740150
17.36400023,0.78740150
17.36480023,1.57480300
17.36560023,1.57480300
17.36640023,2.36220500
17.36720023,1.96850400
17.36800023,1.18110200
17.36880023,0.00000000
17.36960023,-1.18110200
17.37040023,-1.96850400
17.37120023,-3.54330700
17.37200023,-3.54330700
17.37280023,-3.14960600
17.37360023,-3.14960600
17.37440023,-2.36220500
17.37520023,-2.75590500
17.37600023,-3.14960600
17.37680023,-3.14960600
17.37760023,-3.14960600
17.37840023,-3.14960600
17.37920023,-3.93700800
17.38000023,-4.33070900
17.38080023,-5.11811000
17.38160023,-5.90551100
17.38240023,-6.29921200
17.38320023,-6.29921200
17.38400023,-5.51181100
17.38480023,-4.72440900
17.38560023,-4.33070900
17.38640023,-3.93700800
17.38720023,-4.33070900
17.38800023,-4.72440900
17.38880023,-4.72440900
17.38960023,-5.11811000
17.39040023,-5.11811000
17.39120023,-4.33070900
17.39200023,-3.93700800
17.39280023,-4.33070900
17.39360023,-3.93700800
17.39440023,-2.75590500
17.39520023,-2.36220500
17.39600023,-1.18110200
17.39680023,-0.78740150
17.39760023,-0.78740150
17.39840023,-0.78740150
17.39920023,-1.57480300
17.40000023,-1.18110200
17.40080023,-0.78740150
17.40160023,0.00000000
17.40240023,0.00000000
17.40320023,0.78740150
17.40400023,0.39370070
17.40480023,0.00000000
17.40560023,0.78740150
17.40640023,1.96850400
17.40720023,2.36220500
17.40800023,3.14960600
17.40880023,3.14960600
17.40960023,1.96850400
17.41040023,1.96850400
17.41120023,1.96850400
17.41200023,2.75590500
17.41280023,3.54330700
17.41360023,3.54330700
17.41440023,3.54330700
17.41520023,2.36220500
17.41600023,2.36220500
17.41680023,2.75590500
17.41760023,3.93700800
17.41840023,5.51181100
17.41920023,4.72440900
17.42000023,4.33070900
17.42080023,3.54330700
17.42160023,3.14960600
17.42240023,2.75590500
17.42320023,2.75590500
17.42400023,3.54330700
17.42480023,3.93700800
17.42560023,4.33070900
17.42640023,4.33070900
17.42720023,5.11811000
17.42800023,5.51181100
17.42880023,5.90551100
17.42960023,5.11811000
17.43040023,4.72440900
17.43120023,3.14960600
17.43200023,1.96850400
17.43280023,0.78740150
17.43360023,0.78740150
17.43440023,0.78740150
17.43520023,1.18110200
17.43600023,1.18110200
17.43680023,1.57480300
17.43760023,1.18110200
17.43840023,2.36220500
17.43920023,2.75590500
17.44000023,2.36220500
17.44080023,1.18110200
17.44160023,-0.39370070
17.44240023,-1.57480300
17.44320023,-2.36220500
17.44400023,-2.75590500
17.44480023,-2.75590500
17.44560023,-2.75590500
17.44640023,-2.36220500
17.44720023,-1.96850400
17.44800023,-1.96850400
17.44880023,-1.96850400
17.44960023,-0.78740150
17.45040023,-1.18110200
17.45120023,-0.78740150
17.45200023,-1.57480300
17.45280023,-2.75590500
17.45360023,-3.14960600
17.45440023,-3.54330700
17.45520023,-5.11811000
17.45600023,-4.72440900
17.45680023,-5.11811000
17.45760023,-4.72440900
17.45840023,-5.51181100
17.45920023,-5.51181100
17.46000023,-5.51181100
17.46080023,-5.90551100
17.46160023,-5.51181100
17.46240023,-4.72440900
17.46320023,-3.93700800
17.46400023,-3.54330700
17.46480023,-3.54330700
17.46560023,-3.14960600
17.46640023,-3.54330700
17.46720023,-3.93700800
17.46800023,-4.33070900
17.46880023,-4.33070900
17.46960023,-4.33070900
17.47040023,-4.33070900
17.47120023,-4.33070900
17.47200023,-3.93700800
17.47280023,-3.14960600
17.47360023,-1.57480300
17.47440023,0.00000000
17.47520023,1.18110200
17.47600023,1.96850400
17.47680023,1.96850400
17.47760023,1.96850400
17.47840023,1.57480300
17.47920023,0.78740150
17.48000023,0.39370070
17.48080023,0.39370070
17.48160023,0.39370070
17.48240023,0.39370070
17.48320023,1.18110200
17.48400023,1.57480300
17.48480023,3.54330700
17.48560023,5.11811000
17.48640023,5.51181100
17.48720023,6.29921200
17.48800023,6.29921200
17.48880023,5.90551100
17.48960023,5.90551100
17.49040023,5.51181100
17.49120023,5.90551100
17.49200023,4.72440900
17.49280023,4.72440900
17.49360023,3.93700800
17.49440023,4.33070900
17.49520023,4.72440900
17.49600023,5.51181100
17.49680023,6.29921200
17.49760023,6.69291300
17.49840023,5.90551100
17.49920023,5.90551100
17.50000023,5.51181100
17.50080023,5.51181100
17.50160023,5.11811000
17.50240023,4.72440900
17.50320023,3.93700800
17.50400023,3.14960600
17.50480023,1.96850400
17.50560023,1.57480300
17.50640023,1.96850400
17.50720023,3.14960600
17.50800023,3.14960600
17.50880023,3.14960600
17.50960023,2.36220500
17.51040023,1.57480300
17.51120023,1.18110200
17.51200023,0.78740150
17.51280023,0.39370070
17.51360023,-0.39370070
17.51440023,-1.57480300
17.51520023,-3.54330700
17.51600023,-3.54330700
17.51680023,-3.14960600
17.51760023,-3.14960600
17.51840023,-2.75590500
17.51920023,-2.36220500
17.52000023,-3.14960600
17.52080023,-3.14960600
17.52160023,-3.14960600
17.52240023,-3.54330700
17.52320023,-3.93700800
17.52400023,-4.33070900
17.52480023,-5.90551100
17.52560023,-7.08661400
17.52640023,-7.87401500
17.52720023,-7.87401500
17.52800023,-7.87401500
17.52880023,-7.48031400
17.52960023,-6.69291300
17.53040023,-5.51181100
17.53120023,-4.72440900
17.53200023,-4.33070900
17.53280023,-4.33070900
17.53360023,-3.93700800
17.53440023,-4.33070900
17.53520023,-5.90551100
17.53600023,-6.29921200
17.53680023,-7.08661400
17.53760023,-7.08661400
17.53840023,-6.29921200
17.53920023,-5.51181100
17.54000023,-4.72440900
17.54080023,-3.54330700
17.54160023,-3.14960600
17.54240023,-1.96850400
17.54320023,-1.18110200
17.54400023,-0.39370070
17.54480023,0.00000000
17.54560023,0.39370070
17.54640023,-0.78740150
17.54720023,0.00000000
17.54800023,0.78740150
17.54880023,1.57480300
17.54960023,1.96850400
17.55040023,2.36220500
17.55120023,1.96850400
17.55200023,2.36220500
17.55280023,3.14960600
17.55360023,3.93700800
17.55440023,3.93700800
17.55520023,4.72440900
17.55600023,4.33070900
17.55680023,5.11811000
17.55760023,5.51181100
17.55840023,6.29921200
17.55920023,7.08661400
17.56000023,7.48031400
17.56080023,7.08661400
17.56160023,6.69291300
17.56240023,6.69291300
17.56320023,6.69291300
17.56400023,7.08661400
17.56480023,7.48031400
17.56560023,7.48031400
17.56640023,7.87401500
17.56720023,7.08661400
17.56800023,7.08661400
17.56880023,7.48031400
17.56960023,7.48031400
17.57040023,8.26771600
17.57120023,6.69291300
17.57200023,6.29921200
17.57280023,4.72440900
17.57360023,4.72440900
17.57440023,4.33070900
17.57520023,4.33070900
17.57600023,3.93700800
17.57680023,3.54330700
17.57760023,2.75590500
17.57840023,1.57480300
17.57920023,1.57480300
17.58000023,1.18110200
17.58080023,0.78740150
17.58160023,0.00000000
17.58240023,-1.18110200
17.58320023,-1.96850400
17.58400023,-2.36220500
17.58480023,-2.36220500
17.58560023,-1.96850400
17.58640023,-1.57480300
17.58720023,-1.96850400
17.58800023,-2.75590500
17.58880023,-3.54330700
17.58960023,-5.11811000
17.59040023,-5.51181100
17.59120023,-6.69291300
17.59200023,-7.87401500
17.59280023,-8.26771600
17.59360023,-8.26771600
17.59440023,-8.26771600
17.59520023,-7.08661400
17.59600023,-6.29921200
17.59680023,-5.51181100
17.59760023,-5.90551100
17.59840023,-5.90551100
17.59920023,-7.08661400
17.60000023,-8.26771600
17.60080023,-8.66141700
17.60160024,-9.44881800
17.60240024,-9.44881800
17.60320024,-9.05511800
17.60400024,-8.66141700
17.60480024,-7.87401500
17.60560024,-5.90551100
17.60640024,-4.72440900
17.60720024,-4.33070900
17.60800024,-3.93700800
17.60880024,-4.33070900
17.60960024,-5.11811000
17.61040024,-4.72440900
17.61120024,-5.11811000
17.61200024,-5.11811000
17.61280024,-4.33070900
17.61360024,-4.33070900
17.61440024,-3.14960600
17.61520024,-0.78740150
17.61600024,0.39370070
17.61680024,1.57480300
17.61760024,2.75590500
17.61840024,2.36220500
17.61920024,1.96850400
17.62000024,2.36220500
17.62080024,2.36220500
17.62160024,3.14960600
17.62240024,3.54330700
17.62320024,4.33070900
17.62400024,4.72440900
17.62480024,5.51181100
17.62560024,6.69291300
17.62640024,7.87401500
17.62720024,9.05511800
17.62800024,9.05511800
17.62880024,8.26771600
17.62960024,7.48031400
17.63040024,6.69291300
17.63120024,6.69291300
17.63200024,7.08661400
17.63280024,7.48031400
17.63360024,7.87401500
17.63440024,7.87401500
17.63520024,7.87401500
17.63600024,7.87401500
17.63680024,8.26771600
17.63760024,9.05511800
17.63840024,7.87401500
17.63920024,6.69291300
17.64000024,5.11811000
17.64080024,4.33070900
17.64160024,4.33070900
17.64240024,4.72440900
17.64320024,5.51181100
17.64400024,5.90551100
17.64480024,5.11811000
17.64560024,3.93700800
17.64640024,3.54330700
17.64720024,2.75590500
17.64800024,2.75590500
17.64880024,2.36220500
17.64960024,1.57480300
17.65040024,0.00000000
17.65120024,-1.18110200
17.65200024,-2.36220500
17.65280024,-2.36220500
17.65360024,-1.57480300
17.65440024,-1.57480300
17.65520024,-2.36220500
17.65600024,-3.14960600
17.65680024,-4.33070900
17.65760024,-4.72440900
17.65840024,-4.33070900
17.65920024,-4.33070900
17.66000024,-4.33070900
17.66080024,-5.11811000
17.66160024,-6.29921200
17.66240024,-6.29921200
17.66320024,-6.29921200
17.66400024,-5.51181100
17.66480024,-5.51181100
17.66560024,-5.51181100
17.66640024,-5.51181100
17.66720024,-5.90551100
17.66800024,-5.51181100
17.66880024,-5.51181100
17.66960024,-5.51181100
17.67040024,-5.11811000
17.67120024,-5.51181100
17.67200024,-5.51181100
17.67280024,-5.51181100
17.67360024,-5.11811000
17.67440024,-4.72440900
17.67520024,-3.54330700
17.67600024,-3.14960600
17.67680024,-3.14960600
17.67760024,-2.75590500
17.67840024,-2.75590500
17.67920024,-1.96850400
17.68000024,-1.18110200
17.68080024,-1.18110200
17.68160024,-1.57480300
17.68240024,-0.78740150
17.68320024,-0.39370070
17.68400024,0.00000000
17.68480024,0.00000000
17.68560024,0.78740150
17.68640024,0.39370070
17.68720024,0.78740150
17.68800024,1.18110200
17.68880024,1.57480300
17.68960024,1.57480300
17.69040024,2.36220500
17.69120024,1.96850400
17.69200024,1.96850400
17.69280024,1.96850400
17.69360024,1.57480300
17.69440024,1.96850400
17.69520024,2.75590500
17.69600024,2.75590500
17.69680024,3.14960600
17.69760024,3.14960600
17.69840024,3.54330700
17.69920024,4.33070900
17.70000024,5.11811000
17.70080024,4.33070900
17.70160024,3.93700800
17.70240024,2.36220500
17.70320024,1.57480300
17.70400024,1.57480300
17.70480024,1.57480300
17.70560024,2.75590500
17.70640024,3.14960600
17.70720024,2.75590500
17.70800024,2.75590500
17.70880024,2.75590500
17.70960024,3.14960600
17.71040024,3.54330700
17.71120024,3.54330700
17.71200024,2.75590500
17.71280024,1.57480300
17.71360024,0.39370070
17.71440024,-0.78740150
17.71520024,-0.39370070
17.71600024,0.39370070
17.71680024,1.57480300
17.71760024,1.57480300
17.71840024,1.57480300
17.71920024,1.18110200
17.72000024,1.18110200
17.72080024,1.96850400
17.72160024,2.36220500
17.72240024,1.96850400
17.72320024,0.78740150
17.72400024,-0.39370070
17.72480024,-1.96850400
17.72560024,-1.57480300
17.72640024,-1.18110200
17.72720024,-0.39370070
17.72800024,0.39370070
17.72880024,0.00000000
17.72960024,-0.39370070
17.73040024,-0.39370070
17.73120024,0.39370070
17.73200024,0.39370070
17.73280024,0.78740150
17.73360024,0.00000000
17.73440024,-0.78740150
17.73520024,-1.57480300
17.73600024,-1.57480300
17.73680024,-1.57480300
17.73760024,-0.39370070
17.73840024,0.00000000
17.73920024,-1.18110200
17.74000024,-1.18110200
17.74080024,-1.57480300
17.74160024,-1.18110200
17.74240024,-0.39370070
17.74320024,0.00000000
17.74400024,0.00000000
17.74480024,0.00000000
17.74560024,-0.78740150
17.74640024,-1.57480300
17.74720024,-1.96850400
17.74800024,-2.36220500
17.74880024,-1.57480300
17.74960024,-1.18110200
17.75040024,-1.57480300
17.75120024,-1.96850400
17.75200024,-1.96850400
17.75280024,-1.57480300
17.75360024,-1.18110200
17.75440024,0.00000000
17.75520024,0.00000000
17.75600024,-0.78740150
17.75680024,-1.57480300
17.75760024,-1.96850400
17.75840024,-2.36220500
17.75920024,-1.96850400
17.76000024,-1.96850400
17.76080024,-1.57480300
17.76160024,-1.57480300
17.76240024,-1.18110200
17.76320024,-1.18110200
17.76400024,0.00000000
17.76480024,0.00000000
17.76560024,-0.39370070
17.76640024,-0.78740150
17.76720024,-1.57480300
17.76800024,-1.96850400
17.76880024,-2.36220500
17.76960024,-3.14960600
17.77040024,-2.36220500
17.77120024,-1.96850400
17.77200024,-0.78740150
17.77280024,-0.78740150
17.77360024,0.78740150
17.77440024,1.18110200
17.77520024,0.39370070
17.77600024,0.78740150
17.77680024,-0.39370070
17.77760024,-0.78740150
17.77840024,-1.18110200
17.77920024,-1.57480300
17.78000024,-1.18110200
17.78080024,-1.18110200
17.78160024,0.00000000
17.78240024,0.78740150
17.78320024,1.57480300
17.78400024,2.36220500
17.78480024,2.36220500
17.78560024,2.36220500
17.78640024,1.57480300
17.78720024,0.78740150
17.78800024,0.39370070
17.78880024,0.39370070
17.78960024,0.39370070
17.79040024,0.39370070
17.79120024,0.39370070
17.79200024,1.18110200
17.79280024,1.57480300
17.79360024,2.75590500
17.79440024,3.93700800
17.79520024,4.33070900
17.79600024,5.11811000
17.79680024,3.93700800
17.79760024,3.54330700
17.79840024,3.54330700
17.79920024,3.54330700
17.80000024,3.14960600
17.80080024,2.75590500
17.80160024,1.96850400
17.80240024,1.57480300
17.80320024,1.57480300
17.80400024,1.57480300
17.80480024,3.14960600
17.80560024,4.33070900
17.80640024,4.33070900
17.80720024,4.33070900
17.80800024,3.93700800
17.80880024,2.75590500
17.80960024,2.75590500
17.81040024,3.14960600
17.81120024,2.36220500
17.81200024,1.57480300
17.81280024,0.39370070
17.81360024,-0.39370070
17.81440024,0.00000000
17.81520024,1.18110200
17.81600024,2.36220500
17.81680024,3.14960600
17.81760024,3.93700800
17.81840024,1.96850400
17.81920024,0.78740150
17.82000024,0.00000000
17.82080024,-1.18110200
17.82160024,-0.78740150
17.82240024,-1.57480300
17.82320024,-2.75590500
17.82400024,-3.93700800
17.82480024,-4.33070900
17.82560024,-3.93700800
17.82640024,-2.36220500
17.82720024,-0.78740150
17.82800024,0.00000000
17.82880024,-0.78740150
17.82960024,-1.96850400
17.83040024,-3.93700800
17.83120024,-5.11811000
17.83200024,-5.90551100
17.83280024,-6.29921200
17.83360024,-6.29921200
17.83440024,-6.29921200
17.83520024,-6.29921200
17.83600024,-5.90551100
17.83680024,-3.93700800
17.83760024,-2.36220500
17.83840024,-0.78740150
17.83920024,-1.18110200
17.84000024,-3.14960600
17.84080024,-4.33070900
17.84160024,-5.90551100
17.84240024,-6.29921200
17.84320024,-5.90551100
17.84400024,-6.69291300
17.84480024,-6.69291300
17.84560024,-5.90551100
17.84640024,-3.93700800
17.84720024,-2.75590500
17.84800024,-0.78740150
17.84880024,0.78740150
17.84960024,0.78740150
17.85040024,0.78740150
17.85120024,0.39370070
17.85200024,-0.78740150
17.85280024,-1.18110200
17.85360024,-1.57480300
17.85440024,-1.18110200
17.85520024,-0.39370070
17.85600024,0.78740150
17.85680024,2.36220500
17.85760024,3.14960600
17.85840024,3.93700800
17.85920024,3.93700800
17.86000024,4.33070900
17.86080024,3.93700800
17.86160024,3.54330700
17.86240024,3.14960600
17.86320024,3.14960600
17.86400024,3.14960600
17.86480024,3.54330700
17.86560024,4.72440900
17.86640024,5.51181100
17.86720024,6.69291300
17.86800024,7.87401500
17.86880024,7.08661400
17.86960024,6.69291300
17.87040024,5.90551100
17.87120024,5.11811000
17.87200024,4.72440900
17.87280024,4.72440900
17.87360024,4.33070900
17.87440024,3.93700800
17.87520024,4.33070900
17.87600024,3.93700800
17.87680024,5.11811000
17.87760024,5.90551100
17.87840024,6.29921200
17.87920024,5.90551100
17.88000024,5.11811000
17.88080024,3.14960600
17.88160024,1.57480300
17.88240024,0.78740150
17.88320024,0.78740150
17.88400024,1.18110200
17.88480024,1.18110200
17.88560024,0.39370070
17.88640024,0.00000000
17.88720024,-0.39370070
17.88800024,-0.78740150
17.88880024,0.00000000
17.88960024,0.39370070
17.89040024,0.00000000
17.89120024,-1.18110200
17.89200024,-2.75590500
17.89280024,-3.93700800
17.89360024,-3.14960600
17.89440024,-2.36220500
17.89520024,-2.75590500
17.89600024,-3.14960600
17.89680024,-4.33070900
17.89760024,-5.51181100
17.89840024,-5.90551100
17.89920024,-5.51181100
17.90000024,-4.72440900
17.90080024,-4.33070900
17.90160024,-5.11811000
17.90240024,-6.29921200
17.90320024,-6.29921200
17.90400024,-6.29921200
17.90480024,-5.11811000
17.90560024,-4.33070900
17.90640024,-3.93700800
17.90720024,-4.33070900
17.90800024,-5.11811000
17.90880024,-5.11811000
17.90960024,-5.11811000
17.91040024,-3.93700800
17.91120024,-3.93700800
17.91200024,-3.93700800
17.91280024,-3.93700800
17.91360024,-4.72440900
17.91440024,-4.72440900
17.91520024,-4.33070900
17.91600024,-3.14960600
17.91680024,-1.96850400
17.91760024,-1.57480300
17.91840024,-1.96850400
17.91920024,-1.96850400
17.92000024,-1.57480300
17.92080024,0.00000000
17.92160024,0.39370070
17.92240024,0.39370070
17.92320024,0.00000000
17.92400024,-0.39370070
17.92480024,0.00000000
17.92560024,0.39370070
17.92640024,1.18110200
17.92720024,1.57480300
17.92800024,2.36220500
17.92880024,2.36220500
17.92960024,3.14960600
17.93040024,4.33070900
17.93120024,5.11811000
17.93200024,5.51181100
17.93280024,5.51181100
17.93360024,4.72440900
17.93440024,4.33070900
17.93520024,4.33070900
17.93600024,3.54330700
17.93680024,3.93700800
17.93760024,4.33070900
17.93840024,4.72440900
17.93920024,5.51181100
17.94000024,5.90551100
17.94080024,5.90551100
17.94160024,5.90551100
17.94240024,5.90551100
17.94320024,5.11811000
17.94400024,4.33070900
17.94480024,3.93700800
17.94560024,3.54330700
17.94640024,4.33070900
17.94720024,4.72440900
17.94800024,4.72440900
17.94880024,5.11811000
17.94960024,4.33070900
17.95040024,4.33070900
17.95120024,3.93700800
17.95200024,3.93700800
17.95280024,2.75590500
17.95360024,1.18110200
17.95440024,0.39370070
17.95520024,-0.78740150
17.95600024,-0.39370070
17.95680024,0.39370070
17.95760024,0.78740150
17.95840024,0.78740150
17.95920024,0.00000000
17.96000024,-0.78740150
17.96080024,0.00000000
17.96160024,0.00000000
17.96240024,-0.39370070
17.96320024,-1.18110200
17.96400024,-2.75590500
17.96480024,-3.93700800
17.96560024,-5.11811000
17.96640024,-4.72440900
17.96720024,-4.33070900
17.96800024,-3.54330700
17.96880024,-2.36220500
17.96960024,-2.75590500
17.97040024,-3.14960600
17.97120024,-3.54330700
17.97200024,-3.54330700
17.97280024,-3.93700800
17.97360024,-4.33070900
17.97440024,-5.11811000
17.97520024,-5.90551100
17.97600024,-6.69291300
17.97680024,-5.90551100
17.97760024,-4.72440900
17.97840024,-2.75590500
17.97920024,-2.75590500
17.98000024,-3.14960600
17.98080024,-3.54330700
17.98160024,-4.33070900
17.98240024,-4.33070900
17.98320024,-3.93700800
17.98400024,-3.54330700
17.98480024,-3.54330700
17.98560024,-3.14960600
17.98640024,-3.14960600
17.98720024,-2.75590500
17.98800024,-1.18110200
17.98880024,0.00000000
17.98960024,0.39370070
17.99040024,0.39370070
17.99120024,-0.78740150
17.99200024,-1.57480300
17.99280024,-1.96850400
17.99360024,-1.96850400
17.99440024,-1.18110200
17.99520024,-0.39370070
17.99600024,-0.78740150
17.99680024,-0.78740150
17.99760024,0.00000000
17.99840024,1.18110200
17.99920024,1.96850400
18.00000024,3.14960600
18.00080024,2.75590500
18.00160024,3.14960600
18.00240024,2.36220500
18.00320024,1.96850400
18.00400024,2.36220500
18.00480024,2.36220500
18.00560024,2.75590500
18.00640024,2.36220500
18.00720024,2.36220500
18.00800024,2.36220500
18.00880024,2.75590500
18.00960024,3.54330700
18.01040024,3.93700800
18.01120024,4.72440900
18.01200024,4.33070900
18.01280024,3.93700800
18.01360024,3.54330700
18.01440024,3.54330700
18.01520024,3.93700800
18.01600024,3.54330700
18.01680024,3.54330700
18.01760024,3.14960600
18.01840024,2.75590500
18.01920024,3.14960600
18.02000024,3.54330700
18.02080024,3.93700800
18.02160024,4.33070900
18.02240024,3.93700800
18.02320024,3.54330700
18.02400024,3.54330700
18.02480024,3.54330700
18.02560024,3.54330700
18.02640024,2.75590500
18.02720024,1.57480300
18.02800024,0.78740150
18.02880024,0.39370070
18.02960024,0.78740150
18.03040024,1.57480300
18.03120024,1.96850400
18.03200024,2.75590500
18.03280024,1.96850400
18.03360024,1.96850400
18.03440024,1.57480300
18.03520024,1.57480300
18.03600024,0.78740150
18.03680024,0.39370070
18.03760024,-0.39370070
18.03840024,-1.57480300
18.03920024,-2.36220500
18.04000024,-2.36220500
18.04080024,-1.96850400
18.04160024,-1.57480300
18.04240024,-1.57480300
18.04320024,-0.78740150
18.04400024,-0.78740150
18.04480024,-1.18110200
18.04560024,-1.57480300
18.04640024,-1.96850400
18.04720024,-3.14960600
18.04800024,-3.93700800
18.04880024,-4.33070900
18.04960024,-5.11811000
18.05040024,-5.11811000
18.05120024,-4.72440900
18.05200024,-3.54330700
18.05280024,-3.54330700
18.05360024,-3.54330700
18.05440024,-3.54330700
18.05520024,-3.93700800
18.05600024,-4.33070900
18.05680024,-3.93700800
18.05760024,-4.33070900
18.05840024,-5.11811000
18.05920024,-5.90551100
18.06000024,-5.51181100
18.06080024,-5.11811000
18.06160024,-4.72440900
18.06240024,-3.93700800
18.06320024,-3.93700800
18.06400024,-3.93700800
18.06480024,-3.54330700
18.06560024,-3.93700800
18.06640024,-3.54330700
18.06720024,-2.75590500
18.06800024,-2.36220500
18.06880024,-2.36220500
18.06960024,-1.96850400
18.07040024,-2.36220500
18.07120024,-1.96850400
18.07200024,-1.57480300
18.07280024,-1.18110200
18.07360024,-0.78740150
18.07440024,-0.78740150
18.07520024,-0.78740150
18.07600024,-0.78740150
18.07680024,0.39370070
18.07760024,1.57480300
18.07840024,2.36220500
18.07920024,3.54330700
18.08000024,2.75590500
18.08080024,3.14960600
18.08160024,3.14960600
18.08240024,3.93700800
18.08320024,3.93700800
18.08400024,3.93700800
18.08480024,3.54330700
18.08560024,3.14960600
18.08640024,4.33070900
18.08720024,4.72440900
18.08800024,6.29921200
18.08880024,7.08661400
18.08960024,7.48031400
18.09040024,7.08661400
18.09120024,7.08661400
18.09200024,6.69291300
18.09280024,5.90551100
18.09360024,5.51181100
18.09440024,5.11811000
18.09520024,4.72440900
18.09600024,5.11811000
18.09680024,4.72440900
18.09760024,5.11811000
18.09840024,5.90551100
18.09920024,7.48031400
18.10000024,7.08661400
18.10080024,6.69291300
18.10160024,5.11811000
18.10240024,4.33070900
18.10320024,3.14960600
18.10400024,2.75590500
18.10480024,2.36220500
18.10560024,1.96850400
18.10640024,1.18110200
18.10720024,1.18110200
18.10800024,1.57480300
18.10880024,1.57480300
18.10960024,1.96850400
18.11040024,1.57480300
18.11120024,0.78740150
18.11200024,-1.18110200
18.11280024,-1.57480300
18.11360024,-2.36220500
18.11440024,-3.14960600
18.11520024,-3.54330700
18.11600024,-3.93700800
18.11680024,-3.93700800
18.11760024,-3.93700800
18.11840024,-4.33070900
18.11920024,-3.93700800
18.12000024,-3.93700800
18.12080024,-4.33070900
18.12160024,-5.11811000
18.12240024,-5.51181100
18.12320024,-6.69291300
18.12400024,-6.69291300
18.12480024,-6.69291300
18.12560024,-6.69291300
18.12640024,-6.29921200
18.12720024,-5.90551100
18.12800024,-6.29921200
18.12880024,-6.69291300
18.12960024,-6.29921200
18.13040024,-6.69291300
18.13120024,-6.69291300
18.13200024,-6.69291300
18.13280024,-6.69291300
18.13360024,-6.29921200
18.13440024,-5.90551100
18.13520024,-5.51181100
18.13600024,-4.72440900
18.13680024,-4.33070900
18.13760024,-3.54330700
18.13840024,-3.54330700
18.13920024,-3.14960600
18.14000024,-2.75590500
18.14080024,-2.36220500
18.14160024,-2.36220500
18.14240024,-1.96850400
18.14320024,-1.57480300
18.14400024,-0.78740150
18.14480024,-0.39370070
18.14560024,0.00000000
18.14640024,1.18110200
18.14720024,1.57480300
18.14800024,1.96850400
18.14880024,1.96850400
18.14960024,1.96850400
18.15040024,2.36220500
18.15120024,2.75590500
18.15200024,3.54330700
18.15280024,4.33070900
18.15360024,5.11811000
18.15440024,5.51181100
18.15520024,5.51181100
18.15600024,6.29921200
18.15680024,6.69291300
18.15760024,6.69291300
18.15840024,7.08661400
18.15920024,6.69291300
18.16000024,5.90551100
18.16080024,5.51181100
18.16160024,5.90551100
18.16240024,5.90551100
18.16320024,6.29921200
18.16400024,7.08661400
18.16480024,7.48031400
18.16560024,7.87401500
18.16640024,7.87401500
18.16720024,7.08661400
18.16800024,6.29921200
18.16880024,6.29921200
18.16960024,5.11811000
18.17040024,5.11811000
18.17120024,5.51181100
18.17200024,5.51181100
18.17280024,5.11811000
18.17360024,3.93700800
18.17440024,3.14960600
18.17520024,2.36220500
18.17600024,2.36220500
18.17680024,1.96850400
18.17760024,1.96850400
18.17840024,1.96850400
18.17920024,0.78740150
18.18000024,0.78740150
18.18080024,0.00000000
18.18160024,0.00000000
18.18240024,0.00000000
18.18320024,-0.78740150
18.18400024,-1.96850400
18.18480024,-3.14960600
18.18560024,-3.93700800
18.18640024,-4.72440900
18.18720024,-4.72440900
18.18800024,-4.33070900
18.18880024,-4.33070900
18.18960024,-4.33070900
18.19040024,-4.33070900
18.19120024,-4.72440900
18.19200024,-4.33070900
18.19280024,-4.72440900
18.19360024,-5.11811000
18.19440024,-5.51181100
18.19520024,-6.69291300
18.19600024,-8.26771600
18.19680024,-7.87401500
18.19760024,-7.87401500
18.19840024,-7.48031400
18.19920024,-5.90551100
18.20000024,-5.51181100
18.20080024,-5.51181100
18.20160024,-5.51181100
18.20240024,-5.11811000
18.20320024,-5.51181100
18.20400024,-5.11811000
18.20480024,-5.51181100
18.20560024,-5.51181100
18.20640024,-5.90551100
18.20720024,-6.29921200
18.20800024,-5.11811000
18.20880024,-3.93700800
18.20960024,-1.96850400
18.21040024,-1.57480300
18.21120024,-0.39370070
18.21200024,-0.39370070
18.21280024,-0.78740150
18.21360024,-0.78740150
18.21440024,-0.78740150
18.21520024,-1.18110200
18.21600024,-1.57480300
18.21680024,-1.57480300
18.21760024,-0.78740150
18.21840024,1.57480300
18.21920024,2.75590500
18.22000024,4.33070900
18.22080024,4.72440900
18.22160024,5.11811000
18.22240024,4.72440900
18.22320024,4.72440900
18.22400024,3.93700800
18.22480024,3.54330700
18.22560024,3.54330700
18.22640024,3.54330700
18.22720024,3.93700800
18.22800024,4.72440900
18.22880024,5.51181100
18.22960024,6.29921200
18.23040024,7.48031400
18.23120024,8.26771600
18.23200024,7.48031400
18.23280024,7.08661400
18.23360024,5.90551100
18.23440024,5.11811000
18.23520024,4.72440900
18.23600024,4.33070900
18.23680024,4.33070900
18.23760024,5.11811000
18.23840024,5.90551100
18.23920024,6.29921200
18.24000024,5.90551100
18.24080024,5.90551100
18.24160024,5.51181100
18.24240024,5.11811000
18.24320024,3.93700800
18.24400024,2.75590500
18.24480024,2.36220500
18.24560024,2.36220500
18.24640024,1.96850400
18.24720024,1.96850400
18.24800024,2.36220500
18.24880024,1.96850400
18.24960024,2.36220500
18.25040024,1.57480300
18.25120024,0.78740150
18.25200024,0.39370070
18.25280024,-0.39370070
18.25360024,-1.18110200
18.25440024,-1.96850400
18.25520024,-2.36220500
18.25600024,-3.14960600
18.25680024,-3.14960600
18.25760024,-3.54330700
18.25840024,-3.14960600
18.25920024,-3.14960600
18.26000024,-3.14960600
18.26080024,-3.14960600
18.26160024,-3.54330700
18.26240024,-3.93700800
18.26320024,-4.72440900
18.26400024,-5.11811000
18.26480024,-5.51181100
18.26560024,-4.72440900
18.26640024,-4.33070900
18.26720024,-3.93700800
18.26800024,-4.72440900
18.26880024,-5.51181100
18.26960024,-5.90551100
18.27040024,-6.69291300
18.27120024,-6.29921200
18.27200024,-5.51181100
18.27280024,-5.51181100
18.27360024,-5.11811000
18.27440024,-4.33070900
18.27520024,-3.93700800
18.27600024,-3.14960600
18.27680024,-3.14960600
18.27760024,-2.75590500
18.27840024,-3.14960600
18.27920024,-3.93700800
18.28000024,-5.11811000
18.28080024,-5.51181100
18.28160024,-5.51181100
18.28240024,-4.33070900
18.28320024,-3.14960600
18.28400024,-2.36220500
18.28480024,-0.78740150
18.28560024,0.00000000
18.28640024,1.18110200
18.28720024,1.57480300
18.28800024,1.57480300
18.28880024,0.78740150
18.28960024,-0.78740150
18.29040024,-1.18110200
18.29120024,-1.57480300
18.29200024,-0.78740150
18.29280024,0.78740150
18.29360024,1.96850400
18.29440024,2.75590500
18.29520024,3.93700800
18.29600024,4.33070900
18.29680024,5.11811000
18.29760024,5.51181100
18.29840024,5.90551100
18.29920024,4.72440900
18.30000024,3.54330700
18.30080024,2.75590500
18.30160024,1.96850400
18.30240024,3.14960600
18.30320024,3.93700800
18.30400024,5.11811000
18.30480024,6.69291300
18.30560024,7.48031400
18.30640024,7.48031400
18.30720024,7.48031400
18.30800024,7.48031400
18.30880024,7.08661400
18.30960024,5.90551100
18.31040024,5.11811000
18.31120024,3.54330700
18.31200024,2.75590500
18.31280024,3.54330700
18.31360024,3.54330700
18.31440024,4.72440900
18.31520024,5.51181100
18.31600024,5.90551100
18.31680024,5.90551100
18.31760024,5.90551100
18.31840024,5.51181100
18.31920024,4.72440900
18.32000024,4.72440900
18.32080024,3.54330700
18.32160024,2.75590500
18.32240024,1.96850400
18.32320024,0.78740150
18.32400024,0.39370070
18.32480024,0.00000000
18.32560024,0.00000000
18.32640024,0.00000000
18.32720024,0.39370070
18.32800024,0.00000000
18.32880024,0.39370070
18.32960024,0.00000000
18.33040024,-0.78740150
18.33120024,-0.78740150
18.33200024,-1.57480300
18.33280024,-3.14960600
18.33360024,-3.14960600
18.33440024,-4.33070900
18.33520024,-5.11811000
18.33600024,-5.90551100
18.33680024,-5.90551100
18.33760024,-5.51181100
18.33840024,-5.11811000
18.33920024,-3.93700800
18.34000024,-4.33070900
18.34080024,-4.33070900
18.34160024,-4.33070900
18.34240024,-5.11811000
18.34320024,-6.29921200
18.34400024,-6.29921200
18.34480024,-7.48031400
18.34560024,-7.48031400
18.34640024,-7.87401500
18.34720024,-7.48031400
18.34800024,-6.29921200
18.34880024,-5.51181100
18.34960024,-4.72440900
18.35040025,-3.93700800
18.35120025,-4.33070900
18.35200025,-4.33070900
18.35280025,-5.11811000
18.35360025,-5.51181100
18.35440025,-5.51181100
18.35520025,-5.11811000
18.35600025,-5.51181100
18.35680025,-5.11811000
18.35760025,-4.33070900
18.35840025,-3.14960600
18.35920025,-1.57480300
18.36000025,0.00000000
18.36080025,0.78740150
18.36160025,0.78740150
18.36240025,0.39370070
18.36320025,0.00000000
18.36400025,-0.39370070
18.36480025,0.00000000
18.36560025,0.78740150
18.36640025,1.18110200
18.36720025,1.57480300
18.36800025,1.96850400
18.36880025,2.36220500
18.36960025,3.54330700
18.37040025,5.11811000
18.37120025,5.51181100
18.37200025,5.90551100
18.37280025,4.72440900
18.37360025,4.33070900
18.37440025,4.33070900
18.37520025,4.72440900
18.37600025,5.51181100
18.37680025,6.69291300
18.37760025,7.08661400
18.37840025,7.48031400
18.37920025,7.48031400
18.38000025,7.08661400
18.38080025,6.69291300
18.38160025,6.69291300
18.38240025,6.29921200
18.38320025,5.51181100
18.38400025,4.72440900
18.38480025,4.72440900
18.38560025,4.72440900
18.38640025,5.90551100
18.38720025,6.69291300
18.38800025,7.48031400
18.38880025,7.48031400
18.38960025,7.08661400
18.39040025,5.51181100
18.39120025,4.33070900
18.39200025,3.14960600
18.39280025,1.57480300
18.39360025,0.78740150
18.39440025,0.39370070
18.39520025,0.00000000
18.39600025,0.39370070
18.39680025,0.78740150
18.39760025,1.57480300
18.39840025,1.96850400
18.39920025,1.96850400
18.40000025,1.57480300
18.40080025,0.39370070
18.40160025,-1.18110200
18.40240025,-2.36220500
18.40320025,-3.54330700
18.40400025,-4.33070900
18.40480025,-4.72440900
18.40560025,-4.72440900
18.40640025,-4.33070900
18.40720025,-3.93700800
18.40800025,-3.93700800
18.40880025,-3.14960600
18.40960025,-3.54330700
18.41040025,-3.93700800
18.41120025,-5.11811000
18.41200025,-6.69291300
18.41280025,-7.87401500
18.41360025,-7.87401500
18.41440025,-7.87401500
18.41520025,-7.48031400
18.41600025,-6.69291300
18.41680025,-6.69291300
18.41760025,-5.90551100
18.41840025,-5.11811000
18.41920025,-3.93700800
18.42000025,-2.75590500
18.42080025,-3.14960600
18.42160025,-3.93700800
18.42240025,-5.11811000
18.42320025,-5.90551100
18.42400025,-6.69291300
18.42480025,-6.69291300
18.42560025,-5.90551100
18.42640025,-5.51181100
18.42720025,-4.33070900
18.42800025,-2.75590500
18.42880025,-1.18110200
18.42960025,0.00000000
18.43040025,0.39370070
18.43120025,0.39370070
18.43200025,1.18110200
18.43280025,0.78740150
18.43360025,0.39370070
18.43440025,0.00000000
18.43520025,-0.78740150
18.43600025,-1.18110200
18.43680025,-0.78740150
18.43760025,1.18110200
18.43840025,2.75590500
18.43920025,3.54330700
18.44000025,4.72440900
18.44080025,5.11811000
18.44160025,5.90551100
18.44240025,5.90551100
18.44320025,5.90551100
18.44400025,5.90551100
18.44480025,5.11811000
18.44560025,3.93700800
18.44640025,2.75590500
18.44720025,3.54330700
18.44800025,3.54330700
18.44880025,4.33070900
18.44960025,5.51181100
18.45040025,6.29921200
18.45120025,6.69291300
18.45200025,7.08661400
18.45280025,7.08661400
18.45360025,7.08661400
18.45440025,6.29921200
18.45520025,5.11811000
18.45600025,4.33070900
18.45680025,3.14960600
18.45760025,2.36220500
18.45840025,2.36220500
18.45920025,3.54330700
18.46000025,3.93700800
18.46080025,4.72440900
18.46160025,5.11811000
18.46240025,3.93700800
18.46320025,3.93700800
18.46400025,3.14960600
18.46480025,2.75590500
18.46560025,2.36220500
18.46640025,0.39370070
18.46720025,-0.39370070
18.46800025,-1.18110200
18.46880025,-1.57480300
18.46960025,-0.78740150
18.47040025,0.00000000
18.47120025,0.78740150
18.47200025,1.18110200
18.47280025,0.39370070
18.47360025,-0.39370070
18.47440025,-1.57480300
18.47520025,-2.36220500
18.47600025,-2.75590500
18.47680025,-3.14960600
18.47760025,-3.54330700
18.47840025,-4.72440900
18.47920025,-5.11811000
18.48000025,-5.51181100
18.48080025,-4.72440900
18.48160025,-3.93700800
18.48240025,-3.54330700
18.48320025,-3.14960600
18.48400025,-3.54330700
18.48480025,-4.33070900
18.48560025,-4.33070900
18.48640025,-5.11811000
18.48720025,-4.33070900
18.48800025,-4.72440900
18.48880025,-5.11811000
18.48960025,-5.11811000
18.49040025,-5.51181100
18.49120025,-5.11811000
18.49200025,-5.11811000
18.49280025,-3.93700800
18.49360025,-3.54330700
18.49440025,-3.14960600
18.49520025,-3.14960600
18.49600025,-3.54330700
18.49680025,-3.14960600
18.49760025,-1.96850400
18.49840025,-1.18110200
18.49920025,-1.18110200
18.50000025,-1.96850400
18.50080025,-2.75590500
18.50160025,-3.54330700
18.50240025,-3.14960600
18.50320025,-2.36220500
18.50400025,-1.57480300
18.50480025,0.00000000
18.50560025,0.39370070
18.50640025,0.78740150
18.50720025,0.78740150
18.50800025,0.78740150
18.50880025,1.57480300
18.50960025,1.96850400
18.51040025,1.96850400
18.51120025,1.57480300
18.51200025,1.18110200
18.51280025,1.18110200
18.51360025,1.57480300
18.51440025,2.36220500
18.51520025,3.14960600
18.51600025,3.93700800
18.51680025,4.33070900
18.51760025,3.93700800
18.51840025,3.93700800
18.51920025,4.33070900
18.52000025,3.54330700
18.52080025,3.54330700
18.52160025,3.14960600
18.52240025,2.75590500
18.52320025,2.36220500
18.52400025,2.75590500
18.52480025,3.14960600
18.52560025,3.54330700
18.52640025,4.33070900
18.52720025,5.11811000
18.52800025,5.11811000
18.52880025,5.51181100
18.52960025,4.33070900
18.53040025,3.14960600
18.53120025,2.75590500
18.53200025,2.36220500
18.53280025,1.96850400
18.53360025,1.96850400
18.53440025,1.18110200
18.53520025,1.18110200
18.53600025,1.57480300
18.53680025,2.36220500
18.53760025,3.14960600
18.53840025,3.54330700
18.53920025,2.75590500
18.54000025,1.57480300
18.54080025,1.18110200
18.54160025,-0.39370070
18.54240025,-0.39370070
18.54320025,0.00000000
18.54400025,0.00000000
18.54480025,0.39370070
18.54560025,0.39370070
18.54640025,-0.39370070
18.54720025,-1.18110200
18.54800025,-1.18110200
18.54880025,-0.78740150
18.54960025,-1.18110200
18.55040025,-1.18110200
18.55120025,-2.36220500
18.55200025,-2.75590500
18.55280025,-2.75590500
18.55360025,-2.36220500
18.55440025,-1.18110200
18.55520025,0.39370070
18.55600025,0.00000000
18.55680025,-0.39370070
18.55760025,-1.57480300
18.55840025,-2.75590500
18.55920025,-3.93700800
18.56000025,-3.14960600
18.56080025,-3.14960600
18.56160025,-3.54330700
18.56240025,-3.54330700
18.56320025,-3.14960600
18.56400025,-2.75590500
18.56480025,-1.18110200
18.56560025,-0.78740150
18.56640025,-0.39370070
18.56720025,-1.18110200
18.56800025,-1.96850400
18.56880025,-2.75590500
18.56960025,-2.75590500
18.57040025,-2.36220500
18.57120025,-1.96850400
18.57200025,-1.57480300
18.57280025,-1.57480300
18.57360025,-1.57480300
18.57440025,-1.57480300
18.57520025,-1.57480300
18.57600025,-1.18110200
18.57680025,-0.39370070
18.57760025,-0.39370070
18.57840025,-0.78740150
18.57920025,-1.57480300
18.58000025,-1.18110200
18.58080025,-1.18110200
18.58160025,-0.39370070
18.58240025,0.78740150
18.58320025,1.18110200
18.58400025,1.18110200
18.58480025,0.78740150
18.58560025,-0.39370070
18.58640025,-0.39370070
18.58720025,-0.39370070
18.58800025,0.00000000
18.58880025,0.39370070
18.58960025,0.39370070
18.59040025,0.78740150
18.59120025,1.18110200
18.59200025,1.57480300
18.59280025,1.57480300
18.59360025,1.96850400
18.59440025,2.36220500
18.59520025,3.14960600
18.59600025,2.75590500
18.59680025,1.96850400
18.59760025,1.96850400
18.59840025,2.36220500
18.59920025,1.18110200
18.60000025,1.96850400
18.60080025,2.36220500
18.60160025,2.75590500
18.60240025,2.75590500
18.60320025,1.57480300
18.60400025,1.57480300
18.60480025,1.18110200
18.60560025,0.78740150
18.60640025,0.78740150
18.60720025,1.57480300
18.60800025,3.14960600
18.60880025,3.93700800
18.60960025,4.72440900
18.61040025,5.11811000
18.61120025,4.72440900
18.61200025,3.14960600
18.61280025,1.57480300
18.61360025,-0.39370070
18.61440025,-1.96850400
18.61520025,-2.36220500
18.61600025,-1.96850400
18.61680025,-1.18110200
18.61760025,0.39370070
18.61840025,1.18110200
18.61920025,1.18110200
18.62000025,1.18110200
18.62080025,1.57480300
18.62160025,1.96850400
18.62240025,1.96850400
18.62320025,1.18110200
18.62400025,-0.39370070
18.62480025,-1.18110200
18.62560025,-3.14960600
18.62640025,-3.54330700
18.62720025,-3.93700800
18.62800025,-3.14960600
18.62880025,-2.75590500
18.62960025,-1.96850400
18.63040025,-0.78740150
18.63120025,-1.18110200
18.63200025,-0.39370070
18.63280025,-0.39370070
18.63360025,-0.39370070
18.63440025,-0.78740150
18.63520025,-1.96850400
18.63600025,-2.75590500
18.63680025,-3.54330700
18.63760025,-3.54330700
18.63840025,-3.54330700
18.63920025,-1.57480300
18.64000025,0.78740150
18.64080025,1.96850400
18.64160025,2.36220500
18.64240025,1.57480300
18.64320025,-0.39370070
18.64400025,-1.18110200
18.64480025,-2.36220500
18.64560025,-3.14960600
18.64640025,-3.54330700
18.64720025,-3.14960600
18.64800025,-0.78740150
18.64880025,1.96850400
18.64960025,3.54330700
18.65040025,2.75590500
18.65120025,1.18110200
18.65200025,-1.96850400
18.65280025,-3.54330700
18.65360025,-3.93700800
18.65440025,-3.54330700
18.65520025,-2.75590500
18.65600025,-1.57480300
18.65680025,-1.18110200
18.65760025,-0.78740150
18.65840025,-0.78740150
18.65920025,-0.78740150
18.66000025,-0.39370070
18.66080025,0.39370070
18.66160025,1.18110200
18.66240025,0.78740150
18.66320025,0.78740150
18.66400025,-0.39370070
18.66480025,-1.18110200
18.66560025,-1.57480300
18.66640025,-1.18110200
18.66720025,0.39370070
18.66800025,0.78740150
18.66880025,1.57480300
18.66960025,2.36220500
18.67040025,2.36220500
18.67120025,1.57480300
18.67200025,0.78740150
18.67280025,-0.39370070
18.67360025,-0.39370070
18.67440025,0.00000000
18.67520025,1.18110200
18.67600025,3.14960600
18.67680025,4.33070900
18.67760025,4.72440900
18.67840025,3.54330700
18.67920025,2.36220500
18.68000025,1.96850400
18.68080025,1.96850400
18.68160025,1.18110200
18.68240025,1.57480300
18.68320025,1.96850400
18.68400025,1.18110200
18.68480025,1.18110200
18.68560025,1.57480300
18.68640025,2.75590500
18.68720025,2.75590500
18.68800025,2.75590500
18.68880025,2.75590500
18.68960025,3.14960600
18.69040025,2.75590500
18.69120025,1.96850400
18.69200025,1.57480300
18.69280025,0.39370070
18.69360025,0.00000000
18.69440025,1.18110200
18.69520025,2.36220500
18.69600025,3.14960600
18.69680025,2.75590500
18.69760025,1.96850400
18.69840025,0.78740150
18.69920025,0.78740150
18.70000025,0.78740150
18.70080025,1.18110200
18.70160025,1.57480300
18.70240025,0.39370070
18.70320025,-0.78740150
18.70400025,-1.57480300
18.70480025,-2.36220500
18.70560025,-1.96850400
18.70640025,-1.57480300
18.70720025,0.00000000
18.70800025,0.00000000
18.70880025,-0.39370070
18.70960025,-1.18110200
18.71040025,-2.36220500
18.71120025,-2.36220500
18.71200025,-2.36220500
18.71280025,-2.36220500
18.71360025,-1.96850400
18.71440025,-1.96850400
18.71520025,-2.75590500
18.71600025,-3.14960600
18.71680025,-3.14960600
18.71760025,-2.75590500
18.71840025,-2.36220500
18.71920025,-2.36220500
18.72000025,-2.75590500
18.72080025,-3.14960600
18.72160025,-2.75590500
18.72240025,-2.36220500
18.72320025,-2.75590500
18.72400025,-3.14960600
18.72480025,-3.93700800
18.72560025,-4.33070900
18.72640025,-4.72440900
18.72720025,-4.33070900
18.72800025,-4.33070900
18.72880025,-3.93700800
18.72960025,-3.54330700
18.73040025,-2.75590500
18.73120025,-1.96850400
18.73200025,-1.18110200
18.73280025,-0.78740150
18.73360025,-0.78740150
18.73440025,-1.57480300
18.73520025,-1.96850400
18.73600025,-2.75590500
18.73680025,-3.54330700
18.73760025,-3.14960600
18.73840025,-2.36220500
18.73920025,-0.78740150
18.74000025,0.39370070
18.74080025,1.57480300
18.74160025,1.18110200
18.74240025,1.57480300
18.74320025,1.96850400
18.74400025,2.36220500
18.74480025,3.14960600
18.74560025,3.54330700
18.74640025,3.54330700
18.74720025,2.75590500
18.74800025,1.96850400
18.74880025,1.57480300
18.74960025,2.36220500
18.75040025,3.54330700
18.75120025,4.33070900
18.75200025,5.90551100
18.75280025,6.69291300
18.75360025,6.29921200
18.75440025,6.29921200
18.75520025,5.51181100
18.75600025,5.51181100
18.75680025,5.51181100
18.75760025,5.51181100
18.75840025,5.11811000
18.75920025,5.11811000
18.76000025,4.33070900
18.76080025,3.93700800
18.76160025,4.72440900
18.76240025,4.72440900
18.76320025,4.33070900
18.76400025,3.93700800
18.76480025,3.14960600
18.76560025,3.14960600
18.76640025,3.14960600
18.76720025,2.75590500
18.76800025,2.75590500
18.76880025,2.75590500
18.76960025,2.36220500
18.77040025,1.96850400
18.77120025,1.57480300
18.77200025,0.00000000
18.77280025,-1.96850400
18.77360025,-2.36220500
18.77440025,-2.75590500
18.77520025,-2.75590500
18.77600025,-2.75590500
18.77680025,-2.36220500
18.77760025,-2.36220500
18.77840025,-1.96850400
18.77920025,-1.57480300
18.78000025,-2.36220500
18.78080025,-1.96850400
18.78160025,-2.75590500
18.78240025,-4.33070900
18.78320025,-5.11811000
18.78400025,-4.72440900
18.78480025,-4.72440900
18.78560025,-4.72440900
18.78640025,-4.72440900
18.78720025,-5.11811000
18.78800025,-4.72440900
18.78880025,-4.33070900
18.78960025,-3.93700800
18.79040025,-2.75590500
18.79120025,-1.96850400
18.79200025,-1.96850400
18.79280025,-3.14960600
18.79360025,-3.93700800
18.79440025,-4.33070900
18.79520025,-3.93700800
18.79600025,-2.75590500
18.79680025,-1.96850400
18.79760025,-1.57480300
18.79840025,-1.96850400
18.79920025,-3.54330700
18.80000025,-3.93700800
18.80080025,-3.54330700
18.80160025,-2.36220500
18.80240025,-1.18110200
18.80320025,-1.18110200
18.80400025,-1.96850400
18.80480025,-1.96850400
18.80560025,-1.96850400
18.80640025,-0.78740150
18.80720025,0.78740150
18.80800025,1.57480300
18.80880025,1.18110200
18.80960025,0.39370070
18.81040025,-0.39370070
18.81120025,-0.78740150
18.81200025,-0.39370070
18.81280025,0.39370070
18.81360025,1.18110200
18.81440025,2.36220500
18.81520025,2.36220500
18.81600025,2.75590500
18.81680025,3.93700800
18.81760025,4.72440900
18.81840025,4.72440900
18.81920025,4.72440900
18.82000025,3.14960600
18.82080025,1.18110200
18.82160025,0.78740150
18.82240025,1.57480300
18.82320025,2.36220500
18.82400025,3.93700800
18.82480025,4.72440900
18.82560025,4.72440900
18.82640025,5.11811000
18.82720025,6.29921200
18.82800025,6.69291300
18.82880025,7.08661400
18.82960025,7.48031400
18.83040025,5.51181100
18.83120025,4.33070900
18.83200025,2.75590500
18.83280025,1.96850400
18.83360025,1.57480300
18.83440025,1.96850400
18.83520025,1.57480300
18.83600025,1.18110200
18.83680025,1.57480300
18.83760025,1.18110200
18.83840025,1.57480300
18.83920025,1.57480300
18.84000025,1.57480300
18.84080025,2.36220500
18.84160025,2.75590500
18.84240025,1.57480300
18.84320025,0.78740150
18.84400025,0.00000000
18.84480025,-0.39370070
18.84560025,-0.78740150
18.84640025,0.00000000
18.84720025,0.00000000
18.84800025,-0.39370070
18.84880025,-0.39370070
18.84960025,-0.78740150
18.85040025,-0.78740150
18.85120025,-0.39370070
18.85200025,-1.18110200
18.85280025,-1.57480300
18.85360025,-1.96850400
18.85440025,-2.75590500
18.85520025,-3.93700800
18.85600025,-4.33070900
18.85680025,-5.11811000
18.85760025,-4.72440900
18.85840025,-3.54330700
18.85920025,-3.54330700
18.86000025,-3.93700800
18.86080025,-3.54330700
18.86160025,-3.93700800
18.86240025,-3.54330700
18.86320025,-3.14960600
18.86400025,-3.14960600
18.86480025,-2.75590500
18.86560025,-3.14960600
18.86640025,-3.14960600
18.86720025,-3.14960600
18.86800025,-3.14960600
18.86880025,-2.36220500
18.86960025,-1.57480300
18.87040025,-1.18110200
18.87120025,-2.36220500
18.87200025,-3.14960600
18.87280025,-2.75590500
18.87360025,-2.36220500
18.87440025,-2.36220500
18.87520025,-2.36220500
18.87600025,-2.75590500
18.87680025,-2.75590500
18.87760025,-2.75590500
18.87840025,-2.36220500
18.87920025,-0.39370070
18.88000025,1.18110200
18.88080025,1.18110200
18.88160025,0.39370070
18.88240025,-0.39370070
18.88320025,-1.96850400
18.88400025,-2.36220500
18.88480025,-1.57480300
18.88560025,-1.18110200
18.88640025,-0.78740150
18.88720025,-0.39370070
18.88800025,0.00000000
18.88880025,0.78740150
18.88960025,1.57480300
18.89040025,2.36220500
18.89120025,2.75590500
18.89200025,2.36220500
18.89280025,0.39370070
18.89360025,-0.78740150
18.89440025,-1.96850400
18.89520025,-2.36220500
18.89600025,-1.18110200
18.89680025,0.39370070
18.89760025,1.18110200
18.89840025,2.36220500
18.89920025,3.54330700
18.90000025,4.72440900
18.90080025,5.90551100
18.90160025,6.69291300
18.90240025,6.29921200
18.90320025,5.11811000
18.90400025,3.14960600
18.90480025,1.57480300
18.90560025,1.18110200
18.90640025,1.96850400
18.90720025,3.54330700
18.90800025,4.72440900
18.90880025,5.90551100
18.90960025,6.29921200
18.91040025,7.08661400
18.91120025,7.48031400
18.91200025,7.08661400
18.91280025,6.29921200
18.91360025,5.11811000
18.91440025,2.75590500
18.91520025,1.18110200
18.91600025,0.39370070
18.91680025,-0.39370070
18.91760025,0.39370070
18.91840025,1.57480300
18.91920025,3.14960600
18.92000025,4.72440900
18.92080025,5.51181100
18.92160025,5.90551100
18.92240025,4.72440900
18.92320025,4.72440900
18.92400025,3.54330700
18.92480025,2.36220500
18.92560025,1.18110200
18.92640025,0.00000000
18.92720025,-1.18110200
18.92800025,-1.18110200
18.92880025,-1.18110200
18.92960025,-0.39370070
18.93040025,0.00000000
18.93120025,0.39370070
18.93200025,0.39370070
18.93280025,-0.39370070
18.93360025,-1.57480300
18.93440025,-2.36220500
18.93520025,-3.54330700
18.93600025,-3.93700800
18.93680025,-4.72440900
18.93760025,-5.11811000
18.93840025,-5.51181100
18.93920025,-5.51181100
18.94000025,-5.51181100
18.94080025,-4.72440900
18.94160025,-4.33070900
18.94240025,-3.93700800
18.94320025,-4.33070900
18.94400025,-5.11811000
18.94480025,-5.90551100
18.94560025,-6.29921200
18.94640025,-6.69291300
18.94720025,-6.29921200
18.94800025,-6.69291300
18.94880025,-6.29921200
18.94960025,-6.29921200
18.95040025,-6.29921200
18.95120025,-5.90551100
18.95200025,-4.72440900
18.95280025,-3.54330700
18.95360025,-3.54330700
18.95440025,-3.54330700
18.95520025,-4.33070900
18.95600025,-5.11811000
18.95680025,-5.51181100
18.95760025,-6.29921200
18.95840025,-5.90551100
18.95920025,-5.51181100
18.96000025,-5.11811000
18.96080025,-4.33070900
18.96160025,-3.14960600
18.96240025,-2.36220500
18.96320025,-0.39370070
18.96400025,0.78740150
18.96480025,0.00000000
18.96560025,-0.39370070
18.96640025,-1.18110200
18.96720025,-1.57480300
18.96800025,-1.96850400
18.96880025,-0.78740150
18.96960025,-0.39370070
18.97040025,1.18110200
18.97120025,2.36220500
18.97200025,3.14960600
18.97280025,3.93700800
18.97360025,5.51181100
18.97440025,6.29921200
18.97520025,7.08661400
18.97600025,7.08661400
18.97680025,5.90551100
18.97760025,4.72440900
18.97840025,4.33070900
18.97920025,4.72440900
18.98000025,5.90551100
18.98080025,7.48031400
18.98160025,8.66141700
18.98240025,9.05511800
18.98320025,9.44881800
18.98400025,9.44881800
18.98480025,9.44881800
18.98560025,9.44881800
18.98640025,8.66141700
18.98720025,7.48031400
18.98800025,6.69291300
18.98880025,5.11811000
18.98960025,4.72440900
18.99040025,5.51181100
18.99120025,5.90551100
18.99200025,7.08661400
18.99280025,7.48031400
18.99360025,7.48031400
18.99440025,7.48031400
18.99520025,7.48031400
18.99600025,7.08661400
18.99680025,6.29921200
18.99760025,5.90551100
18.99840025,4.33070900
18.99920025,3.14960600
19.00000025,1.96850400
19.00080025,0.78740150
19.00160025,1.18110200
19.00240025,1.18110200
19.00320025,0.39370070
19.00400025,0.00000000
19.00480025,-1.18110200
19.00560025,-1.96850400
19.00640025,-2.36220500
19.00720025,-2.36220500
19.00800025,-3.14960600
19.00880025,-3.54330700
19.00960025,-4.72440900
19.01040025,-5.51181100
19.01120025,-6.69291300
19.01200025,-6.69291300
19.01280025,-7.08661400
19.01360025,-7.87401500
19.01440025,-8.66141700
19.01520025,-10.23622000
19.01600025,-11.81102000
19.01680025,-12.20472000
19.01760025,-11.41732000
19.01840025,-10.62992000
19.01920025,-9.84251900
19.02000025,-9.05511800
19.02080025,-8.66141700
19.02160025,-8.26771600
19.02240025,-8.66141700
19.02320025,-8.66141700
19.02400025,-8.66141700
19.02480025,-9.44881800
19.02560025,-10.23622000
19.02640025,-9.05511800
19.02720025,-9.05511800
19.02800025,-7.08661400
19.02880025,-5.90551100
19.02960025,-5.11811000
19.03040025,-4.72440900
19.03120025,-3.93700800
19.03200025,-3.14960600
19.03280025,-2.36220500
19.03360025,-1.57480300
19.03440025,-2.75590500
19.03520025,-3.14960600
19.03600025,-2.75590500
19.03680025,-1.57480300
19.03760025,0.00000000
19.03840025,1.96850400
19.03920025,3.14960600
19.04000025,3.54330700
19.04080025,4.33070900
19.04160025,4.72440900
19.04240025,5.90551100
19.04320025,7.08661400
19.04400025,7.08661400
19.04480025,7.48031400
19.04560025,7.48031400
19.04640025,7.87401500
19.04720025,7.87401500
19.04800025,9.05511800
19.04880025,10.23622000
19.04960025,11.02362000
19.05040025,11.02362000
19.05120025,10.62992000
19.05200025,10.62992000
19.05280025,10.62992000
19.05360025,10.62992000
19.05440025,11.02362000
19.05520025,10.62992000
19.05600025,9.44881800
19.05680025,8.66141700
19.05760025,8.26771600
19.05840025,8.26771600
19.05920025,7.87401500
19.06000025,8.26771600
19.06080025,7.08661400
19.06160025,6.69291300
19.06240025,5.90551100
19.06320025,5.51181100
19.06400025,5.90551100
19.06480025,5.90551100
19.06560025,5.51181100
19.06640025,3.54330700
19.06720025,2.75590500
19.06800025,1.96850400
19.06880025,0.39370070
19.06960025,-0.39370070
19.07040025,-1.57480300
19.07120025,-3.14960600
19.07200025,-3.93700800
19.07280025,-5.11811000
19.07360025,-5.51181100
19.07440025,-5.11811000
19.07520025,-4.33070900
19.07600025,-4.33070900
19.07680025,-4.33070900
19.07760025,-4.72440900
19.07840025,-6.69291300
19.07920025,-7.08661400
19.08000025,-7.87401500
19.08080025,-8.66141700
19.08160025,-9.44881800
19.08240025,-10.62992000
19.08320025,-11.02362000
19.08400025,-11.02362000
19.08480025,-10.62992000
19.08560025,-9.84251900
19.08640025,-9.84251900
19.08720025,-9.84251900
19.08800025,-10.23622000
19.08880025,-9.44881800
19.08960025,-8.26771600
19.09040025,-7.48031400
19.09120025,-6.69291300
19.09200025,-6.69291300
19.09280025,-7.48031400
19.09360025,-7.08661400
19.09440025,-6.29921200
19.09520025,-4.72440900
19.09600025,-3.54330700
19.09680025,-2.75590500
19.09760025,-2.36220500
19.09840025,-1.96850400
19.09920026,-1.96850400
19.10000026,-0.78740150
19.10080026,0.39370070
19.10160026,1.18110200
19.10240026,1.96850400
19.10320026,1.57480300
19.10400026,1.57480300
19.10480026,2.36220500
19.10560026,3.54330700
19.10640026,4.33070900
19.10720026,5.11811000
19.10800026,5.11811000
19.10880026,3.93700800
19.10960026,3.93700800
19.11040026,4.33070900
19.11120026,5.51181100
19.11200026,6.29921200
19.11280026,6.29921200
19.11360026,5.51181100
19.11440026,4.72440900
19.11520026,4.72440900
19.11600026,5.51181100
19.11680026,7.08661400
19.11760026,7.48031400
19.11840026,7.08661400
19.11920026,6.29921200
19.12000026,5.90551100
19.12080026,6.29921200
19.12160026,6.69291300
19.12240026,7.08661400
19.12320026,6.29921200
19.12400026,4.72440900
19.12480026,3.54330700
19.12560026,2.36220500
19.12640026,2.36220500
19.12720026,3.14960600
19.12800026,4.33070900
19.12880026,4.33070900
19.12960026,3.93700800
19.13040026,3.14960600
19.13120026,3.14960600
19.13200026,3.54330700
19.13280026,4.33070900
19.13360026,3.93700800
19.13440026,2.75590500
19.13520026,0.78740150
19.13600026,-0.39370070
19.13680026,-0.78740150
19.13760026,-0.39370070
19.13840026,0.39370070
19.13920026,0.78740150
19.14000026,0.00000000
19.14080026,0.00000000
19.14160026,0.00000000
19.14240026,-0.39370070
19.14320026,-0.78740150
19.14400026,-1.96850400
19.14480026,-3.14960600
19.14560026,-4.33070900
19.14640026,-4.33070900
19.14720026,-4.33070900
19.14800026,-3.54330700
19.14880026,-2.36220500
19.14960026,-1.96850400
19.15040026,-1.57480300
19.15120026,-0.78740150
19.15200026,-1.57480300
19.15280026,-1.96850400
19.15360026,-3.14960600
19.15440026,-4.72440900
19.15520026,-6.29921200
19.15600026,-7.08661400
19.15680026,-7.08661400
19.15760026,-6.29921200
19.15840026,-5.51181100
19.15920026,-4.33070900
19.16000026,-3.54330700
19.16080026,-2.75590500
19.16160026,-2.36220500
19.16240026,-1.96850400
19.16320026,-1.57480300
19.16400026,-2.75590500
19.16480026,-3.93700800
19.16560026,-5.51181100
19.16640026,-6.29921200
19.16720026,-6.29921200
19.16800026,-4.72440900
19.16880026,-3.54330700
19.16960026,-2.75590500
19.17040026,-3.14960600
19.17120026,-2.36220500
19.17200026,-2.36220500
19.17280026,-1.18110200
19.17360026,0.00000000
19.17440026,0.00000000
19.17520026,-1.18110200
19.17600026,-1.96850400
19.17680026,-2.36220500
19.17760026,-1.57480300
19.17840026,-0.39370070
19.17920026,0.39370070
19.18000026,1.18110200
19.18080026,1.18110200
19.18160026,0.78740150
19.18240026,1.18110200
19.18320026,1.96850400
19.18400026,3.54330700
19.18480026,3.93700800
19.18560026,3.54330700
19.18640026,1.96850400
19.18720026,1.57480300
19.18800026,1.18110200
19.18880026,1.57480300
19.18960026,3.54330700
19.19040026,4.33070900
19.19120026,4.72440900
19.19200026,5.11811000
19.19280026,5.11811000
19.19360026,5.11811000
19.19440026,6.69291300
19.19520026,6.29921200
19.19600026,5.51181100
19.19680026,4.33070900
19.19760026,2.36220500
19.19840026,1.57480300
19.19920026,1.18110200
19.20000026,1.18110200
19.20080026,1.57480300
19.20160026,1.57480300
19.20240026,1.96850400
19.20320026,2.36220500
19.20400026,2.75590500
19.20480026,3.54330700
19.20560026,4.33070900
19.20640026,4.33070900
19.20720026,3.93700800
19.20800026,2.36220500
19.20880026,0.78740150
19.20960026,-0.39370070
19.21040026,-0.39370070
19.21120026,0.39370070
19.21200026,1.18110200
19.21280026,1.57480300
19.21360026,1.96850400
19.21440026,1.57480300
19.21520026,1.96850400
19.21600026,3.14960600
19.21680026,3.14960600
19.21760026,2.75590500
19.21840026,1.57480300
19.21920026,0.00000000
19.22000026,-1.57480300
19.22080026,-1.96850400
19.22160026,-1.96850400
19.22240026,-1.18110200
19.22320026,-0.78740150
19.22400026,-0.39370070
19.22480026,-0.39370070
19.22560026,0.00000000
19.22640026,-0.39370070
19.22720026,-0.39370070
19.22800026,-0.78740150
19.22880026,-1.57480300
19.22960026,-1.96850400
19.23040026,-2.75590500
19.23120026,-3.54330700
19.23200026,-3.93700800
19.23280026,-3.14960600
19.23360026,-2.36220500
19.23440026,-2.36220500
19.23520026,-2.36220500
19.23600026,-2.75590500
19.23680026,-2.75590500
19.23760026,-3.14960600
19.23840026,-2.75590500
19.23920026,-3.54330700
19.24000026,-3.14960600
19.24080026,-3.93700800
19.24160026,-5.51181100
19.24240026,-5.51181100
19.24320026,-5.51181100
19.24400026,-5.11811000
19.24480026,-4.72440900
19.24560026,-4.33070900
19.24640026,-4.33070900
19.24720026,-3.93700800
19.24800026,-3.93700800
19.24880026,-3.93700800
19.24960026,-3.54330700
19.25040026,-2.36220500
19.25120026,-1.96850400
19.25200026,-1.57480300
19.25280026,-1.96850400
19.25360026,-2.36220500
19.25440026,-3.54330700
19.25520026,-3.93700800
19.25600026,-4.72440900
19.25680026,-3.93700800
19.25760026,-3.54330700
19.25840026,-2.75590500
19.25920026,-1.57480300
19.26000026,0.00000000
19.26080026,1.57480300
19.26160026,3.14960600
19.26240026,4.33070900
19.26320026,3.93700800
19.26400026,3.93700800
19.26480026,3.54330700
19.26560026,3.14960600
19.26640026,2.75590500
19.26720026,3.54330700
19.26800026,4.33070900
19.26880026,5.90551100
19.26960026,6.69291300
19.27040026,6.69291300
19.27120026,7.48031400
19.27200026,8.26771600
19.27280026,8.66141700
19.27360026,9.05511800
19.27440026,8.26771600
19.27520026,7.08661400
19.27600026,4.72440900
19.27680026,4.33070900
19.27760026,3.93700800
19.27840026,4.72440900
19.27920026,5.90551100
19.28000026,6.69291300
19.28080026,6.69291300
19.28160026,6.69291300
19.28240026,6.29921200
19.28320026,5.90551100
19.28400026,5.51181100
19.28480026,5.11811000
19.28560026,4.33070900
19.28640026,2.75590500
19.28720026,1.57480300
19.28800026,1.18110200
19.28880026,1.57480300
19.28960026,2.36220500
19.29040026,3.54330700
19.29120026,3.54330700
19.29200026,1.96850400
19.29280026,0.00000000
19.29360026,-1.96850400
19.29440026,-2.75590500
19.29520026,-2.75590500
19.29600026,-2.36220500
19.29680026,-3.14960600
19.29760026,-4.72440900
19.29840026,-5.51181100
19.29920026,-6.29921200
19.30000026,-5.11811000
19.30080026,-3.93700800
19.30160026,-3.93700800
19.30240026,-4.72440900
19.30320026,-6.29921200
19.30400026,-7.87401500
19.30480026,-8.26771600
19.30560026,-7.87401500
19.30640026,-7.48031400
19.30720026,-6.69291300
19.30800026,-6.29921200
19.30880026,-7.08661400
19.30960026,-7.08661400
19.31040026,-7.08661400
19.31120026,-6.29921200
19.31200026,-6.29921200
19.31280026,-7.48031400
19.31360026,-8.66141700
19.31440026,-9.44881800
19.31520026,-9.44881800
19.31600026,-8.26771600
19.31680026,-6.29921200
19.31760026,-4.72440900
19.31840026,-3.54330700
19.31920026,-3.54330700
19.32000026,-3.93700800
19.32080026,-4.33070900
19.32160026,-3.14960600
19.32240026,-2.36220500
19.32320026,-1.57480300
19.32400026,-1.18110200
19.32480026,-1.18110200
19.32560026,-1.18110200
19.32640026,-0.78740150
19.32720026,0.39370070
19.32800026,1.57480300
19.32880026,3.14960600
19.32960026,3.54330700
19.33040026,3.54330700
19.33120026,3.54330700
19.33200026,2.75590500
19.33280026,3.14960600
19.33360026,3.93700800
19.33440026,4.33070900
19.33520026,4.72440900
19.33600026,5.11811000
19.33680026,5.51181100
19.33760026,6.29921200
19.33840026,7.48031400
19.33920026,7.87401500
19.34000026,7.87401500
19.34080026,7.87401500
19.34160026,8.26771600
19.34240026,8.26771600
19.34320026,8.66141700
19.34400026,8.66141700
19.34480026,8.66141700
19.34560026,9.05511800
19.34640026,8.66141700
19.34720026,8.66141700
19.34800026,8.26771600
19.34880026,8.26771600
19.34960026,7.87401500
19.35040026,7.08661400
19.35120026,7.08661400
19.35200026,6.69291300
19.35280026,6.29921200
19.35360026,5.90551100
19.35440026,5.51181100
19.35520026,5.11811000
19.35600026,4.72440900
19.35680026,3.93700800
19.35760026,3.54330700
19.35840026,3.14960600
19.35920026,2.75590500
19.36000026,1.96850400
19.36080026,1.57480300
19.36160026,1.57480300
19.36240026,1.18110200
19.36320026,1.57480300
19.36400026,0.39370070
19.36480026,0.00000000
19.36560026,-1.57480300
19.36640026,-3.14960600
19.36720026,-4.33070900
19.36800026,-4.33070900
19.36880026,-5.11811000
19.36960026,-5.90551100
19.37040026,-7.08661400
19.37120026,-7.48031400
19.37200026,-7.87401500
19.37280026,-7.87401500
19.37360026,-7.08661400
19.37440026,-6.69291300
19.37520026,-7.08661400
19.37600026,-8.66141700
19.37680026,-10.23622000
19.37760026,-10.62992000
19.37840026,-10.23622000
19.37920026,-9.84251900
19.38000026,-9.44881800
19.38080026,-9.44881800
19.38160026,-9.84251900
19.38240026,-9.05511800
19.38320026,-8.26771600
19.38400026,-7.08661400
19.38480026,-6.69291300
19.38560026,-7.48031400
19.38640026,-8.26771600
19.38720026,-9.05511800
19.38800026,-9.05511800
19.38880026,-7.87401500
19.38960026,-6.69291300
19.39040026,-5.90551100
19.39120026,-5.11811000
19.39200026,-5.11811000
19.39280026,-5.51181100
19.39360026,-4.33070900
19.39440026,-2.75590500
19.39520026,-1.57480300
19.39600026,-0.39370070
19.39680026,-0.78740150
19.39760026,-1.96850400
19.39840026,-2.36220500
19.39920026,-1.18110200
19.40000026,0.78740150
19.40080026,3.14960600
19.40160026,3.93700800
19.40240026,4.33070900
19.40320026,4.33070900
19.40400026,4.33070900
19.40480026,4.72440900
19.40560026,5.51181100
19.40640026,5.90551100
19.40720026,6.29921200
19.40800026,5.90551100
19.40880026,6.29921200
19.40960026,7.08661400
19.41040026,8.66141700
19.41120026,10.23622000
19.41200026,10.62992000
19.41280026,11.02362000
19.41360026,10.23622000
19.41440026,9.84251900
19.41520026,9.44881800
19.41600026,9.44881800
19.41680026,9.44881800
19.41760026,9.84251900
19.41840026,9.84251900
19.41920026,9.05511800
19.42000026,9.05511800
19.42080026,9.84251900
19.42160026,10.23622000
19.42240026,10.62992000
19.42320026,10.23622000
19.42400026,8.66141700
19.42480026,7.48031400
19.42560026,6.69291300
19.42640026,5.51181100
19.42720026,4.72440900
19.42800026,4.33070900
19.42880026,3.93700800
19.42960026,2.75590500
19.43040026,3.14960600
19.43120026,3.54330700
19.43200026,3.54330700
19.43280026,3.54330700
19.43360026,2.75590500
19.43440026,1.96850400
19.43520026,0.39370070
19.43600026,-0.78740150
19.43680026,-1.96850400
19.43760026,-2.36220500
19.43840026,-2.75590500
19.43920026,-3.54330700
19.44000026,-3.54330700
19.44080026,-3.54330700
19.44160026,-3.54330700
19.44240026,-3.54330700
19.44320026,-4.33070900
19.44400026,-4.72440900
19.44480026,-5.90551100
19.44560026,-6.69291300
19.44640026,-7.87401500
19.44720026,-8.66141700
19.44800026,-9.44881800
19.44880026,-11.02362000
19.44960026,-11.41732000
19.45040026,-11.41732000
19.45120026,-10.62992000
19.45200026,-9.84251900
19.45280026,-9.44881800
19.45360026,-9.84251900
19.45440026,-10.62992000
19.45520026,-11.02362000
19.45600026,-10.62992000
19.45680026,-10.23622000
19.45760026,-10.23622000
19.45840026,-11.02362000
19.45920026,-11.81102000
19.46000026,-11.81102000
19.46080026,-11.02362000
19.46160026,-9.44881800
19.46240026,-8.26771600
19.46320026,-7.08661400
19.46400026,-6.29921200
19.46480026,-6.29921200
19.46560026,-5.90551100
19.46640026,-5.11811000
19.46720026,-4.33070900
19.46800026,-3.54330700
19.46880026,-3.14960600
19.46960026,-3.14960600
19.47040026,-3.54330700
19.47120026,-2.75590500
19.47200026,-1.18110200
19.47280026,1.18110200
19.47360026,3.54330700
19.47440026,4.72440900
19.47520026,5.11811000
19.47600026,5.90551100
19.47680026,6.29921200
19.47760026,6.29921200
19.47840026,7.08661400
19.47920026,7.48031400
19.48000026,7.48031400
19.48080026,7.08661400
19.48160026,7.48031400
19.48240026,8.26771600
19.48320026,9.84251900
19.48400026,11.41732000
19.48480026,12.20472000
19.48560026,12.20472000
19.48640026,11.02362000
19.48720026,10.62992000
19.48800026,10.23622000
19.48880026,10.62992000
19.48960026,11.41732000
19.49040026,11.02362000
19.49120026,11.02362000
19.49200026,11.02362000
19.49280026,11.41732000
19.49360026,11.81102000
19.49440026,12.20472000
19.49520026,12.59842000
19.49600026,11.81102000
19.49680026,9.84251900
19.49760026,8.26771600
19.49840026,7.08661400
19.49920026,6.29921200
19.50000026,7.08661400
19.50080026,7.08661400
19.50160026,6.69291300
19.50240026,5.90551100
19.50320026,5.51181100
19.50400026,4.72440900
19.50480026,4.33070900
19.50560026,2.75590500
19.50640026,1.96850400
19.50720026,0.00000000
19.50800026,-2.36220500
19.50880026,-4.33070900
19.50960026,-5.11811000
19.51040026,-5.51181100
19.51120026,-5.11811000
19.51200026,-4.72440900
19.51280026,-5.11811000
19.51360026,-5.51181100
19.51440026,-5.90551100
19.51520026,-7.08661400
19.51600026,-8.26771600
19.51680026,-9.05511800
19.51760026,-10.23622000
19.51840026,-11.02362000
19.51920026,-11.41732000
19.52000026,-12.20472000
19.52080026,-12.20472000
19.52160026,-11.02362000
19.52240026,-10.23622000
19.52320026,-9.05511800
19.52400026,-9.84251900
19.52480026,-10.23622000
19.52560026,-10.62992000
19.52640026,-11.02362000
19.52720026,-11.02362000
19.52800026,-11.41732000
19.52880026,-11.81102000
19.52960026,-11.02362000
19.53040026,-10.62992000
19.53120026,-9.05511800
19.53200026,-8.26771600
19.53280026,-7.48031400
19.53360026,-6.29921200
19.53440026,-5.51181100
19.53520026,-5.11811000
19.53600026,-4.72440900
19.53680026,-5.11811000
19.53760026,-4.72440900
19.53840026,-4.33070900
19.53920026,-3.14960600
19.54000026,-2.75590500
19.54080026,-1.57480300
19.54160026,-0.78740150
19.54240026,0.00000000
19.54320026,0.78740150
19.54400026,1.96850400
19.54480026,3.14960600
19.54560026,3.93700800
19.54640026,4.33070900
19.54720026,4.72440900
19.54800026,5.51181100
19.54880026,5.90551100
19.54960026,6.69291300
19.55040026,6.69291300
19.55120026,7.48031400
19.55200026,7.87401500
19.55280026,8.66141700
19.55360026,8.26771600
19.55440026,9.05511800
19.55520026,9.84251900
19.55600026,10.62992000
19.55680026,11.81102000
19.55760026,12.59842000
19.55840026,11.81102000
19.55920026,11.41732000
19.56000026,11.02362000
19.56080026,9.84251900
19.56160026,9.84251900
19.56240026,9.44881800
19.56320026,8.26771600
19.56400026,7.48031400
19.56480026,6.69291300
19.56560026,6.69291300
19.56640026,7.08661400
19.56720026,8.26771600
19.56800026,8.26771600
19.56880026,8.66141700
19.56960026,7.48031400
19.57040026,6.69291300
19.57120026,4.72440900
19.57200026,3.14960600
19.57280026,1.96850400
19.57360026,0.78740150
19.57440026,0.39370070
19.57520026,-0.78740150
19.57600026,-1.18110200
19.57680026,-1.18110200
19.57760026,-0.39370070
19.57840026,0.39370070
19.57920026,0.00000000
19.58000026,-0.78740150
19.58080026,-2.75590500
19.58160026,-4.33070900
19.58240026,-6.29921200
19.58320026,-7.87401500
19.58400026,-8.26771600
19.58480026,-8.26771600
19.58560026,-8.26771600
19.58640026,-7.87401500
19.58720026,-7.48031400
19.58800026,-6.69291300
19.58880026,-5.90551100
19.58960026,-5.51181100
19.59040026,-5.90551100
19.59120026,-7.08661400
19.59200026,-8.26771600
19.59280026,-9.84251900
19.59360026,-10.23622000
19.59440026,-9.84251900
19.59520026,-8.66141700
19.59600026,-7.48031400
19.59680026,-7.48031400
19.59760026,-7.48031400
19.59840026,-7.08661400
19.59920026,-6.29921200
19.60000026,-5.51181100
19.60080026,-4.33070900
19.60160026,-4.33070900
19.60240026,-5.11811000
19.60320026,-5.90551100
19.60400026,-5.90551100
19.60480026,-5.90551100
19.60560026,-4.72440900
19.60640026,-3.54330700
19.60720026,-2.36220500
19.60800026,-1.96850400
19.60880026,-1.57480300
19.60960026,0.00000000
19.61040026,0.78740150
19.61120026,1.57480300
19.61200026,2.75590500
19.61280026,2.75590500
19.61360026,2.36220500
19.61440026,2.75590500
19.61520026,2.75590500
19.61600026,2.75590500
19.61680026,3.14960600
19.61760026,3.54330700
19.61840026,3.14960600
19.61920026,3.54330700
19.62000026,3.93700800
19.62080026,4.72440900
19.62160026,5.90551100
19.62240026,7.08661400
19.62320026,7.48031400
19.62400026,7.08661400
19.62480026,7.08661400
19.62560026,6.29921200
19.62640026,5.90551100
19.62720026,5.11811000
19.62800026,4.72440900
19.62880026,4.72440900
19.62960026,4.33070900
19.63040026,4.33070900
19.63120026,4.72440900
19.63200026,5.90551100
19.63280026,6.69291300
19.63360026,6.29921200
19.63440026,6.69291300
19.63520026,5.51181100
19.63600026,4.72440900
19.63680026,3.54330700
19.63760026,3.54330700
19.63840026,1.96850400
19.63920026,1.96850400
19.64000026,1.57480300
19.64080026,2.36220500
19.64160026,3.14960600
19.64240026,3.54330700
19.64320026,3.54330700
19.64400026,3.14960600
19.64480026,2.75590500
19.64560026,1.57480300
19.64640026,1.18110200
19.64720026,-0.39370070
19.64800026,-1.18110200
19.64880026,-1.57480300
19.64960026,-1.96850400
19.65040026,-1.57480300
19.65120026,-0.39370070
19.65200026,0.00000000
19.65280026,0.78740150
19.65360026,1.57480300
19.65440026,0.39370070
19.65520026,-1.57480300
19.65600026,-3.54330700
19.65680026,-5.11811000
19.65760026,-5.90551100
19.65840026,-6.69291300
19.65920026,-6.29921200
19.66000026,-5.11811000
19.66080026,-3.14960600
19.66160026,-1.57480300
19.66240026,-0.39370070
19.66320026,1.18110200
19.66400026,0.39370070
19.66480026,0.00000000
19.66560026,-1.96850400
19.66640026,-4.33070900
19.66720026,-5.90551100
19.66800026,-6.69291300
19.66880026,-7.48031400
19.66960026,-7.08661400
19.67040026,-7.08661400
19.67120026,-4.72440900
19.67200026,-3.93700800
19.67280026,-1.96850400
19.67360026,-1.18110200
19.67440026,-0.78740150
19.67520026,-0.78740150
19.67600026,-1.57480300
19.67680026,-1.96850400
19.67760026,-2.36220500
19.67840026,-2.36220500
19.67920026,-2.36220500
19.68000026,-3.14960600
19.68080026,-3.54330700
19.68160026,-4.33070900
19.68240026,-3.54330700
19.68320026,-1.96850400
19.68400026,0.00000000
19.68480026,0.78740150
19.68560026,1.57480300
19.68640026,0.78740150
19.68720026,0.39370070
19.68800026,-0.78740150
19.68880026,-1.18110200
19.68960026,-0.39370070
19.69040026,0.00000000
19.69120026,0.78740150
19.69200026,1.18110200
19.69280026,0.78740150
19.69360026,0.39370070
19.69440026,0.39370070
19.69520026,0.39370070
19.69600026,-0.39370070
19.69680026,0.39370070
19.69760026,0.39370070
19.69840026,1.57480300
19.69920026,3.14960600
19.70000026,4.33070900
19.70080026,5.11811000
19.70160026,4.72440900
19.70240026,4.33070900
19.70320026,3.14960600
19.70400026,2.36220500
19.70480026,1.96850400
19.70560026,1.96850400
19.70640026,1.96850400
19.70720026,2.36220500
19.70800026,1.96850400
19.70880026,2.75590500
19.70960026,3.14960600
19.71040026,3.93700800
19.71120026,5.11811000
19.71200026,5.11811000
19.71280026,4.33070900
19.71360026,3.54330700
19.71440026,3.54330700
19.71520026,3.14960600
19.71600026,3.14960600
19.71680026,2.75590500
19.71760026,1.96850400
19.71840026,1.96850400
19.71920026,1.57480300
19.72000026,1.96850400
19.72080026,2.75590500
19.72160026,3.54330700
19.72240026,3.54330700
19.72320026,3.54330700
19.72400026,2.75590500
19.72480026,2.75590500
19.72560026,2.75590500
19.72640026,2.36220500
19.72720026,1.57480300
19.72800026,0.39370070
19.72880026,-0.78740150
19.72960026,-1.57480300
19.73040026,-1.57480300
19.73120026,-1.96850400
19.73200026,-1.57480300
19.73280026,-1.57480300
19.73360026,-1.57480300
19.73440026,-1.96850400
19.73520026,-2.36220500
19.73600026,-1.96850400
19.73680026,-1.57480300
19.73760026,-2.36220500
19.73840026,-3.14960600
19.73920026,-4.72440900
19.74000026,-5.51181100
19.74080026,-6.29921200
19.74160026,-5.51181100
19.74240026,-4.72440900
19.74320026,-4.33070900
19.74400026,-3.93700800
19.74480026,-3.14960600
19.74560026,-2.36220500
19.74640026,-1.96850400
19.74720026,-1.18110200
19.74800026,-1.57480300
19.74880026,-1.57480300
19.74960026,-2.36220500
19.75040026,-3.14960600
19.75120026,-4.33070900
19.75200026,-4.33070900
19.75280026,-4.33070900
19.75360026,-5.11811000
19.75440026,-4.33070900
19.75520026,-2.75590500
19.75600026,-2.36220500
19.75680026,-1.18110200
19.75760026,-0.39370070
19.75840026,0.00000000
19.75920026,0.39370070
19.76000026,-0.39370070
19.76080026,-1.18110200
19.76160026,-1.57480300
19.76240026,-1.57480300
19.76320026,-1.18110200
19.76400026,-0.78740150
19.76480026,0.00000000
19.76560026,0.39370070
19.76640026,1.18110200
19.76720026,1.57480300
19.76800026,3.14960600
19.76880026,3.93700800
19.76960026,4.33070900
19.77040026,5.11811000
19.77120026,5.90551100
19.77200026,6.29921200
19.77280026,5.90551100
19.77360026,5.11811000
19.77440026,4.33070900
19.77520026,3.14960600
19.77600026,2.36220500
19.77680026,1.57480300
19.77760026,1.18110200
19.77840026,0.78740150
19.77920026,1.18110200
19.78000026,1.18110200
19.78080026,1.96850400
19.78160026,2.36220500
19.78240026,3.14960600
19.78320026,3.14960600
19.78400026,2.75590500
19.78480026,1.57480300
19.78560026,0.78740150
19.78640026,-0.39370070
19.78720026,-1.57480300
19.78800026,-1.96850400
19.78880026,-1.96850400
19.78960026,-1.96850400
19.79040026,-1.57480300
19.79120026,-0.78740150
19.79200026,0.39370070
19.79280026,1.57480300
19.79360026,2.36220500
19.79440026,2.36220500
19.79520026,1.96850400
19.79600026,0.78740150
19.79680026,-0.78740150
19.79760026,-0.78740150
19.79840026,-0.78740150
19.79920026,-0.78740150
19.80000026,-0.78740150
19.80080026,-0.78740150
19.80160026,-1.18110200
19.80240026,-1.18110200
19.80320026,-0.78740150
19.80400026,-0.39370070
19.80480026,0.00000000
19.80560026,-0.39370070
19.80640026,-1.18110200
19.80720026,-1.18110200
19.80800026,-1.18110200
19.80880026,-0.39370070
19.80960026,1.18110200
19.81040026,1.96850400
19.81120026,2.36220500
19.81200026,2.36220500
19.81280026,1.96850400
19.81360026,1.57480300
19.81440026,1.96850400
19.81520026,2.75590500
19.81600026,2.36220500
19.81680026,1.96850400
19.81760026,1.18110200
19.81840026,1.18110200
19.81920026,1.57480300
19.82000026,2.36220500
19.82080026,3.93700800
19.82160026,4.33070900
19.82240026,3.54330700
19.82320026,3.14960600
19.82400026,1.57480300
19.82480026,0.39370070
19.82560026,0.00000000
19.82640026,0.00000000
19.82720026,-0.39370070
19.82800026,-0.39370070
19.82880026,-1.18110200
19.82960026,-1.18110200
19.83040026,-1.18110200
19.83120026,-1.18110200
19.83200026,-0.78740150
19.83280026,-1.18110200
19.83360026,-1.57480300
19.83440026,-2.75590500
19.83520026,-3.54330700
19.83600026,-3.54330700
19.83680026,-2.75590500
19.83760026,-1.57480300
19.83840026,-0.39370070
19.83920026,0.00000000
19.84000026,-0.78740150
19.84080026,-0.78740150
19.84160026,-1.18110200
19.84240026,-1.57480300
19.84320026,-1.96850400
19.84400026,-3.14960600
19.84480026,-4.33070900
19.84560026,-4.72440900
19.84640026,-5.11811000
19.84720026,-4.33070900
19.84800026,-3.14960600
19.84880027,-1.96850400
19.84960027,-0.78740150
19.85040027,-0.78740150
19.85120027,-1.18110200
19.85200027,-1.96850400
19.85280027,-2.75590500
19.85360027,-3.54330700
19.85440027,-3.93700800
19.85520027,-4.72440900
19.85600027,-5.51181100
19.85680027,-5.90551100
19.85760027,-5.51181100
19.85840027,-3.93700800
19.85920027,-1.96850400
19.86000027,-0.39370070
19.86080027,0.78740150
19.86160027,1.18110200
19.86240027,1.18110200
19.86320027,1.18110200
19.86400027,1.18110200
19.86480027,1.57480300
19.86560027,1.57480300
19.86640027,1.57480300
19.86720027,0.78740150
19.86800027,0.00000000
19.86880027,0.78740150
19.86960027,1.18110200
19.87040027,2.36220500
19.87120027,3.14960600
19.87200027,2.75590500
19.87280027,2.36220500
19.87360027,2.75590500
19.87440027,3.54330700
19.87520027,4.33070900
19.87600027,5.51181100
19.87680027,6.29921200
19.87760027,5.51181100
19.87840027,4.33070900
19.87920027,2.75590500
19.88000027,1.57480300
19.88080027,1.18110200
19.88160027,1.96850400
19.88240027,3.93700800
19.88320027,5.11811000
19.88400027,5.90551100
19.88480027,6.29921200
19.88560027,6.29921200
19.88640027,5.51181100
19.88720027,5.51181100
19.88800027,4.72440900
19.88880027,4.72440900
19.88960027,4.33070900
19.89040027,3.54330700
19.89120027,3.54330700
19.89200027,3.54330700
19.89280027,3.54330700
19.89360027,4.33070900
19.89440027,4.33070900
19.89520027,4.33070900
19.89600027,3.54330700
19.89680027,1.96850400
19.89760027,0.39370070
19.89840027,-0.39370070
19.89920027,-1.18110200
19.90000027,-1.57480300
19.90080027,-2.36220500
19.90160027,-1.96850400
19.90240027,-2.75590500
19.90320027,-1.96850400
19.90400027,-1.18110200
19.90480027,0.00000000
19.90560027,-0.39370070
19.90640027,-1.57480300
19.90720027,-3.93700800
19.90800027,-7.08661400
19.90880027,-8.66141700
19.90960027,-9.05511800
19.91040027,-8.26771600
19.91120027,-6.69291300
19.91200027,-6.29921200
19.91280027,-6.29921200
19.91360027,-6.69291300
19.91440027,-6.69291300
19.91520027,-5.51181100
19.91600027,-3.93700800
19.91680027,-3.93700800
19.91760027,-5.11811000
19.91840027,-7.08661400
19.91920027,-8.26771600
19.92000027,-9.05511800
19.92080027,-8.66141700
19.92160027,-6.69291300
19.92240027,-5.11811000
19.92320027,-4.33070900
19.92400027,-4.33070900
19.92480027,-4.33070900
19.92560027,-3.54330700
19.92640027,-2.75590500
19.92720027,-1.96850400
19.92800027,-1.96850400
19.92880027,-2.36220500
19.92960027,-2.36220500
19.93040027,-1.96850400
19.93120027,-0.78740150
19.93200027,0.39370070
19.93280027,1.96850400
19.93360027,1.96850400
19.93440027,2.36220500
19.93520027,1.96850400
19.93600027,2.36220500
19.93680027,3.54330700
19.93760027,5.51181100
19.93840027,5.51181100
19.93920027,5.51181100
19.94000027,5.11811000
19.94080027,4.72440900
19.94160027,5.51181100
19.94240027,6.69291300
19.94320027,7.48031400
19.94400027,8.26771600
19.94480027,7.87401500
19.94560027,7.87401500
19.94640027,7.48031400
19.94720027,7.87401500
19.94800027,8.66141700
19.94880027,9.05511800
19.94960027,9.05511800
19.95040027,8.66141700
19.95120027,7.87401500
19.95200027,7.48031400
19.95280027,7.08661400
19.95360027,7.08661400
19.95440027,6.69291300
19.95520027,6.29921200
19.95600027,6.29921200
19.95680027,6.29921200
19.95760027,5.51181100
19.95840027,5.51181100
19.95920027,5.11811000
19.96000027,5.11811000
19.96080027,4.33070900
19.96160027,3.93700800
19.96240027,3.14960600
19.96320027,2.36220500
19.96400027,0.39370070
19.96480027,-0.39370070
19.96560027,-1.57480300
19.96640027,-1.96850400
19.96720027,-2.36220500
19.96800027,-2.36220500
19.96880027,-2.75590500
19.96960027,-3.14960600
19.97040027,-3.93700800
19.97120027,-4.72440900
19.97200027,-5.11811000
19.97280027,-5.51181100
19.97360027,-5.90551100
19.97440027,-7.08661400
19.97520027,-8.26771600
19.97600027,-9.05511800
19.97680027,-9.05511800
19.97760027,-9.44881800
19.97840027,-9.05511800
19.97920027,-9.05511800
19.98000027,-9.84251900
19.98080027,-10.62992000
19.98160027,-11.02362000
19.98240027,-10.62992000
19.98320027,-9.44881800
19.98400027,-8.26771600
19.98480027,-8.26771600
19.98560027,-8.66141700
19.98640027,-9.05511800
19.98720027,-8.66141700
19.98800027,-7.87401500
19.98880027,-7.48031400
19.98960027,-6.69291300
19.99040027,-7.08661400
19.99120027,-7.87401500
19.99200027,-7.48031400
19.99280027,-6.29921200
19.99360027,-3.93700800
19.99440027,-1.96850400
19.99520027,-0.39370070
19.99600027,0.00000000
19.99680027,0.00000000
19.99760027,0.00000000
19.99840027,0.39370070
19.99920027,1.18110200
20.00000027,2.75590500
20.00080027,1.96850400
20.00160027,1.96850400
20.00240027,2.36220500
20.00320027,3.14960600
20.00400027,5.11811000
20.00480027,7.87401500
20.00560027,9.84251900
20.00640027,10.23622000
20.00720027,9.44881800
20.00800027,8.66141700
20.00880027,8.66141700
20.00960027,9.44881800
20.01040027,10.23622000
20.01120027,9.84251900
20.01200027,10.23622000
20.01280027,9.44881800
20.01360027,10.23622000
20.01440027,11.02362000
20.01520027,12.59842000
20.01600027,13.38583000
20.01680027,13.77953000
20.01760027,12.59842000
20.01840027,11.41732000
20.01920027,10.23622000
20.02000027,8.26771600
20.02080027,7.87401500
20.02160027,7.08661400
20.02240027,6.69291300
20.02320027,5.90551100
20.02400027,5.90551100
20.02480027,5.51181100
20.02560027,6.29921200
20.02640027,7.08661400
20.02720027,6.29921200
20.02800027,5.11811000
20.02880027,3.14960600
20.02960027,1.96850400
20.03040027,-0.78740150
20.03120027,-1.96850400
20.03200027,-3.14960600
20.03280027,-3.93700800
20.03360027,-4.72440900
20.03440027,-5.11811000
20.03520027,-5.11811000
20.03600027,-5.11811000
20.03680027,-4.72440900
20.03760027,-5.51181100
20.03840027,-6.29921200
20.03920027,-7.87401500
20.04000027,-9.05511800
20.04080027,-10.62992000
20.04160027,-11.81102000
20.04240027,-12.99213000
20.04320027,-12.99213000
20.04400027,-12.99213000
20.04480027,-13.38583000
20.04560027,-12.20472000
20.04640027,-12.59842000
20.04720027,-11.81102000
20.04800027,-11.02362000
20.04880027,-11.02362000
20.04960027,-10.62992000
20.05040027,-9.84251900
20.05120027,-9.44881800
20.05200027,-9.44881800
20.05280027,-10.62992000
20.05360027,-10.62992000
20.05440027,-10.62992000
20.05520027,-9.44881800
20.05600027,-8.26771600
20.05680027,-7.48031400
20.05760027,-6.29921200
20.05840027,-6.29921200
20.05920027,-4.72440900
20.06000027,-3.54330700
20.06080027,-1.57480300
20.06160027,-0.78740150
20.06240027,0.00000000
20.06320027,-0.39370070
20.06400027,-0.39370070
20.06480027,-0.39370070
20.06560027,0.39370070
20.06640027,1.18110200
20.06720027,3.14960600
20.06800027,3.93700800
20.06880027,4.33070900
20.06960027,5.51181100
20.07040027,6.29921200
20.07120027,7.48031400
20.07200027,8.66141700
20.07280027,9.44881800
20.07360027,9.84251900
20.07440027,9.44881800
20.07520027,9.05511800
20.07600027,8.26771600
20.07680027,8.66141700
20.07760027,9.05511800
20.07840027,9.84251900
20.07920027,10.23622000
20.08000027,10.62992000
20.08080027,11.41732000
20.08160027,12.20472000
20.08240027,13.38583000
20.08320027,14.17323000
20.08400027,13.38583000
20.08480027,12.20472000
20.08560027,10.23622000
20.08640027,7.87401500
20.08720027,7.48031400
20.08800027,7.08661400
20.08880027,8.26771600
20.08960027,8.66141700
20.09040027,9.05511800
20.09120027,9.44881800
20.09200027,9.44881800
20.09280027,9.05511800
20.09360027,8.26771600
20.09440027,6.29921200
20.09520027,3.93700800
20.09600027,0.78740150
20.09680027,-1.18110200
20.09760027,-2.75590500
20.09840027,-2.75590500
20.09920027,-1.96850400
20.10000027,-1.57480300
20.10080027,-0.39370070
20.10160027,-0.39370070
20.10240027,-0.78740150
20.10320027,-1.57480300
20.10400027,-2.36220500
20.10480027,-3.14960600
20.10560027,-3.93700800
20.10640027,-5.51181100
20.10720027,-6.69291300
20.10800027,-7.87401500
20.10880027,-8.26771600
20.10960027,-9.05511800
20.11040027,-9.05511800
20.11120027,-9.44881800
20.11200027,-9.44881800
20.11280027,-10.23622000
20.11360027,-10.62992000
20.11440027,-10.62992000
20.11520027,-10.62992000
20.11600027,-10.23622000
20.11680027,-9.84251900
20.11760027,-9.84251900
20.11840027,-10.62992000
20.11920027,-11.41732000
20.12000027,-11.41732000
20.12080027,-12.20472000
20.12160027,-11.81102000
20.12240027,-11.41732000
20.12320027,-11.02362000
20.12400027,-10.62992000
20.12480027,-9.84251900
20.12560027,-9.05511800
20.12640027,-7.87401500
20.12720027,-5.90551100
20.12800027,-4.72440900
20.12880027,-3.93700800
20.12960027,-3.93700800
20.13040027,-4.33070900
20.13120027,-4.33070900
20.13200027,-4.72440900
20.13280027,-4.33070900
20.13360027,-3.54330700
20.13440027,-2.75590500
20.13520027,-2.36220500
20.13600027,-0.39370070
20.13680027,1.18110200
20.13760027,3.14960600
20.13840027,3.93700800
20.13920027,5.11811000
20.14000027,5.90551100
20.14080027,6.29921200
20.14160027,6.69291300
20.14240027,7.48031400
20.14320027,8.26771600
20.14400027,8.26771600
20.14480027,9.05511800
20.14560027,9.84251900
20.14640027,10.23622000
20.14720027,11.02362000
20.14800027,11.41732000
20.14880027,11.41732000
20.14960027,11.02362000
20.15040027,11.41732000
20.15120027,10.62992000
20.15200027,10.62992000
20.15280027,10.23622000
20.15360027,10.23622000
20.15440027,10.23622000
20.15520027,9.84251900
20.15600027,9.84251900
20.15680027,9.84251900
20.15760027,9.84251900
20.15840027,9.84251900
20.15920027,8.66141700
20.16000027,8.26771600
20.16080027,8.26771600
20.16160027,7.48031400
20.16240027,7.87401500
20.16320027,7.87401500
20.16400027,7.08661400
20.16480027,6.69291300
20.16560027,5.11811000
20.16640027,4.72440900
20.16720027,4.33070900
20.16800027,3.93700800
20.16880027,2.75590500
20.16960027,1.18110200
20.17040027,0.39370070
20.17120027,-0.39370070
20.17200027,-0.78740150
20.17280027,-0.78740150
20.17360027,-0.78740150
20.17440027,-2.36220500
20.17520027,-3.54330700
20.17600027,-5.51181100
20.17680027,-7.08661400
20.17760027,-6.69291300
20.17840027,-7.48031400
20.17920027,-7.87401500
20.18000027,-9.05511800
20.18080027,-9.05511800
20.18160027,-9.44881800
20.18240027,-8.66141700
20.18320027,-8.66141700
20.18400027,-8.26771600
20.18480027,-9.44881800
20.18560027,-10.23622000
20.18640027,-11.02362000
20.18720027,-11.81102000
20.18800027,-12.59842000
20.18880027,-11.81102000
20.18960027,-11.41732000
20.19040027,-11.41732000
20.19120027,-11.81102000
20.19200027,-11.41732000
20.19280027,-11.02362000
20.19360027,-9.84251900
20.19440027,-9.44881800
20.19520027,-9.05511800
20.19600027,-9.84251900
20.19680027,-10.62992000
20.19760027,-10.62992000
20.19840027,-9.44881800
20.19920027,-7.08661400
20.20000027,-5.51181100
20.20080027,-4.72440900
20.20160027,-4.33070900
20.20240027,-4.33070900
20.20320027,-3.54330700
20.20400027,-2.36220500
20.20480027,-1.18110200
20.20560027,-1.18110200
20.20640027,-0.78740150
20.20720027,-1.57480300
20.20800027,-1.57480300
20.20880027,-0.78740150
20.20960027,0.78740150
20.21040027,2.36220500
20.21120027,3.54330700
20.21200027,5.11811000
20.21280027,5.90551100
20.21360027,6.69291300
20.21440027,7.87401500
20.21520027,8.66141700
20.21600027,9.05511800
20.21680027,8.66141700
20.21760027,8.26771600
20.21840027,7.87401500
20.21920027,7.48031400
20.22000027,8.26771600
20.22080027,9.84251900
20.22160027,10.23622000
20.22240027,11.02362000
20.22320027,11.02362000
20.22400027,11.02362000
20.22480027,11.81102000
20.22560027,12.99213000
20.22640027,13.77953000
20.22720027,13.38583000
20.22800027,12.20472000
20.22880027,11.02362000
20.22960027,9.84251900
20.23040027,9.44881800
20.23120027,9.44881800
20.23200027,8.26771600
20.23280027,8.26771600
20.23360027,7.08661400
20.23440027,7.08661400
20.23520027,7.48031400
20.23600027,7.48031400
20.23680027,7.87401500
20.23760027,7.87401500
20.23840027,7.08661400
20.23920027,5.90551100
20.24000027,4.33070900
20.24080027,2.75590500
20.24160027,1.18110200
20.24240027,0.39370070
20.24320027,-0.39370070
20.24400027,-1.96850400
20.24480027,-1.57480300
20.24560027,-2.36220500
20.24640027,-1.57480300
20.24720027,-1.96850400
20.24800027,-3.14960600
20.24880027,-4.72440900
20.24960027,-5.51181100
20.25040027,-6.29921200
20.25120027,-6.69291300
20.25200027,-7.87401500
20.25280027,-9.05511800
20.25360027,-9.84251900
20.25440027,-10.23622000
20.25520027,-9.84251900
20.25600027,-9.05511800
20.25680027,-8.66141700
20.25760027,-9.05511800
20.25840027,-10.23622000
20.25920027,-10.62992000
20.26000027,-11.02362000
20.26080027,-10.62992000
20.26160027,-10.23622000
20.26240027,-10.62992000
20.26320027,-11.02362000
20.26400027,-11.02362000
20.26480027,-10.62992000
20.26560027,-9.84251900
20.26640027,-8.66141700
20.26720027,-7.87401500
20.26800027,-7.87401500
20.26880027,-9.05511800
20.26960027,-10.23622000
20.27040027,-10.62992000
20.27120027,-9.84251900
20.27200027,-9.05511800
20.27280027,-7.87401500
20.27360027,-6.69291300
20.27440027,-5.51181100
20.27520027,-5.11811000
20.27600027,-3.14960600
20.27680027,-1.18110200
20.27760027,0.39370070
20.27840027,1.96850400
20.27920027,1.18110200
20.28000027,0.00000000
20.28080027,-0.39370070
20.28160027,0.00000000
20.28240027,1.18110200
20.28320027,3.14960600
20.28400027,3.93700800
20.28480027,5.11811000
20.28560027,5.11811000
20.28640027,6.69291300
20.28720027,7.08661400
20.28800027,7.87401500
20.28880027,8.66141700
20.28960027,8.26771600
20.29040027,8.26771600
20.29120027,7.48031400
20.29200027,7.48031400
20.29280027,8.66141700
20.29360027,10.23622000
20.29440027,11.41732000
20.29520027,11.81102000
20.29600027,11.41732000
20.29680027,10.62992000
20.29760027,10.62992000
20.29840027,10.23622000
20.29920027,10.23622000
20.30000027,10.23622000
20.30080027,8.66141700
20.30160027,7.87401500
20.30240027,7.87401500
20.30320027,8.26771600
20.30400027,9.44881800
20.30480027,9.84251900
20.30560027,9.05511800
20.30640027,8.66141700
20.30720027,7.08661400
20.30800027,6.29921200
20.30880027,4.72440900
20.30960027,4.33070900
20.31040027,3.14960600
20.31120027,2.75590500
20.31200027,2.36220500
20.31280027,1.96850400
20.31360027,1.96850400
20.31440027,1.96850400
20.31520027,1.18110200
20.31600027,0.78740150
20.31680027,-0.39370070
20.31760027,-1.18110200
20.31840027,-1.96850400
20.31920027,-2.36220500
20.32000027,-2.75590500
20.32080027,-3.54330700
20.32160027,-3.93700800
20.32240027,-4.72440900
20.32320027,-5.51181100
20.32400027,-5.90551100
20.32480027,-7.08661400
20.32560027,-8.26771600
20.32640027,-9.05511800
20.32720027,-9.84251900
20.32800027,-10.23622000
20.32880027,-10.23622000
20.32960027,-9.05511800
20.33040027,-8.66141700
20.33120027,-8.66141700
20.33200027,-7.87401500
20.33280027,-7.87401500
20.33360027,-6.69291300
20.33440027,-6.29921200
20.33520027,-7.48031400
20.33600027,-8.66141700
20.33680027,-10.23622000
20.33760027,-10.62992000
20.33840027,-10.62992000
20.33920027,-9.05511800
20.34000027,-7.87401500
20.34080027,-5.90551100
20.34160027,-4.72440900
20.34240027,-3.93700800
20.34320027,-3.54330700
20.34400027,-2.75590500
20.34480027,-2.36220500
20.34560027,-1.96850400
20.34640027,-3.54330700
20.34720027,-4.72440900
20.34800027,-5.51181100
20.34880027,-5.11811000
20.34960027,-3.93700800
20.35040027,-1.57480300
20.35120027,0.78740150
20.35200027,2.36220500
20.35280027,2.75590500
20.35360027,3.54330700
20.35440027,2.75590500
20.35520027,3.14960600
20.35600027,3.14960600
20.35680027,2.75590500
20.35760027,2.75590500
20.35840027,1.96850400
20.35920027,2.36220500
20.36000027,3.14960600
20.36080027,4.72440900
20.36160027,6.29921200
20.36240027,7.08661400
20.36320027,8.26771600
20.36400027,7.48031400
20.36480027,7.08661400
20.36560027,6.29921200
20.36640027,6.69291300
20.36720027,6.29921200
20.36800027,5.90551100
20.36880027,5.51181100
20.36960027,5.51181100
20.37040027,5.90551100
20.37120027,7.08661400
20.37200027,7.87401500
20.37280027,8.66141700
20.37360027,9.44881800
20.37440027,8.66141700
20.37520027,7.08661400
20.37600027,5.90551100
20.37680027,5.11811000
20.37760027,4.72440900
20.37840027,3.54330700
20.37920027,3.14960600
20.38000027,2.36220500
20.38080027,1.96850400
20.38160027,1.96850400
20.38240027,2.75590500
20.38320027,3.54330700
20.38400027,3.54330700
20.38480027,3.54330700
20.38560027,2.75590500
20.38640027,1.96850400
20.38720027,1.57480300
20.38800027,1.18110200
20.38880027,0.39370070
20.38960027,-0.39370070
20.39040027,-1.57480300
20.39120027,-2.36220500
20.39200027,-3.14960600
20.39280027,-3.14960600
20.39360027,-1.57480300
20.39440027,-0.78740150
20.39520027,0.00000000
20.39600027,-0.39370070
20.39680027,-0.39370070
20.39760027,-1.18110200
20.39840027,-2.75590500
20.39920027,-3.54330700
20.40000027,-3.93700800
20.40080027,-4.72440900
20.40160027,-5.51181100
20.40240027,-5.90551100
20.40320027,-5.51181100
20.40400027,-4.72440900
20.40480027,-4.33070900
20.40560027,-3.93700800
20.40640027,-3.54330700
20.40720027,-4.33070900
20.40800027,-4.72440900
20.40880027,-5.90551100
20.40960027,-6.29921200
20.41040027,-7.08661400
20.41120027,-7.08661400
20.41200027,-7.08661400
20.41280027,-6.29921200
20.41360027,-5.51181100
20.41440027,-4.72440900
20.41520027,-4.33070900
20.41600027,-3.93700800
20.41680027,-4.33070900
20.41760027,-4.33070900
20.41840027,-4.33070900
20.41920027,-5.11811000
20.42000027,-6.29921200
20.42080027,-6.69291300
20.42160027,-5.90551100
20.42240027,-5.11811000
20.42320027,-3.54330700
20.42400027,-2.36220500
20.42480027,-0.78740150
20.42560027,0.00000000
20.42640027,0.39370070
20.42720027,0.39370070
20.42800027,0.39370070
20.42880027,0.00000000
20.42960027,0.00000000
20.43040027,0.00000000
20.43120027,-0.78740150
20.43200027,-0.39370070
20.43280027,0.39370070
20.43360027,1.57480300
20.43440027,3.14960600
20.43520027,4.33070900
20.43600027,4.72440900
20.43680027,5.11811000
20.43760027,4.72440900
20.43840027,4.72440900
20.43920027,4.33070900
20.44000027,5.11811000
20.44080027,5.11811000
20.44160027,4.72440900
20.44240027,5.11811000
20.44320027,5.11811000
20.44400027,5.90551100
20.44480027,6.69291300
20.44560027,7.48031400
20.44640027,8.26771600
20.44720027,7.48031400
20.44800027,7.08661400
20.44880027,6.69291300
20.44960027,5.90551100
20.45040027,6.69291300
20.45120027,6.69291300
20.45200027,6.29921200
20.45280027,5.90551100
20.45360027,5.51181100
20.45440027,5.51181100
20.45520027,5.90551100
20.45600027,7.08661400
20.45680027,7.08661400
20.45760027,7.08661400
20.45840027,5.11811000
20.45920027,2.36220500
20.46000027,1.57480300
20.46080027,1.57480300
20.46160027,2.36220500
20.46240027,2.36220500
20.46320027,1.57480300
20.46400027,0.78740150
20.46480027,0.00000000
20.46560027,0.39370070
20.46640027,0.78740150
20.46720027,1.18110200
20.46800027,-0.39370070
20.46880027,-1.57480300
20.46960027,-3.14960600
20.47040027,-4.72440900
20.47120027,-5.51181100
20.47200027,-5.90551100
20.47280027,-5.51181100
20.47360027,-5.90551100
20.47440027,-5.90551100
20.47520027,-5.90551100
20.47600027,-5.90551100
20.47680027,-5.51181100
20.47760027,-4.72440900
20.47840027,-5.51181100
20.47920027,-6.29921200
20.48000027,-7.48031400
20.48080027,-8.26771600
20.48160027,-9.05511800
20.48240027,-8.66141700
20.48320027,-7.48031400
20.48400027,-7.48031400
20.48480027,-6.69291300
20.48560027,-7.08661400
20.48640027,-7.08661400
20.48720027,-6.29921200
20.48800027,-5.90551100
20.48880027,-5.90551100
20.48960027,-5.90551100
20.49040027,-5.51181100
20.49120027,-6.29921200
20.49200027,-5.90551100
20.49280027,-5.11811000
20.49360027,-3.93700800
20.49440027,-3.54330700
20.49520027,-2.75590500
20.49600027,-2.75590500
20.49680027,-1.57480300
20.49760027,-1.18110200
20.49840027,-0.39370070
20.49920027,-0.39370070
20.50000027,-0.39370070
20.50080027,0.00000000
20.50160027,0.00000000
20.50240027,0.39370070
20.50320027,0.78740150
20.50400027,1.96850400
20.50480027,1.57480300
20.50560027,2.75590500
20.50640027,3.93700800
20.50720027,4.72440900
20.50800027,5.11811000
20.50880027,5.51181100
20.50960027,6.29921200
20.51040027,5.90551100
20.51120027,5.90551100
20.51200027,5.90551100
20.51280027,6.69291300
20.51360027,7.08661400
20.51440027,6.69291300
20.51520027,6.69291300
20.51600027,6.29921200
20.51680027,7.08661400
20.51760027,8.26771600
20.51840027,9.44881800
20.51920027,9.05511800
20.52000027,7.87401500
20.52080027,7.08661400
20.52160027,5.90551100
20.52240027,5.51181100
20.52320027,6.69291300
20.52400027,6.69291300
20.52480027,7.08661400
20.52560027,5.90551100
20.52640027,4.72440900
20.52720027,4.33070900
20.52800027,4.33070900
20.52880027,4.72440900
20.52960027,4.72440900
20.53040027,4.33070900
20.53120027,3.14960600
20.53200027,1.57480300
20.53280027,0.78740150
20.53360027,0.78740150
20.53440027,1.18110200
20.53520027,0.78740150
20.53600027,0.78740150
20.53680027,-0.39370070
20.53760027,-1.57480300
20.53840027,-1.18110200
20.53920027,-1.57480300
20.54000027,-1.96850400
20.54080027,-2.75590500
20.54160027,-4.33070900
20.54240027,-5.51181100
20.54320027,-6.29921200
20.54400027,-5.90551100
20.54480027,-5.51181100
20.54560027,-4.72440900
20.54640027,-4.33070900
20.54720027,-5.11811000
20.54800027,-5.90551100
20.54880027,-5.51181100
20.54960027,-5.90551100
20.55040027,-5.51181100
20.55120027,-5.11811000
20.55200027,-5.90551100
20.55280027,-7.08661400
20.55360027,-7.87401500
20.55440027,-7.48031400
20.55520027,-6.69291300
20.55600027,-5.90551100
20.55680027,-5.51181100
20.55760027,-5.90551100
20.55840027,-6.69291300
20.55920027,-6.69291300
20.56000027,-6.29921200
20.56080027,-5.11811000
20.56160027,-3.54330700
20.56240027,-3.14960600
20.56320027,-3.14960600
20.56400027,-2.75590500
20.56480027,-3.14960600
20.56560027,-3.14960600
20.56640027,-2.36220500
20.56720027,-1.96850400
20.56800027,-2.36220500
20.56880027,-1.57480300
20.56960027,-1.57480300
20.57040027,-0.78740150
20.57120027,0.00000000
20.57200027,1.18110200
20.57280027,1.96850400
20.57360027,2.36220500
20.57440027,2.36220500
20.57520027,2.36220500
20.57600027,2.75590500
20.57680027,1.96850400
20.57760027,1.18110200
20.57840027,1.57480300
20.57920027,1.57480300
20.58000027,2.75590500
20.58080027,3.93700800
20.58160027,4.72440900
20.58240027,5.11811000
20.58320027,5.90551100
20.58400027,5.51181100
20.58480027,5.11811000
20.58560027,4.72440900
20.58640027,4.72440900
20.58720027,4.33070900
20.58800027,4.33070900
20.58880027,3.93700800
20.58960027,3.93700800
20.59040027,4.33070900
20.59120027,4.72440900
20.59200027,5.51181100
20.59280027,6.29921200
20.59360027,6.29921200
20.59440027,5.90551100
20.59520027,5.11811000
20.59600027,5.11811000
20.59680027,3.93700800
20.59760028,3.14960600
20.59840028,2.36220500
20.59920028,1.57480300
20.60000028,1.57480300
20.60080028,2.75590500
20.60160028,3.93700800
20.60240028,4.33070900
20.60320028,4.72440900
20.60400028,3.93700800
20.60480028,2.75590500
20.60560028,1.57480300
20.60640028,1.96850400
20.60720028,1.18110200
20.60800028,1.57480300
20.60880028,1.18110200
20.60960028,0.00000000
20.61040028,-0.78740150
20.61120028,-1.18110200
20.61200028,-1.18110200
20.61280028,-0.39370070
20.61360028,-0.78740150
20.61440028,-0.39370070
20.61520028,-0.78740150
20.61600028,-1.96850400
20.61680028,-2.75590500
20.61760028,-2.36220500
20.61840028,-2.75590500
20.61920028,-3.54330700
20.62000028,-3.54330700
20.62080028,-3.93700800
20.62160028,-4.33070900
20.62240028,-3.93700800
20.62320028,-3.54330700
20.62400028,-3.14960600
20.62480028,-3.54330700
20.62560028,-4.72440900
20.62640028,-5.11811000
20.62720028,-5.11811000
20.62800028,-3.93700800
20.62880028,-3.54330700
20.62960028,-3.14960600
20.63040028,-3.54330700
20.63120028,-4.72440900
20.63200028,-5.11811000
20.63280028,-5.11811000
20.63360028,-4.33070900
20.63440028,-3.54330700
20.63520028,-3.14960600
20.63600028,-2.75590500
20.63680028,-3.14960600
20.63760028,-3.54330700
20.63840028,-3.54330700
20.63920028,-3.14960600
20.64000028,-2.36220500
20.64080028,-1.96850400
20.64160028,-2.75590500
20.64240028,-3.54330700
20.64320028,-3.14960600
20.64400028,-2.36220500
20.64480028,-1.18110200
20.64560028,-0.39370070
20.64640028,0.39370070
20.64720028,-0.39370070
20.64800028,-0.39370070
20.64880028,0.00000000
20.64960028,0.39370070
20.65040028,1.57480300
20.65120028,0.78740150
20.65200028,-0.39370070
20.65280028,-0.39370070
20.65360028,0.00000000
20.65440028,0.78740150
20.65520028,1.18110200
20.65600028,1.96850400
20.65680028,2.36220500
20.65760028,2.36220500
20.65840028,3.14960600
20.65920028,3.14960600
20.66000028,3.14960600
20.66080028,3.93700800
20.66160028,3.54330700
20.66240028,3.54330700
20.66320028,3.14960600
20.66400028,2.36220500
20.66480028,1.96850400
20.66560028,3.54330700
20.66640028,3.93700800
20.66720028,4.72440900
20.66800028,5.11811000
20.66880028,4.33070900
20.66960028,3.93700800
20.67040028,4.33070900
20.67120028,4.33070900
20.67200028,4.33070900
20.67280028,4.33070900
20.67360028,4.33070900
20.67440028,3.93700800
20.67520028,3.93700800
20.67600028,4.33070900
20.67680028,4.72440900
20.67760028,3.93700800
20.67840028,3.14960600
20.67920028,2.36220500
20.68000028,1.96850400
20.68080028,1.96850400
20.68160028,2.75590500
20.68240028,3.14960600
20.68320028,3.54330700
20.68400028,3.54330700
20.68480028,3.54330700
20.68560028,3.54330700
20.68640028,3.14960600
20.68720028,2.36220500
20.68800028,1.18110200
20.68880028,0.00000000
20.68960028,-1.57480300
20.69040028,-1.57480300
20.69120028,-1.57480300
20.69200028,-0.39370070
20.69280028,0.39370070
20.69360028,0.78740150
20.69440028,0.39370070
20.69520028,0.39370070
20.69600028,-0.39370070
20.69680028,-0.78740150
20.69760028,-2.36220500
20.69840028,-3.54330700
20.69920028,-5.11811000
20.70000028,-6.29921200
20.70080028,-5.90551100
20.70160028,-5.11811000
20.70240028,-3.93700800
20.70320028,-3.14960600
20.70400028,-2.75590500
20.70480028,-2.75590500
20.70560028,-2.36220500
20.70640028,-2.36220500
20.70720028,-3.14960600
20.70800028,-4.33070900
20.70880028,-5.90551100
20.70960028,-7.48031400
20.71040028,-8.66141700
20.71120028,-8.26771600
20.71200028,-7.48031400
20.71280028,-5.90551100
20.71360028,-3.93700800
20.71440028,-3.14960600
20.71520028,-2.75590500
20.71600028,-2.36220500
20.71680028,-2.75590500
20.71760028,-3.14960600
20.71840028,-3.93700800
20.71920028,-5.11811000
20.72000028,-5.90551100
20.72080028,-6.29921200
20.72160028,-6.29921200
20.72240028,-4.33070900
20.72320028,-2.36220500
20.72400028,-0.78740150
20.72480028,-0.39370070
20.72560028,0.39370070
20.72640028,0.39370070
20.72720028,0.78740150
20.72800028,1.57480300
20.72880028,1.57480300
20.72960028,1.18110200
20.73040028,0.00000000
20.73120028,-0.39370070
20.73200028,0.00000000
20.73280028,0.39370070
20.73360028,2.36220500
20.73440028,3.14960600
20.73520028,3.93700800
20.73600028,3.93700800
20.73680028,3.93700800
20.73760028,4.33070900
20.73840028,5.11811000
20.73920028,6.29921200
20.74000028,6.69291300
20.74080028,6.69291300
20.74160028,5.90551100
20.74240028,5.51181100
20.74320028,4.72440900
20.74400028,5.51181100
20.74480028,6.29921200
20.74560028,7.08661400
20.74640028,6.29921200
20.74720028,5.90551100
20.74800028,5.90551100
20.74880028,6.29921200
20.74960028,7.08661400
20.75040028,7.08661400
20.75120028,7.08661400
20.75200028,5.90551100
20.75280028,5.11811000
20.75360028,4.33070900
20.75440028,3.93700800
20.75520028,3.93700800
20.75600028,3.93700800
20.75680028,3.93700800
20.75760028,3.14960600
20.75840028,2.75590500
20.75920028,3.14960600
20.76000028,3.14960600
20.76080028,3.14960600
20.76160028,2.75590500
20.76240028,1.57480300
20.76320028,0.78740150
20.76400028,-0.78740150
20.76480028,-1.96850400
20.76560028,-1.57480300
20.76640028,-2.36220500
20.76720028,-2.75590500
20.76800028,-3.14960600
20.76880028,-3.14960600
20.76960028,-3.14960600
20.77040028,-3.14960600
20.77120028,-3.14960600
20.77200028,-3.54330700
20.77280028,-4.33070900
20.77360028,-5.11811000
20.77440028,-5.90551100
20.77520028,-6.29921200
20.77600028,-5.90551100
20.77680028,-6.29921200
20.77760028,-6.29921200
20.77840028,-7.08661400
20.77920028,-6.69291300
20.78000028,-6.69291300
20.78080028,-6.29921200
20.78160028,-5.90551100
20.78240028,-6.69291300
20.78320028,-6.29921200
20.78400028,-6.29921200
20.78480028,-5.90551100
20.78560028,-5.11811000
20.78640028,-5.11811000
20.78720028,-5.11811000
20.78800028,-5.51181100
20.78880028,-5.90551100
20.78960028,-5.51181100
20.79040028,-5.11811000
20.79120028,-4.72440900
20.79200028,-4.33070900
20.79280028,-3.93700800
20.79360028,-3.54330700
20.79440028,-3.14960600
20.79520028,-1.96850400
20.79600028,-0.78740150
20.79680028,0.00000000
20.79760028,1.18110200
20.79840028,0.78740150
20.79920028,0.00000000
20.80000028,-0.39370070
20.80080028,0.00000000
20.80160028,0.78740150
20.80240028,2.36220500
20.80320028,2.36220500
20.80400028,2.75590500
20.80480028,3.14960600
20.80560028,3.54330700
20.80640028,4.72440900
20.80720028,5.51181100
20.80800028,5.51181100
20.80880028,4.72440900
20.80960028,4.33070900
20.81040028,3.93700800
20.81120028,4.33070900
20.81200028,4.72440900
20.81280028,5.90551100
20.81360028,5.90551100
20.81440028,6.29921200
20.81520028,5.90551100
20.81600028,6.29921200
20.81680028,7.08661400
20.81760028,7.08661400
20.81840028,7.08661400
20.81920028,5.90551100
20.82000028,4.72440900
20.82080028,3.54330700
20.82160028,3.54330700
20.82240028,3.54330700
20.82320028,4.72440900
20.82400028,5.51181100
20.82480028,5.51181100
20.82560028,5.11811000
20.82640028,5.11811000
20.82720028,5.11811000
20.82800028,4.72440900
20.82880028,3.93700800
20.82960028,2.75590500
20.83040028,1.57480300
20.83120028,0.00000000
20.83200028,-0.39370070
20.83280028,0.00000000
20.83360028,0.78740150
20.83440028,1.96850400
20.83520028,1.57480300
20.83600028,1.18110200
20.83680028,0.39370070
20.83760028,0.39370070
20.83840028,-0.39370070
20.83920028,-0.39370070
20.84000028,-2.36220500
20.84080028,-3.54330700
20.84160028,-3.93700800
20.84240028,-3.14960600
20.84320028,-3.14960600
20.84400028,-3.14960600
20.84480028,-2.75590500
20.84560028,-2.75590500
20.84640028,-3.14960600
20.84720028,-3.93700800
20.84800028,-5.11811000
20.84880028,-5.11811000
20.84960028,-5.51181100
20.85040028,-5.51181100
20.85120028,-5.90551100
20.85200028,-6.29921200
20.85280028,-5.90551100
20.85360028,-4.72440900
20.85440028,-3.54330700
20.85520028,-2.36220500
20.85600028,-2.36220500
20.85680028,-3.54330700
20.85760028,-3.93700800
20.85840028,-4.33070900
20.85920028,-5.11811000
20.86000028,-5.11811000
20.86080028,-5.11811000
20.86160028,-5.51181100
20.86240028,-4.33070900
20.86320028,-3.54330700
20.86400028,-1.96850400
20.86480028,-0.78740150
20.86560028,-1.18110200
20.86640028,-1.57480300
20.86720028,-1.18110200
20.86800028,-2.36220500
20.86880028,-1.57480300
20.86960028,-1.96850400
20.87040028,-1.57480300
20.87120028,-1.18110200
20.87200028,-1.57480300
20.87280028,-1.96850400
20.87360028,-1.18110200
20.87440028,0.00000000
20.87520028,0.78740150
20.87600028,1.57480300
20.87680028,2.36220500
20.87760028,1.96850400
20.87840028,1.57480300
20.87920028,1.57480300
20.88000028,1.96850400
20.88080028,2.75590500
20.88160028,2.75590500
20.88240028,2.36220500
20.88320028,2.36220500
20.88400028,2.75590500
20.88480028,3.14960600
20.88560028,3.54330700
20.88640028,3.54330700
20.88720028,3.54330700
20.88800028,3.54330700
20.88880028,3.14960600
20.88960028,3.14960600
20.89040028,4.33070900
20.89120028,4.72440900
20.89200028,4.33070900
20.89280028,3.93700800
20.89360028,3.54330700
20.89440028,3.54330700
20.89520028,3.54330700
20.89600028,3.93700800
20.89680028,4.72440900
20.89760028,4.72440900
20.89840028,4.33070900
20.89920028,3.54330700
20.90000028,3.14960600
20.90080028,3.14960600
20.90160028,3.54330700
20.90240028,3.93700800
20.90320028,3.54330700
20.90400028,2.36220500
20.90480028,1.57480300
20.90560028,1.18110200
20.90640028,1.96850400
20.90720028,2.75590500
20.90800028,2.75590500
20.90880028,2.36220500
20.90960028,1.18110200
20.91040028,0.78740150
20.91120028,0.39370070
20.91200028,0.78740150
20.91280028,0.78740150
20.91360028,0.78740150
20.91440028,1.18110200
20.91520028,0.78740150
20.91600028,0.39370070
20.91680028,-0.39370070
20.91760028,-0.78740150
20.91840028,-1.18110200
20.91920028,-2.36220500
20.92000028,-3.14960600
20.92080028,-3.54330700
20.92160028,-3.93700800
20.92240028,-3.54330700
20.92320028,-2.75590500
20.92400028,-1.96850400
20.92480028,-1.57480300
20.92560028,-1.18110200
20.92640028,-1.57480300
20.92720028,-1.96850400
20.92800028,-2.75590500
20.92880028,-3.14960600
20.92960028,-4.33070900
20.93040028,-5.90551100
20.93120028,-7.08661400
20.93200028,-7.08661400
20.93280028,-6.29921200
20.93360028,-5.11811000
20.93440028,-4.72440900
20.93520028,-3.93700800
20.93600028,-2.75590500
20.93680028,-1.96850400
20.93760028,-1.57480300
20.93840028,-1.96850400
20.93920028,-2.75590500
20.94000028,-4.72440900
20.94080028,-5.90551100
20.94160028,-7.08661400
20.94240028,-7.08661400
20.94320028,-5.90551100
20.94400028,-4.33070900
20.94480028,-3.54330700
20.94560028,-1.96850400
20.94640028,-0.39370070
20.94720028,0.78740150
20.94800028,0.39370070
20.94880028,0.78740150
20.94960028,-0.78740150
20.95040028,-1.96850400
20.95120028,-3.14960600
20.95200028,-3.54330700
20.95280028,-2.75590500
20.95360028,-1.18110200
20.95440028,0.78740150
20.95520028,1.96850400
20.95600028,2.75590500
20.95680028,2.75590500
20.95760028,3.14960600
20.95840028,3.54330700
20.95920028,3.14960600
20.96000028,2.36220500
20.96080028,1.57480300
20.96160028,0.78740150
20.96240028,0.39370070
20.96320028,1.57480300
20.96400028,3.14960600
20.96480028,5.51181100
20.96560028,6.29921200
20.96640028,6.29921200
20.96720028,5.90551100
20.96800028,5.51181100
20.96880028,5.51181100
20.96960028,5.51181100
20.97040028,5.90551100
20.97120028,5.11811000
20.97200028,3.93700800
20.97280028,3.54330700
20.97360028,3.93700800
20.97440028,4.72440900
20.97520028,5.90551100
20.97600028,6.69291300
20.97680028,6.69291300
20.97760028,5.51181100
20.97840028,5.11811000
20.97920028,4.33070900
20.98000028,4.72440900
20.98080028,4.33070900
20.98160028,3.93700800
20.98240028,3.14960600
20.98320028,1.96850400
20.98400028,1.18110200
20.98480028,1.96850400
20.98560028,2.36220500
20.98640028,3.14960600
20.98720028,2.75590500
20.98800028,1.96850400
20.98880028,0.78740150
20.98960028,0.00000000
20.99040028,0.39370070
20.99120028,0.39370070
20.99200028,0.00000000
20.99280028,-1.57480300
20.99360028,-3.14960600
20.99440028,-3.14960600
20.99520028,-3.54330700
20.99600028,-3.54330700
20.99680028,-2.75590500
20.99760028,-2.75590500
20.99840028,-2.36220500
20.99920028,-2.36220500
21.00000028,-2.75590500
21.00080028,-3.54330700
21.00160028,-3.54330700
21.00240028,-4.33070900
21.00320028,-5.11811000
21.00400028,-5.90551100
21.00480028,-6.69291300
21.00560028,-6.69291300
21.00640028,-6.69291300
21.00720028,-6.29921200
21.00800028,-5.11811000
21.00880028,-4.33070900
21.00960028,-3.93700800
21.01040028,-3.93700800
21.01120028,-3.54330700
21.01200028,-3.93700800
21.01280028,-5.11811000
21.01360028,-5.51181100
21.01440028,-6.29921200
21.01520028,-6.69291300
21.01600028,-6.29921200
21.01680028,-5.11811000
21.01760028,-4.72440900
21.01840028,-3.14960600
21.01920028,-2.36220500
21.02000028,-0.39370070
21.02080028,0.39370070
21.02160028,0.78740150
21.02240028,0.39370070
21.02320028,-0.39370070
21.02400028,-1.57480300
21.02480028,-2.36220500
21.02560028,-1.96850400
21.02640028,-0.39370070
21.02720028,0.00000000
21.02800028,1.18110200
21.02880028,1.57480300
21.02960028,2.75590500
21.03040028,3.54330700
21.03120028,4.33070900
21.03200028,5.11811000
21.03280028,4.72440900
21.03360028,3.93700800
21.03440028,3.54330700
21.03520028,2.36220500
21.03600028,2.75590500
21.03680028,3.54330700
21.03760028,4.72440900
21.03840028,5.51181100
21.03920028,5.51181100
21.04000028,5.90551100
21.04080028,5.90551100
21.04160028,5.90551100
21.04240028,6.69291300
21.04320028,6.69291300
21.04400028,6.29921200
21.04480028,4.72440900
21.04560028,3.93700800
21.04640028,3.14960600
21.04720028,3.93700800
21.04800028,4.72440900
21.04880028,5.11811000
21.04960028,5.51181100
21.05040028,4.33070900
21.05120028,3.54330700
21.05200028,3.54330700
21.05280028,3.93700800
21.05360028,3.93700800
21.05440028,3.93700800
21.05520028,3.14960600
21.05600028,1.96850400
21.05680028,0.78740150
21.05760028,1.18110200
21.05840028,1.18110200
21.05920028,1.57480300
21.06000028,1.18110200
21.06080028,0.78740150
21.06160028,-0.39370070
21.06240028,-1.57480300
21.06320028,-1.57480300
21.06400028,-1.57480300
21.06480028,-1.57480300
21.06560028,-1.57480300
21.06640028,-1.57480300
21.06720028,-2.75590500
21.06800028,-3.14960600
21.06880028,-3.14960600
21.06960028,-3.14960600
21.07040028,-3.93700800
21.07120028,-3.93700800
21.07200028,-5.11811000
21.07280028,-5.90551100
21.07360028,-5.90551100
21.07440028,-5.51181100
21.07520028,-4.72440900
21.07600028,-3.93700800
21.07680028,-3.93700800
21.07760028,-4.33070900
21.07840028,-4.33070900
21.07920028,-5.51181100
21.08000028,-5.51181100
21.08080028,-5.51181100
21.08160028,-5.11811000
21.08240028,-5.11811000
21.08320028,-5.51181100
21.08400028,-4.72440900
21.08480028,-5.11811000
21.08560028,-3.93700800
21.08640028,-3.54330700
21.08720028,-2.75590500
21.08800028,-3.14960600
21.08880028,-3.14960600
21.08960028,-3.93700800
21.09040028,-3.93700800
21.09120028,-3.93700800
21.09200028,-3.54330700
21.09280028,-2.75590500
21.09360028,-1.96850400
21.09440028,-1.18110200
21.09520028,-0.39370070
21.09600028,0.39370070
21.09680028,0.39370070
21.09760028,0.78740150
21.09840028,1.18110200
21.09920028,0.78740150
21.10000028,0.78740150
21.10080028,0.00000000
21.10160028,0.39370070
21.10240028,0.78740150
21.10320028,1.96850400
21.10400028,2.75590500
21.10480028,3.54330700
21.10560028,4.33070900
21.10640028,3.93700800
21.10720028,3.93700800
21.10800028,3.14960600
21.10880028,3.93700800
21.10960028,3.54330700
21.11040028,4.33070900
21.11120028,5.11811000
21.11200028,5.11811000
21.11280028,5.11811000
21.11360028,5.51181100
21.11440028,6.29921200
21.11520028,6.69291300
21.11600028,7.08661400
21.11680028,7.48031400
21.11760028,5.90551100
21.11840028,4.72440900
21.11920028,4.33070900
21.12000028,3.93700800
21.12080028,4.72440900
21.12160028,5.11811000
21.12240028,5.11811000
21.12320028,5.51181100
21.12400028,5.51181100
21.12480028,5.11811000
21.12560028,5.11811000
21.12640028,4.72440900
21.12720028,4.33070900
21.12800028,3.54330700
21.12880028,2.36220500
21.12960028,1.57480300
21.13040028,1.18110200
21.13120028,1.18110200
21.13200028,1.96850400
21.13280028,1.96850400
21.13360028,2.36220500
21.13440028,1.18110200
21.13520028,0.78740150
21.13600028,0.00000000
21.13680028,-0.78740150
21.13760028,-0.78740150
21.13840028,-1.57480300
21.13920028,-1.96850400
21.14000028,-3.14960600
21.14080028,-3.93700800
21.14160028,-3.54330700
21.14240028,-3.14960600
21.14320028,-2.36220500
21.14400028,-2.36220500
21.14480028,-3.14960600
21.14560028,-4.33070900
21.14640028,-5.51181100
21.14720028,-5.90551100
21.14800028,-5.90551100
21.14880028,-5.51181100
21.14960028,-5.51181100
21.15040028,-6.29921200
21.15120028,-6.69291300
21.15200028,-7.08661400
21.15280028,-6.29921200
21.15360028,-5.90551100
21.15440028,-4.72440900
21.15520028,-4.72440900
21.15600028,-5.90551100
21.15680028,-5.90551100
21.15760028,-6.69291300
21.15840028,-6.29921200
21.15920028,-5.90551100
21.16000028,-5.11811000
21.16080028,-4.72440900
21.16160028,-5.51181100
21.16240028,-5.90551100
21.16320028,-5.51181100
21.16400028,-5.11811000
21.16480028,-3.54330700
21.16560028,-2.75590500
21.16640028,-1.96850400
21.16720028,-1.57480300
21.16800028,-1.18110200
21.16880028,-1.57480300
21.16960028,-0.78740150
21.17040028,0.00000000
21.17120028,0.00000000
21.17200028,0.00000000
21.17280028,-0.39370070
21.17360028,0.39370070
21.17440028,0.78740150
21.17520028,1.96850400
21.17600028,3.54330700
21.17680028,4.33070900
21.17760028,5.11811000
21.17840028,5.11811000
21.17920028,5.51181100
21.18000028,4.72440900
21.18080028,4.72440900
21.18160028,4.72440900
21.18240028,4.33070900
21.18320028,5.11811000
21.18400028,5.51181100
21.18480028,5.90551100
21.18560028,6.69291300
21.18640028,7.48031400
21.18720028,8.26771600
21.18800028,8.66141700
21.18880028,8.66141700
21.18960028,8.26771600
21.19040028,7.48031400
21.19120028,6.69291300
21.19200028,5.90551100
21.19280028,5.51181100
21.19360028,5.51181100
21.19440028,5.90551100
21.19520028,6.69291300
21.19600028,7.08661400
21.19680028,7.48031400
21.19760028,7.48031400
21.19840028,7.08661400
21.19920028,6.29921200
21.20000028,5.11811000
21.20080028,3.93700800
21.20160028,3.14960600
21.20240028,1.57480300
21.20320028,0.39370070
21.20400028,0.00000000
21.20480028,0.39370070
21.20560028,1.18110200
21.20640028,1.57480300
21.20720028,1.18110200
21.20800028,0.00000000
21.20880028,-0.39370070
21.20960028,-1.57480300
21.21040028,-1.57480300
21.21120028,-2.36220500
21.21200028,-3.54330700
21.21280028,-3.93700800
21.21360028,-5.51181100
21.21440028,-5.90551100
21.21520028,-5.90551100
21.21600028,-5.11811000
21.21680028,-4.72440900
21.21760028,-5.51181100
21.21840028,-6.29921200
21.21920028,-7.48031400
21.22000028,-7.87401500
21.22080028,-7.87401500
21.22160028,-7.87401500
21.22240028,-7.08661400
21.22320028,-7.48031400
21.22400028,-8.26771600
21.22480028,-8.66141700
21.22560028,-8.66141700
21.22640028,-7.87401500
21.22720028,-7.08661400
21.22800028,-6.29921200
21.22880028,-6.69291300
21.22960028,-7.08661400
21.23040028,-7.08661400
21.23120028,-6.69291300
21.23200028,-5.51181100
21.23280028,-5.51181100
21.23360028,-4.72440900
21.23440028,-4.33070900
21.23520028,-4.33070900
21.23600028,-5.11811000
21.23680028,-4.33070900
21.23760028,-3.54330700
21.23840028,-2.75590500
21.23920028,-2.36220500
21.24000028,-1.18110200
21.24080028,-0.78740150
21.24160028,-0.39370070
21.24240028,1.18110200
21.24320028,1.57480300
21.24400028,2.36220500
21.24480028,2.36220500
21.24560028,2.75590500
21.24640028,2.75590500
21.24720028,3.14960600
21.24800028,3.54330700
21.24880028,4.33070900
21.24960028,4.72440900
21.25040028,5.11811000
21.25120028,5.90551100
21.25200028,6.29921200
21.25280028,6.69291300
21.25360028,7.48031400
21.25440028,7.87401500
21.25520028,7.87401500
21.25600028,7.87401500
21.25680028,7.08661400
21.25760028,6.69291300
21.25840028,6.69291300
21.25920028,6.29921200
21.26000028,7.08661400
21.26080028,7.48031400
21.26160028,8.26771600
21.26240028,8.26771600
21.26320028,8.26771600
21.26400028,7.87401500
21.26480028,7.08661400
21.26560028,6.29921200
21.26640028,5.51181100
21.26720028,5.11811000
21.26800028,4.72440900
21.26880028,4.33070900
21.26960028,4.33070900
21.27040028,4.33070900
21.27120028,3.93700800
21.27200028,3.93700800
21.27280028,3.54330700
21.27360028,3.54330700
21.27440028,1.96850400
21.27520028,0.78740150
21.27600028,0.00000000
21.27680028,-1.57480300
21.27760028,-1.18110200
21.27840028,-1.18110200
21.27920028,-1.18110200
21.28000028,-1.18110200
21.28080028,-1.96850400
21.28160028,-2.75590500
21.28240028,-2.75590500
21.28320028,-3.14960600
21.28400028,-3.14960600
21.28480028,-3.14960600
21.28560028,-4.33070900
21.28640028,-5.90551100
21.28720028,-7.08661400
21.28800028,-7.08661400
21.28880028,-6.29921200
21.28960028,-4.72440900
21.29040028,-4.33070900
21.29120028,-4.72440900
21.29200028,-5.90551100
21.29280028,-6.29921200
21.29360028,-6.69291300
21.29440028,-6.69291300
21.29520028,-6.29921200
21.29600028,-6.69291300
21.29680028,-7.08661400
21.29760028,-6.69291300
21.29840028,-5.90551100
21.29920028,-5.51181100
21.30000028,-4.33070900
21.30080028,-3.93700800
21.30160028,-3.54330700
21.30240028,-3.93700800
21.30320028,-5.11811000
21.30400028,-5.51181100
21.30480028,-5.11811000
21.30560028,-3.93700800
21.30640028,-3.14960600
21.30720028,-2.36220500
21.30800028,-1.57480300
21.30880028,-1.18110200
21.30960028,-0.78740150
21.31040028,0.00000000
21.31120028,0.00000000
21.31200028,-0.39370070
21.31280028,-0.39370070
21.31360028,-1.18110200
21.31440028,-0.78740150
21.31520028,-0.39370070
21.31600028,0.78740150
21.31680028,2.36220500
21.31760028,3.54330700
21.31840028,3.93700800
21.31920028,3.93700800
21.32000028,3.93700800
21.32080028,3.14960600
21.32160028,3.54330700
21.32240028,3.54330700
21.32320028,3.93700800
21.32400028,3.54330700
21.32480028,3.54330700
21.32560028,3.14960600
21.32640028,3.93700800
21.32720028,4.72440900
21.32800028,5.51181100
21.32880028,6.29921200
21.32960028,6.69291300
21.33040028,6.29921200
21.33120028,5.51181100
21.33200028,4.33070900
21.33280028,3.93700800
21.33360028,3.93700800
21.33440028,4.72440900
21.33520028,4.72440900
21.33600028,4.72440900
21.33680028,4.72440900
21.33760028,4.72440900
21.33840028,5.11811000
21.33920028,5.11811000
21.34000028,4.72440900
21.34080028,3.93700800
21.34160028,2.75590500
21.34240028,1.57480300
21.34320028,1.18110200
21.34400028,0.39370070
21.34480028,0.78740150
21.34560028,1.96850400
21.34640029,2.75590500
21.34720029,3.54330700
21.34800029,3.14960600
21.34880029,1.96850400
21.34960029,1.18110200
21.35040029,0.78740150
21.35120029,0.00000000
21.35200029,-0.39370070
21.35280029,-1.18110200
21.35360029,-1.96850400
21.35440029,-2.36220500
21.35520029,-1.96850400
21.35600029,-1.18110200
21.35680029,-0.78740150
21.35760029,0.00000000
21.35840029,-0.78740150
21.35920029,-1.57480300
21.36000029,-2.75590500
21.36080029,-3.14960600
21.36160029,-3.54330700
21.36240029,-3.14960600
21.36320029,-3.14960600
21.36400029,-3.93700800
21.36480029,-3.93700800
21.36560029,-4.33070900
21.36640029,-4.33070900
21.36720029,-3.54330700
21.36800029,-3.14960600
21.36880029,-3.14960600
21.36960029,-3.54330700
21.37040029,-4.72440900
21.37120029,-5.51181100
21.37200029,-5.11811000
21.37280029,-5.11811000
21.37360029,-4.33070900
21.37440029,-3.54330700
21.37520029,-3.54330700
21.37600029,-3.14960600
21.37680029,-3.54330700
21.37760029,-3.93700800
21.37840029,-3.54330700
21.37920029,-3.54330700
21.38000029,-3.14960600
21.38080029,-3.14960600
21.38160029,-4.33070900
21.38240029,-3.93700800
21.38320029,-3.93700800
21.38400029,-3.14960600
21.38480029,-2.36220500
21.38560029,-1.96850400
21.38640029,-1.57480300
21.38720029,-1.96850400
21.38800029,-2.36220500
21.38880029,-1.96850400
21.38960029,-1.18110200
21.39040029,0.00000000
21.39120029,0.39370070
21.39200029,0.39370070
21.39280029,0.00000000
21.39360029,0.39370070
21.39440029,0.39370070
21.39520029,1.18110200
21.39600029,1.18110200
21.39680029,1.57480300
21.39760029,1.18110200
21.39840029,1.57480300
21.39920029,1.57480300
21.40000029,2.36220500
21.40080029,2.75590500
21.40160029,4.33070900
21.40240029,4.72440900
21.40320029,4.72440900
21.40400029,3.93700800
21.40480029,3.54330700
21.40560029,3.54330700
21.40640029,4.33070900
21.40720029,4.72440900
21.40800029,5.11811000
21.40880029,5.11811000
21.40960029,4.33070900
21.41040029,4.33070900
21.41120029,4.72440900
21.41200029,5.90551100
21.41280029,5.90551100
21.41360029,6.29921200
21.41440029,5.51181100
21.41520029,5.11811000
21.41600029,4.33070900
21.41680029,4.72440900
21.41760029,5.11811000
21.41840029,5.11811000
21.41920029,5.11811000
21.42000029,5.11811000
21.42080029,4.33070900
21.42160029,3.54330700
21.42240029,3.14960600
21.42320029,3.14960600
21.42400029,3.54330700
21.42480029,3.14960600
21.42560029,2.75590500
21.42640029,1.18110200
21.42720029,0.78740150
21.42800029,0.78740150
21.42880029,0.78740150
21.42960029,1.57480300
21.43040029,1.18110200
21.43120029,0.78740150
21.43200029,-0.78740150
21.43280029,-1.57480300
21.43360029,-2.36220500
21.43440029,-2.36220500
21.43520029,-1.96850400
21.43600029,-2.36220500
21.43680029,-1.96850400
21.43760029,-2.75590500
21.43840029,-3.14960600
21.43920029,-3.14960600
21.44000029,-3.93700800
21.44080029,-4.72440900
21.44160029,-5.11811000
21.44240029,-6.69291300
21.44320029,-7.87401500
21.44400029,-8.26771600
21.44480029,-7.87401500
21.44560029,-6.29921200
21.44640029,-4.72440900
21.44720029,-3.93700800
21.44800029,-4.33070900
21.44880029,-4.72440900
21.44960029,-5.90551100
21.45040029,-6.29921200
21.45120029,-5.90551100
21.45200029,-6.69291300
21.45280029,-7.48031400
21.45360029,-7.87401500
21.45440029,-8.26771600
21.45520029,-7.87401500
21.45600029,-6.69291300
21.45680029,-4.72440900
21.45760029,-2.75590500
21.45840029,-1.18110200
21.45920029,-0.78740150
21.46000029,-1.96850400
21.46080029,-3.14960600
21.46160029,-3.54330700
21.46240029,-4.33070900
21.46320029,-3.54330700
21.46400029,-3.54330700
21.46480029,-2.75590500
21.46560029,-2.36220500
21.46640029,-1.57480300
21.46720029,0.78740150
21.46800029,3.14960600
21.46880029,3.93700800
21.46960029,5.11811000
21.47040029,4.33070900
21.47120029,3.14960600
21.47200029,1.96850400
21.47280029,2.36220500
21.47360029,2.36220500
21.47440029,3.54330700
21.47520029,3.93700800
21.47600029,4.72440900
21.47680029,4.72440900
21.47760029,6.29921200
21.47840029,7.08661400
21.47920029,8.26771600
21.48000029,9.44881800
21.48080029,9.05511800
21.48160029,8.26771600
21.48240029,6.69291300
21.48320029,5.51181100
21.48400029,5.11811000
21.48480029,5.90551100
21.48560029,5.90551100
21.48640029,6.69291300
21.48720029,6.69291300
21.48800029,6.29921200
21.48880029,7.48031400
21.48960029,8.26771600
21.49040029,8.66141700
21.49120029,8.66141700
21.49200029,7.87401500
21.49280029,6.29921200
21.49360029,5.11811000
21.49440029,3.93700800
21.49520029,2.75590500
21.49600029,1.96850400
21.49680029,1.96850400
21.49760029,2.36220500
21.49840029,2.75590500
21.49920029,2.75590500
21.50000029,1.96850400
21.50080029,1.96850400
21.50160029,2.36220500
21.50240029,2.36220500
21.50320029,1.57480300
21.50400029,-0.39370070
21.50480029,-2.36220500
21.50560029,-3.93700800
21.50640029,-4.33070900
21.50720029,-3.93700800
21.50800029,-4.33070900
21.50880029,-4.72440900
21.50960029,-5.11811000
21.51040029,-5.11811000
21.51120029,-4.72440900
21.51200029,-4.33070900
21.51280029,-3.54330700
21.51360029,-3.93700800
21.51440029,-4.33070900
21.51520029,-5.90551100
21.51600029,-7.87401500
21.51680029,-8.66141700
21.51760029,-9.44881800
21.51840029,-8.66141700
21.51920029,-8.26771600
21.52000029,-8.26771600
21.52080029,-7.87401500
21.52160029,-7.87401500
21.52240029,-7.08661400
21.52320029,-6.29921200
21.52400029,-5.51181100
21.52480029,-4.33070900
21.52560029,-5.11811000
21.52640029,-5.51181100
21.52720029,-7.08661400
21.52800029,-7.48031400
21.52880029,-6.69291300
21.52960029,-5.51181100
21.53040029,-4.33070900
21.53120029,-4.33070900
21.53200029,-3.93700800
21.53280029,-3.54330700
21.53360029,-2.75590500
21.53440029,-1.57480300
21.53520029,-0.78740150
21.53600029,-0.39370070
21.53680029,0.39370070
21.53760029,0.00000000
21.53840029,0.00000000
21.53920029,0.00000000
21.54000029,0.78740150
21.54080029,1.57480300
21.54160029,2.75590500
21.54240029,3.93700800
21.54320029,4.33070900
21.54400029,3.54330700
21.54480029,3.93700800
21.54560029,3.93700800
21.54640029,5.11811000
21.54720029,5.51181100
21.54800029,5.90551100
21.54880029,5.51181100
21.54960029,6.69291300
21.55040029,6.69291300
21.55120029,7.08661400
21.55200029,8.26771600
21.55280029,7.87401500
21.55360029,7.48031400
21.55440029,7.08661400
21.55520029,6.69291300
21.55600029,5.90551100
21.55680029,6.69291300
21.55760029,7.08661400
21.55840029,7.08661400
21.55920029,7.48031400
21.56000029,7.08661400
21.56080029,6.29921200
21.56160029,6.29921200
21.56240029,6.29921200
21.56320029,5.90551100
21.56400029,5.51181100
21.56480029,4.72440900
21.56560029,3.93700800
21.56640029,3.14960600
21.56720029,2.75590500
21.56800029,3.14960600
21.56880029,4.33070900
21.56960029,4.33070900
21.57040029,3.93700800
21.57120029,2.36220500
21.57200029,0.78740150
21.57280029,0.00000000
21.57360029,-0.39370070
21.57440029,-0.78740150
21.57520029,-2.36220500
21.57600029,-2.36220500
21.57680029,-2.75590500
21.57760029,-3.14960600
21.57840029,-2.75590500
21.57920029,-2.36220500
21.58000029,-1.57480300
21.58080029,-1.96850400
21.58160029,-2.36220500
21.58240029,-3.93700800
21.58320029,-5.11811000
21.58400029,-5.90551100
21.58480029,-6.29921200
21.58560029,-5.90551100
21.58640029,-6.29921200
21.58720029,-7.08661400
21.58800029,-7.08661400
21.58880029,-7.08661400
21.58960029,-6.29921200
21.59040029,-5.51181100
21.59120029,-4.72440900
21.59200029,-4.33070900
21.59280029,-5.51181100
21.59360029,-6.29921200
21.59440029,-6.69291300
21.59520029,-5.90551100
21.59600029,-5.90551100
21.59680029,-5.51181100
21.59760029,-5.51181100
21.59840029,-5.51181100
21.59920029,-6.29921200
21.60000029,-6.29921200
21.60080029,-5.51181100
21.60160029,-5.11811000
21.60240029,-4.33070900
21.60320029,-3.14960600
21.60400029,-2.36220500
21.60480029,-2.36220500
21.60560029,-1.96850400
21.60640029,-1.96850400
21.60720029,-1.18110200
21.60800029,-1.18110200
21.60880029,-0.78740150
21.60960029,-1.18110200
21.61040029,-1.57480300
21.61120029,-1.57480300
21.61200029,-0.78740150
21.61280029,0.78740150
21.61360029,1.96850400
21.61440029,2.75590500
21.61520029,3.54330700
21.61600029,3.54330700
21.61680029,3.93700800
21.61760029,3.93700800
21.61840029,3.93700800
21.61920029,3.54330700
21.62000029,3.54330700
21.62080029,3.14960600
21.62160029,3.14960600
21.62240029,3.14960600
21.62320029,4.33070900
21.62400029,5.51181100
21.62480029,7.08661400
21.62560029,8.26771600
21.62640029,8.26771600
21.62720029,7.08661400
21.62800029,6.29921200
21.62880029,5.90551100
21.62960029,5.51181100
21.63040029,4.72440900
21.63120029,4.72440900
21.63200029,4.33070900
21.63280029,4.33070900
21.63360029,5.51181100
21.63440029,6.29921200
21.63520029,7.87401500
21.63600029,7.87401500
21.63680029,8.26771600
21.63760029,6.29921200
21.63840029,5.51181100
21.63920029,3.54330700
21.64000029,2.36220500
21.64080029,1.96850400
21.64160029,2.36220500
21.64240029,2.36220500
21.64320029,2.75590500
21.64400029,2.75590500
21.64480029,2.36220500
21.64560029,2.75590500
21.64640029,3.14960600
21.64720029,3.54330700
21.64800029,1.96850400
21.64880029,0.39370070
21.64960029,-1.18110200
21.65040029,-2.36220500
21.65120029,-2.75590500
21.65200029,-2.75590500
21.65280029,-2.75590500
21.65360029,-3.14960600
21.65440029,-3.14960600
21.65520029,-3.14960600
21.65600029,-2.75590500
21.65680029,-2.75590500
21.65760029,-3.14960600
21.65840029,-3.54330700
21.65920029,-4.72440900
21.66000029,-4.72440900
21.66080029,-5.51181100
21.66160029,-6.29921200
21.66240029,-6.69291300
21.66320029,-6.69291300
21.66400029,-7.08661400
21.66480029,-6.69291300
21.66560029,-7.08661400
21.66640029,-7.08661400
21.66720029,-6.69291300
21.66800029,-5.90551100
21.66880029,-5.51181100
21.66960029,-5.51181100
21.67040029,-5.90551100
21.67120029,-7.08661400
21.67200029,-6.69291300
21.67280029,-7.08661400
21.67360029,-6.69291300
21.67440029,-5.90551100
21.67520029,-5.90551100
21.67600029,-5.51181100
21.67680029,-5.11811000
21.67760029,-3.93700800
21.67840029,-3.54330700
21.67920029,-3.14960600
21.68000029,-3.14960600
21.68080029,-2.36220500
21.68160029,-2.36220500
21.68240029,-2.36220500
21.68320029,-2.36220500
21.68400029,-2.36220500
21.68480029,-1.96850400
21.68560029,-0.78740150
21.68640029,0.00000000
21.68720029,1.18110200
21.68800029,1.96850400
21.68880029,2.36220500
21.68960029,3.93700800
21.69040029,4.72440900
21.69120029,4.72440900
21.69200029,4.72440900
21.69280029,3.93700800
21.69360029,3.14960600
21.69440029,2.75590500
21.69520029,3.14960600
21.69600029,3.93700800
21.69680029,5.11811000
21.69760029,6.69291300
21.69840029,8.26771600
21.69920029,9.05511800
21.70000029,9.05511800
21.70080029,9.44881800
21.70160029,8.66141700
21.70240029,7.48031400
21.70320029,7.08661400
21.70400029,6.29921200
21.70480029,5.11811000
21.70560029,5.11811000
21.70640029,5.51181100
21.70720029,7.08661400
21.70800029,8.26771600
21.70880029,8.66141700
21.70960029,8.66141700
21.71040029,8.26771600
21.71120029,7.08661400
21.71200029,5.90551100
21.71280029,5.51181100
21.71360029,4.72440900
21.71440029,3.93700800
21.71520029,2.36220500
21.71600029,1.96850400
21.71680029,1.96850400
21.71760029,3.14960600
21.71840029,3.93700800
21.71920029,3.54330700
21.72000029,3.14960600
21.72080029,1.57480300
21.72160029,0.78740150
21.72240029,-0.39370070
21.72320029,-1.57480300
21.72400029,-2.75590500
21.72480029,-3.54330700
21.72560029,-3.93700800
21.72640029,-4.33070900
21.72720029,-4.33070900
21.72800029,-3.54330700
21.72880029,-3.14960600
21.72960029,-3.14960600
21.73040029,-3.14960600
21.73120029,-4.72440900
21.73200029,-7.08661400
21.73280029,-8.26771600
21.73360029,-8.66141700
21.73440029,-8.66141700
21.73520029,-7.87401500
21.73600029,-7.87401500
21.73680029,-7.87401500
21.73760029,-7.87401500
21.73840029,-7.08661400
21.73920029,-6.29921200
21.74000029,-6.29921200
21.74080029,-6.29921200
21.74160029,-7.48031400
21.74240029,-8.26771600
21.74320029,-8.66141700
21.74400029,-7.87401500
21.74480029,-7.08661400
21.74560029,-6.69291300
21.74640029,-5.51181100
21.74720029,-5.11811000
21.74800029,-4.33070900
21.74880029,-4.33070900
21.74960029,-3.93700800
21.75040029,-3.54330700
21.75120029,-3.54330700
21.75200029,-3.93700800
21.75280029,-3.54330700
21.75360029,-2.75590500
21.75440029,-1.96850400
21.75520029,-1.18110200
21.75600029,0.00000000
21.75680029,0.78740150
21.75760029,1.57480300
21.75840029,1.96850400
21.75920029,2.36220500
21.76000029,1.96850400
21.76080029,2.75590500
21.76160029,2.75590500
21.76240029,2.75590500
21.76320029,3.54330700
21.76400029,4.33070900
21.76480029,5.11811000
21.76560029,5.90551100
21.76640029,6.69291300
21.76720029,6.69291300
21.76800029,7.08661400
21.76880029,7.87401500
21.76960029,7.08661400
21.77040029,7.08661400
21.77120029,6.29921200
21.77200029,5.90551100
21.77280029,6.29921200
21.77360029,7.08661400
21.77440029,7.87401500
21.77520029,8.26771600
21.77600029,8.26771600
21.77680029,7.87401500
21.77760029,7.87401500
21.77840029,7.48031400
21.77920029,6.29921200
21.78000029,6.29921200
21.78080029,5.51181100
21.78160029,5.11811000
21.78240029,4.72440900
21.78320029,4.72440900
21.78400029,4.33070900
21.78480029,4.72440900
21.78560029,4.33070900
21.78640029,4.33070900
21.78720029,3.14960600
21.78800029,2.36220500
21.78880029,1.18110200
21.78960029,0.78740150
21.79040029,0.78740150
21.79120029,0.39370070
21.79200029,0.00000000
21.79280029,-1.18110200
21.79360029,-1.57480300
21.79440029,-1.96850400
21.79520029,-1.96850400
21.79600029,-1.18110200
21.79680029,-1.57480300
21.79760029,-1.96850400
21.79840029,-3.14960600
21.79920029,-4.33070900
21.80000029,-5.11811000
21.80080029,-4.72440900
21.80160029,-4.72440900
21.80240029,-5.11811000
21.80320029,-6.29921200
21.80400029,-6.29921200
21.80480029,-5.51181100
21.80560029,-5.90551100
21.80640029,-5.11811000
21.80720029,-5.51181100
21.80800029,-5.90551100
21.80880029,-5.90551100
21.80960029,-6.29921200
21.81040029,-6.29921200
21.81120029,-5.51181100
21.81200029,-5.11811000
21.81280029,-4.72440900
21.81360029,-4.72440900
21.81440029,-5.51181100
21.81520029,-6.29921200
21.81600029,-5.90551100
21.81680029,-5.51181100
21.81760029,-5.11811000
21.81840029,-4.72440900
21.81920029,-4.33070900
21.82000029,-3.93700800
21.82080029,-3.54330700
21.82160029,-1.96850400
21.82240029,-1.18110200
21.82320029,-1.18110200
21.82400029,-1.57480300
21.82480029,-1.96850400
21.82560029,-1.96850400
21.82640029,-1.18110200
21.82720029,-1.57480300
21.82800029,-0.39370070
21.82880029,0.00000000
21.82960029,0.39370070
21.83040029,0.78740150
21.83120029,1.57480300
21.83200029,1.96850400
21.83280029,1.96850400
21.83360029,3.14960600
21.83440029,3.14960600
21.83520029,3.14960600
21.83600029,3.14960600
21.83680029,2.75590500
21.83760029,2.75590500
21.83840029,3.14960600
21.83920029,3.54330700
21.84000029,4.33070900
21.84080029,3.93700800
21.84160029,4.33070900
21.84240029,3.93700800
21.84320029,4.33070900
21.84400029,4.72440900
21.84480029,5.11811000
21.84560029,4.72440900
21.84640029,3.93700800
21.84720029,3.14960600
21.84800029,2.36220500
21.84880029,1.57480300
21.84960029,1.96850400
21.85040029,1.96850400
21.85120029,3.14960600
21.85200029,3.93700800
21.85280029,4.72440900
21.85360029,5.51181100
21.85440029,5.51181100
21.85520029,5.51181100
21.85600029,4.72440900
21.85680029,4.33070900
21.85760029,3.54330700
21.85840029,2.36220500
21.85920029,2.36220500
21.86000029,3.54330700
21.86080029,4.72440900
21.86160029,5.11811000
21.86240029,3.93700800
21.86320029,2.36220500
21.86400029,0.78740150
21.86480029,0.39370070
21.86560029,0.00000000
21.86640029,1.57480300
21.86720029,3.14960600
21.86800029,4.72440900
21.86880029,5.11811000
21.86960029,4.33070900
21.87040029,1.96850400
21.87120029,-1.18110200
21.87200029,-2.75590500
21.87280029,-3.93700800
21.87360029,-3.54330700
21.87440029,-2.75590500
21.87520029,-2.36220500
21.87600029,-1.96850400
21.87680029,-1.18110200
21.87760029,-0.39370070
21.87840029,-0.39370070
21.87920029,-0.78740150
21.88000029,-1.57480300
21.88080029,-2.36220500
21.88160029,-2.36220500
21.88240029,-3.54330700
21.88320029,-3.93700800
21.88400029,-5.11811000
21.88480029,-6.69291300
21.88560029,-7.87401500
21.88640029,-7.87401500
21.88720029,-6.69291300
21.88800029,-4.72440900
21.88880029,-2.75590500
21.88960029,-2.36220500
21.89040029,-1.96850400
21.89120029,-3.54330700
21.89200029,-5.11811000
21.89280029,-7.08661400
21.89360029,-8.26771600
21.89440029,-7.48031400
21.89520029,-5.51181100
21.89600029,-3.54330700
21.89680029,-3.14960600
21.89760029,-3.14960600
21.89840029,-3.93700800
21.89920029,-4.33070900
21.90000029,-4.33070900
21.90080029,-3.14960600
21.90160029,-2.75590500
21.90240029,-2.75590500
21.90320029,-3.14960600
21.90400029,-3.93700800
21.90480029,-4.33070900
21.90560029,-3.54330700
21.90640029,-1.96850400
21.90720029,-0.78740150
21.90800029,0.78740150
21.90880029,1.96850400
21.90960029,1.96850400
21.91040029,2.36220500
21.91120029,1.18110200
21.91200029,0.00000000
21.91280029,0.39370070
21.91360029,0.39370070
21.91440029,0.78740150
21.91520029,1.57480300
21.91600029,2.75590500
21.91680029,3.14960600
21.91760029,3.93700800
21.91840029,4.72440900
21.91920029,5.51181100
21.92000029,5.90551100
21.92080029,6.29921200
21.92160029,6.69291300
21.92240029,6.29921200
21.92320029,5.90551100
21.92400029,5.11811000
21.92480029,3.93700800
21.92560029,3.14960600
21.92640029,3.14960600
21.92720029,4.72440900
21.92800029,6.29921200
21.92880029,7.08661400
21.92960029,7.87401500
21.93040029,7.87401500
21.93120029,7.48031400
21.93200029,6.69291300
21.93280029,6.69291300
21.93360029,6.69291300
21.93440029,6.69291300
21.93520029,5.51181100
21.93600029,3.54330700
21.93680029,1.96850400
21.93760029,1.18110200
21.93840029,2.36220500
21.93920029,3.93700800
21.94000029,5.11811000
21.94080029,5.90551100
21.94160029,5.11811000
21.94240029,3.54330700
21.94320029,1.96850400
21.94400029,0.78740150
21.94480029,0.39370070
21.94560029,0.00000000
21.94640029,-0.39370070
21.94720029,-1.57480300
21.94800029,-1.96850400
21.94880029,-2.36220500
21.94960029,-2.36220500
21.95040029,-1.57480300
21.95120029,-1.57480300
21.95200029,-1.57480300
21.95280029,-2.36220500
21.95360029,-3.14960600
21.95440029,-4.72440900
21.95520029,-5.51181100
21.95600029,-5.51181100
21.95680029,-5.90551100
21.95760029,-5.90551100
21.95840029,-5.90551100
21.95920029,-6.29921200
21.96000029,-5.90551100
21.96080029,-5.11811000
21.96160029,-4.72440900
21.96240029,-5.11811000
21.96320029,-6.29921200
21.96400029,-7.48031400
21.96480029,-7.48031400
21.96560029,-7.48031400
21.96640029,-7.48031400
21.96720029,-6.69291300
21.96800029,-6.69291300
21.96880029,-6.29921200
21.96960029,-5.90551100
21.97040029,-5.51181100
21.97120029,-5.11811000
21.97200029,-5.11811000
21.97280029,-4.72440900
21.97360029,-4.72440900
21.97440029,-5.11811000
21.97520029,-5.11811000
21.97600029,-4.72440900
21.97680029,-3.54330700
21.97760029,-1.96850400
21.97840029,-1.18110200
21.97920029,-0.78740150
21.98000029,-0.78740150
21.98080029,-0.78740150
21.98160029,-1.18110200
21.98240029,-1.57480300
21.98320029,-0.78740150
21.98400029,0.00000000
21.98480029,0.78740150
21.98560029,1.18110200
21.98640029,1.57480300
21.98720029,1.96850400
21.98800029,3.54330700
21.98880029,4.72440900
21.98960029,6.29921200
21.99040029,6.69291300
21.99120029,6.69291300
21.99200029,6.29921200
21.99280029,4.72440900
21.99360029,4.33070900
21.99440029,3.93700800
21.99520029,5.11811000
21.99600029,6.69291300
21.99680029,7.48031400
21.99760029,7.48031400
21.99840029,6.29921200
21.99920029,5.90551100
22.00000029,5.51181100
22.00080029,6.29921200
22.00160029,7.87401500
22.00240029,7.87401500
22.00320029,7.48031400
22.00400029,7.08661400
22.00480029,6.69291300
22.00560029,6.29921200
22.00640029,7.08661400
22.00720029,7.08661400
22.00800029,6.69291300
22.00880029,6.29921200
22.00960029,5.11811000
22.01040029,4.33070900
22.01120029,4.33070900
22.01200029,4.72440900
22.01280029,4.33070900
22.01360029,3.93700800
22.01440029,2.36220500
22.01520029,1.18110200
22.01600029,0.39370070
22.01680029,1.18110200
22.01760029,1.57480300
22.01840029,1.57480300
22.01920029,0.39370070
22.02000029,-1.96850400
22.02080029,-3.14960600
22.02160029,-3.14960600
22.02240029,-3.14960600
22.02320029,-2.36220500
22.02400029,-1.96850400
22.02480029,-2.75590500
22.02560029,-4.33070900
22.02640029,-5.11811000
22.02720029,-5.11811000
22.02800029,-5.11811000
22.02880029,-4.72440900
22.02960029,-5.51181100
22.03040029,-6.29921200
22.03120029,-7.08661400
22.03200029,-7.87401500
22.03280029,-7.08661400
22.03360029,-6.69291300
22.03440029,-5.90551100
22.03520029,-6.29921200
22.03600029,-6.69291300
22.03680029,-7.87401500
22.03760029,-8.26771600
22.03840029,-7.87401500
22.03920029,-7.08661400
22.04000029,-6.29921200
22.04080029,-5.90551100
22.04160029,-6.69291300
22.04240029,-6.29921200
22.04320029,-5.90551100
22.04400029,-5.51181100
22.04480029,-4.33070900
22.04560029,-4.33070900
22.04640029,-5.11811000
22.04720029,-4.72440900
22.04800029,-4.72440900
22.04880029,-3.93700800
22.04960029,-3.54330700
22.05040029,-2.75590500
22.05120029,-2.36220500
22.05200029,-0.78740150
22.05280029,-0.78740150
22.05360029,0.00000000
22.05440029,0.39370070
22.05520029,0.78740150
22.05600029,0.78740150
22.05680029,1.57480300
22.05760029,1.96850400
22.05840029,2.75590500
22.05920029,2.75590500
22.06000029,2.75590500
22.06080029,3.54330700
22.06160029,4.72440900
22.06240029,6.29921200
22.06320029,5.90551100
22.06400029,5.51181100
22.06480029,5.51181100
22.06560029,5.11811000
22.06640029,5.51181100
22.06720029,6.29921200
22.06800029,6.69291300
22.06880029,7.48031400
22.06960029,7.48031400
22.07040029,7.48031400
22.07120029,7.48031400
22.07200029,7.48031400
22.07280029,7.87401500
22.07360029,8.66141700
22.07440029,8.26771600
22.07520029,7.08661400
22.07600029,6.29921200
22.07680029,5.11811000
22.07760029,4.72440900
22.07840029,5.51181100
22.07920029,5.90551100
22.08000029,6.69291300
22.08080029,6.69291300
22.08160029,5.51181100
22.08240029,5.11811000
22.08320029,5.11811000
22.08400029,5.11811000
22.08480029,4.72440900
22.08560029,3.93700800
22.08640029,2.36220500
22.08720029,0.78740150
22.08800029,0.00000000
22.08880029,0.00000000
22.08960029,0.39370070
22.09040029,0.78740150
22.09120029,0.39370070
22.09200029,-0.39370070
22.09280029,-1.18110200
22.09360029,-1.96850400
22.09440029,-2.36220500
22.09520030,-2.75590500
22.09600030,-3.54330700
22.09680030,-4.33070900
22.09760030,-5.11811000
22.09840030,-5.51181100
22.09920030,-5.51181100
22.10000030,-5.11811000
22.10080030,-3.93700800
22.10160030,-4.33070900
22.10240030,-4.72440900
22.10320030,-6.69291300
22.10400030,-7.87401500
22.10480030,-7.87401500
22.10560030,-7.87401500
22.10640030,-7.48031400
22.10720030,-7.48031400
22.10800030,-7.48031400
22.10880030,-7.48031400
22.10960030,-7.48031400
22.11040030,-7.48031400
22.11120030,-7.08661400
22.11200030,-6.69291300
22.11280030,-6.69291300
22.11360030,-6.69291300
22.11440030,-7.08661400
22.11520030,-7.08661400
22.11600030,-7.08661400
22.11680030,-5.90551100
22.11760030,-5.51181100
22.11840030,-4.33070900
22.11920030,-4.33070900
22.12000030,-4.33070900
22.12080030,-4.72440900
22.12160030,-4.33070900
22.12240030,-3.54330700
22.12320030,-1.96850400
22.12400030,-0.78740150
22.12480030,0.39370070
22.12560030,0.39370070
22.12640030,0.78740150
22.12720030,1.18110200
22.12800030,1.96850400
22.12880030,2.75590500
22.12960030,3.14960600
22.13040030,3.14960600
22.13120030,2.75590500
22.13200030,2.36220500
22.13280030,2.36220500
22.13360030,3.93700800
22.13440030,5.90551100
22.13520030,7.48031400
22.13600030,8.26771600
22.13680030,9.05511800
22.13760030,8.66141700
22.13840030,8.26771600
22.13920030,8.26771600
22.14000030,7.48031400
22.14080030,7.08661400
22.14160030,6.69291300
22.14240030,5.90551100
22.14320030,5.11811000
22.14400030,5.11811000
22.14480030,6.29921200
22.14560030,7.87401500
22.14640030,9.44881800
22.14720030,10.23622000
22.14800030,10.23622000
22.14880030,9.44881800
22.14960030,7.87401500
22.15040030,7.48031400
22.15120030,6.29921200
22.15200030,5.51181100
22.15280030,3.93700800
22.15360030,2.75590500
22.15440030,2.75590500
22.15520030,2.36220500
22.15600030,3.54330700
22.15680030,4.72440900
22.15760030,5.11811000
22.15840030,3.54330700
22.15920030,1.96850400
22.16000030,0.78740150
22.16080030,0.00000000
22.16160030,-0.78740150
22.16240030,-1.18110200
22.16320030,-2.36220500
22.16400030,-3.54330700
22.16480030,-3.93700800
22.16560030,-3.93700800
22.16640030,-3.14960600
22.16720030,-2.75590500
22.16800030,-2.36220500
22.16880030,-2.75590500
22.16960030,-3.93700800
22.17040030,-5.11811000
22.17120030,-7.08661400
22.17200030,-7.87401500
22.17280030,-8.66141700
22.17360030,-8.26771600
22.17440030,-8.66141700
22.17520030,-9.44881800
22.17600030,-9.44881800
22.17680030,-9.05511800
22.17760030,-8.26771600
22.17840030,-7.48031400
22.17920030,-6.29921200
22.18000030,-6.29921200
22.18080030,-6.69291300
22.18160030,-7.08661400
22.18240030,-7.48031400
22.18320030,-8.26771600
22.18400030,-7.87401500
22.18480030,-8.26771600
22.18560030,-7.48031400
22.18640030,-7.08661400
22.18720030,-6.69291300
22.18800030,-5.51181100
22.18880030,-4.72440900
22.18960030,-3.14960600
22.19040030,-2.36220500
22.19120030,-1.18110200
22.19200030,-1.18110200
22.19280030,-0.78740150
22.19360030,-1.18110200
22.19440030,-1.96850400
22.19520030,-2.75590500
22.19600030,-1.57480300
22.19680030,-0.39370070
22.19760030,0.78740150
22.19840030,1.57480300
22.19920030,2.36220500
22.20000030,3.54330700
22.20080030,4.33070900
22.20160030,5.51181100
22.20240030,6.29921200
22.20320030,6.29921200
22.20400030,5.51181100
22.20480030,4.72440900
22.20560030,4.72440900
22.20640030,5.11811000
22.20720030,6.29921200
22.20800030,7.48031400
22.20880030,8.66141700
22.20960030,9.05511800
22.21040030,9.44881800
22.21120030,9.44881800
22.21200030,9.44881800
22.21280030,9.05511800
22.21360030,8.66141700
22.21440030,7.08661400
22.21520030,5.90551100
22.21600030,4.72440900
22.21680030,3.93700800
22.21760030,5.11811000
22.21840030,7.08661400
22.21920030,7.87401500
22.22000030,7.87401500
22.22080030,7.08661400
22.22160030,6.69291300
22.22240030,6.29921200
22.22320030,5.51181100
22.22400030,4.72440900
22.22480030,3.54330700
22.22560030,1.57480300
22.22640030,0.78740150
22.22720030,0.39370070
22.22800030,0.78740150
22.22880030,1.57480300
22.22960030,1.96850400
22.23040030,1.57480300
22.23120030,0.78740150
22.23200030,-0.39370070
22.23280030,-1.96850400
22.23360030,-2.75590500
22.23440030,-3.54330700
22.23520030,-3.93700800
22.23600030,-5.11811000
22.23680030,-5.11811000
22.23760030,-5.51181100
22.23840030,-5.51181100
22.23920030,-4.72440900
22.24000030,-4.33070900
22.24080030,-4.72440900
22.24160030,-5.90551100
22.24240030,-7.08661400
22.24320030,-7.48031400
22.24400030,-7.87401500
22.24480030,-7.48031400
22.24560030,-7.08661400
22.24640030,-7.08661400
22.24720030,-6.69291300
22.24800030,-6.69291300
22.24880030,-5.90551100
22.24960030,-5.51181100
22.25040030,-5.51181100
22.25120030,-5.90551100
22.25200030,-6.69291300
22.25280030,-7.08661400
22.25360030,-7.87401500
22.25440030,-7.87401500
22.25520030,-7.48031400
22.25600030,-6.69291300
22.25680030,-5.51181100
22.25760030,-4.33070900
22.25840030,-2.75590500
22.25920030,-1.18110200
22.26000030,-0.39370070
22.26080030,0.00000000
22.26160030,0.00000000
22.26240030,-0.39370070
22.26320030,-0.78740150
22.26400030,-1.57480300
22.26480030,-1.18110200
22.26560030,-1.18110200
22.26640030,0.39370070
22.26720030,0.39370070
22.26800030,1.18110200
22.26880030,1.96850400
22.26960030,3.54330700
22.27040030,4.33070900
22.27120030,4.72440900
22.27200030,3.93700800
22.27280030,3.93700800
22.27360030,3.93700800
22.27440030,4.33070900
22.27520030,5.11811000
22.27600030,5.11811000
22.27680030,5.51181100
22.27760030,5.11811000
22.27840030,5.51181100
22.27920030,5.90551100
22.28000030,6.29921200
22.28080030,6.69291300
22.28160030,6.69291300
22.28240030,6.29921200
22.28320030,5.90551100
22.28400030,5.11811000
22.28480030,5.51181100
22.28560030,5.90551100
22.28640030,5.51181100
22.28720030,5.11811000
22.28800030,4.72440900
22.28880030,4.33070900
22.28960030,4.33070900
22.29040030,4.33070900
22.29120030,4.33070900
22.29200030,4.33070900
22.29280030,3.54330700
22.29360030,2.36220500
22.29440030,1.96850400
22.29520030,1.96850400
22.29600030,2.36220500
22.29680030,2.36220500
22.29760030,1.18110200
22.29840030,0.39370070
22.29920030,0.00000000
22.30000030,0.00000000
22.30080030,0.39370070
22.30160030,0.78740150
22.30240030,0.78740150
22.30320030,0.39370070
22.30400030,-0.39370070
22.30480030,-1.18110200
22.30560030,-1.96850400
22.30640030,-1.96850400
22.30720030,-1.96850400
22.30800030,-2.75590500
22.30880030,-3.54330700
22.30960030,-4.33070900
22.31040030,-4.72440900
22.31120030,-3.93700800
22.31200030,-2.75590500
22.31280030,-2.36220500
22.31360030,-1.96850400
22.31440030,-2.36220500
22.31520030,-3.14960600
22.31600030,-3.54330700
22.31680030,-4.33070900
22.31760030,-4.72440900
22.31840030,-4.33070900
22.31920030,-4.72440900
22.32000030,-5.11811000
22.32080030,-4.72440900
22.32160030,-3.93700800
22.32240030,-2.36220500
22.32320030,-1.57480300
22.32400030,-1.57480300
22.32480030,-2.36220500
22.32560030,-3.14960600
22.32640030,-3.14960600
22.32720030,-3.93700800
22.32800030,-3.93700800
22.32880030,-3.93700800
22.32960030,-4.33070900
22.33040030,-4.72440900
22.33120030,-3.54330700
22.33200030,-2.75590500
22.33280030,-1.57480300
22.33360030,-0.39370070
22.33440030,-0.39370070
22.33520030,-0.78740150
22.33600030,-1.18110200
22.33680030,-1.18110200
22.33760030,-1.96850400
22.33840030,-1.57480300
22.33920030,-1.57480300
22.34000030,-1.57480300
22.34080030,-1.18110200
22.34160030,-0.78740150
22.34240030,0.00000000
22.34320030,1.18110200
22.34400030,1.57480300
22.34480030,1.57480300
22.34560030,1.57480300
22.34640030,1.18110200
22.34720030,1.57480300
22.34800030,1.96850400
22.34880030,2.36220500
22.34960030,2.36220500
22.35040030,1.96850400
22.35120030,1.18110200
22.35200030,1.18110200
22.35280030,1.57480300
22.35360030,1.18110200
22.35440030,1.96850400
22.35520030,2.75590500
22.35600030,3.14960600
22.35680030,3.93700800
22.35760030,4.33070900
22.35840030,4.33070900
22.35920030,4.72440900
22.36000030,4.33070900
22.36080030,4.72440900
22.36160030,4.33070900
22.36240030,3.93700800
22.36320030,3.14960600
22.36400030,2.75590500
22.36480030,2.36220500
22.36560030,2.36220500
22.36640030,3.14960600
22.36720030,3.54330700
22.36800030,4.72440900
22.36880030,4.72440900
22.36960030,5.51181100
22.37040030,5.51181100
22.37120030,5.11811000
22.37200030,4.33070900
22.37280030,3.14960600
22.37360030,1.96850400
22.37440030,1.57480300
22.37520030,1.18110200
22.37600030,1.57480300
22.37680030,1.57480300
22.37760030,2.36220500
22.37840030,3.14960600
22.37920030,3.93700800
22.38000030,4.33070900
22.38080030,3.54330700
22.38160030,1.96850400
22.38240030,0.78740150
22.38320030,-0.39370070
22.38400030,-0.78740150
22.38480030,-1.96850400
22.38560030,-2.36220500
22.38640030,-2.36220500
22.38720030,-2.36220500
22.38800030,-1.57480300
22.38880030,-0.39370070
22.38960030,-0.39370070
22.39040030,-0.78740150
22.39120030,-1.18110200
22.39200030,-2.36220500
22.39280030,-3.93700800
22.39360030,-4.72440900
22.39440030,-5.11811000
22.39520030,-5.51181100
22.39600030,-5.51181100
22.39680030,-5.11811000
22.39760030,-5.11811000
22.39840030,-4.72440900
22.39920030,-3.93700800
22.40000030,-3.93700800
22.40080030,-3.54330700
22.40160030,-3.14960600
22.40240030,-3.93700800
22.40320030,-5.51181100
22.40400030,-6.69291300
22.40480030,-7.08661400
22.40560030,-6.29921200
22.40640030,-5.90551100
22.40720030,-5.11811000
22.40800030,-4.72440900
22.40880030,-4.33070900
22.40960030,-3.54330700
22.41040030,-3.14960600
22.41120030,-2.36220500
22.41200030,-2.36220500
22.41280030,-3.14960600
22.41360030,-3.54330700
22.41440030,-3.93700800
22.41520030,-3.93700800
22.41600030,-3.54330700
22.41680030,-2.36220500
22.41760030,-1.18110200
22.41840030,-0.39370070
22.41920030,0.39370070
22.42000030,0.39370070
22.42080030,0.39370070
22.42160030,0.78740150
22.42240030,1.96850400
22.42320030,2.36220500
22.42400030,2.36220500
22.42480030,1.96850400
22.42560030,1.96850400
22.42640030,1.96850400
22.42720030,3.14960600
22.42800030,3.14960600
22.42880030,4.33070900
22.42960030,5.11811000
22.43040030,4.72440900
22.43120030,4.72440900
22.43200030,4.72440900
22.43280030,5.51181100
22.43360030,5.90551100
22.43440030,5.90551100
22.43520030,5.51181100
22.43600030,4.72440900
22.43680030,3.93700800
22.43760030,4.33070900
22.43840030,4.33070900
22.43920030,5.11811000
22.44000030,5.11811000
22.44080030,5.51181100
22.44160030,5.51181100
22.44240030,5.51181100
22.44320030,5.90551100
22.44400030,5.90551100
22.44480030,5.51181100
22.44560030,5.11811000
22.44640030,3.54330700
22.44720030,2.75590500
22.44800030,2.36220500
22.44880030,2.75590500
22.44960030,2.75590500
22.45040030,3.54330700
22.45120030,3.54330700
22.45200030,2.75590500
22.45280030,2.75590500
22.45360030,2.36220500
22.45440030,2.36220500
22.45520030,1.57480300
22.45600030,0.00000000
22.45680030,-0.78740150
22.45760030,-1.57480300
22.45840030,-1.96850400
22.45920030,-2.36220500
22.46000030,-1.96850400
22.46080030,-1.18110200
22.46160030,-1.18110200
22.46240030,-1.18110200
22.46320030,-1.96850400
22.46400030,-2.75590500
22.46480030,-3.54330700
22.46560030,-3.93700800
22.46640030,-4.33070900
22.46720030,-5.11811000
22.46800030,-5.51181100
22.46880030,-5.90551100
22.46960030,-5.90551100
22.47040030,-5.11811000
22.47120030,-4.33070900
22.47200030,-3.54330700
22.47280030,-3.14960600
22.47360030,-3.54330700
22.47440030,-3.93700800
22.47520030,-5.11811000
22.47600030,-5.90551100
22.47680030,-6.69291300
22.47760030,-6.69291300
22.47840030,-5.90551100
22.47920030,-5.11811000
22.48000030,-3.93700800
22.48080030,-3.54330700
22.48160030,-3.54330700
22.48240030,-3.54330700
22.48320030,-3.14960600
22.48400030,-3.14960600
22.48480030,-2.75590500
22.48560030,-3.14960600
22.48640030,-3.93700800
22.48720030,-3.93700800
22.48800030,-3.54330700
22.48880030,-2.75590500
22.48960030,-1.18110200
22.49040030,0.39370070
22.49120030,1.57480300
22.49200030,1.96850400
22.49280030,1.18110200
22.49360030,0.39370070
22.49440030,0.39370070
22.49520030,0.39370070
22.49600030,0.39370070
22.49680030,0.39370070
22.49760030,0.78740150
22.49840030,0.78740150
22.49920030,1.18110200
22.50000030,3.14960600
22.50080030,4.72440900
22.50160030,6.29921200
22.50240030,5.90551100
22.50320030,5.51181100
22.50400030,4.72440900
22.50480030,3.93700800
22.50560030,3.54330700
22.50640030,3.93700800
22.50720030,3.93700800
22.50800030,4.33070900
22.50880030,3.14960600
22.50960030,3.14960600
22.51040030,4.33070900
22.51120030,5.90551100
22.51200030,6.69291300
22.51280030,7.08661400
22.51360030,6.69291300
22.51440030,5.11811000
22.51520030,3.93700800
22.51600030,4.33070900
22.51680030,3.54330700
22.51760030,3.93700800
22.51840030,3.54330700
22.51920030,3.14960600
22.52000030,2.36220500
22.52080030,1.96850400
22.52160030,2.36220500
22.52240030,3.14960600
22.52320030,3.93700800
22.52400030,3.54330700
22.52480030,3.14960600
22.52560030,1.18110200
22.52640030,0.39370070
22.52720030,0.39370070
22.52800030,0.78740150
22.52880030,0.39370070
22.52960030,-0.39370070
22.53040030,-0.78740150
22.53120030,-1.57480300
22.53200030,-2.36220500
22.53280030,-1.57480300
22.53360030,-0.78740150
22.53440030,-0.39370070
22.53520030,-0.78740150
22.53600030,-1.57480300
22.53680030,-1.96850400
22.53760030,-2.75590500
22.53840030,-3.54330700
22.53920030,-3.14960600
22.54000030,-3.54330700
22.54080030,-4.33070900
22.54160030,-3.93700800
22.54240030,-3.93700800
22.54320030,-3.93700800
22.54400030,-3.14960600
22.54480030,-1.96850400
22.54560030,-2.36220500
22.54640030,-1.96850400
22.54720030,-3.14960600
22.54800030,-3.93700800
22.54880030,-4.72440900
22.54960030,-4.72440900
22.55040030,-4.72440900
22.55120030,-4.33070900
22.55200030,-4.33070900
22.55280030,-3.93700800
22.55360030,-3.54330700
22.55440030,-2.75590500
22.55520030,-2.75590500
22.55600030,-2.36220500
22.55680030,-3.14960600
22.55760030,-3.54330700
22.55840030,-3.93700800
22.55920030,-3.93700800
22.56000030,-4.33070900
22.56080030,-3.93700800
22.56160030,-3.93700800
22.56240030,-2.36220500
22.56320030,-1.57480300
22.56400030,-0.39370070
22.56480030,0.39370070
22.56560030,0.39370070
22.56640030,0.00000000
22.56720030,-0.39370070
22.56800030,-0.78740150
22.56880030,-0.78740150
22.56960030,-0.78740150
22.57040030,-1.57480300
22.57120030,-1.57480300
22.57200030,-1.18110200
22.57280030,0.00000000
22.57360030,1.18110200
22.57440030,2.75590500
22.57520030,3.93700800
22.57600030,3.54330700
22.57680030,2.75590500
22.57760030,2.36220500
22.57840030,2.36220500
22.57920030,3.14960600
22.58000030,3.93700800
22.58080030,3.93700800
22.58160030,2.75590500
22.58240030,1.96850400
22.58320030,1.96850400
22.58400030,3.14960600
22.58480030,4.72440900
22.58560030,6.29921200
22.58640030,5.51181100
22.58720030,4.72440900
22.58800030,3.54330700
22.58880030,3.54330700
22.58960030,3.93700800
22.59040030,5.11811000
22.59120030,5.51181100
22.59200030,4.72440900
22.59280030,4.33070900
22.59360030,4.33070900
22.59440030,4.72440900
22.59520030,5.90551100
22.59600030,6.29921200
22.59680030,6.69291300
22.59760030,5.11811000
22.59840030,3.54330700
22.59920030,2.36220500
22.60000030,1.96850400
22.60080030,2.36220500
22.60160030,3.14960600
22.60240030,3.14960600
22.60320030,2.36220500
22.60400030,1.96850400
22.60480030,1.18110200
22.60560030,1.18110200
22.60640030,1.96850400
22.60720030,1.96850400
22.60800030,1.18110200
22.60880030,0.39370070
22.60960030,-0.78740150
22.61040030,-1.18110200
22.61120030,-1.57480300
22.61200030,-1.57480300
22.61280030,-1.96850400
22.61360030,-2.75590500
22.61440030,-3.54330700
22.61520030,-4.72440900
22.61600030,-4.33070900
22.61680030,-4.33070900
22.61760030,-3.93700800
22.61840030,-3.54330700
22.61920030,-3.14960600
22.62000030,-3.54330700
22.62080030,-3.93700800
22.62160030,-4.72440900
22.62240030,-5.11811000
22.62320030,-6.69291300
22.62400030,-6.69291300
22.62480030,-7.08661400
22.62560030,-7.08661400
22.62640030,-6.69291300
22.62720030,-5.90551100
22.62800030,-5.90551100
22.62880030,-4.72440900
22.62960030,-4.72440900
22.63040030,-4.33070900
22.63120030,-4.72440900
22.63200030,-4.72440900
22.63280030,-4.72440900
22.63360030,-5.51181100
22.63440030,-6.29921200
22.63520030,-6.29921200
22.63600030,-5.51181100
22.63680030,-4.72440900
22.63760030,-3.54330700
22.63840030,-2.36220500
22.63920030,-2.36220500
22.64000030,-1.96850400
22.64080030,-1.57480300
22.64160030,-0.39370070
22.64240030,-0.39370070
22.64320030,-0.78740150
22.64400030,-1.57480300
22.64480030,-1.96850400
22.64560030,-1.18110200
22.64640030,0.39370070
22.64720030,1.96850400
22.64800030,3.14960600
22.64880030,3.93700800
22.64960030,3.54330700
22.65040030,4.33070900
22.65120030,4.33070900
22.65200030,5.51181100
22.65280030,5.90551100
22.65360030,5.51181100
22.65440030,4.72440900
22.65520030,4.33070900
22.65600030,3.54330700
22.65680030,4.33070900
22.65760030,5.51181100
22.65840030,7.08661400
22.65920030,7.87401500
22.66000030,7.87401500
22.66080030,7.08661400
22.66160030,6.29921200
22.66240030,6.69291300
22.66320030,7.48031400
22.66400030,7.87401500
22.66480030,7.08661400
22.66560030,6.29921200
22.66640030,5.90551100
22.66720030,5.90551100
22.66800030,6.29921200
22.66880030,6.29921200
22.66960030,6.29921200
22.67040030,5.51181100
22.67120030,4.33070900
22.67200030,3.54330700
22.67280030,3.54330700
22.67360030,4.33070900
22.67440030,4.33070900
22.67520030,3.93700800
22.67600030,3.54330700
22.67680030,1.96850400
22.67760030,1.18110200
22.67840030,0.00000000
22.67920030,-0.78740150
22.68000030,-0.78740150
22.68080030,-1.18110200
22.68160030,-1.96850400
22.68240030,-2.75590500
22.68320030,-2.75590500
22.68400030,-2.36220500
22.68480030,-1.96850400
22.68560030,-1.18110200
22.68640030,-1.57480300
22.68720030,-3.14960600
22.68800030,-4.72440900
22.68880030,-5.90551100
22.68960030,-5.90551100
22.69040030,-6.69291300
22.69120030,-6.69291300
22.69200030,-7.48031400
22.69280030,-7.48031400
22.69360030,-7.08661400
22.69440030,-6.29921200
22.69520030,-5.90551100
22.69600030,-5.90551100
22.69680030,-6.29921200
22.69760030,-6.69291300
22.69840030,-7.08661400
22.69920030,-7.08661400
22.70000030,-7.87401500
22.70080030,-7.87401500
22.70160030,-7.87401500
22.70240030,-7.08661400
22.70320030,-5.90551100
22.70400030,-5.51181100
22.70480030,-4.72440900
22.70560030,-4.33070900
22.70640030,-3.93700800
22.70720030,-3.93700800
22.70800030,-3.54330700
22.70880030,-3.93700800
22.70960030,-3.54330700
22.71040030,-2.75590500
22.71120030,-2.36220500
22.71200030,-2.36220500
22.71280030,-1.18110200
22.71360030,-0.78740150
22.71440030,-0.39370070
22.71520030,0.00000000
22.71600030,0.78740150
22.71680030,0.00000000
22.71760030,0.00000000
22.71840030,0.00000000
22.71920030,0.78740150
22.72000030,2.75590500
22.72080030,3.93700800
22.72160030,5.11811000
22.72240030,5.51181100
22.72320030,5.11811000
22.72400030,5.51181100
22.72480030,5.51181100
22.72560030,5.51181100
22.72640030,5.11811000
22.72720030,4.33070900
22.72800030,4.33070900
22.72880030,3.93700800
22.72960030,5.11811000
22.73040030,6.69291300
22.73120030,7.87401500
22.73200030,9.05511800
22.73280030,9.05511800
22.73360030,7.87401500
22.73440030,6.29921200
22.73520030,4.72440900
22.73600030,4.33070900
22.73680030,3.93700800
22.73760030,3.93700800
22.73840030,4.33070900
22.73920030,4.33070900
22.74000030,4.72440900
22.74080030,6.29921200
22.74160030,7.48031400
22.74240030,7.87401500
22.74320030,7.48031400
22.74400030,5.90551100
22.74480030,3.54330700
22.74560030,1.96850400
22.74640030,0.78740150
22.74720030,0.39370070
22.74800030,0.39370070
22.74880030,0.39370070
22.74960030,0.39370070
22.75040030,1.18110200
22.75120030,1.96850400
22.75200030,2.75590500
22.75280030,2.75590500
22.75360030,1.57480300
22.75440030,0.00000000
22.75520030,-1.96850400
22.75600030,-4.72440900
22.75680030,-5.90551100
22.75760030,-5.51181100
22.75840030,-5.11811000
22.75920030,-4.33070900
22.76000030,-3.14960600
22.76080030,-2.75590500
22.76160030,-2.75590500
22.76240030,-1.96850400
22.76320030,-1.96850400
22.76400030,-2.36220500
22.76480030,-3.93700800
22.76560030,-5.90551100
22.76640030,-7.08661400
22.76720030,-7.48031400
22.76800030,-7.08661400
22.76880030,-7.08661400
22.76960030,-5.51181100
22.77040030,-5.11811000
22.77120030,-4.33070900
22.77200030,-4.33070900
22.77280030,-3.54330700
22.77360030,-3.93700800
22.77440030,-4.33070900
22.77520030,-5.51181100
22.77600030,-5.90551100
22.77680030,-5.90551100
22.77760030,-5.51181100
22.77840030,-5.11811000
22.77920030,-4.33070900
22.78000030,-3.93700800
22.78080030,-2.36220500
22.78160030,-1.57480300
22.78240030,-0.78740150
22.78320030,-1.18110200
22.78400030,-1.57480300
22.78480030,-1.96850400
22.78560030,-1.96850400
22.78640030,-1.96850400
22.78720030,-1.96850400
22.78800030,-1.96850400
22.78880030,-1.18110200
22.78960030,0.00000000
22.79040030,0.78740150
22.79120030,1.18110200
22.79200030,1.57480300
22.79280030,1.96850400
22.79360030,2.36220500
22.79440030,2.36220500
22.79520030,2.75590500
22.79600030,1.96850400
22.79680030,1.57480300
22.79760030,1.96850400
22.79840030,3.14960600
22.79920030,3.93700800
22.80000030,4.33070900
22.80080030,4.33070900
22.80160030,3.93700800
22.80240030,3.93700800
22.80320030,4.72440900
22.80400030,5.51181100
22.80480030,5.51181100
22.80560030,4.72440900
22.80640030,3.93700800
22.80720030,3.93700800
22.80800030,3.93700800
22.80880030,4.33070900
22.80960030,4.72440900
22.81040030,5.11811000
22.81120030,5.11811000
22.81200030,4.72440900
22.81280030,3.93700800
22.81360030,3.54330700
22.81440030,3.54330700
22.81520030,4.33070900
22.81600030,4.72440900
22.81680030,4.33070900
22.81760030,3.93700800
22.81840030,3.54330700
22.81920030,3.14960600
22.82000030,3.93700800
22.82080030,3.93700800
22.82160030,3.93700800
22.82240030,2.75590500
22.82320030,1.57480300
22.82400030,0.78740150
22.82480030,0.78740150
22.82560030,1.18110200
22.82640030,1.18110200
22.82720030,0.78740150
22.82800030,0.39370070
22.82880030,0.00000000
22.82960030,-0.39370070
22.83040030,-0.78740150
22.83120030,-0.78740150
22.83200030,-0.78740150
22.83280030,-1.18110200
22.83360030,-1.18110200
22.83440030,-1.96850400
22.83520030,-1.96850400
22.83600030,-2.75590500
22.83680030,-2.75590500
22.83760030,-2.75590500
22.83840030,-3.14960600
22.83920030,-3.93700800
22.84000030,-4.72440900
22.84080030,-4.33070900
22.84160030,-4.33070900
22.84240030,-3.93700800
22.84320030,-3.54330700
22.84400031,-4.33070900
22.84480031,-4.72440900
22.84560031,-5.11811000
22.84640031,-5.51181100
22.84720031,-5.11811000
22.84800031,-5.11811000
22.84880031,-5.51181100
22.84960031,-5.51181100
22.85040031,-6.69291300
22.85120031,-5.51181100
22.85200031,-4.72440900
22.85280031,-3.54330700
22.85360031,-3.93700800
22.85440031,-3.54330700
22.85520031,-3.54330700
22.85600031,-3.93700800
22.85680031,-3.93700800
22.85760031,-4.33070900
22.85840031,-4.33070900
22.85920031,-3.54330700
22.86000031,-3.14960600
22.86080031,-2.36220500
22.86160031,-1.96850400
22.86240031,-0.78740150
22.86320031,-0.78740150
22.86400031,-0.39370070
22.86480031,0.00000000
22.86560031,-0.39370070
22.86640031,0.00000000
22.86720031,0.39370070
22.86800031,0.00000000
22.86880031,0.78740150
22.86960031,1.57480300
22.87040031,1.57480300
22.87120031,2.36220500
22.87200031,3.14960600
22.87280031,3.93700800
22.87360031,4.33070900
22.87440031,4.33070900
22.87520031,4.33070900
22.87600031,3.93700800
22.87680031,3.93700800
22.87760031,4.72440900
22.87840031,5.11811000
22.87920031,5.11811000
22.88000031,5.11811000
22.88080031,5.11811000
22.88160031,6.29921200
22.88240031,6.69291300
22.88320031,7.48031400
22.88400031,6.29921200
22.88480031,5.51181100
22.88560031,4.72440900
22.88640031,4.72440900
22.88720031,4.72440900
22.88800031,5.51181100
22.88880031,6.29921200
22.88960031,6.29921200
22.89040031,6.69291300
22.89120031,5.90551100
22.89200031,5.11811000
22.89280031,4.72440900
22.89360031,4.72440900
22.89440031,4.72440900
22.89520031,3.54330700
22.89600031,1.57480300
22.89680031,0.39370070
22.89760031,0.00000000
22.89840031,1.18110200
22.89920031,1.96850400
22.90000031,3.14960600
22.90080031,2.75590500
22.90160031,1.57480300
22.90240031,0.78740150
22.90320031,-0.39370070
22.90400031,-0.39370070
22.90480031,-0.78740150
22.90560031,-2.36220500
22.90640031,-3.14960600
22.90720031,-4.72440900
22.90800031,-5.11811000
22.90880031,-3.93700800
22.90960031,-3.54330700
22.91040031,-2.36220500
22.91120031,-2.75590500
22.91200031,-3.54330700
22.91280031,-4.72440900
22.91360031,-5.11811000
22.91440031,-5.51181100
22.91520031,-5.90551100
22.91600031,-6.29921200
22.91680031,-6.29921200
22.91760031,-6.29921200
22.91840031,-7.08661400
22.91920031,-6.29921200
22.92000031,-5.90551100
22.92080031,-5.51181100
22.92160031,-4.72440900
22.92240031,-5.51181100
22.92320031,-6.29921200
22.92400031,-7.48031400
22.92480031,-7.08661400
22.92560031,-6.69291300
22.92640031,-5.90551100
22.92720031,-5.51181100
22.92800031,-5.11811000
22.92880031,-4.72440900
22.92960031,-3.54330700
22.93040031,-2.36220500
22.93120031,-1.57480300
22.93200031,-1.96850400
22.93280031,-1.96850400
22.93360031,-2.36220500
22.93440031,-2.36220500
22.93520031,-2.75590500
22.93600031,-2.75590500
22.93680031,-1.96850400
22.93760031,-1.18110200
22.93840031,0.00000000
22.93920031,1.18110200
22.94000031,1.96850400
22.94080031,3.14960600
22.94160031,3.54330700
22.94240031,3.54330700
22.94320031,3.54330700
22.94400031,3.14960600
22.94480031,3.54330700
22.94560031,3.54330700
22.94640031,3.93700800
22.94720031,4.33070900
22.94800031,3.54330700
22.94880031,3.54330700
22.94960031,4.33070900
22.95040031,5.51181100
22.95120031,6.69291300
22.95200031,6.69291300
22.95280031,6.69291300
22.95360031,5.90551100
22.95440031,5.90551100
22.95520031,6.29921200
22.95600031,7.48031400
22.95680031,7.48031400
22.95760031,6.29921200
22.95840031,5.11811000
22.95920031,4.33070900
22.96000031,4.33070900
22.96080031,5.11811000
22.96160031,5.11811000
22.96240031,5.51181100
22.96320031,5.11811000
22.96400031,4.33070900
22.96480031,3.93700800
22.96560031,4.33070900
22.96640031,4.33070900
22.96720031,4.33070900
22.96800031,3.54330700
22.96880031,2.36220500
22.96960031,1.18110200
22.97040031,1.18110200
22.97120031,1.57480300
22.97200031,2.36220500
22.97280031,2.75590500
22.97360031,1.96850400
22.97440031,0.78740150
22.97520031,-0.78740150
22.97600031,-1.96850400
22.97680031,-1.96850400
22.97760031,-2.36220500
22.97840031,-1.96850400
22.97920031,-2.75590500
22.98000031,-3.93700800
22.98080031,-3.93700800
22.98160031,-3.14960600
22.98240031,-1.96850400
22.98320031,-0.78740150
22.98400031,-1.57480300
22.98480031,-3.14960600
22.98560031,-4.33070900
22.98640031,-5.11811000
22.98720031,-5.90551100
22.98800031,-6.29921200
22.98880031,-6.29921200
22.98960031,-6.29921200
22.99040031,-6.69291300
22.99120031,-6.29921200
22.99200031,-5.90551100
22.99280031,-4.33070900
22.99360031,-2.75590500
22.99440031,-2.36220500
22.99520031,-2.75590500
22.99600031,-3.93700800
22.99680031,-5.90551100
22.99760031,-6.69291300
22.99840031,-6.69291300
22.99920031,-6.29921200
23.00000031,-5.51181100
23.00080031,-4.72440900
23.00160031,-3.93700800
23.00240031,-3.54330700
23.00320031,-1.96850400
23.00400031,-0.78740150
23.00480031,-0.78740150
23.00560031,-1.18110200
23.00640031,-2.75590500
23.00720031,-3.54330700
23.00800031,-3.54330700
23.00880031,-2.75590500
23.00960031,-2.36220500
23.01040031,-1.18110200
23.01120031,-0.39370070
23.01200031,1.18110200
23.01280031,2.36220500
23.01360031,3.54330700
23.01440031,3.14960600
23.01520031,2.75590500
23.01600031,2.36220500
23.01680031,1.57480300
23.01760031,1.57480300
23.01840031,1.57480300
23.01920031,1.18110200
23.02000031,1.57480300
23.02080031,2.36220500
23.02160031,3.93700800
23.02240031,4.72440900
23.02320031,5.90551100
23.02400031,6.29921200
23.02480031,6.29921200
23.02560031,5.90551100
23.02640031,5.11811000
23.02720031,4.33070900
23.02800031,3.93700800
23.02880031,3.93700800
23.02960031,4.33070900
23.03040031,4.33070900
23.03120031,4.33070900
23.03200031,3.93700800
23.03280031,3.54330700
23.03360031,4.33070900
23.03440031,5.90551100
23.03520031,6.69291300
23.03600031,6.29921200
23.03680031,5.11811000
23.03760031,3.93700800
23.03840031,3.54330700
23.03920031,3.54330700
23.04000031,3.14960600
23.04080031,3.14960600
23.04160031,2.36220500
23.04240031,1.57480300
23.04320031,1.96850400
23.04400031,2.36220500
23.04480031,3.14960600
23.04560031,3.54330700
23.04640031,3.54330700
23.04720031,3.14960600
23.04800031,2.36220500
23.04880031,1.57480300
23.04960031,1.18110200
23.05040031,0.78740150
23.05120031,0.39370070
23.05200031,-0.39370070
23.05280031,-1.96850400
23.05360031,-3.14960600
23.05440031,-3.54330700
23.05520031,-2.36220500
23.05600031,-1.18110200
23.05680031,-0.39370070
23.05760031,-1.18110200
23.05840031,-1.57480300
23.05920031,-2.75590500
23.06000031,-3.14960600
23.06080031,-2.36220500
23.06160031,-2.36220500
23.06240031,-3.93700800
23.06320031,-5.11811000
23.06400031,-6.29921200
23.06480031,-6.29921200
23.06560031,-5.11811000
23.06640031,-3.54330700
23.06720031,-2.36220500
23.06800031,-2.36220500
23.06880031,-2.75590500
23.06960031,-3.54330700
23.07040031,-4.33070900
23.07120031,-5.11811000
23.07200031,-6.29921200
23.07280031,-7.48031400
23.07360031,-7.87401500
23.07440031,-8.26771600
23.07520031,-7.87401500
23.07600031,-6.69291300
23.07680031,-4.72440900
23.07760031,-2.36220500
23.07840031,-1.96850400
23.07920031,-1.96850400
23.08000031,-3.14960600
23.08080031,-4.72440900
23.08160031,-6.69291300
23.08240031,-6.29921200
23.08320031,-5.51181100
23.08400031,-4.72440900
23.08480031,-4.33070900
23.08560031,-3.14960600
23.08640031,-1.18110200
23.08720031,0.78740150
23.08800031,1.57480300
23.08880031,2.36220500
23.08960031,2.75590500
23.09040031,2.75590500
23.09120031,2.75590500
23.09200031,2.36220500
23.09280031,2.36220500
23.09360031,1.18110200
23.09440031,0.78740150
23.09520031,0.39370070
23.09600031,0.39370070
23.09680031,1.96850400
23.09760031,3.54330700
23.09840031,4.72440900
23.09920031,5.90551100
23.10000031,6.29921200
23.10080031,7.08661400
23.10160031,7.08661400
23.10240031,7.08661400
23.10320031,6.29921200
23.10400031,7.08661400
23.10480031,7.48031400
23.10560031,7.48031400
23.10640031,7.08661400
23.10720031,7.08661400
23.10800031,6.69291300
23.10880031,6.69291300
23.10960031,6.29921200
23.11040031,5.90551100
23.11120031,6.29921200
23.11200031,6.29921200
23.11280031,7.48031400
23.11360031,8.26771600
23.11440031,7.87401500
23.11520031,6.69291300
23.11600031,6.69291300
23.11680031,5.51181100
23.11760031,4.72440900
23.11840031,5.11811000
23.11920031,4.33070900
23.12000031,3.14960600
23.12080031,1.57480300
23.12160031,0.78740150
23.12240031,0.78740150
23.12320031,0.78740150
23.12400031,1.57480300
23.12480031,1.57480300
23.12560031,0.78740150
23.12640031,0.39370070
23.12720031,-1.18110200
23.12800031,-2.36220500
23.12880031,-3.14960600
23.12960031,-3.54330700
23.13040031,-3.14960600
23.13120031,-3.54330700
23.13200031,-4.72440900
23.13280031,-5.90551100
23.13360031,-6.29921200
23.13440031,-6.69291300
23.13520031,-7.48031400
23.13600031,-7.08661400
23.13680031,-7.87401500
23.13760031,-8.66141700
23.13840031,-8.26771600
23.13920031,-7.87401500
23.14000031,-6.69291300
23.14080031,-6.29921200
23.14160031,-6.29921200
23.14240031,-7.08661400
23.14320031,-7.48031400
23.14400031,-7.48031400
23.14480031,-7.87401500
23.14560031,-8.26771600
23.14640031,-9.05511800
23.14720031,-9.84251900
23.14800031,-9.84251900
23.14880031,-8.66141700
23.14960031,-7.08661400
23.15040031,-5.90551100
23.15120031,-5.11811000
23.15200031,-5.11811000
23.15280031,-4.72440900
23.15360031,-5.11811000
23.15440031,-4.72440900
23.15520031,-4.33070900
23.15600031,-3.54330700
23.15680031,-3.14960600
23.15760031,-3.14960600
23.15840031,-2.75590500
23.15920031,-2.36220500
23.16000031,-0.39370070
23.16080031,1.57480300
23.16160031,3.54330700
23.16240031,4.33070900
23.16320031,4.33070900
23.16400031,3.54330700
23.16480031,3.54330700
23.16560031,4.72440900
23.16640031,5.51181100
23.16720031,5.51181100
23.16800031,5.11811000
23.16880031,5.11811000
23.16960031,5.51181100
23.17040031,6.69291300
23.17120031,8.26771600
23.17200031,9.05511800
23.17280031,9.44881800
23.17360031,8.66141700
23.17440031,8.26771600
23.17520031,7.48031400
23.17600031,7.87401500
23.17680031,8.66141700
23.17760031,8.66141700
23.17840031,8.66141700
23.17920031,8.26771600
23.18000031,7.87401500
23.18080031,7.87401500
23.18160031,7.87401500
23.18240031,8.26771600
23.18320031,8.66141700
23.18400031,7.87401500
23.18480031,6.69291300
23.18560031,6.29921200
23.18640031,6.29921200
23.18720031,6.29921200
23.18800031,6.69291300
23.18880031,5.90551100
23.18960031,4.72440900
23.19040031,3.14960600
23.19120031,1.96850400
23.19200031,1.96850400
23.19280031,1.57480300
23.19360031,1.18110200
23.19440031,0.00000000
23.19520031,-1.18110200
23.19600031,-1.57480300
23.19680031,-1.18110200
23.19760031,-0.78740150
23.19840031,-0.39370070
23.19920031,-0.78740150
23.20000031,-1.57480300
23.20080031,-2.75590500
23.20160031,-3.54330700
23.20240031,-3.93700800
23.20320031,-4.72440900
23.20400031,-6.29921200
23.20480031,-7.48031400
23.20560031,-8.26771600
23.20640031,-9.05511800
23.20720031,-8.26771600
23.20800031,-7.08661400
23.20880031,-6.69291300
23.20960031,-5.90551100
23.21040031,-6.29921200
23.21120031,-7.08661400
23.21200031,-7.48031400
23.21280031,-7.48031400
23.21360031,-7.87401500
23.21440031,-7.87401500
23.21520031,-8.66141700
23.21600031,-9.84251900
23.21680031,-9.84251900
23.21760031,-9.05511800
23.21840031,-7.08661400
23.21920031,-5.51181100
23.22000031,-5.11811000
23.22080031,-5.11811000
23.22160031,-4.72440900
23.22240031,-4.33070900
23.22320031,-3.93700800
23.22400031,-3.54330700
23.22480031,-3.93700800
23.22560031,-5.11811000
23.22640031,-5.51181100
23.22720031,-5.11811000
23.22800031,-4.33070900
23.22880031,-3.14960600
23.22960031,-1.96850400
23.23040031,-1.18110200
23.23120031,-0.39370070
23.23200031,0.00000000
23.23280031,0.78740150
23.23360031,2.36220500
23.23440031,3.54330700
23.23520031,3.54330700
23.23600031,2.75590500
23.23680031,1.96850400
23.23760031,1.57480300
23.23840031,1.57480300
23.23920031,2.75590500
23.24000031,3.93700800
23.24080031,4.72440900
23.24160031,5.11811000
23.24240031,5.51181100
23.24320031,6.69291300
23.24400031,7.87401500
23.24480031,8.66141700
23.24560031,7.87401500
23.24640031,7.08661400
23.24720031,5.11811000
23.24800031,4.33070900
23.24880031,4.72440900
23.24960031,6.29921200
23.25040031,6.29921200
23.25120031,7.08661400
23.25200031,7.08661400
23.25280031,7.48031400
23.25360031,8.66141700
23.25440031,8.66141700
23.25520031,9.05511800
23.25600031,7.87401500
23.25680031,6.29921200
23.25760031,5.11811000
23.25840031,3.54330700
23.25920031,3.54330700
23.26000031,4.33070900
23.26080031,5.11811000
23.26160031,5.90551100
23.26240031,5.51181100
23.26320031,5.11811000
23.26400031,4.72440900
23.26480031,5.11811000
23.26560031,5.11811000
23.26640031,4.33070900
23.26720031,2.75590500
23.26800031,0.00000000
23.26880031,-1.57480300
23.26960031,-1.96850400
23.27040031,-1.96850400
23.27120031,-0.39370070
23.27200031,0.39370070
23.27280031,0.00000000
23.27360031,-0.78740150
23.27440031,-1.18110200
23.27520031,-1.18110200
23.27600031,-1.57480300
23.27680031,-1.96850400
23.27760031,-2.36220500
23.27840031,-3.93700800
23.27920031,-5.11811000
23.28000031,-5.90551100
23.28080031,-6.29921200
23.28160031,-5.51181100
23.28240031,-5.51181100
23.28320031,-5.90551100
23.28400031,-6.29921200
23.28480031,-6.29921200
23.28560031,-7.08661400
23.28640031,-7.48031400
23.28720031,-7.48031400
23.28800031,-7.08661400
23.28880031,-7.87401500
23.28960031,-8.66141700
23.29040031,-8.26771600
23.29120031,-8.26771600
23.29200031,-7.48031400
23.29280031,-7.48031400
23.29360031,-7.08661400
23.29440031,-6.69291300
23.29520031,-6.69291300
23.29600031,-7.08661400
23.29680031,-6.69291300
23.29760031,-6.29921200
23.29840031,-6.69291300
23.29920031,-6.69291300
23.30000031,-6.69291300
23.30080031,-5.51181100
23.30160031,-5.11811000
23.30240031,-3.93700800
23.30320031,-3.54330700
23.30400031,-3.54330700
23.30480031,-3.14960600
23.30560031,-2.36220500
23.30640031,-1.57480300
23.30720031,-1.18110200
23.30800031,-0.39370070
23.30880031,0.39370070
23.30960031,0.39370070
23.31040031,1.18110200
23.31120031,0.78740150
23.31200031,1.96850400
23.31280031,2.75590500
23.31360031,3.14960600
23.31440031,3.54330700
23.31520031,4.72440900
23.31600031,5.11811000
23.31680031,5.90551100
23.31760031,7.48031400
23.31840031,7.87401500
23.31920031,8.26771600
23.32000031,8.26771600
23.32080031,7.87401500
23.32160031,7.48031400
23.32240031,7.48031400
23.32320031,7.48031400
23.32400031,7.87401500
23.32480031,7.48031400
23.32560031,7.08661400
23.32640031,7.87401500
23.32720031,8.66141700
23.32800031,9.84251900
23.32880031,10.23622000
23.32960031,9.84251900
23.33040031,9.84251900
23.33120031,9.05511800
23.33200031,8.66141700
23.33280031,8.66141700
23.33360031,7.87401500
23.33440031,7.48031400
23.33520031,6.29921200
23.33600031,5.11811000
23.33680031,4.72440900
23.33760031,4.72440900
23.33840031,4.72440900
23.33920031,5.11811000
23.34000031,5.11811000
23.34080031,4.33070900
23.34160031,2.75590500
23.34240031,1.96850400
23.34320031,0.78740150
23.34400031,0.39370070
23.34480031,0.00000000
23.34560031,-0.78740150
23.34640031,-1.96850400
23.34720031,-3.54330700
23.34800031,-3.93700800
23.34880031,-3.93700800
23.34960031,-3.54330700
23.35040031,-3.93700800
23.35120031,-4.72440900
23.35200031,-5.51181100
23.35280031,-7.08661400
23.35360031,-6.69291300
23.35440031,-6.29921200
23.35520031,-6.69291300
23.35600031,-7.08661400
23.35680031,-8.26771600
23.35760031,-9.84251900
23.35840031,-10.23622000
23.35920031,-10.23622000
23.36000031,-10.23622000
23.36080031,-9.84251900
23.36160031,-9.84251900
23.36240031,-9.84251900
23.36320031,-9.44881800
23.36400031,-9.05511800
23.36480031,-8.66141700
23.36560031,-7.87401500
23.36640031,-7.87401500
23.36720031,-8.66141700
23.36800031,-9.05511800
23.36880031,-9.84251900
23.36960031,-9.84251900
23.37040031,-8.26771600
23.37120031,-6.69291300
23.37200031,-5.51181100
23.37280031,-5.11811000
23.37360031,-4.33070900
23.37440031,-3.54330700
23.37520031,-2.75590500
23.37600031,-1.57480300
23.37680031,-1.18110200
23.37760031,-1.18110200
23.37840031,-1.57480300
23.37920031,-2.36220500
23.38000031,-1.57480300
23.38080031,-0.78740150
23.38160031,1.18110200
23.38240031,1.57480300
23.38320031,3.54330700
23.38400031,3.93700800
23.38480031,5.11811000
23.38560031,5.90551100
23.38640031,6.29921200
23.38720031,6.69291300
23.38800031,6.69291300
23.38880031,6.29921200
23.38960031,6.29921200
23.39040031,6.29921200
23.39120031,7.08661400
23.39200031,8.66141700
23.39280031,9.84251900
23.39360031,10.23622000
23.39440031,11.02362000
23.39520031,10.62992000
23.39600031,10.62992000
23.39680031,10.23622000
23.39760031,10.62992000
23.39840031,9.44881800
23.39920031,8.66141700
23.40000031,8.26771600
23.40080031,8.26771600
23.40160031,9.05511800
23.40240031,9.84251900
23.40320031,9.84251900
23.40400031,9.05511800
23.40480031,8.26771600
23.40560031,7.87401500
23.40640031,6.69291300
23.40720031,6.29921200
23.40800031,5.90551100
23.40880031,5.11811000
23.40960031,5.11811000
23.41040031,4.72440900
23.41120031,4.72440900
23.41200031,4.33070900
23.41280031,3.54330700
23.41360031,1.96850400
23.41440031,0.78740150
23.41520031,-0.78740150
23.41600031,-1.96850400
23.41680031,-2.75590500
23.41760031,-2.75590500
23.41840031,-2.75590500
23.41920031,-3.54330700
23.42000031,-3.93700800
23.42080031,-5.11811000
23.42160031,-5.11811000
23.42240031,-4.72440900
23.42320031,-5.11811000
23.42400031,-5.51181100
23.42480031,-7.08661400
23.42560031,-8.66141700
23.42640031,-9.84251900
23.42720031,-10.23622000
23.42800031,-10.23622000
23.42880031,-9.84251900
23.42960031,-9.84251900
23.43040031,-11.02362000
23.43120031,-10.23622000
23.43200031,-10.62992000
23.43280031,-9.84251900
23.43360031,-8.66141700
23.43440031,-8.66141700
23.43520031,-9.05511800
23.43600031,-9.84251900
23.43680031,-11.02362000
23.43760031,-10.23622000
23.43840031,-9.44881800
23.43920031,-8.26771600
23.44000031,-7.48031400
23.44080031,-7.08661400
23.44160031,-7.08661400
23.44240031,-7.08661400
23.44320031,-5.11811000
23.44400031,-4.72440900
23.44480031,-3.93700800
23.44560031,-3.14960600
23.44640031,-3.93700800
23.44720031,-3.93700800
23.44800031,-3.14960600
23.44880031,-1.57480300
23.44960031,0.39370070
23.45040031,1.57480300
23.45120031,2.36220500
23.45200031,1.96850400
23.45280031,2.36220500
23.45360031,2.36220500
23.45440031,3.54330700
23.45520031,4.72440900
23.45600031,4.33070900
23.45680031,4.33070900
23.45760031,4.33070900
23.45840031,5.11811000
23.45920031,6.69291300
23.46000031,8.26771600
23.46080031,9.05511800
23.46160031,9.05511800
23.46240031,9.44881800
23.46320031,9.05511800
23.46400031,9.44881800
23.46480031,9.84251900
23.46560031,10.62992000
23.46640031,9.84251900
23.46720031,9.84251900
23.46800031,8.66141700
23.46880031,8.66141700
23.46960031,8.66141700
23.47040031,9.05511800
23.47120031,9.05511800
23.47200031,8.66141700
23.47280031,7.87401500
23.47360031,7.87401500
23.47440031,8.26771600
23.47520031,8.26771600
23.47600031,8.26771600
23.47680031,7.48031400
23.47760031,5.51181100
23.47840031,4.33070900
23.47920031,3.54330700
23.48000031,3.14960600
23.48080031,3.93700800
23.48160031,3.54330700
23.48240031,2.75590500
23.48320031,1.96850400
23.48400031,1.18110200
23.48480031,1.57480300
23.48560031,1.57480300
23.48640031,1.57480300
23.48720031,0.39370070
23.48800031,-1.96850400
23.48880031,-3.54330700
23.48960031,-5.51181100
23.49040031,-6.29921200
23.49120031,-5.90551100
23.49200031,-5.90551100
23.49280031,-5.90551100
23.49360031,-6.29921200
23.49440031,-6.29921200
23.49520031,-6.29921200
23.49600031,-5.51181100
23.49680031,-5.51181100
23.49760031,-5.90551100
23.49840031,-7.08661400
23.49920031,-9.05511800
23.50000031,-9.84251900
23.50080031,-11.02362000
23.50160031,-10.62992000
23.50240031,-9.05511800
23.50320031,-8.66141700
23.50400031,-8.26771600
23.50480031,-7.48031400
23.50560031,-6.29921200
23.50640031,-5.11811000
23.50720031,-5.51181100
23.50800031,-5.90551100
23.50880031,-7.08661400
23.50960031,-8.26771600
23.51040031,-8.26771600
23.51120031,-7.87401500
23.51200031,-6.69291300
23.51280031,-5.11811000
23.51360031,-4.33070900
23.51440031,-3.14960600
23.51520031,-1.96850400
23.51600031,-1.57480300
23.51680031,-0.78740150
23.51760031,-0.39370070
23.51840031,-0.39370070
23.51920031,-1.18110200
23.52000031,-1.18110200
23.52080031,-1.18110200
23.52160031,-0.39370070
23.52240031,1.18110200
23.52320031,2.36220500
23.52400031,2.36220500
23.52480031,2.75590500
23.52560031,3.14960600
23.52640031,3.54330700
23.52720031,4.72440900
23.52800031,5.11811000
23.52880031,5.11811000
23.52960031,5.11811000
23.53040031,4.72440900
23.53120031,5.11811000
23.53200031,5.51181100
23.53280031,6.29921200
23.53360031,6.69291300
23.53440031,7.08661400
23.53520031,5.90551100
23.53600031,5.90551100
23.53680031,5.90551100
23.53760031,5.90551100
23.53840031,6.29921200
23.53920031,5.90551100
23.54000031,5.51181100
23.54080031,5.11811000
23.54160031,6.29921200
23.54240031,6.69291300
23.54320031,7.48031400
23.54400031,7.08661400
23.54480031,5.90551100
23.54560031,4.72440900
23.54640031,4.33070900
23.54720031,3.93700800
23.54800031,3.93700800
23.54880031,3.93700800
23.54960031,3.54330700
23.55040031,2.75590500
23.55120031,1.96850400
23.55200031,1.57480300
23.55280031,1.96850400
23.55360031,2.75590500
23.55440031,3.14960600
23.55520031,2.36220500
23.55600031,1.96850400
23.55680031,0.39370070
23.55760031,0.00000000
23.55840031,0.00000000
23.55920031,0.00000000
23.56000031,-0.39370070
23.56080031,-1.57480300
23.56160031,-1.96850400
23.56240031,-2.75590500
23.56320031,-2.75590500
23.56400031,-2.36220500
23.56480031,-2.36220500
23.56560031,-2.75590500
23.56640031,-3.14960600
23.56720031,-4.33070900
23.56800031,-3.93700800
23.56880031,-3.54330700
23.56960031,-3.54330700
23.57040031,-3.14960600
23.57120031,-3.54330700
23.57200031,-4.72440900
23.57280031,-5.51181100
23.57360031,-5.90551100
23.57440031,-5.51181100
23.57520031,-4.72440900
23.57600031,-4.72440900
23.57680031,-5.11811000
23.57760031,-5.11811000
23.57840031,-5.51181100
23.57920031,-5.11811000
23.58000031,-4.33070900
23.58080031,-4.33070900
23.58160031,-4.72440900
23.58240031,-5.11811000
23.58320031,-5.51181100
23.58400031,-5.51181100
23.58480031,-4.33070900
23.58560031,-3.54330700
23.58640031,-2.36220500
23.58720031,-2.36220500
23.58800031,-2.36220500
23.58880031,-2.75590500
23.58960031,-2.75590500
23.59040031,-3.14960600
23.59120031,-2.75590500
23.59200031,-2.75590500
23.59280031,-3.14960600
23.59360032,-2.75590500
23.59440032,-1.96850400
23.59520032,-1.57480300
23.59600032,0.00000000
23.59680032,0.39370070
23.59760032,1.96850400
23.59840032,1.96850400
23.59920032,2.36220500
23.60000032,1.96850400
23.60080032,1.18110200
23.60160032,1.18110200
23.60240032,1.57480300
23.60320032,1.96850400
23.60400032,2.36220500
23.60480032,2.36220500
23.60560032,2.75590500
23.60640032,3.93700800
23.60720032,4.33070900
23.60800032,5.11811000
23.60880032,5.11811000
23.60960032,5.11811000
23.61040032,5.51181100
23.61120032,5.51181100
23.61200032,4.72440900
23.61280032,3.93700800
23.61360032,4.33070900
23.61440032,4.33070900
23.61520032,4.72440900
23.61600032,5.51181100
23.61680032,5.51181100
23.61760032,5.90551100
23.61840032,5.90551100
23.61920032,5.90551100
23.62000032,5.90551100
23.62080032,6.29921200
23.62160032,6.29921200
23.62240032,4.72440900
23.62320032,3.93700800
23.62400032,3.14960600
23.62480032,2.36220500
23.62560032,2.36220500
23.62640032,2.75590500
23.62720032,2.75590500
23.62800032,2.75590500
23.62880032,2.36220500
23.62960032,2.75590500
23.63040032,2.36220500
23.63120032,2.36220500
23.63200032,1.96850400
23.63280032,1.57480300
23.63360032,0.78740150
23.63440032,-0.78740150
23.63520032,-0.78740150
23.63600032,-0.78740150
23.63680032,-1.18110200
23.63760032,-1.18110200
23.63840032,-1.57480300
23.63920032,-1.57480300
23.64000032,-1.96850400
23.64080032,-1.57480300
23.64160032,-0.78740150
23.64240032,-0.39370070
23.64320032,-1.18110200
23.64400032,-1.57480300
23.64480032,-3.54330700
23.64560032,-4.72440900
23.64640032,-5.51181100
23.64720032,-5.11811000
23.64800032,-4.72440900
23.64880032,-4.33070900
23.64960032,-4.33070900
23.65040032,-4.72440900
23.65120032,-4.72440900
23.65200032,-3.93700800
23.65280032,-3.54330700
23.65360032,-3.14960600
23.65440032,-3.14960600
23.65520032,-3.93700800
23.65600032,-5.90551100
23.65680032,-6.69291300
23.65760032,-7.08661400
23.65840032,-6.29921200
23.65920032,-5.11811000
23.66000032,-3.54330700
23.66080032,-3.14960600
23.66160032,-2.75590500
23.66240032,-2.36220500
23.66320032,-3.14960600
23.66400032,-1.96850400
23.66480032,-1.96850400
23.66560032,-2.36220500
23.66640032,-3.54330700
23.66720032,-4.33070900
23.66800032,-5.11811000
23.66880032,-4.33070900
23.66960032,-2.36220500
23.67040032,-1.18110200
23.67120032,0.39370070
23.67200032,1.57480300
23.67280032,0.78740150
23.67360032,0.78740150
23.67440032,0.78740150
23.67520032,0.39370070
23.67600032,0.78740150
23.67680032,0.39370070
23.67760032,-0.39370070
23.67840032,-0.39370070
23.67920032,0.39370070
23.68000032,1.57480300
23.68080032,3.54330700
23.68160032,5.11811000
23.68240032,6.29921200
23.68320032,5.90551100
23.68400032,5.11811000
23.68480032,4.33070900
23.68560032,4.33070900
23.68640032,4.33070900
23.68720032,3.54330700
23.68800032,3.93700800
23.68880032,3.93700800
23.68960032,3.93700800
23.69040032,5.11811000
23.69120032,6.69291300
23.69200032,7.08661400
23.69280032,7.87401500
23.69360032,7.48031400
23.69440032,6.29921200
23.69520032,4.72440900
23.69600032,4.33070900
23.69680032,3.93700800
23.69760032,4.72440900
23.69840032,5.11811000
23.69920032,4.72440900
23.70000032,5.11811000
23.70080032,5.11811000
23.70160032,5.11811000
23.70240032,5.51181100
23.70320032,5.11811000
23.70400032,4.33070900
23.70480032,3.14960600
23.70560032,2.36220500
23.70640032,1.18110200
23.70720032,0.39370070
23.70800032,0.78740150
23.70880032,0.39370070
23.70960032,1.18110200
23.71040032,1.18110200
23.71120032,0.78740150
23.71200032,0.39370070
23.71280032,0.00000000
23.71360032,-0.78740150
23.71440032,-0.78740150
23.71520032,-1.57480300
23.71600032,-2.75590500
23.71680032,-3.54330700
23.71760032,-3.93700800
23.71840032,-5.51181100
23.71920032,-5.51181100
23.72000032,-5.11811000
23.72080032,-5.11811000
23.72160032,-3.93700800
23.72240032,-4.33070900
23.72320032,-5.11811000
23.72400032,-5.51181100
23.72480032,-5.90551100
23.72560032,-5.90551100
23.72640032,-5.51181100
23.72720032,-5.11811000
23.72800032,-5.90551100
23.72880032,-7.08661400
23.72960032,-7.48031400
23.73040032,-7.87401500
23.73120032,-7.08661400
23.73200032,-7.08661400
23.73280032,-6.69291300
23.73360032,-5.51181100
23.73440032,-4.72440900
23.73520032,-4.33070900
23.73600032,-4.33070900
23.73680032,-3.54330700
23.73760032,-3.54330700
23.73840032,-3.54330700
23.73920032,-3.93700800
23.74000032,-3.93700800
23.74080032,-3.93700800
23.74160032,-3.14960600
23.74240032,-1.96850400
23.74320032,-0.39370070
23.74400032,0.78740150
23.74480032,1.18110200
23.74560032,1.57480300
23.74640032,0.39370070
23.74720032,0.00000000
23.74800032,-0.39370070
23.74880032,0.00000000
23.74960032,0.00000000
23.75040032,-0.39370070
23.75120032,-0.39370070
23.75200032,0.00000000
23.75280032,1.57480300
23.75360032,3.93700800
23.75440032,5.90551100
23.75520032,7.48031400
23.75600032,7.87401500
23.75680032,7.48031400
23.75760032,7.08661400
23.75840032,6.69291300
23.75920032,5.51181100
23.76000032,3.93700800
23.76080032,2.36220500
23.76160032,1.96850400
23.76240032,1.96850400
23.76320032,3.54330700
23.76400032,6.29921200
23.76480032,9.05511800
23.76560032,11.41732000
23.76640032,11.41732000
23.76720032,11.02362000
23.76800032,9.05511800
23.76880032,7.08661400
23.76960032,5.51181100
23.77040032,3.93700800
23.77120032,2.36220500
23.77200032,1.18110200
23.77280032,0.78740150
23.77360032,0.78740150
23.77440032,1.57480300
23.77520032,3.14960600
23.77600032,3.93700800
23.77680032,4.72440900
23.77760032,5.11811000
23.77840032,3.93700800
23.77920032,2.75590500
23.78000032,1.18110200
23.78080032,0.78740150
23.78160032,-0.39370070
23.78240032,-0.78740150
23.78320032,-1.18110200
23.78400032,-1.57480300
23.78480032,-1.18110200
23.78560032,-1.96850400
23.78640032,-1.96850400
23.78720032,-1.96850400
23.78800032,-1.96850400
23.78880032,-2.36220500
23.78960032,-2.36220500
23.79040032,-3.14960600
23.79120032,-2.75590500
23.79200032,-2.36220500
23.79280032,-2.75590500
23.79360032,-3.14960600
23.79440032,-3.14960600
23.79520032,-3.54330700
23.79600032,-3.93700800
23.79680032,-3.93700800
23.79760032,-5.11811000
23.79840032,-5.90551100
23.79920032,-6.69291300
23.80000032,-7.48031400
23.80080032,-7.08661400
23.80160032,-5.90551100
23.80240032,-5.51181100
23.80320032,-4.33070900
23.80400032,-3.93700800
23.80480032,-3.93700800
23.80560032,-3.54330700
23.80640032,-3.54330700
23.80720032,-4.72440900
23.80800032,-3.93700800
23.80880032,-4.33070900
23.80960032,-3.54330700
23.81040032,-2.75590500
23.81120032,-2.36220500
23.81200032,-2.75590500
23.81280032,-2.36220500
23.81360032,-2.75590500
23.81440032,-2.75590500
23.81520032,-2.36220500
23.81600032,-1.96850400
23.81680032,-2.36220500
23.81760032,-1.96850400
23.81840032,-1.57480300
23.81920032,-0.78740150
23.82000032,0.00000000
23.82080032,1.18110200
23.82160032,1.96850400
23.82240032,2.36220500
23.82320032,2.36220500
23.82400032,1.96850400
23.82480032,1.96850400
23.82560032,1.57480300
23.82640032,0.78740150
23.82720032,0.39370070
23.82800032,0.39370070
23.82880032,0.39370070
23.82960032,1.57480300
23.83040032,3.54330700
23.83120032,4.33070900
23.83200032,5.51181100
23.83280032,5.51181100
23.83360032,5.51181100
23.83440032,5.11811000
23.83520032,4.72440900
23.83600032,3.93700800
23.83680032,3.54330700
23.83760032,3.54330700
23.83840032,3.54330700
23.83920032,3.54330700
23.84000032,3.54330700
23.84080032,3.93700800
23.84160032,3.93700800
23.84240032,4.72440900
23.84320032,5.11811000
23.84400032,5.11811000
23.84480032,5.11811000
23.84560032,4.72440900
23.84640032,4.33070900
23.84720032,3.54330700
23.84800032,3.54330700
23.84880032,3.14960600
23.84960032,2.75590500
23.85040032,2.36220500
23.85120032,1.96850400
23.85200032,1.96850400
23.85280032,1.96850400
23.85360032,2.36220500
23.85440032,2.36220500
23.85520032,1.57480300
23.85600032,0.78740150
23.85680032,1.57480300
23.85760032,1.18110200
23.85840032,1.18110200
23.85920032,0.00000000
23.86000032,-1.18110200
23.86080032,-1.96850400
23.86160032,-1.96850400
23.86240032,-1.96850400
23.86320032,-1.96850400
23.86400032,-1.57480300
23.86480032,-1.18110200
23.86560032,-1.18110200
23.86640032,-1.57480300
23.86720032,-1.96850400
23.86800032,-2.36220500
23.86880032,-1.96850400
23.86960032,-3.54330700
23.87040032,-4.33070900
23.87120032,-5.51181100
23.87200032,-5.90551100
23.87280032,-5.90551100
23.87360032,-5.51181100
23.87440032,-4.33070900
23.87520032,-3.93700800
23.87600032,-3.54330700
23.87680032,-3.14960600
23.87760032,-2.75590500
23.87840032,-2.75590500
23.87920032,-2.36220500
23.88000032,-2.75590500
23.88080032,-3.14960600
23.88160032,-3.14960600
23.88240032,-3.54330700
23.88320032,-3.14960600
23.88400032,-3.14960600
23.88480032,-2.36220500
23.88560032,-1.57480300
23.88640032,-1.57480300
23.88720032,-1.18110200
23.88800032,-1.57480300
23.88880032,-1.57480300
23.88960032,-1.57480300
23.89040032,-1.57480300
23.89120032,-1.96850400
23.89200032,-1.96850400
23.89280032,-1.57480300
23.89360032,-1.57480300
23.89440032,-0.78740150
23.89520032,-1.18110200
23.89600032,-1.18110200
23.89680032,-1.18110200
23.89760032,-0.78740150
23.89840032,-0.78740150
23.89920032,-0.78740150
23.90000032,-0.39370070
23.90080032,0.00000000
23.90160032,0.00000000
23.90240032,1.96850400
23.90320032,2.36220500
23.90400032,3.14960600
23.90480032,3.93700800
23.90560032,3.54330700
23.90640032,3.54330700
23.90720032,3.14960600
23.90800032,2.75590500
23.90880032,2.75590500
23.90960032,3.54330700
23.91040032,3.14960600
23.91120032,2.75590500
23.91200032,3.54330700
23.91280032,3.93700800
23.91360032,4.72440900
23.91440032,5.11811000
23.91520032,5.11811000
23.91600032,4.33070900
23.91680032,4.33070900
23.91760032,3.54330700
23.91840032,3.54330700
23.91920032,3.14960600
23.92000032,2.75590500
23.92080032,2.75590500
23.92160032,3.14960600
23.92240032,3.14960600
23.92320032,4.33070900
23.92400032,5.11811000
23.92480032,5.51181100
23.92560032,4.72440900
23.92640032,4.33070900
23.92720032,3.14960600
23.92800032,1.96850400
23.92880032,1.18110200
23.92960032,1.57480300
23.93040032,1.57480300
23.93120032,1.96850400
23.93200032,1.96850400
23.93280032,1.96850400
23.93360032,2.36220500
23.93440032,1.96850400
23.93520032,1.57480300
23.93600032,0.78740150
23.93680032,0.00000000
23.93760032,-1.96850400
23.93840032,-1.96850400
23.93920032,-2.75590500
23.94000032,-3.14960600
23.94080032,-2.75590500
23.94160032,-3.14960600
23.94240032,-2.75590500
23.94320032,-3.54330700
23.94400032,-3.93700800
23.94480032,-3.93700800
23.94560032,-3.54330700
23.94640032,-3.93700800
23.94720032,-5.11811000
23.94800032,-5.51181100
23.94880032,-7.08661400
23.94960032,-7.08661400
23.95040032,-7.08661400
23.95120032,-7.08661400
23.95200032,-6.29921200
23.95280032,-5.90551100
23.95360032,-5.51181100
23.95440032,-5.11811000
23.95520032,-4.33070900
23.95600032,-4.33070900
23.95680032,-4.33070900
23.95760032,-3.93700800
23.95840032,-4.72440900
23.95920032,-4.72440900
23.96000032,-5.11811000
23.96080032,-4.72440900
23.96160032,-4.33070900
23.96240032,-3.14960600
23.96320032,-2.36220500
23.96400032,-1.57480300
23.96480032,-0.78740150
23.96560032,-0.78740150
23.96640032,0.00000000
23.96720032,0.00000000
23.96800032,0.39370070
23.96880032,0.00000000
23.96960032,0.39370070
23.97040032,0.78740150
23.97120032,0.39370070
23.97200032,0.78740150
23.97280032,1.96850400
23.97360032,1.57480300
23.97440032,2.75590500
23.97520032,3.14960600
23.97600032,3.93700800
23.97680032,3.93700800
23.97760032,4.33070900
23.97840032,4.33070900
23.97920032,4.72440900
23.98000032,4.72440900
23.98080032,3.93700800
23.98160032,4.33070900
23.98240032,4.33070900
23.98320032,3.93700800
23.98400032,4.72440900
23.98480032,4.72440900
23.98560032,5.11811000
23.98640032,5.51181100
23.98720032,5.51181100
23.98800032,5.11811000
23.98880032,5.11811000
23.98960032,4.72440900
23.99040032,4.33070900
23.99120032,3.54330700
23.99200032,3.14960600
23.99280032,3.14960600
23.99360032,3.54330700
23.99440032,3.54330700
23.99520032,3.54330700
23.99600032,4.33070900
23.99680032,5.11811000
23.99760032,5.11811000
23.99840032,4.33070900
23.99920032,3.54330700
24.00000032,1.96850400
24.00080032,0.78740150
24.00160032,0.39370070
24.00240032,0.39370070
24.00320032,0.00000000
24.00400032,-0.39370070
24.00480032,0.00000000
24.00560032,-0.39370070
24.00640032,0.00000000
24.00720032,0.78740150
24.00800032,0.78740150
24.00880032,-0.39370070
24.00960032,-1.96850400
24.01040032,-3.14960600
24.01120032,-4.33070900
24.01200032,-4.72440900
24.01280032,-4.33070900
24.01360032,-4.33070900
24.01440032,-4.33070900
24.01520032,-3.93700800
24.01600032,-3.93700800
24.01680032,-3.14960600
24.01760032,-2.36220500
24.01840032,-1.96850400
24.01920032,-2.75590500
24.02000032,-3.54330700
24.02080032,-5.11811000
24.02160032,-5.90551100
24.02240032,-5.90551100
24.02320032,-5.11811000
24.02400032,-4.33070900
24.02480032,-3.54330700
24.02560032,-3.54330700
24.02640032,-4.33070900
24.02720032,-3.93700800
24.02800032,-3.93700800
24.02880032,-3.93700800
24.02960032,-3.93700800
24.03040032,-4.33070900
24.03120032,-5.51181100
24.03200032,-5.51181100
24.03280032,-5.51181100
24.03360032,-4.33070900
24.03440032,-2.75590500
24.03520032,-1.96850400
24.03600032,-1.96850400
24.03680032,-1.96850400
24.03760032,-2.36220500
24.03840032,-1.96850400
24.03920032,-2.36220500
24.04000032,-1.57480300
24.04080032,-1.57480300
24.04160032,-1.18110200
24.04240032,-1.18110200
24.04320032,-0.78740150
24.04400032,0.00000000
24.04480032,1.57480300
24.04560032,2.36220500
24.04640032,3.14960600
24.04720032,3.14960600
24.04800032,2.36220500
24.04880032,1.96850400
24.04960032,1.96850400
24.05040032,1.96850400
24.05120032,3.14960600
24.05200032,3.54330700
24.05280032,3.54330700
24.05360032,4.33070900
24.05440032,4.33070900
24.05520032,5.11811000
24.05600032,5.11811000
24.05680032,5.11811000
24.05760032,5.11811000
24.05840032,3.93700800
24.05920032,3.93700800
24.06000032,3.14960600
24.06080032,3.93700800
24.06160032,3.93700800
24.06240032,4.33070900
24.06320032,5.11811000
24.06400032,5.11811000
24.06480032,5.11811000
24.06560032,4.72440900
24.06640032,4.33070900
24.06720032,3.93700800
24.06800032,3.54330700
24.06880032,3.93700800
24.06960032,3.54330700
24.07040032,3.54330700
24.07120032,3.54330700
24.07200032,3.93700800
24.07280032,3.93700800
24.07360032,4.33070900
24.07440032,3.93700800
24.07520032,3.93700800
24.07600032,3.14960600
24.07680032,2.36220500
24.07760032,1.57480300
24.07840032,1.57480300
24.07920032,1.18110200
24.08000032,0.78740150
24.08080032,0.39370070
24.08160032,0.39370070
24.08240032,-0.39370070
24.08320032,-0.78740150
24.08400032,-1.57480300
24.08480032,-0.78740150
24.08560032,-1.18110200
24.08640032,-1.57480300
24.08720032,-2.36220500
24.08800032,-2.75590500
24.08880032,-3.54330700
24.08960032,-3.54330700
24.09040032,-2.75590500
24.09120032,-3.14960600
24.09200032,-3.14960600
24.09280032,-3.14960600
24.09360032,-4.33070900
24.09440032,-4.33070900
24.09520032,-4.33070900
24.09600032,-4.72440900
24.09680032,-3.93700800
24.09760032,-3.93700800
24.09840032,-4.72440900
24.09920032,-5.51181100
24.10000032,-5.51181100
24.10080032,-6.29921200
24.10160032,-5.51181100
24.10240032,-5.11811000
24.10320032,-5.51181100
24.10400032,-6.29921200
24.10480032,-6.29921200
24.10560032,-5.51181100
24.10640032,-4.33070900
24.10720032,-3.54330700
24.10800032,-2.36220500
24.10880032,-2.36220500
24.10960032,-3.54330700
24.11040032,-5.11811000
24.11120032,-4.72440900
24.11200032,-4.33070900
24.11280032,-4.33070900
24.11360032,-3.93700800
24.11440032,-4.72440900
24.11520032,-4.33070900
24.11600032,-3.14960600
24.11680032,-1.18110200
24.11760032,0.00000000
24.11840032,1.96850400
24.11920032,2.36220500
24.12000032,1.96850400
24.12080032,1.57480300
24.12160032,0.39370070
24.12240032,0.39370070
24.12320032,0.78740150
24.12400032,1.18110200
24.12480032,1.57480300
24.12560032,1.57480300
24.12640032,1.96850400
24.12720032,2.75590500
24.12800032,4.72440900
24.12880032,6.29921200
24.12960032,7.08661400
24.13040032,7.48031400
24.13120032,6.29921200
24.13200032,5.11811000
24.13280032,4.72440900
24.13360032,5.51181100
24.13440032,5.51181100
24.13520032,5.90551100
24.13600032,6.69291300
24.13680032,5.51181100
24.13760032,5.90551100
24.13840032,6.29921200
24.13920032,6.69291300
24.14000032,7.48031400
24.14080032,7.08661400
24.14160032,6.69291300
24.14240032,5.90551100
24.14320032,5.11811000
24.14400032,5.11811000
24.14480032,4.72440900
24.14560032,5.51181100
24.14640032,4.72440900
24.14720032,4.33070900
24.14800032,3.93700800
24.14880032,3.14960600
24.14960032,2.75590500
24.15040032,2.75590500
24.15120032,2.36220500
24.15200032,2.75590500
24.15280032,1.96850400
24.15360032,1.57480300
24.15440032,0.78740150
24.15520032,0.39370070
24.15600032,-0.39370070
24.15680032,-0.39370070
24.15760032,-1.18110200
24.15840032,-3.14960600
24.15920032,-3.93700800
24.16000032,-4.72440900
24.16080032,-4.72440900
24.16160032,-3.93700800
24.16240032,-3.14960600
24.16320032,-2.36220500
24.16400032,-2.36220500
24.16480032,-3.14960600
24.16560032,-4.33070900
24.16640032,-5.11811000
24.16720032,-5.90551100
24.16800032,-7.08661400
24.16880032,-7.87401500
24.16960032,-8.66141700
24.17040032,-9.05511800
24.17120032,-8.26771600
24.17200032,-7.87401500
24.17280032,-6.29921200
24.17360032,-4.33070900
24.17440032,-3.54330700
24.17520032,-3.54330700
24.17600032,-3.93700800
24.17680032,-5.11811000
24.17760032,-6.69291300
24.17840032,-7.08661400
24.17920032,-7.08661400
24.18000032,-7.08661400
24.18080032,-5.90551100
24.18160032,-5.51181100
24.18240032,-4.72440900
24.18320032,-3.14960600
24.18400032,-1.18110200
24.18480032,0.39370070
24.18560032,1.57480300
24.18640032,1.18110200
24.18720032,-0.39370070
24.18800032,-1.96850400
24.18880032,-2.75590500
24.18960032,-2.75590500
24.19040032,-1.57480300
24.19120032,-0.78740150
24.19200032,0.39370070
24.19280032,1.96850400
24.19360032,3.14960600
24.19440032,3.93700800
24.19520032,5.51181100
24.19600032,5.90551100
24.19680032,5.11811000
24.19760032,4.33070900
24.19840032,3.14960600
24.19920032,1.18110200
24.20000032,1.18110200
24.20080032,2.36220500
24.20160032,3.93700800
24.20240032,5.51181100
24.20320032,6.69291300
24.20400032,6.69291300
24.20480032,6.69291300
24.20560032,7.08661400
24.20640032,7.48031400
24.20720032,7.48031400
24.20800032,6.29921200
24.20880032,5.11811000
24.20960032,3.14960600
24.21040032,2.75590500
24.21120032,3.14960600
24.21200032,5.11811000
24.21280032,6.69291300
24.21360032,7.08661400
24.21440032,6.29921200
24.21520032,5.51181100
24.21600032,4.33070900
24.21680032,4.33070900
24.21760032,3.93700800
24.21840032,3.93700800
24.21920032,3.14960600
24.22000032,1.57480300
24.22080032,0.39370070
24.22160032,0.39370070
24.22240032,0.78740150
24.22320032,1.96850400
24.22400032,2.75590500
24.22480032,2.75590500
24.22560032,1.57480300
24.22640032,-0.39370070
24.22720032,-1.18110200
24.22800032,-1.57480300
24.22880032,-0.78740150
24.22960032,-0.78740150
24.23040032,-1.57480300
24.23120032,-3.14960600
24.23200032,-3.93700800
24.23280032,-4.33070900
24.23360032,-3.54330700
24.23440032,-2.36220500
24.23520032,-3.14960600
24.23600032,-3.54330700
24.23680032,-4.72440900
24.23760032,-5.51181100
24.23840032,-5.90551100
24.23920032,-5.11811000
24.24000032,-4.33070900
24.24080032,-4.33070900
24.24160032,-4.72440900
24.24240032,-5.90551100
24.24320032,-6.69291300
24.24400032,-6.29921200
24.24480032,-5.51181100
24.24560032,-4.72440900
24.24640032,-4.33070900
24.24720032,-4.72440900
24.24800032,-5.11811000
24.24880032,-5.51181100
24.24960032,-5.11811000
24.25040032,-4.33070900
24.25120032,-3.93700800
24.25200032,-4.33070900
24.25280032,-4.72440900
24.25360032,-4.33070900
24.25440032,-3.93700800
24.25520032,-3.14960600
24.25600032,-1.57480300
24.25680032,-0.39370070
24.25760032,0.00000000
24.25840032,0.39370070
24.25920032,-0.39370070
24.26000032,-0.39370070
24.26080032,0.00000000
24.26160032,-0.39370070
24.26240032,0.00000000
24.26320032,1.57480300
24.26400032,1.57480300
24.26480032,2.36220500
24.26560032,3.14960600
24.26640032,3.54330700
24.26720032,3.93700800
24.26800032,3.93700800
24.26880032,3.93700800
24.26960032,3.54330700
24.27040032,3.54330700
24.27120032,2.75590500
24.27200032,3.54330700
24.27280032,3.54330700
24.27360032,4.33070900
24.27440032,5.11811000
24.27520032,5.11811000
24.27600032,4.72440900
24.27680032,4.72440900
24.27760032,4.72440900
24.27840032,4.72440900
24.27920032,4.72440900
24.28000032,4.72440900
24.28080032,4.33070900
24.28160032,2.75590500
24.28240032,2.36220500
24.28320032,1.96850400
24.28400032,3.54330700
24.28480032,5.11811000
24.28560032,5.90551100
24.28640032,5.90551100
24.28720032,4.33070900
24.28800032,3.14960600
24.28880032,1.96850400
24.28960032,1.57480300
24.29040032,1.96850400
24.29120032,1.57480300
24.29200032,1.57480300
24.29280032,0.00000000
24.29360032,-0.39370070
24.29440032,0.39370070
24.29520032,1.18110200
24.29600032,3.14960600
24.29680032,3.54330700
24.29760032,3.14960600
24.29840032,0.78740150
24.29920032,-1.18110200
24.30000032,-2.75590500
24.30080032,-2.36220500
24.30160032,-1.18110200
24.30240032,-1.18110200
24.30320032,-1.18110200
24.30400032,-1.96850400
24.30480032,-1.96850400
24.30560032,-1.18110200
24.30640032,0.39370070
24.30720032,0.78740150
24.30800032,0.78740150
24.30880032,-1.18110200
24.30960032,-3.93700800
24.31040032,-5.51181100
24.31120032,-5.51181100
24.31200032,-4.33070900
24.31280032,-3.14960600
24.31360032,-2.75590500
24.31440032,-3.54330700
24.31520032,-4.33070900
24.31600032,-3.93700800
24.31680032,-2.75590500
24.31760032,-1.18110200
24.31840032,-1.18110200
24.31920032,-2.75590500
24.32000032,-5.51181100
24.32080032,-6.69291300
24.32160032,-7.08661400
24.32240032,-5.90551100
24.32320032,-3.93700800
24.32400032,-2.75590500
24.32480032,-3.14960600
24.32560032,-3.54330700
24.32640032,-3.93700800
24.32720032,-3.54330700
24.32800032,-2.75590500
24.32880032,-2.36220500
24.32960032,-2.36220500
24.33040032,-3.14960600
24.33120032,-3.93700800
24.33200032,-3.93700800
24.33280032,-3.54330700
24.33360032,-2.36220500
24.33440032,-1.18110200
24.33520032,0.00000000
24.33600032,-0.39370070
24.33680032,-0.78740150
24.33760032,-0.39370070
24.33840032,0.00000000
24.33920032,1.18110200
24.34000032,1.96850400
24.34080032,1.96850400
24.34160032,1.57480300
24.34240033,1.57480300
24.34320033,1.96850400
24.34400033,2.36220500
24.34480033,2.75590500
24.34560033,3.14960600
24.34640033,3.54330700
24.34720033,3.93700800
24.34800033,3.93700800
24.34880033,3.93700800
24.34960033,4.72440900
24.35040033,5.11811000
24.35120033,5.51181100
24.35200033,5.90551100
24.35280033,5.11811000
24.35360033,4.72440900
24.35440033,4.33070900
24.35520033,3.93700800
24.35600033,3.54330700
24.35680033,4.33070900
24.35760033,5.11811000
24.35840033,5.11811000
24.35920033,5.51181100
24.36000033,4.72440900
24.36080033,4.72440900
24.36160033,4.72440900
24.36240033,4.72440900
24.36320033,4.33070900
24.36400033,3.54330700
24.36480033,2.75590500
24.36560033,1.18110200
24.36640033,1.18110200
24.36720033,1.57480300
24.36800033,1.96850400
24.36880033,2.75590500
24.36960033,3.14960600
24.37040033,1.96850400
24.37120033,1.57480300
24.37200033,0.78740150
24.37280033,0.39370070
24.37360033,0.00000000
24.37440033,-0.39370070
24.37520033,-1.18110200
24.37600033,-1.96850400
24.37680033,-3.14960600
24.37760033,-2.75590500
24.37840033,-1.96850400
24.37920033,-0.78740150
24.38000033,-0.39370070
24.38080033,-0.39370070
24.38160033,-1.96850400
24.38240033,-3.54330700
24.38320033,-3.93700800
24.38400033,-3.93700800
24.38480033,-3.93700800
24.38560033,-3.54330700
24.38640033,-4.33070900
24.38720033,-4.72440900
24.38800033,-5.51181100
24.38880033,-5.51181100
24.38960033,-3.54330700
24.39040033,-3.14960600
24.39120033,-2.75590500
24.39200033,-3.14960600
24.39280033,-3.93700800
24.39360033,-5.11811000
24.39440033,-5.11811000
24.39520033,-3.93700800
24.39600033,-3.14960600
24.39680033,-3.14960600
24.39760033,-3.14960600
24.39840033,-3.93700800
24.39920033,-4.72440900
24.40000033,-3.93700800
24.40080033,-2.75590500
24.40160033,-1.57480300
24.40240033,-1.18110200
24.40320033,-2.36220500
24.40400033,-2.75590500
24.40480033,-2.36220500
24.40560033,-1.96850400
24.40640033,-0.78740150
24.40720033,0.78740150
24.40800033,1.18110200
24.40880033,0.39370070
24.40960033,-1.18110200
24.41040033,-1.18110200
24.41120033,-1.18110200
24.41200033,0.39370070
24.41280033,1.57480300
24.41360033,1.18110200
24.41440033,1.18110200
24.41520033,0.78740150
24.41600033,0.78740150
24.41680033,1.96850400
24.41760033,3.54330700
24.41840033,3.93700800
24.41920033,3.54330700
24.42000033,2.75590500
24.42080033,2.36220500
24.42160033,2.36220500
24.42240033,3.54330700
24.42320033,3.93700800
24.42400033,5.11811000
24.42480033,4.72440900
24.42560033,4.72440900
24.42640033,4.33070900
24.42720033,4.33070900
24.42800033,3.93700800
24.42880033,4.72440900
24.42960033,4.33070900
24.43040033,3.54330700
24.43120033,2.36220500
24.43200033,2.75590500
24.43280033,3.14960600
24.43360033,4.72440900
24.43440033,5.11811000
24.43520033,5.51181100
24.43600033,5.51181100
24.43680033,4.33070900
24.43760033,3.54330700
24.43840033,2.36220500
24.43920033,1.57480300
24.44000033,0.78740150
24.44080033,0.39370070
24.44160033,0.00000000
24.44240033,0.00000000
24.44320033,0.39370070
24.44400033,1.57480300
24.44480033,2.36220500
24.44560033,3.54330700
24.44640033,3.54330700
24.44720033,2.36220500
24.44800033,0.78740150
24.44880033,-0.39370070
24.44960033,-1.57480300
24.45040033,-2.36220500
24.45120033,-3.14960600
24.45200033,-2.75590500
24.45280033,-2.75590500
24.45360033,-2.36220500
24.45440033,-1.57480300
24.45520033,-1.18110200
24.45600033,-0.78740150
24.45680033,-0.39370070
24.45760033,-0.78740150
24.45840033,-1.18110200
24.45920033,-2.75590500
24.46000033,-3.54330700
24.46080033,-4.33070900
24.46160033,-4.72440900
24.46240033,-4.72440900
24.46320033,-3.93700800
24.46400033,-3.93700800
24.46480033,-2.36220500
24.46560033,-2.36220500
24.46640033,-2.36220500
24.46720033,-2.75590500
24.46800033,-2.36220500
24.46880033,-2.36220500
24.46960033,-2.75590500
24.47040033,-3.14960600
24.47120033,-3.54330700
24.47200033,-3.54330700
24.47280033,-3.14960600
24.47360033,-2.36220500
24.47440033,-1.96850400
24.47520033,-1.18110200
24.47600033,-1.57480300
24.47680033,-1.96850400
24.47760033,-2.36220500
24.47840033,-2.36220500
24.47920033,-1.96850400
24.48000033,-1.18110200
24.48080033,-1.57480300
24.48160033,-1.18110200
24.48240033,-1.96850400
24.48320033,-1.57480300
24.48400033,-0.78740150
24.48480033,-0.39370070
24.48560033,0.00000000
24.48640033,0.39370070
24.48720033,0.00000000
24.48800033,-0.39370070
24.48880033,0.00000000
24.48960033,0.39370070
24.49040033,0.39370070
24.49120033,1.18110200
24.49200033,1.18110200
24.49280033,0.00000000
24.49360033,0.00000000
24.49440033,-0.39370070
24.49520033,0.39370070
24.49600033,1.57480300
24.49680033,1.57480300
24.49760033,1.96850400
24.49840033,2.36220500
24.49920033,2.36220500
24.50000033,2.75590500
24.50080033,3.54330700
24.50160033,3.93700800
24.50240033,3.14960600
24.50320033,2.75590500
24.50400033,1.18110200
24.50480033,0.78740150
24.50560033,0.78740150
24.50640033,2.36220500
24.50720033,3.54330700
24.50800033,4.33070900
24.50880033,4.33070900
24.50960033,3.93700800
24.51040033,4.33070900
24.51120033,5.11811000
24.51200033,5.11811000
24.51280033,5.11811000
24.51360033,3.93700800
24.51440033,1.96850400
24.51520033,1.57480300
24.51600033,1.18110200
24.51680033,2.36220500
24.51760033,3.93700800
24.51840033,4.72440900
24.51920033,4.33070900
24.52000033,3.93700800
24.52080033,2.75590500
24.52160033,2.36220500
24.52240033,2.75590500
24.52320033,1.96850400
24.52400033,1.57480300
24.52480033,1.18110200
24.52560033,0.00000000
24.52640033,-0.39370070
24.52720033,0.39370070
24.52800033,1.96850400
24.52880033,2.36220500
24.52960033,1.96850400
24.53040033,1.18110200
24.53120033,-0.78740150
24.53200033,-1.57480300
24.53280033,-1.96850400
24.53360033,-2.36220500
24.53440033,-2.75590500
24.53520033,-3.54330700
24.53600033,-3.93700800
24.53680033,-3.54330700
24.53760033,-3.14960600
24.53840033,-1.96850400
24.53920033,-0.78740150
24.54000033,-1.18110200
24.54080033,-2.75590500
24.54160033,-3.93700800
24.54240033,-4.72440900
24.54320033,-5.90551100
24.54400033,-5.90551100
24.54480033,-5.90551100
24.54560033,-5.90551100
24.54640033,-5.51181100
24.54720033,-5.11811000
24.54800033,-4.72440900
24.54880033,-3.54330700
24.54960033,-2.75590500
24.55040033,-3.14960600
24.55120033,-3.54330700
24.55200033,-4.33070900
24.55280033,-5.11811000
24.55360033,-5.11811000
24.55440033,-5.11811000
24.55520033,-4.72440900
24.55600033,-4.33070900
24.55680033,-3.93700800
24.55760033,-2.75590500
24.55840033,-2.75590500
24.55920033,-1.18110200
24.56000033,-1.57480300
24.56080033,-1.96850400
24.56160033,-2.36220500
24.56240033,-1.96850400
24.56320033,-1.57480300
24.56400033,-0.78740150
24.56480033,-0.78740150
24.56560033,0.00000000
24.56640033,0.78740150
24.56720033,1.57480300
24.56800033,2.75590500
24.56880033,3.54330700
24.56960033,3.14960600
24.57040033,3.14960600
24.57120033,2.75590500
24.57200033,2.36220500
24.57280033,2.75590500
24.57360033,3.14960600
24.57440033,3.54330700
24.57520033,3.93700800
24.57600033,3.54330700
24.57680033,3.14960600
24.57760033,4.72440900
24.57840033,5.51181100
24.57920033,6.69291300
24.58000033,7.08661400
24.58080033,6.69291300
24.58160033,5.90551100
24.58240033,5.11811000
24.58320033,5.11811000
24.58400033,5.51181100
24.58480033,5.51181100
24.58560033,5.90551100
24.58640033,5.11811000
24.58720033,4.33070900
24.58800033,4.33070900
24.58880033,4.72440900
24.58960033,5.90551100
24.59040033,6.29921200
24.59120033,5.90551100
24.59200033,5.11811000
24.59280033,3.93700800
24.59360033,3.14960600
24.59440033,3.54330700
24.59520033,3.14960600
24.59600033,2.75590500
24.59680033,1.96850400
24.59760033,1.18110200
24.59840033,0.00000000
24.59920033,0.00000000
24.60000033,0.00000000
24.60080033,0.78740150
24.60160033,0.39370070
24.60240033,0.00000000
24.60320033,-1.18110200
24.60400033,-1.96850400
24.60480033,-2.36220500
24.60560033,-2.36220500
24.60640033,-2.36220500
24.60720033,-2.75590500
24.60800033,-3.93700800
24.60880033,-5.11811000
24.60960033,-5.51181100
24.61040033,-4.72440900
24.61120033,-3.54330700
24.61200033,-3.54330700
24.61280033,-4.33070900
24.61360033,-5.90551100
24.61440033,-7.08661400
24.61520033,-7.87401500
24.61600033,-7.48031400
24.61680033,-6.29921200
24.61760033,-6.29921200
24.61840033,-5.90551100
24.61920033,-6.29921200
24.62000033,-6.69291300
24.62080033,-5.90551100
24.62160033,-5.11811000
24.62240033,-3.93700800
24.62320033,-3.93700800
24.62400033,-3.93700800
24.62480033,-5.51181100
24.62560033,-6.29921200
24.62640033,-6.29921200
24.62720033,-5.90551100
24.62800033,-4.33070900
24.62880033,-3.54330700
24.62960033,-3.14960600
24.63040033,-3.14960600
24.63120033,-2.36220500
24.63200033,-1.57480300
24.63280033,-0.78740150
24.63360033,0.39370070
24.63440033,0.39370070
24.63520033,-0.39370070
24.63600033,-0.39370070
24.63680033,0.39370070
24.63760033,0.78740150
24.63840033,1.57480300
24.63920033,2.36220500
24.64000033,3.14960600
24.64080033,3.54330700
24.64160033,3.54330700
24.64240033,4.33070900
24.64320033,4.72440900
24.64400033,4.72440900
24.64480033,5.51181100
24.64560033,5.51181100
24.64640033,5.90551100
24.64720033,5.51181100
24.64800033,5.51181100
24.64880033,5.51181100
24.64960033,5.90551100
24.65040033,6.69291300
24.65120033,5.90551100
24.65200033,5.90551100
24.65280033,5.90551100
24.65360033,5.51181100
24.65440033,5.90551100
24.65520033,6.69291300
24.65600033,6.69291300
24.65680033,6.69291300
24.65760033,6.29921200
24.65840033,5.90551100
24.65920033,5.51181100
24.66000033,5.11811000
24.66080033,4.72440900
24.66160033,3.93700800
24.66240033,3.54330700
24.66320033,2.36220500
24.66400033,2.36220500
24.66480033,2.36220500
24.66560033,2.75590500
24.66640033,2.36220500
24.66720033,2.75590500
24.66800033,2.75590500
24.66880033,1.57480300
24.66960033,0.00000000
24.67040033,-1.57480300
24.67120033,-2.36220500
24.67200033,-2.75590500
24.67280033,-2.36220500
24.67360033,-1.96850400
24.67440033,-1.57480300
24.67520033,-2.36220500
24.67600033,-2.36220500
24.67680033,-1.96850400
24.67760033,-2.36220500
24.67840033,-2.36220500
24.67920033,-3.14960600
24.68000033,-4.33070900
24.68080033,-5.90551100
24.68160033,-6.29921200
24.68240033,-6.69291300
24.68320033,-5.90551100
24.68400033,-4.33070900
24.68480033,-4.33070900
24.68560033,-3.54330700
24.68640033,-3.93700800
24.68720033,-4.33070900
24.68800033,-4.33070900
24.68880033,-4.72440900
24.68960033,-4.33070900
24.69040033,-4.72440900
24.69120033,-5.11811000
24.69200033,-5.51181100
24.69280033,-5.90551100
24.69360033,-5.11811000
24.69440033,-3.93700800
24.69520033,-2.75590500
24.69600033,-2.36220500
24.69680033,-3.14960600
24.69760033,-3.93700800
24.69840033,-3.93700800
24.69920033,-3.93700800
24.70000033,-2.75590500
24.70080033,-1.96850400
24.70160033,-1.96850400
24.70240033,-2.36220500
24.70320033,-1.96850400
24.70400033,-1.96850400
24.70480033,-1.18110200
24.70560033,0.39370070
24.70640033,0.78740150
24.70720033,0.78740150
24.70800033,0.39370070
24.70880033,-1.18110200
24.70960033,-1.18110200
24.71040033,-0.39370070
24.71120033,0.78740150
24.71200033,1.57480300
24.71280033,2.36220500
24.71360033,2.36220500
24.71440033,2.75590500
24.71520033,3.93700800
24.71600033,4.33070900
24.71680033,4.72440900
24.71760033,4.33070900
24.71840033,2.75590500
24.71920033,1.96850400
24.72000033,0.78740150
24.72080033,1.57480300
24.72160033,3.14960600
24.72240033,5.11811000
24.72320033,5.51181100
24.72400033,5.51181100
24.72480033,5.11811000
24.72560033,4.72440900
24.72640033,4.72440900
24.72720033,5.51181100
24.72800033,5.11811000
24.72880033,5.11811000
24.72960033,4.33070900
24.73040033,3.14960600
24.73120033,3.14960600
24.73200033,3.54330700
24.73280033,4.72440900
24.73360033,6.29921200
24.73440033,6.69291300
24.73520033,5.51181100
24.73600033,4.33070900
24.73680033,3.14960600
24.73760033,2.75590500
24.73840033,3.14960600
24.73920033,3.54330700
24.74000033,3.93700800
24.74080033,3.54330700
24.74160033,2.36220500
24.74240033,1.57480300
24.74320033,1.57480300
24.74400033,2.36220500
24.74480033,1.96850400
24.74560033,1.18110200
24.74640033,0.39370070
24.74720033,0.00000000
24.74800033,-1.18110200
24.74880033,-1.18110200
24.74960033,-1.18110200
24.75040033,-1.18110200
24.75120033,-0.78740150
24.75200033,-1.57480300
24.75280033,-2.36220500
24.75360033,-2.75590500
24.75440033,-2.75590500
24.75520033,-2.75590500
24.75600033,-2.75590500
24.75680033,-3.14960600
24.75760033,-3.93700800
24.75840033,-4.33070900
24.75920033,-5.11811000
24.76000033,-4.72440900
24.76080033,-4.72440900
24.76160033,-5.11811000
24.76240033,-5.51181100
24.76320033,-5.90551100
24.76400033,-6.29921200
24.76480033,-6.29921200
24.76560033,-6.29921200
24.76640033,-5.51181100
24.76720033,-5.11811000
24.76800033,-4.72440900
24.76880033,-4.33070900
24.76960033,-5.11811000
24.77040033,-5.11811000
24.77120033,-4.72440900
24.77200033,-4.72440900
24.77280033,-5.51181100
24.77360033,-5.51181100
24.77440033,-5.51181100
24.77520033,-5.51181100
24.77600033,-4.72440900
24.77680033,-3.54330700
24.77760033,-2.36220500
24.77840033,-1.57480300
24.77920033,-1.57480300
24.78000033,-1.96850400
24.78080033,-2.75590500
24.78160033,-3.14960600
24.78240033,-2.75590500
24.78320033,-2.36220500
24.78400033,-1.18110200
24.78480033,-0.39370070
24.78560033,0.00000000
24.78640033,0.39370070
24.78720033,1.18110200
24.78800033,2.36220500
24.78880033,3.54330700
24.78960033,4.72440900
24.79040033,4.72440900
24.79120033,3.14960600
24.79200033,2.36220500
24.79280033,1.18110200
24.79360033,1.57480300
24.79440033,3.54330700
24.79520033,4.72440900
24.79600033,5.90551100
24.79680033,5.90551100
24.79760033,5.90551100
24.79840033,6.29921200
24.79920033,7.08661400
24.80000033,7.87401500
24.80080033,8.26771600
24.80160033,7.48031400
24.80240033,6.29921200
24.80320033,4.72440900
24.80400033,4.72440900
24.80480033,5.51181100
24.80560033,6.69291300
24.80640033,8.66141700
24.80720033,8.66141700
24.80800033,7.48031400
24.80880033,7.08661400
24.80960033,6.29921200
24.81040033,6.29921200
24.81120033,7.08661400
24.81200033,6.69291300
24.81280033,4.72440900
24.81360033,3.54330700
24.81440033,2.36220500
24.81520033,2.36220500
24.81600033,3.54330700
24.81680033,5.11811000
24.81760033,5.11811000
24.81840033,4.33070900
24.81920033,2.75590500
24.82000033,0.78740150
24.82080033,-0.39370070
24.82160033,0.00000000
24.82240033,-0.78740150
24.82320033,-2.36220500
24.82400033,-3.93700800
24.82480033,-5.51181100
24.82560033,-5.11811000
24.82640033,-3.54330700
24.82720033,-2.36220500
24.82800033,-0.78740150
24.82880033,-1.96850400
24.82960033,-3.14960600
24.83040033,-5.11811000
24.83120033,-6.69291300
24.83200033,-7.87401500
24.83280033,-7.48031400
24.83360033,-7.87401500
24.83440033,-9.05511800
24.83520033,-9.84251900
24.83600033,-9.84251900
24.83680033,-10.23622000
24.83760033,-8.66141700
24.83840033,-7.48031400
24.83920033,-6.69291300
24.84000033,-6.69291300
24.84080033,-7.48031400
24.84160033,-7.87401500
24.84240033,-7.87401500
24.84320033,-7.87401500
24.84400033,-7.48031400
24.84480033,-6.69291300
24.84560033,-6.69291300
24.84640033,-7.48031400
24.84720033,-6.69291300
24.84800033,-6.29921200
24.84880033,-5.11811000
24.84960033,-3.14960600
24.85040033,-2.36220500
24.85120033,-2.36220500
24.85200033,-2.36220500
24.85280033,-2.36220500
24.85360033,-2.36220500
24.85440033,-1.96850400
24.85520033,-1.18110200
24.85600033,-1.18110200
24.85680033,-0.39370070
24.85760033,0.39370070
24.85840033,0.39370070
24.85920033,1.96850400
24.86000033,3.14960600
24.86080033,4.33070900
24.86160033,6.69291300
24.86240033,7.48031400
24.86320033,7.08661400
24.86400033,7.08661400
24.86480033,6.69291300
24.86560033,5.90551100
24.86640033,6.29921200
24.86720033,7.08661400
24.86800033,7.48031400
24.86880033,8.26771600
24.86960033,7.87401500
24.87040033,7.87401500
24.87120033,8.66141700
24.87200033,9.84251900
24.87280033,10.62992000
24.87360033,10.62992000
24.87440033,9.84251900
24.87520033,8.66141700
24.87600033,7.08661400
24.87680033,5.90551100
24.87760033,5.90551100
24.87840033,6.29921200
24.87920033,5.90551100
24.88000033,5.51181100
24.88080033,5.51181100
24.88160033,5.51181100
24.88240033,7.08661400
24.88320033,8.26771600
24.88400033,9.05511800
24.88480033,7.87401500
24.88560033,5.51181100
24.88640033,3.14960600
24.88720033,0.78740150
24.88800033,-0.39370070
24.88880033,-0.78740150
24.88960033,-0.39370070
24.89040033,-1.18110200
24.89120033,-2.36220500
24.89200033,-3.54330700
24.89280033,-3.54330700
24.89360033,-2.36220500
24.89440033,-1.57480300
24.89520033,-0.78740150
24.89600033,-1.96850400
24.89680033,-3.93700800
24.89760033,-5.51181100
24.89840033,-6.29921200
24.89920033,-6.29921200
24.90000033,-5.11811000
24.90080033,-5.11811000
24.90160033,-5.90551100
24.90240033,-6.69291300
24.90320033,-7.87401500
24.90400033,-7.87401500
24.90480033,-6.69291300
24.90560033,-5.51181100
24.90640033,-5.51181100
24.90720033,-5.90551100
24.90800033,-6.69291300
24.90880033,-7.87401500
24.90960033,-7.87401500
24.91040033,-7.87401500
24.91120033,-7.08661400
24.91200033,-7.08661400
24.91280033,-7.87401500
24.91360033,-8.26771600
24.91440033,-8.26771600
24.91520033,-7.48031400
24.91600033,-5.90551100
24.91680033,-3.93700800
24.91760033,-2.75590500
24.91840033,-3.14960600
24.91920033,-3.54330700
24.92000033,-3.93700800
24.92080033,-3.54330700
24.92160033,-2.75590500
24.92240033,-2.36220500
24.92320033,-1.96850400
24.92400033,-1.57480300
24.92480033,-1.96850400
24.92560033,-1.57480300
24.92640033,-0.78740150
24.92720033,0.39370070
24.92800033,1.57480300
24.92880033,1.96850400
24.92960033,1.57480300
24.93040033,0.39370070
24.93120033,0.00000000
24.93200033,0.00000000
24.93280033,0.78740150
24.93360033,1.96850400
24.93440033,3.14960600
24.93520033,3.54330700
24.93600033,4.33070900
24.93680033,5.90551100
24.93760033,7.08661400
24.93840033,9.05511800
24.93920033,9.84251900
24.94000033,9.44881800
24.94080033,8.26771600
24.94160033,5.90551100
24.94240033,4.33070900
24.94320033,4.33070900
24.94400033,5.11811000
24.94480033,6.29921200
24.94560033,6.29921200
24.94640033,6.69291300
24.94720033,6.29921200
24.94800033,6.69291300
24.94880033,7.48031400
24.94960033,7.87401500
24.95040033,7.87401500
24.95120033,7.08661400
24.95200033,5.90551100
24.95280033,4.72440900
24.95360033,3.54330700
24.95440033,3.14960600
24.95520033,4.33070900
24.95600033,4.72440900
24.95680033,4.72440900
24.95760033,4.72440900
24.95840033,3.54330700
24.95920033,2.75590500
24.96000033,3.14960600
24.96080033,3.54330700
24.96160033,3.54330700
24.96240033,3.14960600
24.96320033,2.36220500
24.96400033,0.39370070
24.96480033,-0.39370070
24.96560033,-1.18110200
24.96640033,-1.18110200
24.96720033,-1.18110200
24.96800033,-1.57480300
24.96880033,-2.36220500
24.96960033,-3.14960600
24.97040033,-3.54330700
24.97120033,-3.93700800
24.97200033,-3.14960600
24.97280033,-2.36220500
24.97360033,-1.96850400
24.97440033,-2.36220500
24.97520033,-3.93700800
24.97600033,-5.11811000
24.97680033,-5.90551100
24.97760033,-5.90551100
24.97840033,-5.51181100
24.97920033,-5.51181100
24.98000033,-5.90551100
24.98080033,-7.48031400
24.98160033,-7.48031400
24.98240033,-6.69291300
24.98320033,-5.90551100
24.98400033,-5.11811000
24.98480033,-5.11811000
24.98560033,-6.29921200
24.98640033,-7.48031400
24.98720033,-8.66141700
24.98800033,-8.66141700
24.98880033,-7.87401500
24.98960033,-6.69291300
24.99040033,-6.69291300
24.99120033,-6.29921200
24.99200033,-5.90551100
24.99280033,-5.51181100
24.99360033,-4.72440900
24.99440033,-2.75590500
24.99520033,-1.96850400
24.99600033,-2.36220500
24.99680033,-3.14960600
24.99760033,-4.33070900
24.99840033,-5.11811000
24.99920033,-5.11811000
25.00000033,-3.93700800
25.00080033,-2.36220500
25.00160033,-1.57480300
25.00240033,-1.57480300
25.00320033,-2.36220500
25.00400033,-1.57480300
25.00480033,-0.78740150
25.00560033,1.18110200
25.00640033,2.36220500
25.00720033,2.36220500
25.00800033,1.57480300
25.00880033,1.18110200
25.00960033,1.57480300
25.01040033,3.14960600
25.01120033,4.33070900
25.01200033,5.51181100
25.01280033,6.29921200
25.01360033,6.29921200
25.01440033,5.90551100
25.01520033,6.29921200
25.01600033,8.26771600
25.01680033,9.84251900
25.01760033,10.62992000
25.01840033,10.23622000
25.01920033,8.66141700
25.02000033,7.87401500
25.02080033,7.48031400
25.02160033,7.87401500
25.02240033,8.26771600
25.02320033,8.26771600
25.02400033,7.48031400
25.02480033,7.08661400
25.02560033,7.48031400
25.02640033,8.26771600
25.02720033,9.05511800
25.02800033,10.62992000
25.02880033,10.23622000
25.02960033,9.05511800
25.03040033,7.87401500
25.03120033,7.08661400
25.03200033,6.29921200
25.03280033,5.11811000
25.03360033,4.72440900
25.03440033,3.54330700
25.03520033,3.14960600
25.03600033,2.36220500
25.03680033,2.36220500
25.03760033,2.36220500
25.03840033,2.75590500
25.03920033,2.75590500
25.04000033,1.96850400
25.04080033,0.00000000
25.04160033,-1.57480300
25.04240033,-3.93700800
25.04320033,-6.29921200
25.04400033,-7.08661400
25.04480033,-7.08661400
25.04560033,-7.87401500
25.04640033,-7.48031400
25.04720033,-7.08661400
25.04800033,-6.69291300
25.04880033,-6.29921200
25.04960033,-5.51181100
25.05040033,-5.51181100
25.05120033,-5.51181100
25.05200033,-6.69291300
25.05280033,-8.26771600
25.05360033,-10.62992000
25.05440033,-11.81102000
25.05520033,-12.59842000
25.05600033,-12.59842000
25.05680033,-11.41732000
25.05760033,-9.84251900
25.05840033,-8.66141700
25.05920033,-8.26771600
25.06000033,-7.87401500
25.06080033,-7.87401500
25.06160033,-7.87401500
25.06240033,-8.66141700
25.06320033,-9.84251900
25.06400033,-11.02362000
25.06480033,-11.81102000
25.06560033,-10.23622000
25.06640033,-8.26771600
25.06720033,-6.29921200
25.06800033,-3.54330700
25.06880033,-1.96850400
25.06960033,-0.78740150
25.07040033,-0.39370070
25.07120033,-0.78740150
25.07200033,-0.78740150
25.07280033,-0.78740150
25.07360033,0.00000000
25.07440033,0.78740150
25.07520033,2.36220500
25.07600033,4.72440900
25.07680033,5.90551100
25.07760033,6.29921200
25.07840033,6.69291300
25.07920033,6.29921200
25.08000033,5.90551100
25.08080033,5.11811000
25.08160033,4.33070900
25.08240033,5.51181100
25.08320033,8.66141700
25.08400033,11.02362000
25.08480033,12.99213000
25.08560033,12.59842000
25.08640033,11.02362000
25.08720033,9.05511800
25.08800033,8.66141700
25.08880033,8.66141700
25.08960033,10.23622000
25.09040033,10.23622000
25.09120034,10.23622000
25.09200034,10.23622000
25.09280034,9.84251900
25.09360034,9.44881800
25.09440034,9.44881800
25.09520034,9.84251900
25.09600034,9.44881800
25.09680034,9.44881800
25.09760034,8.26771600
25.09840034,6.29921200
25.09920034,4.72440900
25.10000034,3.54330700
25.10080034,2.36220500
25.10160034,1.57480300
25.10240034,1.57480300
25.10320034,1.18110200
25.10400034,1.57480300
25.10480034,2.75590500
25.10560034,1.96850400
25.10640034,1.57480300
25.10720034,0.00000000
25.10800034,-2.75590500
25.10880034,-5.11811000
25.10960034,-6.29921200
25.11040034,-5.90551100
25.11120034,-5.11811000
25.11200034,-3.93700800
25.11280034,-4.72440900
25.11360034,-6.29921200
25.11440034,-7.87401500
25.11520034,-9.44881800
25.11600034,-8.66141700
25.11680034,-8.26771600
25.11760034,-8.26771600
25.11840034,-9.05511800
25.11920034,-10.23622000
25.12000034,-11.41732000
25.12080034,-11.41732000
25.12160034,-11.02362000
25.12240034,-9.05511800
25.12320034,-7.08661400
25.12400034,-5.90551100
25.12480034,-5.51181100
25.12560034,-6.29921200
25.12640034,-7.08661400
25.12720034,-8.26771600
25.12800034,-8.26771600
25.12880034,-8.26771600
25.12960034,-6.69291300
25.13040034,-4.33070900
25.13120034,-3.14960600
25.13200034,-2.36220500
25.13280034,-1.96850400
25.13360034,-1.18110200
25.13440034,-0.39370070
25.13520034,0.39370070
25.13600034,1.18110200
25.13680034,0.78740150
25.13760034,0.39370070
25.13840034,-0.39370070
25.13920034,-0.78740150
25.14000034,-0.39370070
25.14080034,1.18110200
25.14160034,2.36220500
25.14240034,5.11811000
25.14320034,5.90551100
25.14400034,6.69291300
25.14480034,6.69291300
25.14560034,7.08661400
25.14640034,7.08661400
25.14720034,6.69291300
25.14800034,6.69291300
25.14880034,6.29921200
25.14960034,4.72440900
25.15040034,4.72440900
25.15120034,4.33070900
25.15200034,4.33070900
25.15280034,4.72440900
25.15360034,4.72440900
25.15440034,4.72440900
25.15520034,4.72440900
25.15600034,5.11811000
25.15680034,5.11811000
25.15760034,5.90551100
25.15840034,5.51181100
25.15920034,3.93700800
25.16000034,3.14960600
25.16080034,2.36220500
25.16160034,2.75590500
25.16240034,3.14960600
25.16320034,2.36220500
25.16400034,1.96850400
25.16480034,0.39370070
25.16560034,0.00000000
25.16640034,0.00000000
25.16720034,0.78740150
25.16800034,1.57480300
25.16880034,1.57480300
25.16960034,1.57480300
25.17040034,0.39370070
25.17120034,-1.18110200
25.17200034,-1.18110200
25.17280034,-1.57480300
25.17360034,-1.18110200
25.17440034,-0.78740150
25.17520034,-1.57480300
25.17600034,-2.36220500
25.17680034,-2.75590500
25.17760034,-2.36220500
25.17840034,-1.96850400
25.17920034,-0.78740150
25.18000034,-0.39370070
25.18080034,-0.39370070
25.18160034,-1.57480300
25.18240034,-2.36220500
25.18320034,-3.14960600
25.18400034,-2.36220500
25.18480034,-1.57480300
25.18560034,-0.39370070
25.18640034,0.00000000
25.18720034,0.00000000
25.18800034,0.39370070
25.18880034,0.00000000
25.18960034,-0.39370070
25.19040034,-1.18110200
25.19120034,-1.96850400
25.19200034,-2.75590500
25.19280034,-3.54330700
25.19360034,-3.14960600
25.19440034,-3.14960600
25.19520034,-1.96850400
25.19600034,-1.18110200
25.19680034,0.00000000
25.19760034,0.78740150
25.19840034,0.78740150
25.19920034,0.39370070
25.20000034,0.39370070
25.20080034,0.00000000
25.20160034,0.00000000
25.20240034,-1.18110200
25.20320034,-1.96850400
25.20400034,-2.36220500
25.20480034,-2.75590500
25.20560034,-1.96850400
25.20640034,-1.18110200
25.20720034,0.78740150
25.20800034,1.57480300
25.20880034,1.57480300
25.20960034,1.18110200
25.21040034,0.39370070
25.21120034,-0.39370070
25.21200034,-1.18110200
25.21280034,-1.96850400
25.21360034,-1.96850400
25.21440034,-1.96850400
25.21520034,-1.57480300
25.21600034,-1.57480300
25.21680034,-1.18110200
25.21760034,0.00000000
25.21840034,0.00000000
25.21920034,0.78740150
25.22000034,0.78740150
25.22080034,0.00000000
25.22160034,-1.57480300
25.22240034,-2.75590500
25.22320034,-2.75590500
25.22400034,-2.75590500
25.22480034,-1.18110200
25.22560034,0.00000000
25.22640034,1.57480300
25.22720034,1.96850400
25.22800034,1.96850400
25.22880034,1.18110200
25.22960034,0.00000000
25.23040034,-0.39370070
25.23120034,-0.39370070
25.23200034,-0.78740150
25.23280034,-1.57480300
25.23360034,-1.57480300
25.23440034,-0.78740150
25.23520034,0.39370070
25.23600034,1.57480300
25.23680034,3.54330700
25.23760034,3.93700800
25.23840034,3.54330700
25.23920034,3.14960600
25.24000034,1.96850400
25.24080034,1.96850400
25.24160034,2.75590500
25.24240034,2.75590500
25.24320034,2.36220500
25.24400034,1.96850400
25.24480034,1.96850400
25.24560034,2.36220500
25.24640034,3.93700800
25.24720034,5.51181100
25.24800034,5.90551100
25.24880034,6.29921200
25.24960034,5.51181100
25.25040034,4.33070900
25.25120034,3.54330700
25.25200034,3.54330700
25.25280034,3.54330700
25.25360034,3.54330700
25.25440034,3.14960600
25.25520034,2.75590500
25.25600034,3.54330700
25.25680034,3.14960600
25.25760034,4.33070900
25.25840034,5.11811000
25.25920034,3.93700800
25.26000034,3.14960600
25.26080034,1.57480300
25.26160034,0.78740150
25.26240034,0.00000000
25.26320034,0.78740150
25.26400034,0.39370070
25.26480034,0.00000000
25.26560034,-0.39370070
25.26640034,-0.78740150
25.26720034,-0.78740150
25.26800034,-0.39370070
25.26880034,-0.78740150
25.26960034,-0.78740150
25.27040034,-1.57480300
25.27120034,-3.14960600
25.27200034,-4.33070900
25.27280034,-5.11811000
25.27360034,-5.51181100
25.27440034,-5.90551100
25.27520034,-6.29921200
25.27600034,-5.90551100
25.27680034,-6.69291300
25.27760034,-6.29921200
25.27840034,-5.51181100
25.27920034,-5.51181100
25.28000034,-4.72440900
25.28080034,-5.51181100
25.28160034,-5.90551100
25.28240034,-6.29921200
25.28320034,-6.69291300
25.28400034,-7.08661400
25.28480034,-6.69291300
25.28560034,-6.69291300
25.28640034,-6.29921200
25.28720034,-6.29921200
25.28800034,-5.51181100
25.28880034,-4.72440900
25.28960034,-3.93700800
25.29040034,-3.54330700
25.29120034,-3.14960600
25.29200034,-3.14960600
25.29280034,-2.75590500
25.29360034,-3.14960600
25.29440034,-2.75590500
25.29520034,-2.36220500
25.29600034,-2.36220500
25.29680034,-1.57480300
25.29760034,0.00000000
25.29840034,1.57480300
25.29920034,2.36220500
25.30000034,2.75590500
25.30080034,2.36220500
25.30160034,2.75590500
25.30240034,3.14960600
25.30320034,3.14960600
25.30400034,3.54330700
25.30480034,3.93700800
25.30560034,3.93700800
25.30640034,4.33070900
25.30720034,5.11811000
25.30800034,5.90551100
25.30880034,7.08661400
25.30960034,7.87401500
25.31040034,7.87401500
25.31120034,7.08661400
25.31200034,5.90551100
25.31280034,5.11811000
25.31360034,5.11811000
25.31440034,5.90551100
25.31520034,5.90551100
25.31600034,7.08661400
25.31680034,6.69291300
25.31760034,6.29921200
25.31840034,6.69291300
25.31920034,6.69291300
25.32000034,7.48031400
25.32080034,7.48031400
25.32160034,6.69291300
25.32240034,5.51181100
25.32320034,3.93700800
25.32400034,2.75590500
25.32480034,3.14960600
25.32560034,3.54330700
25.32640034,3.54330700
25.32720034,3.14960600
25.32800034,2.75590500
25.32880034,2.36220500
25.32960034,1.18110200
25.33040034,1.96850400
25.33120034,1.18110200
25.33200034,0.78740150
25.33280034,-0.39370070
25.33360034,-1.57480300
25.33440034,-2.75590500
25.33520034,-2.75590500
25.33600034,-1.96850400
25.33680034,-1.18110200
25.33760034,-0.39370070
25.33840034,-1.57480300
25.33920034,-2.75590500
25.34000034,-3.93700800
25.34080034,-4.33070900
25.34160034,-4.33070900
25.34240034,-4.72440900
25.34320034,-5.11811000
25.34400034,-6.29921200
25.34480034,-6.29921200
25.34560034,-5.90551100
25.34640034,-5.11811000
25.34720034,-3.93700800
25.34800034,-3.93700800
25.34880034,-3.93700800
25.34960034,-4.72440900
25.35040034,-5.90551100
25.35120034,-6.29921200
25.35200034,-5.90551100
25.35280034,-6.29921200
25.35360034,-5.90551100
25.35440034,-6.69291300
25.35520034,-5.90551100
25.35600034,-5.90551100
25.35680034,-5.11811000
25.35760034,-4.33070900
25.35840034,-3.93700800
25.35920034,-3.54330700
25.36000034,-3.54330700
25.36080034,-3.54330700
25.36160034,-3.93700800
25.36240034,-3.54330700
25.36320034,-3.54330700
25.36400034,-2.75590500
25.36480034,-1.96850400
25.36560034,-1.18110200
25.36640034,-0.78740150
25.36720034,-0.39370070
25.36800034,-0.39370070
25.36880034,0.39370070
25.36960034,1.18110200
25.37040034,0.78740150
25.37120034,0.78740150
25.37200034,1.57480300
25.37280034,1.96850400
25.37360034,2.36220500
25.37440034,3.14960600
25.37520034,3.54330700
25.37600034,3.93700800
25.37680034,3.93700800
25.37760034,3.54330700
25.37840034,3.54330700
25.37920034,4.72440900
25.38000034,4.33070900
25.38080034,4.33070900
25.38160034,4.33070900
25.38240034,5.11811000
25.38320034,5.51181100
25.38400034,5.51181100
25.38480034,4.72440900
25.38560034,4.33070900
25.38640034,4.33070900
25.38720034,4.33070900
25.38800034,4.72440900
25.38880034,4.72440900
25.38960034,4.72440900
25.39040034,4.72440900
25.39120034,4.33070900
25.39200034,4.33070900
25.39280034,4.72440900
25.39360034,5.11811000
25.39440034,4.72440900
25.39520034,3.93700800
25.39600034,2.75590500
25.39680034,1.57480300
25.39760034,1.57480300
25.39840034,1.57480300
25.39920034,1.96850400
25.40000034,2.36220500
25.40080034,2.36220500
25.40160034,1.96850400
25.40240034,1.57480300
25.40320034,1.57480300
25.40400034,1.96850400
25.40480034,1.57480300
25.40560034,0.39370070
25.40640034,-0.39370070
25.40720034,-1.18110200
25.40800034,-1.57480300
25.40880034,-2.36220500
25.40960034,-1.18110200
25.41040034,0.00000000
25.41120034,-0.39370070
25.41200034,-0.78740150
25.41280034,-1.57480300
25.41360034,-2.75590500
25.41440034,-2.75590500
25.41520034,-2.36220500
25.41600034,-1.96850400
25.41680034,-2.36220500
25.41760034,-3.14960600
25.41840034,-3.93700800
25.41920034,-2.75590500
25.42000034,-1.57480300
25.42080034,-0.78740150
25.42160034,-0.78740150
25.42240034,-1.57480300
25.42320034,-3.54330700
25.42400034,-3.93700800
25.42480034,-4.33070900
25.42560034,-3.93700800
25.42640034,-3.93700800
25.42720034,-3.93700800
25.42800034,-3.54330700
25.42880034,-2.75590500
25.42960034,-2.36220500
25.43040034,-1.57480300
25.43120034,-1.18110200
25.43200034,-1.18110200
25.43280034,-2.36220500
25.43360034,-3.54330700
25.43440034,-4.33070900
25.43520034,-5.11811000
25.43600034,-4.72440900
25.43680034,-3.93700800
25.43760034,-3.14960600
25.43840034,-1.96850400
25.43920034,-1.57480300
25.44000034,-1.96850400
25.44080034,-1.18110200
25.44160034,-0.78740150
25.44240034,-1.18110200
25.44320034,-1.96850400
25.44400034,-2.36220500
25.44480034,-3.14960600
25.44560034,-2.75590500
25.44640034,-1.96850400
25.44720034,-1.18110200
25.44800034,0.00000000
25.44880034,0.78740150
25.44960034,0.78740150
25.45040034,1.57480300
25.45120034,1.96850400
25.45200034,1.57480300
25.45280034,1.18110200
25.45360034,0.39370070
25.45440034,0.39370070
25.45520034,0.39370070
25.45600034,1.18110200
25.45680034,2.36220500
25.45760034,3.14960600
25.45840034,4.72440900
25.45920034,5.11811000
25.46000034,4.72440900
25.46080034,4.72440900
25.46160034,3.93700800
25.46240034,3.93700800
25.46320034,3.14960600
25.46400034,2.75590500
25.46480034,3.14960600
25.46560034,3.93700800
25.46640034,3.93700800
25.46720034,5.51181100
25.46800034,5.90551100
25.46880034,5.90551100
25.46960034,5.90551100
25.47040034,5.51181100
25.47120034,4.72440900
25.47200034,4.33070900
25.47280034,4.33070900
25.47360034,3.93700800
25.47440034,3.93700800
25.47520034,3.93700800
25.47600034,3.54330700
25.47680034,4.33070900
25.47760034,5.51181100
25.47840034,5.51181100
25.47920034,4.72440900
25.48000034,3.54330700
25.48080034,1.96850400
25.48160034,0.78740150
25.48240034,0.39370070
25.48320034,0.39370070
25.48400034,0.39370070
25.48480034,0.39370070
25.48560034,0.39370070
25.48640034,0.39370070
25.48720034,0.39370070
25.48800034,0.39370070
25.48880034,0.00000000
25.48960034,0.00000000
25.49040034,-1.18110200
25.49120034,-3.14960600
25.49200034,-4.33070900
25.49280034,-4.33070900
25.49360034,-4.33070900
25.49440034,-4.33070900
25.49520034,-4.72440900
25.49600034,-4.72440900
25.49680034,-4.33070900
25.49760034,-5.11811000
25.49840034,-4.72440900
25.49920034,-3.93700800
25.50000034,-4.72440900
25.50080034,-6.29921200
25.50160034,-7.48031400
25.50240034,-7.87401500
25.50320034,-7.87401500
25.50400034,-7.08661400
25.50480034,-6.69291300
25.50560034,-5.11811000
25.50640034,-4.72440900
25.50720034,-4.72440900
25.50800034,-4.72440900
25.50880034,-4.72440900
25.50960034,-4.33070900
25.51040034,-4.33070900
25.51120034,-5.11811000
25.51200034,-5.90551100
25.51280034,-6.29921200
25.51360034,-5.90551100
25.51440034,-4.33070900
25.51520034,-3.54330700
25.51600034,-1.96850400
25.51680034,-1.18110200
25.51760034,-0.39370070
25.51840034,0.00000000
25.51920034,0.39370070
25.52000034,0.39370070
25.52080034,1.18110200
25.52160034,0.78740150
25.52240034,0.39370070
25.52320034,0.39370070
25.52400034,0.39370070
25.52480034,1.57480300
25.52560034,2.75590500
25.52640034,3.14960600
25.52720034,3.54330700
25.52800034,4.33070900
25.52880034,4.72440900
25.52960034,6.29921200
25.53040034,7.48031400
25.53120034,7.08661400
25.53200034,7.08661400
25.53280034,5.51181100
25.53360034,5.11811000
25.53440034,4.72440900
25.53520034,5.11811000
25.53600034,5.51181100
25.53680034,5.51181100
25.53760034,6.29921200
25.53840034,6.69291300
25.53920034,6.69291300
25.54000034,7.48031400
25.54080034,7.87401500
25.54160034,7.87401500
25.54240034,7.87401500
25.54320034,6.29921200
25.54400034,5.51181100
25.54480034,4.72440900
25.54560034,4.33070900
25.54640034,3.93700800
25.54720034,3.54330700
25.54800034,3.14960600
25.54880034,3.14960600
25.54960034,3.54330700
25.55040034,3.93700800
25.55120034,4.33070900
25.55200034,3.93700800
25.55280034,1.96850400
25.55360034,0.78740150
25.55440034,-0.78740150
25.55520034,-1.96850400
25.55600034,-1.96850400
25.55680034,-1.96850400
25.55760034,-1.96850400
25.55840034,-1.96850400
25.55920034,-2.75590500
25.56000034,-1.96850400
25.56080034,-1.18110200
25.56160034,-0.39370070
25.56240034,-0.78740150
25.56320034,-1.96850400
25.56400034,-4.33070900
25.56480034,-5.90551100
25.56560034,-7.48031400
25.56640034,-7.87401500
25.56720034,-7.08661400
25.56800034,-5.90551100
25.56880034,-5.90551100
25.56960034,-6.29921200
25.57040034,-6.29921200
25.57120034,-5.11811000
25.57200034,-5.11811000
25.57280034,-4.72440900
25.57360034,-3.93700800
25.57440034,-5.11811000
25.57520034,-6.69291300
25.57600034,-7.48031400
25.57680034,-7.08661400
25.57760034,-5.90551100
25.57840034,-5.51181100
25.57920034,-4.72440900
25.58000034,-5.11811000
25.58080034,-5.11811000
25.58160034,-4.72440900
25.58240034,-4.33070900
25.58320034,-2.75590500
25.58400034,-2.36220500
25.58480034,-1.96850400
25.58560034,-1.96850400
25.58640034,-1.57480300
25.58720034,-1.18110200
25.58800034,0.00000000
25.58880034,0.78740150
25.58960034,0.78740150
25.59040034,0.00000000
25.59120034,0.00000000
25.59200034,0.00000000
25.59280034,0.39370070
25.59360034,0.78740150
25.59440034,2.36220500
25.59520034,3.14960600
25.59600034,2.75590500
25.59680034,2.36220500
25.59760034,3.14960600
25.59840034,3.14960600
25.59920034,4.72440900
25.60000034,4.33070900
25.60080034,3.93700800
25.60160034,3.93700800
25.60240034,3.54330700
25.60320034,3.93700800
25.60400034,4.33070900
25.60480034,5.51181100
25.60560034,5.51181100
25.60640034,5.51181100
25.60720034,5.51181100
25.60800034,5.90551100
25.60880034,5.90551100
25.60960034,5.90551100
25.61040034,5.51181100
25.61120034,5.11811000
25.61200034,4.72440900
25.61280034,4.33070900
25.61360034,3.93700800
25.61440034,4.33070900
25.61520034,3.93700800
25.61600034,3.14960600
25.61680034,2.75590500
25.61760034,1.96850400
25.61840034,1.18110200
25.61920034,0.78740150
25.62000034,0.39370070
25.62080034,0.00000000
25.62160034,-0.39370070
25.62240034,-0.78740150
25.62320034,-0.39370070
25.62400034,0.00000000
25.62480034,0.39370070
25.62560034,0.39370070
25.62640034,-0.78740150
25.62720034,-1.57480300
25.62800034,-3.14960600
25.62880034,-3.54330700
25.62960034,-3.54330700
25.63040034,-3.54330700
25.63120034,-3.93700800
25.63200034,-4.33070900
25.63280034,-4.33070900
25.63360034,-2.36220500
25.63440034,-1.18110200
25.63520034,0.39370070
25.63600034,1.18110200
25.63680034,0.39370070
25.63760034,-1.18110200
25.63840034,-2.36220500
25.63920034,-3.54330700
25.64000034,-4.33070900
25.64080034,-4.33070900
25.64160034,-3.93700800
25.64240034,-3.54330700
25.64320034,-3.14960600
25.64400034,-1.57480300
25.64480034,-0.78740150
25.64560034,0.78740150
25.64640034,1.57480300
25.64720034,1.57480300
25.64800034,1.18110200
25.64880034,0.00000000
25.64960034,-1.18110200
25.65040034,-1.18110200
25.65120034,-1.57480300
25.65200034,-1.18110200
25.65280034,-1.18110200
25.65360034,-0.78740150
25.65440034,-0.39370070
25.65520034,-0.39370070
25.65600034,0.78740150
25.65680034,1.57480300
25.65760034,2.36220500
25.65840034,1.57480300
25.65920034,1.18110200
25.66000034,0.39370070
25.66080034,0.78740150
25.66160034,0.39370070
25.66240034,0.78740150
25.66320034,-0.39370070
25.66400034,-0.78740150
25.66480034,-1.57480300
25.66560034,-1.18110200
25.66640034,-0.78740150
25.66720034,0.78740150
25.66800034,0.78740150
25.66880034,0.78740150
25.66960034,1.18110200
25.67040034,0.78740150
25.67120034,0.39370070
25.67200034,0.39370070
25.67280034,0.39370070
25.67360034,-0.39370070
25.67440034,-1.18110200
25.67520034,-1.96850400
25.67600034,-1.96850400
25.67680034,-1.57480300
25.67760034,-0.39370070
25.67840034,-0.39370070
25.67920034,-0.39370070
25.68000034,-0.39370070
25.68080034,-1.18110200
25.68160034,-0.78740150
25.68240034,-0.78740150
25.68320034,0.00000000
25.68400034,-0.39370070
25.68480034,-0.78740150
25.68560034,-1.96850400
25.68640034,-1.57480300
25.68720034,-1.96850400
25.68800034,-0.78740150
25.68880034,0.00000000
25.68960034,0.00000000
25.69040034,0.39370070
25.69120034,0.78740150
25.69200034,1.57480300
25.69280034,1.18110200
25.69360034,1.57480300
25.69440034,1.18110200
25.69520034,0.78740150
25.69600034,0.78740150
25.69680034,0.39370070
25.69760034,0.78740150
25.69840034,1.57480300
25.69920034,1.96850400
25.70000034,2.75590500
25.70080034,2.75590500
25.70160034,2.75590500
25.70240034,2.36220500
25.70320034,2.36220500
25.70400034,2.75590500
25.70480034,2.75590500
25.70560034,3.54330700
25.70640034,3.93700800
25.70720034,4.33070900
25.70800034,4.33070900
25.70880034,4.72440900
25.70960034,4.72440900
25.71040034,4.33070900
25.71120034,3.14960600
25.71200034,1.96850400
25.71280034,1.18110200
25.71360034,1.18110200
25.71440034,1.18110200
25.71520034,1.96850400
25.71600034,2.36220500
25.71680034,2.75590500
25.71760034,3.14960600
25.71840034,3.14960600
25.71920034,3.54330700
25.72000034,2.75590500
25.72080034,1.57480300
25.72160034,0.00000000
25.72240034,-1.18110200
25.72320034,-2.36220500
25.72400034,-2.36220500
25.72480034,-2.36220500
25.72560034,-1.57480300
25.72640034,-0.78740150
25.72720034,0.00000000
25.72800034,0.00000000
25.72880034,0.39370070
25.72960034,0.39370070
25.73040034,0.00000000
25.73120034,-1.57480300
25.73200034,-3.54330700
25.73280034,-5.51181100
25.73360034,-7.48031400
25.73440034,-7.48031400
25.73520034,-7.08661400
25.73600034,-6.29921200
25.73680034,-5.11811000
25.73760034,-4.33070900
25.73840034,-4.33070900
25.73920034,-3.54330700
25.74000034,-3.14960600
25.74080034,-3.93700800
25.74160034,-5.11811000
25.74240034,-6.29921200
25.74320034,-7.48031400
25.74400034,-7.87401500
25.74480034,-7.48031400
25.74560034,-6.29921200
25.74640034,-4.33070900
25.74720034,-3.54330700
25.74800034,-3.14960600
25.74880034,-2.36220500
25.74960034,-2.36220500
25.75040034,-1.57480300
25.75120034,-1.57480300
25.75200034,-1.96850400
25.75280034,-2.75590500
25.75360034,-3.93700800
25.75440034,-3.54330700
25.75520034,-3.14960600
25.75600034,-1.18110200
25.75680034,0.00000000
25.75760034,1.18110200
25.75840034,1.96850400
25.75920034,2.75590500
25.76000034,2.75590500
25.76080034,3.54330700
25.76160034,4.33070900
25.76240034,3.93700800
25.76320034,3.54330700
25.76400034,2.75590500
25.76480034,2.36220500
25.76560034,2.75590500
25.76640034,3.54330700
25.76720034,4.72440900
25.76800034,5.51181100
25.76880034,5.90551100
25.76960034,5.90551100
25.77040034,6.29921200
25.77120034,6.69291300
25.77200034,7.08661400
25.77280034,6.69291300
25.77360034,5.90551100
25.77440034,5.51181100
25.77520034,4.33070900
25.77600034,3.93700800
25.77680034,4.33070900
25.77760034,5.11811000
25.77840034,5.11811000
25.77920034,5.11811000
25.78000034,5.11811000
25.78080034,5.11811000
25.78160034,5.51181100
25.78240034,5.90551100
25.78320034,6.69291300
25.78400034,5.90551100
25.78480034,4.72440900
25.78560034,3.14960600
25.78640034,1.96850400
25.78720034,1.57480300
25.78800034,1.18110200
25.78880034,0.78740150
25.78960034,0.00000000
25.79040034,-0.39370070
25.79120034,-0.78740150
25.79200034,0.00000000
25.79280034,0.39370070
25.79360034,0.39370070
25.79440034,0.00000000
25.79520034,-1.18110200
25.79600034,-3.14960600
25.79680034,-4.72440900
25.79760034,-5.90551100
25.79840034,-6.29921200
25.79920034,-6.29921200
25.80000034,-5.90551100
25.80080034,-5.90551100
25.80160034,-5.51181100
25.80240034,-4.33070900
25.80320034,-3.54330700
25.80400034,-3.54330700
25.80480034,-3.93700800
25.80560034,-5.51181100
25.80640034,-7.08661400
25.80720034,-8.26771600
25.80800034,-7.87401500
25.80880034,-7.87401500
25.80960034,-6.29921200
25.81040034,-5.90551100
25.81120034,-5.51181100
25.81200034,-5.11811000
25.81280034,-4.72440900
25.81360034,-3.54330700
25.81440034,-3.54330700
25.81520034,-3.93700800
25.81600034,-5.11811000
25.81680034,-6.29921200
25.81760034,-6.29921200
25.81840034,-5.51181100
25.81920034,-4.33070900
25.82000034,-3.54330700
25.82080034,-1.96850400
25.82160034,-1.18110200
25.82240034,-0.39370070
25.82320034,0.78740150
25.82400034,1.18110200
25.82480034,1.57480300
25.82560034,1.18110200
25.82640034,1.18110200
25.82720034,0.78740150
25.82800034,1.57480300
25.82880034,2.36220500
25.82960034,3.14960600
25.83040034,4.33070900
25.83120034,5.11811000
25.83200034,5.11811000
25.83280034,5.11811000
25.83360034,5.51181100
25.83440034,5.90551100
25.83520034,6.29921200
25.83600034,5.90551100
25.83680034,5.51181100
25.83760034,5.51181100
25.83840034,6.29921200
25.83920034,7.08661400
25.84000035,8.26771600
25.84080035,8.66141700
25.84160035,8.26771600
25.84240035,7.48031400
25.84320035,6.29921200
25.84400035,6.29921200
25.84480035,5.51181100
25.84560035,5.51181100
25.84640035,5.11811000
25.84720035,4.33070900
25.84800035,4.33070900
25.84880035,4.33070900
25.84960035,4.72440900
25.85040035,6.29921200
25.85120035,5.51181100
25.85200035,4.72440900
25.85280035,2.75590500
25.85360035,1.57480300
25.85440035,0.39370070
25.85520035,-0.39370070
25.85600035,-0.39370070
25.85680035,-0.39370070
25.85760035,-0.78740150
25.85840035,-1.57480300
25.85920035,-1.18110200
25.86000035,-0.78740150
25.86080035,-0.39370070
25.86160035,-0.39370070
25.86240035,-1.57480300
25.86320035,-3.14960600
25.86400035,-5.11811000
25.86480035,-5.90551100
25.86560035,-5.90551100
25.86640035,-5.11811000
25.86720035,-4.33070900
25.86800035,-4.72440900
25.86880035,-5.51181100
25.86960035,-5.90551100
25.87040035,-5.90551100
25.87120035,-5.11811000
25.87200035,-5.51181100
25.87280035,-5.90551100
25.87360035,-5.90551100
25.87440035,-6.69291300
25.87520035,-7.08661400
25.87600035,-7.08661400
25.87680035,-5.90551100
25.87760035,-5.51181100
25.87840035,-4.72440900
25.87920035,-5.11811000
25.88000035,-5.11811000
25.88080035,-4.72440900
25.88160035,-4.72440900
25.88240035,-4.33070900
25.88320035,-3.54330700
25.88400035,-3.54330700
25.88480035,-3.93700800
25.88560035,-3.54330700
25.88640035,-2.36220500
25.88720035,-2.36220500
25.88800035,-1.57480300
25.88880035,-1.18110200
25.88960035,-1.57480300
25.89040035,-1.18110200
25.89120035,-0.78740150
25.89200035,-0.39370070
25.89280035,0.39370070
25.89360035,0.78740150
25.89440035,1.18110200
25.89520035,1.18110200
25.89600035,1.96850400
25.89680035,1.96850400
25.89760035,2.75590500
25.89840035,3.14960600
25.89920035,3.93700800
25.90000035,3.93700800
25.90080035,3.93700800
25.90160035,3.93700800
25.90240035,5.11811000
25.90320035,5.11811000
25.90400035,5.51181100
25.90480035,5.51181100
25.90560035,5.90551100
25.90640035,5.11811000
25.90720035,5.51181100
25.90800035,5.11811000
25.90880035,4.72440900
25.90960035,3.93700800
25.91040035,3.54330700
25.91120035,3.93700800
25.91200035,3.93700800
25.91280035,5.51181100
25.91360035,5.90551100
25.91440035,5.90551100
25.91520035,5.90551100
25.91600035,5.11811000
25.91680035,4.72440900
25.91760035,4.33070900
25.91840035,3.54330700
25.91920035,3.14960600
25.92000035,1.96850400
25.92080035,1.57480300
25.92160035,1.18110200
25.92240035,1.96850400
25.92320035,2.75590500
25.92400035,2.75590500
25.92480035,2.75590500
25.92560035,2.36220500
25.92640035,1.57480300
25.92720035,0.78740150
25.92800035,0.39370070
25.92880035,0.00000000
25.92960035,-0.78740150
25.93040035,-1.18110200
25.93120035,-1.57480300
25.93200035,-1.57480300
25.93280035,-1.96850400
25.93360035,-2.36220500
25.93440035,-1.96850400
25.93520035,-1.96850400
25.93600035,-2.36220500
25.93680035,-3.14960600
25.93760035,-3.54330700
25.93840035,-3.54330700
25.93920035,-3.14960600
25.94000035,-3.14960600
25.94080035,-3.14960600
25.94160035,-3.14960600
25.94240035,-3.93700800
25.94320035,-4.33070900
25.94400035,-3.54330700
25.94480035,-3.93700800
25.94560035,-3.93700800
25.94640035,-4.72440900
25.94720035,-5.51181100
25.94800035,-5.90551100
25.94880035,-5.51181100
25.94960035,-5.11811000
25.95040035,-3.93700800
25.95120035,-3.14960600
25.95200035,-3.54330700
25.95280035,-4.33070900
25.95360035,-3.93700800
25.95440035,-3.93700800
25.95520035,-3.93700800
25.95600035,-3.54330700
25.95680035,-3.93700800
25.95760035,-3.93700800
25.95840035,-3.93700800
25.95920035,-3.54330700
25.96000035,-2.75590500
25.96080035,-1.57480300
25.96160035,-1.18110200
25.96240035,-0.39370070
25.96320035,-1.18110200
25.96400035,-1.18110200
25.96480035,-2.36220500
25.96560035,-1.96850400
25.96640035,-1.57480300
25.96720035,-0.78740150
25.96800035,0.39370070
25.96880035,0.78740150
25.96960035,1.57480300
25.97040035,2.75590500
25.97120035,3.54330700
25.97200035,3.93700800
25.97280035,3.93700800
25.97360035,3.54330700
25.97440035,2.75590500
25.97520035,2.36220500
25.97600035,2.36220500
25.97680035,3.14960600
25.97760035,3.93700800
25.97840035,4.72440900
25.97920035,5.51181100
25.98000035,6.69291300
25.98080035,7.08661400
25.98160035,6.69291300
25.98240035,7.08661400
25.98320035,7.08661400
25.98400035,6.29921200
25.98480035,5.51181100
25.98560035,4.72440900
25.98640035,4.33070900
25.98720035,4.72440900
25.98800035,5.51181100
25.98880035,5.90551100
25.98960035,6.69291300
25.99040035,6.29921200
25.99120035,6.29921200
25.99200035,6.29921200
25.99280035,5.51181100
25.99360035,5.11811000
25.99440035,4.33070900
25.99520035,3.93700800
25.99600035,3.54330700
25.99680035,3.54330700
25.99760035,3.54330700
25.99840035,3.14960600
25.99920035,3.14960600
26.00000035,2.75590500
26.00080035,2.36220500
26.00160035,2.36220500
26.00240035,1.18110200
26.00320035,0.78740150
26.00400035,0.00000000
26.00480035,-1.18110200
26.00560035,-2.75590500
26.00640035,-2.75590500
26.00720035,-3.54330700
26.00800035,-2.75590500
26.00880035,-3.54330700
26.00960035,-2.75590500
26.01040035,-3.14960600
26.01120035,-3.14960600
26.01200035,-3.93700800
26.01280035,-4.33070900
26.01360035,-5.11811000
26.01440035,-5.51181100
26.01520035,-6.29921200
26.01600035,-7.87401500
26.01680035,-7.48031400
26.01760035,-8.26771600
26.01840035,-7.48031400
26.01920035,-7.48031400
26.02000035,-6.69291300
26.02080035,-6.29921200
26.02160035,-6.69291300
26.02240035,-6.29921200
26.02320035,-6.29921200
26.02400035,-6.69291300
26.02480035,-6.29921200
26.02560035,-6.69291300
26.02640035,-7.48031400
26.02720035,-7.48031400
26.02800035,-6.69291300
26.02880035,-6.29921200
26.02960035,-5.51181100
26.03040035,-5.11811000
26.03120035,-4.33070900
26.03200035,-4.33070900
26.03280035,-3.54330700
26.03360035,-3.14960600
26.03440035,-1.96850400
26.03520035,-1.18110200
26.03600035,-1.18110200
26.03680035,-1.57480300
26.03760035,-1.96850400
26.03840035,-1.18110200
26.03920035,-0.78740150
26.04000035,0.78740150
26.04080035,1.57480300
26.04160035,2.36220500
26.04240035,3.54330700
26.04320035,3.93700800
26.04400035,3.93700800
26.04480035,4.72440900
26.04560035,5.11811000
26.04640035,4.72440900
26.04720035,4.72440900
26.04800035,4.72440900
26.04880035,4.72440900
26.04960035,5.11811000
26.05040035,6.69291300
26.05120035,7.48031400
26.05200035,7.87401500
26.05280035,8.66141700
26.05360035,8.66141700
26.05440035,9.05511800
26.05520035,8.66141700
26.05600035,8.66141700
26.05680035,7.87401500
26.05760035,7.08661400
26.05840035,6.69291300
26.05920035,6.29921200
26.06000035,6.69291300
26.06080035,7.08661400
26.06160035,7.48031400
26.06240035,7.87401500
26.06320035,7.48031400
26.06400035,7.08661400
26.06480035,6.69291300
26.06560035,5.90551100
26.06640035,5.51181100
26.06720035,4.72440900
26.06800035,3.54330700
26.06880035,2.36220500
26.06960035,1.57480300
26.07040035,1.18110200
26.07120035,1.18110200
26.07200035,0.78740150
26.07280035,0.78740150
26.07360035,0.39370070
26.07440035,-0.78740150
26.07520035,-0.78740150
26.07600035,-1.18110200
26.07680035,-1.57480300
26.07760035,-2.75590500
26.07840035,-3.93700800
26.07920035,-5.11811000
26.08000035,-5.11811000
26.08080035,-5.11811000
26.08160035,-5.11811000
26.08240035,-4.72440900
26.08320035,-5.90551100
26.08400035,-6.69291300
26.08480035,-8.26771600
26.08560035,-7.87401500
26.08640035,-8.26771600
26.08720035,-7.87401500
26.08800035,-7.48031400
26.08880035,-7.08661400
26.08960035,-7.48031400
26.09040035,-7.48031400
26.09120035,-7.48031400
26.09200035,-7.87401500
26.09280035,-7.48031400
26.09360035,-7.48031400
26.09440035,-7.48031400
26.09520035,-7.87401500
26.09600035,-7.87401500
26.09680035,-7.08661400
26.09760035,-5.51181100
26.09840035,-4.33070900
26.09920035,-3.54330700
26.10000035,-3.14960600
26.10080035,-3.54330700
26.10160035,-3.54330700
26.10240035,-3.14960600
26.10320035,-2.75590500
26.10400035,-2.36220500
26.10480035,-2.75590500
26.10560035,-2.36220500
26.10640035,-1.96850400
26.10720035,-0.78740150
26.10800035,1.18110200
26.10880035,2.75590500
26.10960035,4.33070900
26.11040035,4.72440900
26.11120035,3.93700800
26.11200035,4.33070900
26.11280035,3.14960600
26.11360035,3.14960600
26.11440035,3.54330700
26.11520035,4.33070900
26.11600035,3.93700800
26.11680035,4.33070900
26.11760035,4.72440900
26.11840035,6.29921200
26.11920035,7.48031400
26.12000035,7.87401500
26.12080035,7.87401500
26.12160035,7.48031400
26.12240035,7.08661400
26.12320035,6.69291300
26.12400035,5.51181100
26.12480035,5.11811000
26.12560035,4.72440900
26.12640035,4.72440900
26.12720035,5.11811000
26.12800035,5.51181100
26.12880035,5.90551100
26.12960035,6.29921200
26.13040035,6.29921200
26.13120035,5.51181100
26.13200035,5.51181100
26.13280035,4.33070900
26.13360035,4.33070900
26.13440035,3.54330700
26.13520035,2.36220500
26.13600035,1.57480300
26.13680035,1.57480300
26.13760035,1.57480300
26.13840035,1.57480300
26.13920035,1.57480300
26.14000035,1.18110200
26.14080035,0.39370070
26.14160035,0.39370070
26.14240035,-0.39370070
26.14320035,0.00000000
26.14400035,-0.39370070
26.14480035,-0.78740150
26.14560035,-1.18110200
26.14640035,-1.96850400
26.14720035,-1.96850400
26.14800035,-1.96850400
26.14880035,-1.96850400
26.14960035,-2.36220500
26.15040035,-2.75590500
26.15120035,-3.93700800
26.15200035,-4.33070900
26.15280035,-3.93700800
26.15360035,-3.14960600
26.15440035,-2.36220500
26.15520035,-1.96850400
26.15600035,-2.36220500
26.15680035,-3.14960600
26.15760035,-3.54330700
26.15840035,-3.93700800
26.15920035,-4.33070900
26.16000035,-4.33070900
26.16080035,-4.33070900
26.16160035,-5.51181100
26.16240035,-5.51181100
26.16320035,-4.72440900
26.16400035,-4.33070900
26.16480035,-2.36220500
26.16560035,-1.18110200
26.16640035,-0.78740150
26.16720035,-0.78740150
26.16800035,-1.96850400
26.16880035,-3.54330700
26.16960035,-3.54330700
26.17040035,-3.93700800
26.17120035,-3.14960600
26.17200035,-3.14960600
26.17280035,-3.14960600
26.17360035,-2.75590500
26.17440035,-1.96850400
26.17520035,-0.78740150
26.17600035,0.00000000
26.17680035,1.57480300
26.17760035,1.18110200
26.17840035,-0.39370070
26.17920035,-1.57480300
26.18000035,-1.96850400
26.18080035,-1.96850400
26.18160035,-1.18110200
26.18240035,-0.39370070
26.18320035,0.39370070
26.18400035,0.39370070
26.18480035,0.78740150
26.18560035,1.57480300
26.18640035,1.96850400
26.18720035,2.75590500
26.18800035,2.36220500
26.18880035,1.96850400
26.18960035,1.18110200
26.19040035,0.39370070
26.19120035,0.39370070
26.19200035,0.78740150
26.19280035,1.57480300
26.19360035,1.96850400
26.19440035,2.36220500
26.19520035,2.75590500
26.19600035,2.75590500
26.19680035,2.36220500
26.19760035,2.75590500
26.19840035,3.14960600
26.19920035,3.14960600
26.20000035,2.75590500
26.20080035,2.36220500
26.20160035,1.96850400
26.20240035,1.96850400
26.20320035,2.75590500
26.20400035,3.54330700
26.20480035,3.54330700
26.20560035,3.14960600
26.20640035,2.36220500
26.20720035,1.96850400
26.20800035,1.96850400
26.20880035,2.75590500
26.20960035,3.14960600
26.21040035,3.93700800
26.21120035,3.93700800
26.21200035,3.54330700
26.21280035,2.75590500
26.21360035,2.36220500
26.21440035,1.96850400
26.21520035,1.96850400
26.21600035,1.96850400
26.21680035,1.57480300
26.21760035,0.78740150
26.21840035,1.18110200
26.21920035,1.57480300
26.22000035,2.36220500
26.22080035,3.14960600
26.22160035,3.14960600
26.22240035,3.14960600
26.22320035,1.57480300
26.22400035,0.78740150
26.22480035,-0.39370070
26.22560035,-1.18110200
26.22640035,-1.18110200
26.22720035,-0.39370070
26.22800035,-0.39370070
26.22880035,-0.78740150
26.22960035,-0.39370070
26.23040035,-0.39370070
26.23120035,0.39370070
26.23200035,0.39370070
26.23280035,-0.39370070
26.23360035,-1.57480300
26.23440035,-3.14960600
26.23520035,-4.72440900
26.23600035,-5.11811000
26.23680035,-4.72440900
26.23760035,-3.54330700
26.23840035,-2.75590500
26.23920035,-2.36220500
26.24000035,-1.96850400
26.24080035,-2.75590500
26.24160035,-2.75590500
26.24240035,-2.36220500
26.24320035,-3.54330700
26.24400035,-4.33070900
26.24480035,-5.51181100
26.24560035,-7.08661400
26.24640035,-7.08661400
26.24720035,-6.69291300
26.24800035,-5.51181100
26.24880035,-3.93700800
26.24960035,-2.75590500
26.25040035,-1.96850400
26.25120035,-1.57480300
26.25200035,-2.36220500
26.25280035,-3.54330700
26.25360035,-3.93700800
26.25440035,-4.33070900
26.25520035,-4.72440900
26.25600035,-5.11811000
26.25680035,-5.11811000
26.25760035,-4.33070900
26.25840035,-3.14960600
26.25920035,-1.18110200
26.26000035,0.39370070
26.26080035,1.96850400
26.26160035,2.36220500
26.26240035,1.18110200
26.26320035,0.78740150
26.26400035,-0.39370070
26.26480035,-0.78740150
26.26560035,-0.39370070
26.26640035,0.39370070
26.26720035,0.39370070
26.26800035,1.18110200
26.26880035,1.96850400
26.26960035,3.14960600
26.27040035,4.33070900
26.27120035,6.29921200
26.27200035,7.08661400
26.27280035,7.08661400
26.27360035,6.29921200
26.27440035,4.72440900
26.27520035,3.93700800
26.27600035,3.93700800
26.27680035,4.72440900
26.27760035,5.90551100
26.27840035,6.29921200
26.27920035,5.90551100
26.28000035,6.29921200
26.28080035,6.69291300
26.28160035,7.48031400
26.28240035,8.26771600
26.28320035,8.66141700
26.28400035,7.08661400
26.28480035,4.72440900
26.28560035,2.36220500
26.28640035,1.18110200
26.28720035,1.57480300
26.28800035,3.14960600
26.28880035,3.93700800
26.28960035,5.11811000
26.29040035,5.11811000
26.29120035,4.72440900
26.29200035,4.33070900
26.29280035,3.93700800
26.29360035,2.75590500
26.29440035,1.57480300
26.29520035,-0.39370070
26.29600035,-1.96850400
26.29680035,-2.75590500
26.29760035,-2.36220500
26.29840035,-2.36220500
26.29920035,-1.18110200
26.30000035,-0.78740150
26.30080035,-1.57480300
26.30160035,-1.96850400
26.30240035,-1.96850400
26.30320035,-1.57480300
26.30400035,-1.96850400
26.30480035,-2.36220500
26.30560035,-4.33070900
26.30640035,-5.90551100
26.30720035,-7.48031400
26.30800035,-8.26771600
26.30880035,-7.87401500
26.30960035,-6.29921200
26.31040035,-5.51181100
26.31120035,-4.72440900
26.31200035,-3.93700800
26.31280035,-3.93700800
26.31360035,-4.72440900
26.31440035,-5.11811000
26.31520035,-5.11811000
26.31600035,-5.51181100
26.31680035,-6.29921200
26.31760035,-7.08661400
26.31840035,-7.48031400
26.31920035,-7.08661400
26.32000035,-6.29921200
26.32080035,-5.11811000
26.32160035,-3.54330700
26.32240035,-2.36220500
26.32320035,-1.57480300
26.32400035,-1.18110200
26.32480035,-1.57480300
26.32560035,-1.57480300
26.32640035,-2.75590500
26.32720035,-3.14960600
26.32800035,-3.14960600
26.32880035,-2.75590500
26.32960035,-2.36220500
26.33040035,-1.96850400
26.33120035,-0.78740150
26.33200035,0.39370070
26.33280035,2.36220500
26.33360035,3.14960600
26.33440035,3.54330700
26.33520035,3.54330700
26.33600035,3.14960600
26.33680035,2.75590500
26.33760035,2.36220500
26.33840035,2.36220500
26.33920035,2.36220500
26.34000035,1.57480300
26.34080035,1.96850400
26.34160035,3.14960600
26.34240035,4.33070900
26.34320035,5.51181100
26.34400035,6.29921200
26.34480035,5.90551100
26.34560035,5.90551100
26.34640035,4.72440900
26.34720035,4.33070900
26.34800035,3.54330700
26.34880035,3.93700800
26.34960035,4.33070900
26.35040035,4.72440900
26.35120035,4.33070900
26.35200035,3.93700800
26.35280035,3.54330700
26.35360035,3.93700800
26.35440035,4.72440900
26.35520035,5.11811000
26.35600035,4.72440900
26.35680035,3.93700800
26.35760035,2.36220500
26.35840035,1.96850400
26.35920035,1.96850400
26.36000035,2.75590500
26.36080035,3.54330700
26.36160035,3.14960600
26.36240035,2.36220500
26.36320035,1.57480300
26.36400035,1.57480300
26.36480035,0.78740150
26.36560035,0.78740150
26.36640035,0.39370070
26.36720035,0.39370070
26.36800035,-0.78740150
26.36880035,-1.18110200
26.36960035,-0.78740150
26.37040035,-0.39370070
26.37120035,0.00000000
26.37200035,0.39370070
26.37280035,-0.39370070
26.37360035,-0.39370070
26.37440035,-1.57480300
26.37520035,-2.36220500
26.37600035,-2.36220500
26.37680035,-1.96850400
26.37760035,-1.96850400
26.37840035,-1.96850400
26.37920035,-2.36220500
26.38000035,-2.75590500
26.38080035,-2.75590500
26.38160035,-2.36220500
26.38240035,-1.96850400
26.38320035,-2.36220500
26.38400035,-2.75590500
26.38480035,-3.54330700
26.38560035,-3.93700800
26.38640035,-3.54330700
26.38720035,-3.14960600
26.38800035,-2.75590500
26.38880035,-2.75590500
26.38960035,-3.14960600
26.39040035,-3.14960600
26.39120035,-3.54330700
26.39200035,-3.54330700
26.39280035,-3.54330700
26.39360035,-2.75590500
26.39440035,-2.75590500
26.39520035,-2.75590500
26.39600035,-2.75590500
26.39680035,-3.54330700
26.39760035,-3.54330700
26.39840035,-3.14960600
26.39920035,-2.75590500
26.40000035,-2.36220500
26.40080035,-2.36220500
26.40160035,-3.14960600
26.40240035,-3.54330700
26.40320035,-3.14960600
26.40400035,-2.75590500
26.40480035,-2.75590500
26.40560035,-1.57480300
26.40640035,-1.57480300
26.40720035,-1.18110200
26.40800035,-1.18110200
26.40880035,-1.57480300
26.40960035,-1.57480300
26.41040035,-1.57480300
26.41120035,-1.18110200
26.41200035,-0.39370070
26.41280035,0.00000000
26.41360035,0.78740150
26.41440035,0.78740150
26.41520035,1.18110200
26.41600035,1.57480300
26.41680035,1.96850400
26.41760035,2.75590500
26.41840035,2.75590500
26.41920035,2.36220500
26.42000035,1.96850400
26.42080035,1.57480300
26.42160035,2.36220500
26.42240035,2.75590500
26.42320035,3.14960600
26.42400035,3.54330700
26.42480035,4.72440900
26.42560035,5.11811000
26.42640035,5.51181100
26.42720035,6.29921200
26.42800035,5.90551100
26.42880035,5.51181100
26.42960035,5.11811000
26.43040035,4.33070900
26.43120035,3.93700800
26.43200035,3.93700800
26.43280035,4.72440900
26.43360035,5.11811000
26.43440035,5.51181100
26.43520035,5.90551100
26.43600035,5.90551100
26.43680035,6.29921200
26.43760035,5.51181100
26.43840035,5.90551100
26.43920035,5.51181100
26.44000035,4.72440900
26.44080035,3.93700800
26.44160035,3.14960600
26.44240035,2.75590500
26.44320035,2.36220500
26.44400035,2.75590500
26.44480035,3.14960600
26.44560035,3.14960600
26.44640035,2.75590500
26.44720035,1.96850400
26.44800035,1.57480300
26.44880035,0.78740150
26.44960035,0.39370070
26.45040035,0.00000000
26.45120035,-1.18110200
26.45200035,-1.57480300
26.45280035,-1.96850400
26.45360035,-2.75590500
26.45440035,-2.75590500
26.45520035,-3.54330700
26.45600035,-3.54330700
26.45680035,-3.93700800
26.45760035,-4.33070900
26.45840035,-4.72440900
26.45920035,-5.51181100
26.46000035,-5.51181100
26.46080035,-5.51181100
26.46160035,-6.29921200
26.46240035,-6.69291300
26.46320035,-7.08661400
26.46400035,-7.87401500
26.46480035,-8.26771600
26.46560035,-8.26771600
26.46640035,-8.66141700
26.46720035,-8.66141700
26.46800035,-8.66141700
26.46880035,-8.26771600
26.46960035,-7.48031400
26.47040035,-6.69291300
26.47120035,-6.29921200
26.47200035,-5.90551100
26.47280035,-5.51181100
26.47360035,-5.90551100
26.47440035,-6.29921200
26.47520035,-7.08661400
26.47600035,-7.48031400
26.47680035,-6.69291300
26.47760035,-6.29921200
26.47840035,-5.11811000
26.47920035,-5.11811000
26.48000035,-3.14960600
26.48080035,-1.96850400
26.48160035,-0.39370070
26.48240035,0.78740150
26.48320035,1.57480300
26.48400035,1.18110200
26.48480035,0.78740150
26.48560035,0.39370070
26.48640035,0.00000000
26.48720035,0.39370070
26.48800035,1.18110200
26.48880035,1.96850400
26.48960035,3.14960600
26.49040035,4.72440900
26.49120035,6.29921200
26.49200035,7.87401500
26.49280035,8.26771600
26.49360035,8.66141700
26.49440035,8.26771600
26.49520035,8.26771600
26.49600035,7.08661400
26.49680035,6.69291300
26.49760035,7.08661400
26.49840035,7.08661400
26.49920035,7.87401500
26.50000035,8.26771600
26.50080035,9.05511800
26.50160035,10.23622000
26.50240035,10.62992000
26.50320035,11.02362000
26.50400035,11.41732000
26.50480035,10.23622000
26.50560035,9.05511800
26.50640035,7.48031400
26.50720035,6.69291300
26.50800035,5.90551100
26.50880035,6.29921200
26.50960035,6.29921200
26.51040035,5.90551100
26.51120035,6.29921200
26.51200035,5.51181100
26.51280035,5.90551100
26.51360035,5.90551100
26.51440035,5.11811000
26.51520035,4.72440900
26.51600035,3.14960600
26.51680035,1.57480300
26.51760035,0.39370070
26.51840035,-0.78740150
26.51920035,-1.18110200
26.52000035,-1.57480300
26.52080035,-1.96850400
26.52160035,-2.36220500
26.52240035,-3.14960600
26.52320035,-3.54330700
26.52400035,-3.93700800
26.52480035,-3.93700800
26.52560035,-4.33070900
26.52640035,-5.51181100
26.52720035,-6.69291300
26.52800035,-8.26771600
26.52880035,-8.26771600
26.52960035,-8.66141700
26.53040035,-8.26771600
26.53120035,-9.05511800
26.53200035,-9.05511800
26.53280035,-9.84251900
26.53360035,-10.23622000
26.53440035,-9.84251900
26.53520035,-9.44881800
26.53600035,-9.05511800
26.53680035,-9.05511800
26.53760035,-9.05511800
26.53840035,-9.84251900
26.53920035,-9.84251900
26.54000035,-9.84251900
26.54080035,-9.44881800
26.54160035,-9.05511800
26.54240035,-8.66141700
26.54320035,-7.87401500
26.54400035,-7.87401500
26.54480035,-7.08661400
26.54560035,-6.69291300
26.54640035,-5.51181100
26.54720035,-4.33070900
26.54800035,-3.93700800
26.54880035,-3.93700800
26.54960035,-3.54330700
26.55040035,-3.93700800
26.55120035,-3.54330700
26.55200035,-2.36220500
26.55280035,-1.18110200
26.55360035,-0.39370070
26.55440035,1.18110200
26.55520035,1.96850400
26.55600035,1.96850400
26.55680035,3.93700800
26.55760035,4.72440900
26.55840035,5.11811000
26.55920035,5.51181100
26.56000035,5.90551100
26.56080035,5.90551100
26.56160035,5.51181100
26.56240035,5.90551100
26.56320035,7.08661400
26.56400035,7.48031400
26.56480035,8.66141700
26.56560035,9.05511800
26.56640035,9.44881800
26.56720035,9.05511800
26.56800035,9.05511800
26.56880035,9.84251900
26.56960035,9.84251900
26.57040035,9.84251900
26.57120035,10.23622000
26.57200035,9.44881800
26.57280035,8.66141700
26.57360035,8.66141700
26.57440035,8.66141700
26.57520035,8.66141700
26.57600035,9.05511800
26.57680035,8.26771600
26.57760035,7.08661400
26.57840035,6.69291300
26.57920035,5.90551100
26.58000035,5.51181100
26.58080035,5.51181100
26.58160035,5.90551100
26.58240035,5.51181100
26.58320035,5.11811000
26.58400035,3.54330700
26.58480035,1.96850400
26.58560035,1.96850400
26.58640035,1.57480300
26.58720035,0.78740150
26.58800035,-0.39370070
26.58880035,-1.57480300
26.58960036,-2.36220500
26.59040036,-2.75590500
26.59120036,-2.75590500
26.59200036,-1.96850400
26.59280036,-1.96850400
26.59360036,-3.14960600
26.59440036,-4.33070900
26.59520036,-5.51181100
26.59600036,-6.29921200
26.59680036,-6.69291300
26.59760036,-6.69291300
26.59840036,-7.08661400
26.59920036,-7.48031400
26.60000036,-8.26771600
26.60080036,-8.26771600
26.60160036,-7.87401500
26.60240036,-6.29921200
26.60320036,-6.29921200
26.60400036,-6.29921200
26.60480036,-6.69291300
26.60560036,-7.87401500
26.60640036,-9.44881800
26.60720036,-9.05511800
26.60800036,-8.66141700
26.60880036,-7.87401500
26.60960036,-6.69291300
26.61040036,-6.29921200
26.61120036,-6.29921200
26.61200036,-5.90551100
26.61280036,-5.11811000
26.61360036,-3.93700800
26.61440036,-3.54330700
26.61520036,-3.93700800
26.61600036,-4.33070900
26.61680036,-5.11811000
26.61760036,-4.72440900
26.61840036,-3.93700800
26.61920036,-3.14960600
26.62000036,-1.96850400
26.62080036,-0.78740150
26.62160036,0.00000000
26.62240036,0.39370070
26.62320036,0.78740150
26.62400036,1.57480300
26.62480036,1.96850400
26.62560036,2.36220500
26.62640036,3.14960600
26.62720036,3.14960600
26.62800036,2.36220500
26.62880036,2.36220500
26.62960036,3.14960600
26.63040036,3.93700800
26.63120036,4.33070900
26.63200036,5.51181100
26.63280036,5.11811000
26.63360036,4.72440900
26.63440036,5.51181100
26.63520036,5.90551100
26.63600036,6.29921200
26.63680036,6.69291300
26.63760036,5.90551100
26.63840036,5.51181100
26.63920036,5.51181100
26.64000036,5.51181100
26.64080036,5.51181100
26.64160036,5.90551100
26.64240036,5.90551100
26.64320036,5.90551100
26.64400036,5.51181100
26.64480036,5.51181100
26.64560036,5.90551100
26.64640036,5.11811000
26.64720036,5.51181100
26.64800036,5.90551100
26.64880036,5.11811000
26.64960036,4.72440900
26.65040036,4.33070900
26.65120036,3.14960600
26.65200036,2.36220500
26.65280036,2.75590500
26.65360036,1.96850400
26.65440036,1.96850400
26.65520036,1.96850400
26.65600036,1.18110200
26.65680036,1.18110200
26.65760036,1.57480300
26.65840036,1.96850400
26.65920036,1.96850400
26.66000036,1.57480300
26.66080036,0.39370070
26.66160036,-1.18110200
26.66240036,-2.75590500
26.66320036,-3.14960600
26.66400036,-2.75590500
26.66480036,-1.96850400
26.66560036,-1.96850400
26.66640036,-1.96850400
26.66720036,-1.96850400
26.66800036,-2.36220500
26.66880036,-2.36220500
26.66960036,-1.96850400
26.67040036,-1.57480300
26.67120036,-2.75590500
26.67200036,-3.54330700
26.67280036,-5.11811000
26.67360036,-5.90551100
26.67440036,-5.90551100
26.67520036,-5.51181100
26.67600036,-4.33070900
26.67680036,-3.54330700
26.67760036,-3.14960600
26.67840036,-3.54330700
26.67920036,-3.93700800
26.68000036,-3.93700800
26.68080036,-3.54330700
26.68160036,-3.54330700
26.68240036,-4.33070900
26.68320036,-4.72440900
26.68400036,-5.11811000
26.68480036,-5.11811000
26.68560036,-4.72440900
26.68640036,-3.93700800
26.68720036,-2.75590500
26.68800036,-2.36220500
26.68880036,-2.36220500
26.68960036,-1.96850400
26.69040036,-2.36220500
26.69120036,-1.57480300
26.69200036,-1.18110200
26.69280036,-0.78740150
26.69360036,-1.57480300
26.69440036,-2.75590500
26.69520036,-4.33070900
26.69600036,-3.93700800
26.69680036,-2.36220500
26.69760036,-0.39370070
26.69840036,1.57480300
26.69920036,2.36220500
26.70000036,2.36220500
26.70080036,1.96850400
26.70160036,1.57480300
26.70240036,1.18110200
26.70320036,0.78740150
26.70400036,0.78740150
26.70480036,0.00000000
26.70560036,-0.78740150
26.70640036,-1.18110200
26.70720036,-1.18110200
26.70800036,0.00000000
26.70880036,1.57480300
26.70960036,2.36220500
26.71040036,3.54330700
26.71120036,3.93700800
26.71200036,3.93700800
26.71280036,4.72440900
26.71360036,5.51181100
26.71440036,5.90551100
26.71520036,5.11811000
26.71600036,3.93700800
26.71680036,2.75590500
26.71760036,1.96850400
26.71840036,1.96850400
26.71920036,3.14960600
26.72000036,3.54330700
26.72080036,5.11811000
26.72160036,5.90551100
26.72240036,5.51181100
26.72320036,5.90551100
26.72400036,5.11811000
26.72480036,4.72440900
26.72560036,4.72440900
26.72640036,3.93700800
26.72720036,3.54330700
26.72800036,2.36220500
26.72880036,1.57480300
26.72960036,1.96850400
26.73040036,2.75590500
26.73120036,3.93700800
26.73200036,4.33070900
26.73280036,4.33070900
26.73360036,3.93700800
26.73440036,3.93700800
26.73520036,2.75590500
26.73600036,1.96850400
26.73680036,0.39370070
26.73760036,-0.39370070
26.73840036,-1.57480300
26.73920036,-1.96850400
26.74000036,-2.36220500
26.74080036,-2.36220500
26.74160036,-1.96850400
26.74240036,-1.57480300
26.74320036,-1.57480300
26.74400036,-2.36220500
26.74480036,-3.54330700
26.74560036,-4.33070900
26.74640036,-5.11811000
26.74720036,-4.72440900
26.74800036,-5.11811000
26.74880036,-5.90551100
26.74960036,-5.90551100
26.75040036,-6.29921200
26.75120036,-5.90551100
26.75200036,-6.29921200
26.75280036,-5.51181100
26.75360036,-4.33070900
26.75440036,-4.33070900
26.75520036,-4.72440900
26.75600036,-6.29921200
26.75680036,-7.48031400
26.75760036,-7.87401500
26.75840036,-7.08661400
26.75920036,-5.51181100
26.76000036,-4.33070900
26.76080036,-3.93700800
26.76160036,-3.93700800
26.76240036,-3.93700800
26.76320036,-4.33070900
26.76400036,-4.33070900
26.76480036,-3.93700800
26.76560036,-3.54330700
26.76640036,-3.54330700
26.76720036,-4.33070900
26.76800036,-3.93700800
26.76880036,-2.75590500
26.76960036,-1.57480300
26.77040036,0.00000000
26.77120036,1.18110200
26.77200036,0.78740150
26.77280036,0.39370070
26.77360036,-1.18110200
26.77440036,-1.96850400
26.77520036,-1.96850400
26.77600036,-1.57480300
26.77680036,-0.39370070
26.77760036,-0.39370070
26.77840036,0.39370070
26.77920036,1.57480300
26.78000036,2.36220500
26.78080036,3.93700800
26.78160036,5.51181100
26.78240036,5.51181100
26.78320036,5.11811000
26.78400036,3.14960600
26.78480036,1.96850400
26.78560036,1.96850400
26.78640036,1.96850400
26.78720036,2.75590500
26.78800036,3.54330700
26.78880036,3.54330700
26.78960036,3.93700800
26.79040036,3.93700800
26.79120036,3.93700800
26.79200036,4.33070900
26.79280036,4.33070900
26.79360036,4.33070900
26.79440036,3.54330700
26.79520036,3.14960600
26.79600036,2.36220500
26.79680036,2.75590500
26.79760036,3.14960600
26.79840036,3.14960600
26.79920036,3.54330700
26.80000036,3.14960600
26.80080036,2.75590500
26.80160036,2.36220500
26.80240036,1.96850400
26.80320036,2.36220500
26.80400036,1.96850400
26.80480036,1.96850400
26.80560036,1.18110200
26.80640036,0.78740150
26.80720036,0.39370070
26.80800036,0.78740150
26.80880036,1.18110200
26.80960036,1.18110200
26.81040036,0.78740150
26.81120036,0.00000000
26.81200036,-0.39370070
26.81280036,-1.18110200
26.81360036,-1.96850400
26.81440036,-1.18110200
26.81520036,-1.57480300
26.81600036,-1.18110200
26.81680036,-1.96850400
26.81760036,-3.14960600
26.81840036,-3.14960600
26.81920036,-3.93700800
26.82000036,-3.54330700
26.82080036,-2.36220500
26.82160036,-1.57480300
26.82240036,-2.36220500
26.82320036,-1.96850400
26.82400036,-2.36220500
26.82480036,-2.36220500
26.82560036,-1.96850400
26.82640036,-1.96850400
26.82720036,-2.36220500
26.82800036,-3.14960600
26.82880036,-3.54330700
26.82960036,-4.72440900
26.83040036,-3.93700800
26.83120036,-2.75590500
26.83200036,-1.18110200
26.83280036,-0.39370070
26.83360036,0.00000000
26.83440036,-0.39370070
26.83520036,-0.78740150
26.83600036,0.00000000
26.83680036,0.39370070
26.83760036,1.18110200
26.83840036,0.78740150
26.83920036,0.39370070
26.84000036,0.00000000
26.84080036,0.39370070
26.84160036,1.18110200
26.84240036,2.75590500
26.84320036,4.33070900
26.84400036,5.11811000
26.84480036,5.11811000
26.84560036,4.72440900
26.84640036,3.93700800
26.84720036,3.14960600
26.84800036,2.75590500
26.84880036,2.75590500
26.84960036,2.75590500
26.85040036,3.14960600
26.85120036,3.54330700
26.85200036,4.72440900
26.85280036,6.29921200
26.85360036,8.26771600
26.85440036,9.84251900
26.85520036,9.44881800
26.85600036,9.05511800
26.85680036,7.48031400
26.85760036,5.51181100
26.85840036,4.33070900
26.85920036,3.14960600
26.86000036,3.93700800
26.86080036,4.33070900
26.86160036,5.11811000
26.86240036,6.29921200
26.86320036,6.69291300
26.86400036,7.48031400
26.86480036,7.48031400
26.86560036,7.08661400
26.86640036,6.29921200
26.86720036,4.72440900
26.86800036,2.36220500
26.86880036,0.39370070
26.86960036,0.00000000
26.87040036,-0.39370070
26.87120036,0.00000000
26.87200036,0.78740150
26.87280036,1.18110200
26.87360036,1.57480300
26.87440036,2.36220500
26.87520036,2.36220500
26.87600036,2.36220500
26.87680036,2.36220500
26.87760036,1.57480300
26.87840036,0.78740150
26.87920036,0.00000000
26.88000036,-0.78740150
26.88080036,-1.96850400
26.88160036,-1.57480300
26.88240036,-0.78740150
26.88320036,-0.78740150
26.88400036,-0.78740150
26.88480036,-1.18110200
26.88560036,-1.57480300
26.88640036,-1.57480300
26.88720036,-1.96850400
26.88800036,-2.36220500
26.88880036,-2.36220500
26.88960036,-3.54330700
26.89040036,-3.93700800
26.89120036,-4.72440900
26.89200036,-5.11811000
26.89280036,-5.11811000
26.89360036,-4.72440900
26.89440036,-4.72440900
26.89520036,-4.72440900
26.89600036,-5.11811000
26.89680036,-5.11811000
26.89760036,-4.72440900
26.89840036,-4.72440900
26.89920036,-4.33070900
26.90000036,-3.93700800
26.90080036,-4.33070900
26.90160036,-5.11811000
26.90240036,-5.90551100
26.90320036,-6.29921200
26.90400036,-6.69291300
26.90480036,-6.69291300
26.90560036,-6.69291300
26.90640036,-6.69291300
26.90720036,-6.29921200
26.90800036,-5.51181100
26.90880036,-4.33070900
26.90960036,-3.54330700
26.91040036,-3.14960600
26.91120036,-2.75590500
26.91200036,-3.54330700
26.91280036,-4.33070900
26.91360036,-3.93700800
26.91440036,-3.93700800
26.91520036,-2.75590500
26.91600036,-1.96850400
26.91680036,-0.78740150
26.91760036,0.39370070
26.91840036,0.78740150
26.91920036,1.57480300
26.92000036,1.96850400
26.92080036,2.75590500
26.92160036,3.54330700
26.92240036,3.54330700
26.92320036,2.75590500
26.92400036,1.96850400
26.92480036,2.36220500
26.92560036,3.14960600
26.92640036,3.54330700
26.92720036,4.72440900
26.92800036,5.90551100
26.92880036,7.08661400
26.92960036,7.87401500
26.93040036,8.26771600
26.93120036,8.66141700
26.93200036,9.05511800
26.93280036,9.05511800
26.93360036,8.66141700
26.93440036,9.05511800
26.93520036,8.66141700
26.93600036,8.66141700
26.93680036,9.05511800
26.93760036,9.44881800
26.93840036,10.23622000
26.93920036,11.41732000
26.94000036,10.62992000
26.94080036,9.84251900
26.94160036,9.05511800
26.94240036,7.48031400
26.94320036,7.48031400
26.94400036,7.48031400
26.94480036,6.29921200
26.94560036,6.29921200
26.94640036,5.51181100
26.94720036,4.72440900
26.94800036,4.33070900
26.94880036,4.33070900
26.94960036,3.93700800
26.95040036,3.54330700
26.95120036,2.75590500
26.95200036,1.57480300
26.95280036,0.78740150
26.95360036,-0.39370070
26.95440036,-0.78740150
26.95520036,-0.78740150
26.95600036,-1.57480300
26.95680036,-2.75590500
26.95760036,-3.54330700
26.95840036,-4.33070900
26.95920036,-5.11811000
26.96000036,-5.51181100
26.96080036,-5.51181100
26.96160036,-6.29921200
26.96240036,-7.48031400
26.96320036,-8.26771600
26.96400036,-9.05511800
26.96480036,-9.05511800
26.96560036,-9.05511800
26.96640036,-9.44881800
26.96720036,-9.44881800
26.96800036,-10.23622000
26.96880036,-11.02362000
26.96960036,-10.62992000
26.97040036,-10.62992000
26.97120036,-10.62992000
26.97200036,-10.23622000
26.97280036,-9.44881800
26.97360036,-9.44881800
26.97440036,-8.66141700
26.97520036,-9.05511800
26.97600036,-8.66141700
26.97680036,-8.26771600
26.97760036,-7.87401500
26.97840036,-8.26771600
26.97920036,-7.87401500
26.98000036,-7.87401500
26.98080036,-7.48031400
26.98160036,-7.48031400
26.98240036,-6.29921200
26.98320036,-5.11811000
26.98400036,-4.33070900
26.98480036,-3.14960600
26.98560036,-2.36220500
26.98640036,-2.36220500
26.98720036,-2.36220500
26.98800036,-1.57480300
26.98880036,-0.78740150
26.98960036,-0.39370070
26.99040036,0.00000000
26.99120036,0.78740150
26.99200036,1.57480300
26.99280036,1.96850400
26.99360036,3.14960600
26.99440036,3.93700800
26.99520036,4.72440900
26.99600036,5.51181100
26.99680036,5.51181100
26.99760036,5.90551100
26.99840036,6.69291300
26.99920036,7.87401500
27.00000036,8.66141700
27.00080036,9.44881800
27.00160036,9.84251900
27.00240036,9.44881800
27.00320036,9.84251900
27.00400036,9.44881800
27.00480036,9.44881800
27.00560036,9.84251900
27.00640036,9.84251900
27.00720036,9.44881800
27.00800036,9.44881800
27.00880036,9.84251900
27.00960036,9.84251900
27.01040036,11.02362000
27.01120036,11.81102000
27.01200036,12.20472000
27.01280036,11.81102000
27.01360036,11.02362000
27.01440036,9.84251900
27.01520036,8.66141700
27.01600036,7.87401500
27.01680036,7.08661400
27.01760036,5.90551100
27.01840036,4.72440900
27.01920036,4.33070900
27.02000036,3.54330700
27.02080036,3.93700800
27.02160036,4.33070900
27.02240036,4.72440900
27.02320036,3.93700800
27.02400036,3.14960600
27.02480036,1.57480300
27.02560036,0.00000000
27.02640036,-1.18110200
27.02720036,-2.36220500
27.02800036,-3.54330700
27.02880036,-4.72440900
27.02960036,-5.90551100
27.03040036,-6.69291300
27.03120036,-7.08661400
27.03200036,-6.69291300
27.03280036,-6.69291300
27.03360036,-6.69291300
27.03440036,-7.08661400
27.03520036,-7.48031400
27.03600036,-8.66141700
27.03680036,-9.44881800
27.03760036,-10.62992000
27.03840036,-11.02362000
27.03920036,-11.41732000
27.04000036,-11.41732000
27.04080036,-12.20472000
27.04160036,-12.59842000
27.04240036,-12.20472000
27.04320036,-12.20472000
27.04400036,-12.20472000
27.04480036,-11.02362000
27.04560036,-10.62992000
27.04640036,-10.23622000
27.04720036,-10.23622000
27.04800036,-9.84251900
27.04880036,-10.23622000
27.04960036,-10.62992000
27.05040036,-10.62992000
27.05120036,-9.44881800
27.05200036,-8.26771600
27.05280036,-7.48031400
27.05360036,-6.69291300
27.05440036,-5.51181100
27.05520036,-4.33070900
27.05600036,-3.54330700
27.05680036,-2.36220500
27.05760036,-1.57480300
27.05840036,-1.18110200
27.05920036,-0.78740150
27.06000036,-1.18110200
27.06080036,-0.39370070
27.06160036,1.18110200
27.06240036,2.36220500
27.06320036,3.93700800
27.06400036,4.72440900
27.06480036,5.51181100
27.06560036,5.51181100
27.06640036,7.08661400
27.06720036,7.87401500
27.06800036,9.05511800
27.06880036,9.05511800
27.06960036,8.26771600
27.07040036,7.87401500
27.07120036,7.48031400
27.07200036,8.66141700
27.07280036,10.23622000
27.07360036,11.41732000
27.07440036,11.81102000
27.07520036,11.02362000
27.07600036,10.62992000
27.07680036,9.44881800
27.07760036,9.44881800
27.07840036,9.84251900
27.07920036,9.84251900
27.08000036,9.05511800
27.08080036,7.87401500
27.08160036,6.69291300
27.08240036,6.69291300
27.08320036,7.48031400
27.08400036,8.66141700
27.08480036,8.66141700
27.08560036,8.26771600
27.08640036,6.69291300
27.08720036,5.11811000
27.08800036,4.72440900
27.08880036,3.93700800
27.08960036,3.54330700
27.09040036,3.14960600
27.09120036,1.18110200
27.09200036,-0.39370070
27.09280036,-0.78740150
27.09360036,-0.78740150
27.09440036,0.78740150
27.09520036,1.18110200
27.09600036,0.78740150
27.09680036,-0.39370070
27.09760036,-1.96850400
27.09840036,-3.93700800
27.09920036,-5.11811000
27.10000036,-5.11811000
27.10080036,-5.90551100
27.10160036,-6.29921200
27.10240036,-6.69291300
27.10320036,-7.08661400
27.10400036,-7.08661400
27.10480036,-6.29921200
27.10560036,-5.90551100
27.10640036,-5.51181100
27.10720036,-5.90551100
27.10800036,-6.69291300
27.10880036,-7.87401500
27.10960036,-7.87401500
27.11040036,-8.26771600
27.11120036,-8.26771600
27.11200036,-7.87401500
27.11280036,-7.87401500
27.11360036,-7.08661400
27.11440036,-5.90551100
27.11520036,-5.51181100
27.11600036,-5.11811000
27.11680036,-4.72440900
27.11760036,-4.33070900
27.11840036,-4.72440900
27.11920036,-5.11811000
27.12000036,-5.51181100
27.12080036,-5.90551100
27.12160036,-5.90551100
27.12240036,-5.51181100
27.12320036,-4.72440900
27.12400036,-4.33070900
27.12480036,-3.93700800
27.12560036,-4.33070900
27.12640036,-3.93700800
27.12720036,-4.33070900
27.12800036,-3.93700800
27.12880036,-3.14960600
27.12960036,-2.36220500
27.13040036,-1.57480300
27.13120036,-0.78740150
27.13200036,0.00000000
27.13280036,0.39370070
27.13360036,1.18110200
27.13440036,1.96850400
27.13520036,2.75590500
27.13600036,3.54330700
27.13680036,2.75590500
27.13760036,1.57480300
27.13840036,1.57480300
27.13920036,1.57480300
27.14000036,2.75590500
27.14080036,3.54330700
27.14160036,4.33070900
27.14240036,4.33070900
27.14320036,4.72440900
27.14400036,4.33070900
27.14480036,4.72440900
27.14560036,5.11811000
27.14640036,5.90551100
27.14720036,5.51181100
27.14800036,4.72440900
27.14880036,4.33070900
27.14960036,3.93700800
27.15040036,5.11811000
27.15120036,5.51181100
27.15200036,6.29921200
27.15280036,5.90551100
27.15360036,4.72440900
27.15440036,3.54330700
27.15520036,3.14960600
27.15600036,3.54330700
27.15680036,4.72440900
27.15760036,5.11811000
27.15840036,4.33070900
27.15920036,3.93700800
27.16000036,3.54330700
27.16080036,4.33070900
27.16160036,4.72440900
27.16240036,5.11811000
27.16320036,5.11811000
27.16400036,3.54330700
27.16480036,1.57480300
27.16560036,0.78740150
27.16640036,1.18110200
27.16720036,2.36220500
27.16800036,3.54330700
27.16880036,3.93700800
27.16960036,3.54330700
27.17040036,2.75590500
27.17120036,1.96850400
27.17200036,1.57480300
27.17280036,0.78740150
27.17360036,-0.78740150
27.17440036,-1.96850400
27.17520036,-3.54330700
27.17600036,-3.93700800
27.17680036,-3.54330700
27.17760036,-2.36220500
27.17840036,-1.18110200
27.17920036,-0.39370070
27.18000036,-0.39370070
27.18080036,-0.39370070
27.18160036,-1.57480300
27.18240036,-2.75590500
27.18320036,-3.54330700
27.18400036,-4.33070900
27.18480036,-5.11811000
27.18560036,-6.69291300
27.18640036,-7.08661400
27.18720036,-6.69291300
27.18800036,-5.51181100
27.18880036,-4.33070900
27.18960036,-3.14960600
27.19040036,-2.75590500
27.19120036,-2.75590500
27.19200036,-3.14960600
27.19280036,-3.93700800
27.19360036,-4.72440900
27.19440036,-5.51181100
27.19520036,-6.69291300
27.19600036,-7.48031400
27.19680036,-7.87401500
27.19760036,-7.87401500
27.19840036,-6.69291300
27.19920036,-5.51181100
27.20000036,-5.11811000
27.20080036,-3.14960600
27.20160036,-1.96850400
27.20240036,-1.18110200
27.20320036,-1.18110200
27.20400036,-1.96850400
27.20480036,-2.75590500
27.20560036,-3.54330700
27.20640036,-4.33070900
27.20720036,-3.93700800
27.20800036,-3.93700800
27.20880036,-3.14960600
27.20960036,-3.14960600
27.21040036,-2.75590500
27.21120036,-1.96850400
27.21200036,-1.18110200
27.21280036,0.39370070
27.21360036,1.96850400
27.21440036,3.14960600
27.21520036,3.14960600
27.21600036,2.75590500
27.21680036,2.36220500
27.21760036,1.96850400
27.21840036,1.96850400
27.21920036,1.96850400
27.22000036,1.57480300
27.22080036,1.57480300
27.22160036,1.57480300
27.22240036,2.75590500
27.22320036,4.72440900
27.22400036,6.29921200
27.22480036,7.48031400
27.22560036,7.87401500
27.22640036,7.08661400
27.22720036,6.69291300
27.22800036,5.90551100
27.22880036,5.51181100
27.22960036,5.90551100
27.23040036,5.51181100
27.23120036,5.11811000
27.23200036,5.51181100
27.23280036,5.90551100
27.23360036,7.48031400
27.23440036,9.44881800
27.23520036,10.62992000
27.23600036,11.02362000
27.23680036,9.84251900
27.23760036,7.87401500
27.23840036,5.90551100
27.23920036,4.33070900
27.24000036,3.93700800
27.24080036,3.14960600
27.24160036,3.14960600
27.24240036,2.36220500
27.24320036,2.36220500
27.24400036,3.14960600
27.24480036,4.33070900
27.24560036,5.11811000
27.24640036,4.72440900
27.24720036,3.54330700
27.24800036,1.18110200
27.24880036,-1.18110200
27.24960036,-2.75590500
27.25040036,-3.54330700
27.25120036,-3.54330700
27.25200036,-2.75590500
27.25280036,-2.36220500
27.25360036,-2.36220500
27.25440036,-1.96850400
27.25520036,-1.96850400
27.25600036,-1.57480300
27.25680036,-1.57480300
27.25760036,-2.75590500
27.25840036,-3.93700800
27.25920036,-5.51181100
27.26000036,-7.48031400
27.26080036,-8.26771600
27.26160036,-9.05511800
27.26240036,-8.26771600
27.26320036,-8.26771600
27.26400036,-7.48031400
27.26480036,-7.48031400
27.26560036,-7.87401500
27.26640036,-8.26771600
27.26720036,-7.87401500
27.26800036,-8.26771600
27.26880036,-8.66141700
27.26960036,-9.05511800
27.27040036,-9.44881800
27.27120036,-9.44881800
27.27200036,-8.66141700
27.27280036,-7.48031400
27.27360036,-5.90551100
27.27440036,-5.11811000
27.27520036,-5.11811000
27.27600036,-5.90551100
27.27680036,-5.90551100
27.27760036,-5.51181100
27.27840036,-5.11811000
27.27920036,-3.93700800
27.28000036,-3.14960600
27.28080036,-2.75590500
27.28160036,-1.18110200
27.28240036,0.78740150
27.28320036,2.36220500
27.28400036,3.54330700
27.28480036,3.93700800
27.28560036,3.14960600
27.28640036,2.36220500
27.28720036,1.96850400
27.28800036,1.96850400
27.28880036,1.96850400
27.28960036,3.14960600
27.29040036,4.33070900
27.29120036,5.11811000
27.29200036,5.90551100
27.29280036,6.69291300
27.29360036,6.69291300
27.29440036,7.08661400
27.29520036,6.29921200
27.29600036,6.29921200
27.29680036,5.51181100
27.29760036,5.11811000
27.29840036,5.11811000
27.29920036,5.11811000
27.30000036,5.51181100
27.30080036,6.29921200
27.30160036,6.69291300
27.30240036,7.87401500
27.30320036,7.48031400
27.30400036,7.08661400
27.30480036,6.29921200
27.30560036,5.11811000
27.30640036,3.93700800
27.30720036,2.75590500
27.30800036,2.36220500
27.30880036,2.36220500
27.30960036,2.36220500
27.31040036,2.75590500
27.31120036,3.54330700
27.31200036,4.72440900
27.31280036,5.51181100
27.31360036,6.69291300
27.31440036,5.51181100
27.31520036,4.33070900
27.31600036,2.36220500
27.31680036,0.39370070
27.31760036,-1.57480300
27.31840036,-2.36220500
27.31920036,-2.36220500
27.32000036,-2.75590500
27.32080036,-2.75590500
27.32160036,-2.75590500
27.32240036,-2.36220500
27.32320036,-1.57480300
27.32400036,0.00000000
27.32480036,0.39370070
27.32560036,0.00000000
27.32640036,-0.39370070
27.32720036,-1.96850400
27.32800036,-2.75590500
27.32880036,-3.54330700
27.32960036,-3.93700800
27.33040036,-3.54330700
27.33120036,-3.93700800
27.33200036,-4.33070900
27.33280036,-3.93700800
27.33360036,-3.54330700
27.33440036,-1.96850400
27.33520036,-0.39370070
27.33600036,0.78740150
27.33680036,0.78740150
27.33760036,0.39370070
27.33840037,-1.18110200
27.33920037,-3.14960600
27.34000037,-3.54330700
27.34080037,-3.93700800
27.34160037,-4.33070900
27.34240037,-5.11811000
27.34320037,-5.11811000
27.34400037,-4.72440900
27.34480037,-3.54330700
27.34560037,-1.96850400
27.34640037,-1.18110200
27.34720037,-0.78740150
27.34800037,-1.96850400
27.34880037,-3.54330700
27.34960037,-5.11811000
27.35040037,-5.11811000
27.35120037,-5.11811000
27.35200037,-3.93700800
27.35280037,-3.54330700
27.35360037,-2.75590500
27.35440037,-2.36220500
27.35520037,-0.78740150
27.35600037,0.00000000
27.35680037,1.57480300
27.35760037,1.57480300
27.35840037,0.00000000
27.35920037,-1.18110200
27.36000037,-2.75590500
27.36080037,-3.14960600
27.36160037,-2.75590500
27.36240037,-2.36220500
27.36320037,-1.18110200
27.36400037,-0.39370070
27.36480037,0.78740150
27.36560037,1.96850400
27.36640037,3.14960600
27.36720037,3.93700800
27.36800037,3.54330700
27.36880037,2.75590500
27.36960037,2.36220500
27.37040037,1.18110200
27.37120037,0.78740150
27.37200037,0.39370070
27.37280037,0.78740150
27.37360037,0.78740150
27.37440037,1.18110200
27.37520037,1.57480300
27.37600037,1.96850400
27.37680037,2.36220500
27.37760037,2.36220500
27.37840037,2.75590500
27.37920037,1.96850400
27.38000037,1.57480300
27.38080037,1.57480300
27.38160037,2.36220500
27.38240037,3.14960600
27.38320037,3.93700800
27.38400037,4.33070900
27.38480037,4.33070900
27.38560037,4.33070900
27.38640037,4.72440900
27.38720037,5.11811000
27.38800037,5.11811000
27.38880037,4.33070900
27.38960037,3.54330700
27.39040037,2.75590500
27.39120037,3.14960600
27.39200037,4.33070900
27.39280037,5.51181100
27.39360037,6.69291300
27.39440037,6.29921200
27.39520037,5.11811000
27.39600037,3.93700800
27.39680037,3.14960600
27.39760037,2.75590500
27.39840037,2.36220500
27.39920037,1.57480300
27.40000037,0.78740150
27.40080037,0.00000000
27.40160037,0.00000000
27.40240037,0.78740150
27.40320037,1.57480300
27.40400037,1.96850400
27.40480037,1.96850400
27.40560037,0.39370070
27.40640037,-0.39370070
27.40720037,-0.78740150
27.40800037,-1.18110200
27.40880037,-1.57480300
27.40960037,-1.96850400
27.41040037,-2.75590500
27.41120037,-3.54330700
27.41200037,-3.54330700
27.41280037,-3.54330700
27.41360037,-2.75590500
27.41440037,-2.36220500
27.41520037,-2.36220500
27.41600037,-3.93700800
27.41680037,-4.72440900
27.41760037,-5.51181100
27.41840037,-5.90551100
27.41920037,-5.11811000
27.42000037,-5.51181100
27.42080037,-5.90551100
27.42160037,-6.29921200
27.42240037,-6.69291300
27.42320037,-5.90551100
27.42400037,-5.11811000
27.42480037,-4.72440900
27.42560037,-4.72440900
27.42640037,-4.72440900
27.42720037,-5.11811000
27.42800037,-5.90551100
27.42880037,-5.51181100
27.42960037,-4.72440900
27.43040037,-4.33070900
27.43120037,-4.72440900
27.43200037,-4.72440900
27.43280037,-5.11811000
27.43360037,-4.72440900
27.43440037,-4.33070900
27.43520037,-3.93700800
27.43600037,-3.93700800
27.43680037,-3.54330700
27.43760037,-3.14960600
27.43840037,-2.36220500
27.43920037,-1.18110200
27.44000037,-0.39370070
27.44080037,0.39370070
27.44160037,1.18110200
27.44240037,1.18110200
27.44320037,1.57480300
27.44400037,2.36220500
27.44480037,2.36220500
27.44560037,2.75590500
27.44640037,3.14960600
27.44720037,3.54330700
27.44800037,4.72440900
27.44880037,5.11811000
27.44960037,6.29921200
27.45040037,7.48031400
27.45120037,7.87401500
27.45200037,7.08661400
27.45280037,6.69291300
27.45360037,6.29921200
27.45440037,5.90551100
27.45520037,6.29921200
27.45600037,6.69291300
27.45680037,6.29921200
27.45760037,6.69291300
27.45840037,6.29921200
27.45920037,6.69291300
27.46000037,7.48031400
27.46080037,7.87401500
27.46160037,7.48031400
27.46240037,6.69291300
27.46320037,5.90551100
27.46400037,5.11811000
27.46480037,5.51181100
27.46560037,5.90551100
27.46640037,6.29921200
27.46720037,5.90551100
27.46800037,4.72440900
27.46880037,3.54330700
27.46960037,2.36220500
27.47040037,2.75590500
27.47120037,2.75590500
27.47200037,2.75590500
27.47280037,1.57480300
27.47360037,0.78740150
27.47440037,-0.39370070
27.47520037,-0.78740150
27.47600037,-0.39370070
27.47680037,0.00000000
27.47760037,0.00000000
27.47840037,-0.78740150
27.47920037,-1.96850400
27.48000037,-3.54330700
27.48080037,-3.93700800
27.48160037,-3.54330700
27.48240037,-3.54330700
27.48320037,-3.93700800
27.48400037,-4.72440900
27.48480037,-5.11811000
27.48560037,-5.51181100
27.48640037,-5.11811000
27.48720037,-5.11811000
27.48800037,-5.90551100
27.48880037,-6.69291300
27.48960037,-8.26771600
27.49040037,-9.44881800
27.49120037,-9.44881800
27.49200037,-8.66141700
27.49280037,-8.26771600
27.49360037,-7.87401500
27.49440037,-7.87401500
27.49520037,-7.48031400
27.49600037,-7.87401500
27.49680037,-7.48031400
27.49760037,-6.69291300
27.49840037,-5.90551100
27.49920037,-5.90551100
27.50000037,-5.90551100
27.50080037,-5.90551100
27.50160037,-5.90551100
27.50240037,-5.11811000
27.50320037,-4.33070900
27.50400037,-2.75590500
27.50480037,-1.57480300
27.50560037,-0.78740150
27.50640037,-0.39370070
27.50720037,-0.39370070
27.50800037,0.00000000
27.50880037,-0.39370070
27.50960037,-0.39370070
27.51040037,-0.39370070
27.51120037,0.00000000
27.51200037,0.39370070
27.51280037,1.57480300
27.51360037,2.75590500
27.51440037,3.93700800
27.51520037,4.33070900
27.51600037,5.11811000
27.51680037,5.51181100
27.51760037,5.90551100
27.51840037,5.51181100
27.51920037,4.72440900
27.52000037,5.11811000
27.52080037,5.51181100
27.52160037,5.90551100
27.52240037,7.08661400
27.52320037,7.48031400
27.52400037,7.87401500
27.52480037,7.87401500
27.52560037,7.87401500
27.52640037,7.48031400
27.52720037,6.69291300
27.52800037,6.29921200
27.52880037,5.90551100
27.52960037,5.51181100
27.53040037,5.51181100
27.53120037,5.90551100
27.53200037,6.69291300
27.53280037,7.87401500
27.53360037,8.26771600
27.53440037,8.66141700
27.53520037,7.48031400
27.53600037,5.51181100
27.53680037,4.33070900
27.53760037,3.93700800
27.53840037,3.14960600
27.53920037,2.75590500
27.54000037,1.96850400
27.54080037,1.57480300
27.54160037,0.39370070
27.54240037,1.18110200
27.54320037,1.57480300
27.54400037,1.96850400
27.54480037,1.57480300
27.54560037,0.39370070
27.54640037,-1.57480300
27.54720037,-2.75590500
27.54800037,-3.54330700
27.54880037,-3.54330700
27.54960037,-3.54330700
27.55040037,-3.54330700
27.55120037,-3.93700800
27.55200037,-4.33070900
27.55280037,-4.33070900
27.55360037,-4.33070900
27.55440037,-3.54330700
27.55520037,-3.14960600
27.55600037,-3.14960600
27.55680037,-4.33070900
27.55760037,-5.90551100
27.55840037,-7.08661400
27.55920037,-7.08661400
27.56000037,-6.69291300
27.56080037,-5.90551100
27.56160037,-5.11811000
27.56240037,-5.11811000
27.56320037,-5.51181100
27.56400037,-4.72440900
27.56480037,-5.51181100
27.56560037,-4.33070900
27.56640037,-4.72440900
27.56720037,-5.11811000
27.56800037,-6.29921200
27.56880037,-6.69291300
27.56960037,-6.69291300
27.57040037,-6.29921200
27.57120037,-4.72440900
27.57200037,-3.93700800
27.57280037,-3.54330700
27.57360037,-2.75590500
27.57440037,-3.14960600
27.57520037,-2.36220500
27.57600037,-1.96850400
27.57680037,-0.78740150
27.57760037,0.00000000
27.57840037,0.39370070
27.57920037,-0.39370070
27.58000037,-1.57480300
27.58080037,-1.18110200
27.58160037,-1.18110200
27.58240037,0.00000000
27.58320037,0.78740150
27.58400037,1.18110200
27.58480037,1.57480300
27.58560037,2.75590500
27.58640037,2.75590500
27.58720037,3.54330700
27.58800037,4.33070900
27.58880037,4.72440900
27.58960037,4.33070900
27.59040037,3.93700800
27.59120037,3.14960600
27.59200037,1.96850400
27.59280037,2.36220500
27.59360037,3.14960600
27.59440037,3.54330700
27.59520037,4.72440900
27.59600037,5.11811000
27.59680037,6.29921200
27.59760037,7.08661400
27.59840037,7.08661400
27.59920037,7.08661400
27.60000037,6.69291300
27.60080037,5.90551100
27.60160037,4.72440900
27.60240037,3.93700800
27.60320037,3.14960600
27.60400037,3.14960600
27.60480037,3.54330700
27.60560037,4.72440900
27.60640037,4.72440900
27.60720037,5.51181100
27.60800037,5.90551100
27.60880037,5.90551100
27.60960037,5.11811000
27.61040037,4.33070900
27.61120037,3.93700800
27.61200037,3.14960600
27.61280037,2.36220500
27.61360037,1.57480300
27.61440037,0.78740150
27.61520037,1.18110200
27.61600037,1.57480300
27.61680037,2.75590500
27.61760037,3.14960600
27.61840037,2.75590500
27.61920037,1.57480300
27.62000037,0.39370070
27.62080037,-0.78740150
27.62160037,-1.18110200
27.62240037,-1.57480300
27.62320037,-1.57480300
27.62400037,-1.96850400
27.62480037,-2.75590500
27.62560037,-2.36220500
27.62640037,-2.75590500
27.62720037,-1.96850400
27.62800037,-1.57480300
27.62880037,-1.57480300
27.62960037,-2.36220500
27.63040037,-3.54330700
27.63120037,-4.72440900
27.63200037,-5.90551100
27.63280037,-5.11811000
27.63360037,-4.72440900
27.63440037,-3.93700800
27.63520037,-3.93700800
27.63600037,-5.11811000
27.63680037,-5.90551100
27.63760037,-5.90551100
27.63840037,-5.11811000
27.63920037,-5.11811000
27.64000037,-5.11811000
27.64080037,-5.90551100
27.64160037,-6.69291300
27.64240037,-6.69291300
27.64320037,-5.90551100
27.64400037,-4.72440900
27.64480037,-3.54330700
27.64560037,-3.14960600
27.64640037,-3.14960600
27.64720037,-3.93700800
27.64800037,-4.33070900
27.64880037,-4.33070900
27.64960037,-3.93700800
27.65040037,-2.75590500
27.65120037,-2.75590500
27.65200037,-2.36220500
27.65280037,-1.96850400
27.65360037,-1.96850400
27.65440037,-1.57480300
27.65520037,0.00000000
27.65600037,1.18110200
27.65680037,1.96850400
27.65760037,1.96850400
27.65840037,2.36220500
27.65920037,1.57480300
27.66000037,1.96850400
27.66080037,2.36220500
27.66160037,2.36220500
27.66240037,2.36220500
27.66320037,1.57480300
27.66400037,1.96850400
27.66480037,2.75590500
27.66560037,3.54330700
27.66640037,4.72440900
27.66720037,5.90551100
27.66800037,5.51181100
27.66880037,5.11811000
27.66960037,5.11811000
27.67040037,5.11811000
27.67120037,5.90551100
27.67200037,6.69291300
27.67280037,6.69291300
27.67360037,6.29921200
27.67440037,5.90551100
27.67520037,5.51181100
27.67600037,5.51181100
27.67680037,6.29921200
27.67760037,6.69291300
27.67840037,6.69291300
27.67920037,6.29921200
27.68000037,5.51181100
27.68080037,5.11811000
27.68160037,5.90551100
27.68240037,5.11811000
27.68320037,5.11811000
27.68400037,5.11811000
27.68480037,4.72440900
27.68560037,3.14960600
27.68640037,2.36220500
27.68720037,1.96850400
27.68800037,1.18110200
27.68880037,1.18110200
27.68960037,1.96850400
27.69040037,2.36220500
27.69120037,2.36220500
27.69200037,1.96850400
27.69280037,1.18110200
27.69360037,0.39370070
27.69440037,-1.18110200
27.69520037,-2.36220500
27.69600037,-3.14960600
27.69680037,-3.93700800
27.69760037,-4.72440900
27.69840037,-5.11811000
27.69920037,-5.51181100
27.70000037,-5.11811000
27.70080037,-4.72440900
27.70160037,-4.72440900
27.70240037,-5.11811000
27.70320037,-5.90551100
27.70400037,-7.08661400
27.70480037,-7.87401500
27.70560037,-7.87401500
27.70640037,-7.87401500
27.70720037,-7.87401500
27.70800037,-7.87401500
27.70880037,-7.48031400
27.70960037,-7.48031400
27.71040037,-6.69291300
27.71120037,-5.90551100
27.71200037,-5.11811000
27.71280037,-3.93700800
27.71360037,-4.33070900
27.71440037,-4.33070900
27.71520037,-3.93700800
27.71600037,-3.93700800
27.71680037,-2.75590500
27.71760037,-1.96850400
27.71840037,-1.57480300
27.71920037,-2.36220500
27.72000037,-3.14960600
27.72080037,-3.54330700
27.72160037,-2.36220500
27.72240037,-1.18110200
27.72320037,-0.39370070
27.72400037,-0.39370070
27.72480037,-0.39370070
27.72560037,-1.18110200
27.72640037,-0.78740150
27.72720037,0.00000000
27.72800037,1.57480300
27.72880037,2.36220500
27.72960037,3.54330700
27.73040037,3.93700800
27.73120037,4.33070900
27.73200037,4.33070900
27.73280037,4.33070900
27.73360037,5.51181100
27.73440037,6.29921200
27.73520037,6.29921200
27.73600037,5.90551100
27.73680037,5.11811000
27.73760037,5.11811000
27.73840037,5.11811000
27.73920037,7.08661400
27.74000037,7.48031400
27.74080037,7.48031400
27.74160037,6.69291300
27.74240037,5.90551100
27.74320037,5.11811000
27.74400037,5.51181100
27.74480037,5.90551100
27.74560037,5.51181100
27.74640037,4.33070900
27.74720037,2.75590500
27.74800037,1.57480300
27.74880037,1.18110200
27.74960037,1.18110200
27.75040037,1.57480300
27.75120037,2.36220500
27.75200037,3.14960600
27.75280037,3.54330700
27.75360037,3.54330700
27.75440037,3.54330700
27.75520037,3.14960600
27.75600037,2.36220500
27.75680037,0.78740150
27.75760037,-0.78740150
27.75840037,-1.96850400
27.75920037,-3.54330700
27.76000037,-4.72440900
27.76080037,-4.72440900
27.76160037,-3.93700800
27.76240037,-3.14960600
27.76320037,-1.96850400
27.76400037,-1.18110200
27.76480037,-0.78740150
27.76560037,-0.39370070
27.76640037,-1.96850400
27.76720037,-2.75590500
27.76800037,-4.33070900
27.76880037,-5.90551100
27.76960037,-6.69291300
27.77040037,-7.48031400
27.77120037,-7.87401500
27.77200037,-7.48031400
27.77280037,-5.90551100
27.77360037,-4.33070900
27.77440037,-1.96850400
27.77520037,-0.78740150
27.77600037,-0.39370070
27.77680037,-0.39370070
27.77760037,-1.57480300
27.77840037,-1.96850400
27.77920037,-2.75590500
27.78000037,-3.54330700
27.78080037,-3.93700800
27.78160037,-3.93700800
27.78240037,-3.14960600
27.78320037,-1.96850400
27.78400037,0.00000000
27.78480037,1.57480300
27.78560037,3.14960600
27.78640037,2.75590500
27.78720037,2.75590500
27.78800037,1.96850400
27.78880037,1.18110200
27.78960037,0.39370070
27.79040037,0.78740150
27.79120037,0.39370070
27.79200037,0.39370070
27.79280037,0.39370070
27.79360037,1.18110200
27.79440037,1.57480300
27.79520037,2.75590500
27.79600037,3.14960600
27.79680037,3.93700800
27.79760037,2.75590500
27.79840037,1.96850400
27.79920037,0.39370070
27.80000037,-0.39370070
27.80080037,-0.39370070
27.80160037,0.39370070
27.80240037,1.18110200
27.80320037,1.18110200
27.80400037,1.57480300
27.80480037,2.36220500
27.80560037,2.75590500
27.80640037,3.14960600
27.80720037,3.54330700
27.80800037,2.36220500
27.80880037,1.57480300
27.80960037,0.39370070
27.81040037,-0.39370070
27.81120037,-0.78740150
27.81200037,-1.18110200
27.81280037,-1.18110200
27.81360037,-1.18110200
27.81440037,-1.18110200
27.81520037,-1.57480300
27.81600037,-1.18110200
27.81680037,-1.57480300
27.81760037,-1.96850400
27.81840037,-1.96850400
27.81920037,-2.36220500
27.82000037,-3.54330700
27.82080037,-4.33070900
27.82160037,-4.33070900
27.82240037,-4.33070900
27.82320037,-4.33070900
27.82400037,-3.93700800
27.82480037,-3.93700800
27.82560037,-2.36220500
27.82640037,-1.57480300
27.82720037,-0.39370070
27.82800037,0.78740150
27.82880037,1.57480300
27.82960037,1.57480300
27.83040037,1.57480300
27.83120037,0.78740150
27.83200037,0.78740150
27.83280037,0.39370070
27.83360037,0.00000000
27.83440037,0.39370070
27.83520037,1.18110200
27.83600037,1.96850400
27.83680037,2.36220500
27.83760037,3.54330700
27.83840037,3.54330700
27.83920037,3.14960600
27.84000037,3.14960600
27.84080037,2.75590500
27.84160037,2.36220500
27.84240037,1.96850400
27.84320037,1.57480300
27.84400037,2.36220500
27.84480037,3.14960600
27.84560037,3.93700800
27.84640037,4.33070900
27.84720037,4.72440900
27.84800037,5.51181100
27.84880037,5.90551100
27.84960037,5.90551100
27.85040037,5.11811000
27.85120037,3.54330700
27.85200037,3.14960600
27.85280037,1.96850400
27.85360037,1.18110200
27.85440037,0.78740150
27.85520037,0.78740150
27.85600037,1.96850400
27.85680037,3.14960600
27.85760037,3.93700800
27.85840037,4.72440900
27.85920037,4.33070900
27.86000037,3.54330700
27.86080037,2.36220500
27.86160037,1.18110200
27.86240037,-1.18110200
27.86320037,-2.75590500
27.86400037,-4.72440900
27.86480037,-5.90551100
27.86560037,-5.51181100
27.86640037,-4.72440900
27.86720037,-3.93700800
27.86800037,-2.36220500
27.86880037,-1.18110200
27.86960037,-1.18110200
27.87040037,-1.96850400
27.87120037,-3.54330700
27.87200037,-5.90551100
27.87280037,-7.87401500
27.87360037,-9.44881800
27.87440037,-10.23622000
27.87520037,-10.62992000
27.87600037,-10.62992000
27.87680037,-9.84251900
27.87760037,-9.05511800
27.87840037,-7.87401500
27.87920037,-6.29921200
27.88000037,-5.51181100
27.88080037,-5.11811000
27.88160037,-5.11811000
27.88240037,-5.51181100
27.88320037,-5.51181100
27.88400037,-5.51181100
27.88480037,-5.11811000
27.88560037,-5.51181100
27.88640037,-4.72440900
27.88720037,-5.11811000
27.88800037,-4.33070900
27.88880037,-3.54330700
27.88960037,-3.14960600
27.89040037,-2.75590500
27.89120037,-2.36220500
27.89200037,-2.36220500
27.89280037,-1.96850400
27.89360037,-1.18110200
27.89440037,-0.39370070
27.89520037,0.78740150
27.89600037,1.96850400
27.89680037,2.36220500
27.89760037,2.75590500
27.89840037,3.14960600
27.89920037,2.75590500
27.90000037,3.54330700
27.90080037,3.93700800
27.90160037,4.72440900
27.90240037,5.11811000
27.90320037,5.90551100
27.90400037,6.29921200
27.90480037,8.66141700
27.90560037,10.23622000
27.90640037,11.41732000
27.90720037,11.81102000
27.90800037,11.41732000
27.90880037,10.62992000
27.90960037,10.23622000
27.91040037,9.05511800
27.91120037,7.87401500
27.91200037,7.87401500
27.91280037,7.87401500
27.91360037,8.26771600
27.91440037,9.05511800
27.91520037,10.62992000
27.91600037,10.23622000
27.91680037,10.23622000
27.91760037,10.23622000
27.91840037,9.05511800
27.91920037,8.26771600
27.92000037,7.08661400
27.92080037,6.29921200
27.92160037,5.11811000
27.92240037,4.72440900
27.92320037,4.33070900
27.92400037,4.33070900
27.92480037,4.33070900
27.92560037,3.54330700
27.92640037,3.54330700
27.92720037,2.75590500
27.92800037,1.96850400
27.92880037,0.00000000
27.92960037,-1.57480300
27.93040037,-3.54330700
27.93120037,-5.11811000
27.93200037,-6.29921200
27.93280037,-7.08661400
27.93360037,-7.48031400
27.93440037,-7.48031400
27.93520037,-7.87401500
27.93600037,-7.08661400
27.93680037,-7.08661400
27.93760037,-6.69291300
27.93840037,-6.69291300
27.93920037,-6.29921200
27.94000037,-7.87401500
27.94080037,-9.84251900
27.94160037,-11.41732000
27.94240037,-12.59842000
27.94320037,-13.38583000
27.94400037,-13.77953000
27.94480037,-14.56693000
27.94560037,-13.77953000
27.94640037,-13.77953000
27.94720037,-13.77953000
27.94800037,-12.99213000
27.94880037,-12.20472000
27.94960037,-10.62992000
27.95040037,-9.05511800
27.95120037,-8.26771600
27.95200037,-7.87401500
27.95280037,-7.87401500
27.95360037,-7.87401500
27.95440037,-8.26771600
27.95520037,-8.26771600
27.95600037,-8.66141700
27.95680037,-8.66141700
27.95760037,-7.87401500
27.95840037,-6.69291300
27.95920037,-4.33070900
27.96000037,-2.75590500
27.96080037,-1.18110200
27.96160037,1.18110200
27.96240037,3.14960600
27.96320037,3.54330700
27.96400037,3.54330700
27.96480037,3.93700800
27.96560037,3.93700800
27.96640037,3.93700800
27.96720037,3.93700800
27.96800037,3.93700800
27.96880037,3.93700800
27.96960037,4.72440900
27.97040037,5.90551100
27.97120037,7.87401500
27.97200037,9.44881800
27.97280037,11.02362000
27.97360037,12.20472000
27.97440037,13.38583000
27.97520037,14.56693000
27.97600037,13.77953000
27.97680037,14.17323000
27.97760037,13.38583000
27.97840037,12.99213000
27.97920037,12.20472000
27.98000037,12.59842000
27.98080037,11.81102000
27.98160037,11.41732000
27.98240037,11.81102000
27.98320037,11.81102000
27.98400037,12.20472000
27.98480037,12.20472000
27.98560037,11.41732000
27.98640037,10.62992000
27.98720037,9.84251900
27.98800037,8.66141700
27.98880037,8.66141700
27.98960037,8.26771600
27.99040037,6.69291300
27.99120037,4.72440900
27.99200037,3.93700800
27.99280037,2.36220500
27.99360037,2.36220500
27.99440037,1.57480300
27.99520037,0.78740150
27.99600037,0.39370070
27.99680037,-0.39370070
27.99760037,-1.57480300
27.99840037,-1.96850400
27.99920037,-2.36220500
28.00000037,-3.54330700
28.00080037,-4.72440900
28.00160037,-5.90551100
28.00240037,-7.08661400
28.00320037,-8.26771600
28.00400037,-8.66141700
28.00480037,-9.05511800
28.00560037,-9.44881800
28.00640037,-9.84251900
28.00720037,-10.62992000
28.00800037,-11.81102000
28.00880037,-11.81102000
28.00960037,-11.81102000
28.01040037,-11.81102000
28.01120037,-11.41732000
28.01200037,-11.81102000
28.01280037,-11.81102000
28.01360037,-12.20472000
28.01440037,-12.59842000
28.01520037,-12.59842000
28.01600037,-11.81102000
28.01680037,-11.41732000
28.01760037,-11.02362000
28.01840037,-9.84251900
28.01920037,-9.44881800
28.02000037,-8.66141700
28.02080037,-7.87401500
28.02160037,-7.48031400
28.02240037,-6.69291300
28.02320037,-6.29921200
28.02400037,-6.29921200
28.02480037,-6.69291300
28.02560037,-5.90551100
28.02640037,-5.90551100
28.02720037,-5.51181100
28.02800037,-4.33070900
28.02880037,-3.54330700
28.02960037,-1.96850400
28.03040037,-0.39370070
28.03120037,0.78740150
28.03200037,2.75590500
28.03280037,4.33070900
28.03360037,4.72440900
28.03440037,5.90551100
28.03520037,6.29921200
28.03600037,6.29921200
28.03680037,6.29921200
28.03760037,6.29921200
28.03840037,5.51181100
28.03920037,5.90551100
28.04000037,7.08661400
28.04080037,8.26771600
28.04160037,9.84251900
28.04240037,11.02362000
28.04320037,11.81102000
28.04400037,12.99213000
28.04480037,13.77953000
28.04560037,14.17323000
28.04640037,13.77953000
28.04720037,12.99213000
28.04800037,11.02362000
28.04880037,10.23622000
28.04960037,9.44881800
28.05040037,9.05511800
28.05120037,9.44881800
28.05200037,9.44881800
28.05280037,9.44881800
28.05360037,10.23622000
28.05440037,10.62992000
28.05520037,10.62992000
28.05600037,10.23622000
28.05680037,9.44881800
28.05760037,8.26771600
28.05840037,5.90551100
28.05920037,4.33070900
28.06000037,1.96850400
28.06080037,0.78740150
28.06160037,0.39370070
28.06240037,-0.39370070
28.06320037,-0.78740150
28.06400037,-1.18110200
28.06480037,-1.96850400
28.06560037,-1.57480300
28.06640037,-1.18110200
28.06720037,-0.39370070
28.06800037,-0.78740150
28.06880037,-1.96850400
28.06960037,-3.93700800
28.07040037,-5.11811000
28.07120037,-5.90551100
28.07200037,-6.69291300
28.07280037,-7.48031400
28.07360037,-7.87401500
28.07440037,-9.44881800
28.07520037,-9.44881800
28.07600037,-9.05511800
28.07680037,-8.26771600
28.07760037,-7.08661400
28.07840037,-6.29921200
28.07920037,-6.69291300
28.08000037,-7.48031400
28.08080037,-7.87401500
28.08160037,-8.66141700
28.08240037,-8.66141700
28.08320037,-8.66141700
28.08400037,-9.44881800
28.08480037,-9.84251900
28.08560037,-10.23622000
28.08640037,-10.62992000
28.08720038,-9.84251900
28.08800038,-9.05511800
28.08880038,-7.08661400
28.08960038,-6.69291300
28.09040038,-5.11811000
28.09120038,-5.51181100
28.09200038,-4.33070900
28.09280038,-3.54330700
28.09360038,-3.14960600
28.09440038,-3.14960600
28.09520038,-3.14960600
28.09600038,-3.14960600
28.09680038,-2.36220500
28.09760038,-1.18110200
28.09840038,-0.39370070
28.09920038,-0.39370070
28.10000038,0.00000000
28.10080038,-0.39370070
28.10160038,0.39370070
28.10240038,0.39370070
28.10320038,1.18110200
28.10400038,0.78740150
28.10480038,1.18110200
28.10560038,1.96850400
28.10640038,3.14960600
28.10720038,3.93700800
28.10800038,5.11811000
28.10880038,5.51181100
28.10960038,5.90551100
28.11040038,5.90551100
28.11120038,6.29921200
28.11200038,7.08661400
28.11280038,7.08661400
28.11360038,7.48031400
28.11440038,7.08661400
28.11520038,6.69291300
28.11600038,6.69291300
28.11680038,7.08661400
28.11760038,7.87401500
28.11840038,8.26771600
28.11920038,8.66141700
28.12000038,9.05511800
28.12080038,8.66141700
28.12160038,8.26771600
28.12240038,8.26771600
28.12320038,8.66141700
28.12400038,9.05511800
28.12480038,9.44881800
28.12560038,9.44881800
28.12640038,9.05511800
28.12720038,8.66141700
28.12800038,9.05511800
28.12880038,9.05511800
28.12960038,8.26771600
28.13040038,7.08661400
28.13120038,5.90551100
28.13200038,4.33070900
28.13280038,3.14960600
28.13360038,3.14960600
28.13440038,3.14960600
28.13520038,3.54330700
28.13600038,3.54330700
28.13680038,3.54330700
28.13760038,1.96850400
28.13840038,1.57480300
28.13920038,0.00000000
28.14000038,-0.39370070
28.14080038,-2.36220500
28.14160038,-3.93700800
28.14240038,-5.90551100
28.14320038,-7.48031400
28.14400038,-7.48031400
28.14480038,-6.69291300
28.14560038,-5.51181100
28.14640038,-5.11811000
28.14720038,-6.29921200
28.14800038,-6.69291300
28.14880038,-7.87401500
28.14960038,-7.87401500
28.15040038,-7.87401500
28.15120038,-9.05511800
28.15200038,-9.84251900
28.15280038,-11.02362000
28.15360038,-11.81102000
28.15440038,-12.20472000
28.15520038,-12.20472000
28.15600038,-11.81102000
28.15680038,-11.41732000
28.15760038,-11.02362000
28.15840038,-11.41732000
28.15920038,-12.20472000
28.16000038,-11.41732000
28.16080038,-11.41732000
28.16160038,-11.02362000
28.16240038,-9.84251900
28.16320038,-9.05511800
28.16400038,-8.66141700
28.16480038,-7.87401500
28.16560038,-7.08661400
28.16640038,-5.90551100
28.16720038,-5.11811000
28.16800038,-4.72440900
28.16880038,-4.72440900
28.16960038,-4.33070900
28.17040038,-4.33070900
28.17120038,-3.54330700
28.17200038,-1.96850400
28.17280038,-0.39370070
28.17360038,0.39370070
28.17440038,2.36220500
28.17520038,3.14960600
28.17600038,3.93700800
28.17680038,5.11811000
28.17760038,5.11811000
28.17840038,5.11811000
28.17920038,6.29921200
28.18000038,5.90551100
28.18080038,6.69291300
28.18160038,7.08661400
28.18240038,7.87401500
28.18320038,8.66141700
28.18400038,9.84251900
28.18480038,11.02362000
28.18560038,12.20472000
28.18640038,12.20472000
28.18720038,12.20472000
28.18800038,11.81102000
28.18880038,11.81102000
28.18960038,12.20472000
28.19040038,12.99213000
28.19120038,13.38583000
28.19200038,13.38583000
28.19280038,12.99213000
28.19360038,12.99213000
28.19440038,12.20472000
28.19520038,11.41732000
28.19600038,11.41732000
28.19680038,10.62992000
28.19760038,9.84251900
28.19840038,8.66141700
28.19920038,8.26771600
28.20000038,7.87401500
28.20080038,8.26771600
28.20160038,9.05511800
28.20240038,9.44881800
28.20320038,9.05511800
28.20400038,8.26771600
28.20480038,6.29921200
28.20560038,4.72440900
28.20640038,3.54330700
28.20720038,2.36220500
28.20800038,1.18110200
28.20880038,-0.39370070
28.20960038,-2.36220500
28.21040038,-2.36220500
28.21120038,-2.75590500
28.21200038,-2.36220500
28.21280038,-2.36220500
28.21360038,-3.14960600
28.21440038,-4.72440900
28.21520038,-6.29921200
28.21600038,-8.26771600
28.21680038,-9.05511800
28.21760038,-9.44881800
28.21840038,-10.23622000
28.21920038,-10.62992000
28.22000038,-10.62992000
28.22080038,-11.02362000
28.22160038,-11.41732000
28.22240038,-11.02362000
28.22320038,-11.02362000
28.22400038,-11.81102000
28.22480038,-12.20472000
28.22560038,-13.38583000
28.22640038,-14.56693000
28.22720038,-15.35433000
28.22800038,-14.96063000
28.22880038,-14.56693000
28.22960038,-12.99213000
28.23040038,-12.20472000
28.23120038,-11.41732000
28.23200038,-11.02362000
28.23280038,-10.62992000
28.23360038,-9.84251900
28.23440038,-9.44881800
28.23520038,-9.84251900
28.23600038,-10.23622000
28.23680038,-10.23622000
28.23760038,-10.23622000
28.23840038,-9.84251900
28.23920038,-8.26771600
28.24000038,-6.69291300
28.24080038,-4.72440900
28.24160038,-3.14960600
28.24240038,-1.18110200
28.24320038,0.00000000
28.24400038,0.78740150
28.24480038,1.57480300
28.24560038,2.36220500
28.24640038,3.14960600
28.24720038,3.93700800
28.24800038,3.54330700
28.24880038,4.33070900
28.24960038,4.33070900
28.25040038,5.11811000
28.25120038,7.08661400
28.25200038,8.26771600
28.25280038,8.66141700
28.25360038,9.44881800
28.25440038,10.23622000
28.25520038,10.23622000
28.25600038,11.41732000
28.25680038,12.59842000
28.25760038,12.59842000
28.25840038,13.38583000
28.25920038,12.99213000
28.26000038,12.99213000
28.26080038,12.99213000
28.26160038,12.59842000
28.26240038,12.59842000
28.26320038,13.38583000
28.26400038,13.38583000
28.26480038,13.38583000
28.26560038,13.38583000
28.26640038,12.99213000
28.26720038,12.99213000
28.26800038,12.99213000
28.26880038,12.20472000
28.26960038,11.02362000
28.27040038,9.84251900
28.27120038,8.66141700
28.27200038,7.48031400
28.27280038,7.08661400
28.27360038,7.08661400
28.27440038,7.48031400
28.27520038,7.48031400
28.27600038,6.69291300
28.27680038,5.51181100
28.27760038,4.72440900
28.27840038,2.75590500
28.27920038,0.39370070
28.28000038,-1.96850400
28.28080038,-4.72440900
28.28160038,-6.29921200
28.28240038,-6.69291300
28.28320038,-7.08661400
28.28400038,-5.90551100
28.28480038,-4.33070900
28.28560038,-3.14960600
28.28640038,-2.36220500
28.28720038,-2.36220500
28.28800038,-3.54330700
28.28880038,-6.29921200
28.28960038,-8.66141700
28.29040038,-11.81102000
28.29120038,-13.77953000
28.29200038,-14.17323000
28.29280038,-13.38583000
28.29360038,-10.62992000
28.29440038,-8.26771600
28.29520038,-7.08661400
28.29600038,-7.48031400
28.29680038,-7.87401500
28.29760038,-7.87401500
28.29840038,-9.44881800
28.29920038,-9.84251900
28.30000038,-10.62992000
28.30080038,-10.62992000
28.30160038,-9.44881800
28.30240038,-9.05511800
28.30320038,-9.05511800
28.30400038,-9.05511800
28.30480038,-9.44881800
28.30560038,-9.44881800
28.30640038,-7.87401500
28.30720038,-6.69291300
28.30800038,-5.90551100
28.30880038,-5.11811000
28.30960038,-5.11811000
28.31040038,-6.29921200
28.31120038,-7.48031400
28.31200038,-8.26771600
28.31280038,-7.48031400
28.31360038,-5.11811000
28.31440038,-3.14960600
28.31520038,-0.78740150
28.31600038,0.78740150
28.31680038,1.57480300
28.31760038,1.57480300
28.31840038,0.78740150
28.31920038,0.00000000
28.32000038,-0.39370070
28.32080038,0.00000000
28.32160038,0.78740150
28.32240038,1.57480300
28.32320038,3.14960600
28.32400038,4.33070900
28.32480038,4.72440900
28.32560038,5.51181100
28.32640038,6.29921200
28.32720038,6.69291300
28.32800038,7.48031400
28.32880038,9.05511800
28.32960038,10.23622000
28.33040038,10.23622000
28.33120038,8.26771600
28.33200038,6.29921200
28.33280038,5.11811000
28.33360038,5.51181100
28.33440038,6.69291300
28.33520038,8.26771600
28.33600038,9.05511800
28.33680038,8.66141700
28.33760038,8.66141700
28.33840038,9.05511800
28.33920038,9.44881800
28.34000038,10.23622000
28.34080038,10.23622000
28.34160038,9.84251900
28.34240038,9.05511800
28.34320038,8.26771600
28.34400038,6.69291300
28.34480038,5.11811000
28.34560038,4.33070900
28.34640038,3.54330700
28.34720038,3.93700800
28.34800038,5.11811000
28.34880038,6.29921200
28.34960038,7.08661400
28.35040038,6.69291300
28.35120038,5.90551100
28.35200038,5.11811000
28.35280038,3.93700800
28.35360038,3.14960600
28.35440038,1.96850400
28.35520038,1.18110200
28.35600038,0.39370070
28.35680038,-0.78740150
28.35760038,-1.96850400
28.35840038,-2.75590500
28.35920038,-2.36220500
28.36000038,-1.18110200
28.36080038,-0.78740150
28.36160038,-0.78740150
28.36240038,-1.57480300
28.36320038,-3.14960600
28.36400038,-4.33070900
28.36480038,-4.72440900
28.36560038,-5.51181100
28.36640038,-5.51181100
28.36720038,-5.51181100
28.36800038,-7.08661400
28.36880038,-6.69291300
28.36960038,-7.08661400
28.37040038,-7.08661400
28.37120038,-7.48031400
28.37200038,-7.87401500
28.37280038,-8.26771600
28.37360038,-8.66141700
28.37440038,-8.66141700
28.37520038,-9.05511800
28.37600038,-9.05511800
28.37680038,-9.05511800
28.37760038,-9.05511800
28.37840038,-8.26771600
28.37920038,-7.87401500
28.38000038,-7.08661400
28.38080038,-6.69291300
28.38160038,-6.69291300
28.38240038,-8.26771600
28.38320038,-9.05511800
28.38400038,-9.44881800
28.38480038,-8.66141700
28.38560038,-7.08661400
28.38640038,-5.51181100
28.38720038,-4.33070900
28.38800038,-3.54330700
28.38880038,-3.14960600
28.38960038,-3.54330700
28.39040038,-2.75590500
28.39120038,-1.96850400
28.39200038,-2.36220500
28.39280038,-1.96850400
28.39360038,-2.75590500
28.39440038,-3.14960600
28.39520038,-2.36220500
28.39600038,-0.78740150
28.39680038,1.18110200
28.39760038,3.14960600
28.39840038,4.33070900
28.39920038,4.33070900
28.40000038,4.72440900
28.40080038,4.33070900
28.40160038,3.54330700
28.40240038,3.93700800
28.40320038,3.93700800
28.40400038,3.54330700
28.40480038,4.72440900
28.40560038,5.90551100
28.40640038,7.48031400
28.40720038,9.05511800
28.40800038,10.23622000
28.40880038,10.62992000
28.40960038,10.62992000
28.41040038,10.62992000
28.41120038,10.23622000
28.41200038,9.44881800
28.41280038,9.05511800
28.41360038,7.08661400
28.41440038,6.69291300
28.41520038,6.29921200
28.41600038,7.08661400
28.41680038,8.66141700
28.41760038,10.23622000
28.41840038,11.02362000
28.41920038,11.41732000
28.42000038,10.23622000
28.42080038,9.44881800
28.42160038,8.66141700
28.42240038,7.48031400
28.42320038,6.29921200
28.42400038,5.11811000
28.42480038,3.54330700
28.42560038,2.75590500
28.42640038,2.36220500
28.42720038,2.75590500
28.42800038,2.36220500
28.42880038,2.75590500
28.42960038,2.75590500
28.43040038,1.96850400
28.43120038,1.18110200
28.43200038,0.39370070
28.43280038,-0.78740150
28.43360038,-1.57480300
28.43440038,-2.75590500
28.43520038,-4.33070900
28.43600038,-5.11811000
28.43680038,-5.90551100
28.43760038,-6.29921200
28.43840038,-6.29921200
28.43920038,-6.29921200
28.44000038,-7.87401500
28.44080038,-7.87401500
28.44160038,-7.48031400
28.44240038,-7.08661400
28.44320038,-6.69291300
28.44400038,-7.08661400
28.44480038,-7.48031400
28.44560038,-9.05511800
28.44640038,-9.84251900
28.44720038,-10.62992000
28.44800038,-10.62992000
28.44880038,-10.62992000
28.44960038,-10.62992000
28.45040038,-10.23622000
28.45120038,-9.44881800
28.45200038,-9.05511800
28.45280038,-8.26771600
28.45360038,-7.87401500
28.45440038,-7.08661400
28.45520038,-7.48031400
28.45600038,-7.48031400
28.45680038,-8.26771600
28.45760038,-7.87401500
28.45840038,-7.48031400
28.45920038,-6.69291300
28.46000038,-5.90551100
28.46080038,-4.72440900
28.46160038,-3.93700800
28.46240038,-2.75590500
28.46320038,-1.57480300
28.46400038,-0.39370070
28.46480038,0.39370070
28.46560038,0.39370070
28.46640038,0.39370070
28.46720038,0.39370070
28.46800038,0.00000000
28.46880038,0.78740150
28.46960038,1.18110200
28.47040038,2.75590500
28.47120038,2.75590500
28.47200038,4.33070900
28.47280038,5.11811000
28.47360038,7.08661400
28.47440038,7.87401500
28.47520038,8.66141700
28.47600038,8.26771600
28.47680038,7.48031400
28.47760038,6.29921200
28.47840038,5.90551100
28.47920038,5.51181100
28.48000038,6.69291300
28.48080038,6.69291300
28.48160038,7.08661400
28.48240038,7.87401500
28.48320038,8.26771600
28.48400038,8.66141700
28.48480038,9.44881800
28.48560038,9.44881800
28.48640038,9.84251900
28.48720038,9.44881800
28.48800038,8.66141700
28.48880038,7.48031400
28.48960038,6.69291300
28.49040038,5.51181100
28.49120038,4.72440900
28.49200038,4.72440900
28.49280038,3.54330700
28.49360038,3.54330700
28.49440038,3.93700800
28.49520038,4.33070900
28.49600038,3.93700800
28.49680038,3.93700800
28.49760038,3.54330700
28.49840038,3.14960600
28.49920038,2.75590500
28.50000038,2.36220500
28.50080038,1.96850400
28.50160038,1.18110200
28.50240038,-0.39370070
28.50320038,-1.96850400
28.50400038,-2.36220500
28.50480038,-2.36220500
28.50560038,-3.14960600
28.50640038,-3.54330700
28.50720038,-3.14960600
28.50800038,-3.93700800
28.50880038,-3.54330700
28.50960038,-3.93700800
28.51040038,-4.33070900
28.51120038,-4.33070900
28.51200038,-5.11811000
28.51280038,-5.90551100
28.51360038,-6.69291300
28.51440038,-7.48031400
28.51520038,-6.69291300
28.51600038,-5.90551100
28.51680038,-5.11811000
28.51760038,-5.11811000
28.51840038,-4.72440900
28.51920038,-5.51181100
28.52000038,-5.90551100
28.52080038,-6.69291300
28.52160038,-7.48031400
28.52240038,-7.87401500
28.52320038,-8.26771600
28.52400038,-8.26771600
28.52480038,-7.48031400
28.52560038,-5.90551100
28.52640038,-4.33070900
28.52720038,-2.36220500
28.52800038,-1.18110200
28.52880038,-1.57480300
28.52960038,-1.57480300
28.53040038,-2.36220500
28.53120038,-3.14960600
28.53200038,-4.33070900
28.53280038,-4.72440900
28.53360038,-5.51181100
28.53440038,-5.51181100
28.53520038,-4.33070900
28.53600038,-3.54330700
28.53680038,-1.96850400
28.53760038,0.39370070
28.53840038,1.18110200
28.53920038,2.75590500
28.54000038,3.14960600
28.54080038,2.75590500
28.54160038,2.36220500
28.54240038,2.75590500
28.54320038,1.18110200
28.54400038,1.18110200
28.54480038,1.18110200
28.54560038,1.18110200
28.54640038,1.57480300
28.54720038,2.75590500
28.54800038,3.14960600
28.54880038,3.93700800
28.54960038,4.33070900
28.55040038,3.93700800
28.55120038,4.33070900
28.55200038,4.33070900
28.55280038,4.33070900
28.55360038,4.72440900
28.55440038,5.51181100
28.55520038,5.51181100
28.55600038,6.69291300
28.55680038,6.69291300
28.55760038,6.69291300
28.55840038,6.29921200
28.55920038,5.90551100
28.56000038,4.72440900
28.56080038,3.54330700
28.56160038,3.54330700
28.56240038,3.54330700
28.56320038,3.93700800
28.56400038,4.72440900
28.56480038,5.11811000
28.56560038,5.90551100
28.56640038,6.29921200
28.56720038,5.90551100
28.56800038,5.51181100
28.56880038,5.11811000
28.56960038,4.33070900
28.57040038,2.75590500
28.57120038,1.57480300
28.57200038,1.18110200
28.57280038,0.39370070
28.57360038,0.78740150
28.57440038,0.78740150
28.57520038,1.18110200
28.57600038,0.78740150
28.57680038,0.78740150
28.57760038,1.57480300
28.57840038,1.18110200
28.57920038,1.57480300
28.58000038,0.39370070
28.58080038,0.00000000
28.58160038,-1.18110200
28.58240038,-1.96850400
28.58320038,-1.96850400
28.58400038,-1.18110200
28.58480038,-1.57480300
28.58560038,-1.18110200
28.58640038,-2.36220500
28.58720038,-3.14960600
28.58800038,-3.93700800
28.58880038,-4.33070900
28.58960038,-5.11811000
28.59040038,-5.51181100
28.59120038,-5.90551100
28.59200038,-6.29921200
28.59280038,-5.90551100
28.59360038,-5.51181100
28.59440038,-5.51181100
28.59520038,-5.11811000
28.59600038,-5.11811000
28.59680038,-5.11811000
28.59760038,-5.90551100
28.59840038,-6.29921200
28.59920038,-7.48031400
28.60000038,-7.48031400
28.60080038,-8.26771600
28.60160038,-7.87401500
28.60240038,-7.08661400
28.60320038,-7.48031400
28.60400038,-7.08661400
28.60480038,-6.29921200
28.60560038,-5.90551100
28.60640038,-5.51181100
28.60720038,-5.11811000
28.60800038,-5.11811000
28.60880038,-4.33070900
28.60960038,-3.54330700
28.61040038,-3.14960600
28.61120038,-2.75590500
28.61200038,-2.36220500
28.61280038,-2.36220500
28.61360038,-2.75590500
28.61440038,-1.96850400
28.61520038,-2.36220500
28.61600038,-1.96850400
28.61680038,-1.18110200
28.61760038,0.00000000
28.61840038,0.78740150
28.61920038,2.75590500
28.62000038,3.14960600
28.62080038,4.33070900
28.62160038,4.72440900
28.62240038,5.11811000
28.62320038,5.11811000
28.62400038,5.51181100
28.62480038,5.11811000
28.62560038,5.51181100
28.62640038,5.51181100
28.62720038,5.90551100
28.62800038,6.29921200
28.62880038,6.69291300
28.62960038,7.08661400
28.63040038,8.66141700
28.63120038,9.44881800
28.63200038,9.44881800
28.63280038,9.84251900
28.63360038,9.84251900
28.63440038,8.66141700
28.63520038,8.66141700
28.63600038,8.66141700
28.63680038,8.66141700
28.63760038,8.66141700
28.63840038,9.44881800
28.63920038,8.66141700
28.64000038,8.66141700
28.64080038,9.05511800
28.64160038,7.87401500
28.64240038,7.48031400
28.64320038,6.69291300
28.64400038,5.51181100
28.64480038,4.72440900
28.64560038,3.93700800
28.64640038,3.54330700
28.64720038,3.54330700
28.64800038,3.93700800
28.64880038,3.14960600
28.64960038,2.36220500
28.65040038,1.57480300
28.65120038,0.00000000
28.65200038,-1.18110200
28.65280038,-1.57480300
28.65360038,-2.75590500
28.65440038,-3.14960600
28.65520038,-3.93700800
28.65600038,-4.72440900
28.65680038,-5.11811000
28.65760038,-5.11811000
28.65840038,-5.11811000
28.65920038,-5.51181100
28.66000038,-6.29921200
28.66080038,-7.48031400
28.66160038,-8.66141700
28.66240038,-9.44881800
28.66320038,-9.84251900
28.66400038,-10.23622000
28.66480038,-9.84251900
28.66560038,-10.23622000
28.66640038,-10.23622000
28.66720038,-9.84251900
28.66800038,-9.44881800
28.66880038,-9.05511800
28.66960038,-9.05511800
28.67040038,-9.44881800
28.67120038,-11.02362000
28.67200038,-11.02362000
28.67280038,-11.41732000
28.67360038,-11.41732000
28.67440038,-9.84251900
28.67520038,-7.87401500
28.67600038,-6.29921200
28.67680038,-5.11811000
28.67760038,-4.33070900
28.67840038,-4.33070900
28.67920038,-3.54330700
28.68000038,-3.54330700
28.68080038,-3.54330700
28.68160038,-3.93700800
28.68240038,-4.33070900
28.68320038,-4.33070900
28.68400038,-3.14960600
28.68480038,-1.57480300
28.68560038,0.39370070
28.68640038,2.75590500
28.68720038,3.93700800
28.68800038,5.11811000
28.68880038,5.11811000
28.68960038,5.51181100
28.69040038,5.51181100
28.69120038,5.90551100
28.69200038,5.51181100
28.69280038,5.90551100
28.69360038,6.29921200
28.69440038,6.69291300
28.69520038,7.48031400
28.69600038,8.66141700
28.69680038,9.44881800
28.69760038,10.62992000
28.69840038,11.81102000
28.69920038,11.81102000
28.70000038,11.41732000
28.70080038,11.02362000
28.70160038,10.23622000
28.70240038,9.44881800
28.70320038,8.66141700
28.70400038,8.26771600
28.70480038,7.87401500
28.70560038,8.26771600
28.70640038,8.26771600
28.70720038,8.26771600
28.70800038,8.26771600
28.70880038,8.26771600
28.70960038,7.48031400
28.71040038,7.08661400
28.71120038,6.29921200
28.71200038,4.33070900
28.71280038,3.54330700
28.71360038,3.54330700
28.71440038,3.14960600
28.71520038,3.14960600
28.71600038,3.14960600
28.71680038,1.57480300
28.71760038,0.78740150
28.71840038,-0.39370070
28.71920038,-1.18110200
28.72000038,-1.57480300
28.72080038,-2.36220500
28.72160038,-3.14960600
28.72240038,-3.54330700
28.72320038,-4.33070900
28.72400038,-5.11811000
28.72480038,-4.72440900
28.72560038,-4.72440900
28.72640038,-5.11811000
28.72720038,-5.90551100
28.72800038,-6.69291300
28.72880038,-7.87401500
28.72960038,-7.87401500
28.73040038,-8.26771600
28.73120038,-7.48031400
28.73200038,-6.69291300
28.73280038,-7.08661400
28.73360038,-7.08661400
28.73440038,-7.48031400
28.73520038,-7.48031400
28.73600038,-7.48031400
28.73680038,-7.08661400
28.73760038,-6.29921200
28.73840038,-6.29921200
28.73920038,-6.69291300
28.74000038,-7.48031400
28.74080038,-7.87401500
28.74160038,-7.48031400
28.74240038,-5.90551100
28.74320038,-5.11811000
28.74400038,-3.93700800
28.74480038,-3.54330700
28.74560038,-3.93700800
28.74640038,-2.75590500
28.74720038,-1.96850400
28.74800038,-1.96850400
28.74880038,-1.18110200
28.74960038,-1.18110200
28.75040038,-1.96850400
28.75120038,-1.96850400
28.75200038,-1.57480300
28.75280038,-0.39370070
28.75360038,0.78740150
28.75440038,1.96850400
28.75520038,1.96850400
28.75600038,2.36220500
28.75680038,2.75590500
28.75760038,3.54330700
28.75840038,4.72440900
28.75920038,5.11811000
28.76000038,4.72440900
28.76080038,3.93700800
28.76160038,2.75590500
28.76240038,1.96850400
28.76320038,2.75590500
28.76400038,2.75590500
28.76480038,3.14960600
28.76560038,3.93700800
28.76640038,4.72440900
28.76720038,3.93700800
28.76800038,5.11811000
28.76880038,5.90551100
28.76960038,5.90551100
28.77040038,6.69291300
28.77120038,5.90551100
28.77200038,4.72440900
28.77280038,3.54330700
28.77360038,1.96850400
28.77440038,1.96850400
28.77520038,2.36220500
28.77600038,2.75590500
28.77680038,4.33070900
28.77760038,4.33070900
28.77840038,4.72440900
28.77920038,4.33070900
28.78000038,3.54330700
28.78080038,2.75590500
28.78160038,2.36220500
28.78240038,1.57480300
28.78320038,1.18110200
28.78400038,0.78740150
28.78480038,0.39370070
28.78560038,0.00000000
28.78640038,0.39370070
28.78720038,1.96850400
28.78800038,3.14960600
28.78880038,3.14960600
28.78960038,2.75590500
28.79040038,1.57480300
28.79120038,0.00000000
28.79200038,-0.78740150
28.79280038,-1.18110200
28.79360038,-1.18110200
28.79440038,-0.78740150
28.79520038,-0.39370070
28.79600038,-1.18110200
28.79680038,-0.39370070
28.79760038,0.39370070
28.79840038,0.78740150
28.79920038,1.57480300
28.80000038,0.78740150
28.80080038,-0.78740150
28.80160038,-2.75590500
28.80240038,-3.93700800
28.80320038,-4.33070900
28.80400038,-3.54330700
28.80480038,-2.36220500
28.80560038,-1.57480300
28.80640038,-1.18110200
28.80720038,-1.18110200
28.80800038,-0.78740150
28.80880038,0.00000000
28.80960038,0.39370070
28.81040038,-0.39370070
28.81120038,-1.57480300
28.81200038,-3.54330700
28.81280038,-5.11811000
28.81360038,-5.51181100
28.81440038,-4.72440900
28.81520038,-3.14960600
28.81600038,-1.18110200
28.81680038,-0.78740150
28.81760038,-1.18110200
28.81840038,-1.18110200
28.81920038,-1.57480300
28.82000038,-1.96850400
28.82080038,-1.96850400
28.82160038,-2.75590500
28.82240038,-3.93700800
28.82320038,-5.11811000
28.82400038,-5.11811000
28.82480038,-4.33070900
28.82560038,-2.36220500
28.82640038,-0.78740150
28.82720038,0.00000000
28.82800038,-0.39370070
28.82880038,-1.18110200
28.82960038,-1.96850400
28.83040038,-2.36220500
28.83120038,-1.96850400
28.83200038,-1.96850400
28.83280038,-1.57480300
28.83360038,-1.96850400
28.83440038,-1.96850400
28.83520038,-1.18110200
28.83600039,-0.39370070
28.83680039,0.39370070
28.83760039,1.18110200
28.83840039,1.57480300
28.83920039,0.39370070
28.84000039,-0.39370070
28.84080039,-0.39370070
28.84160039,-0.39370070
28.84240039,0.39370070
28.84320039,1.57480300
28.84400039,1.96850400
28.84480039,2.36220500
28.84560039,3.14960600
28.84640039,3.54330700
28.84720039,3.54330700
28.84800039,3.93700800
28.84880039,3.93700800
28.84960039,4.33070900
28.85040039,3.54330700
28.85120039,2.75590500
28.85200039,2.36220500
28.85280039,3.14960600
28.85360039,3.54330700
28.85440039,5.11811000
28.85520039,5.51181100
28.85600039,5.11811000
28.85680039,5.51181100
28.85760039,5.51181100
28.85840039,5.11811000
28.85920039,5.11811000
28.86000039,5.11811000
28.86080039,4.72440900
28.86160039,4.33070900
28.86240039,4.33070900
28.86320039,3.54330700
28.86400039,3.14960600
28.86480039,3.54330700
28.86560039,4.33070900
28.86640039,4.33070900
28.86720039,4.72440900
28.86800039,3.54330700
28.86880039,3.14960600
28.86960039,2.75590500
28.87040039,2.36220500
28.87120039,2.75590500
28.87200039,1.96850400
28.87280039,0.78740150
28.87360039,0.00000000
28.87440039,0.00000000
28.87520039,-1.18110200
28.87600039,-0.78740150
28.87680039,-0.39370070
28.87760039,-0.78740150
28.87840039,-1.18110200
28.87920039,-2.36220500
28.88000039,-2.75590500
28.88080039,-2.36220500
28.88160039,-1.96850400
28.88240039,-2.36220500
28.88320039,-3.14960600
28.88400039,-4.72440900
28.88480039,-5.90551100
28.88560039,-7.48031400
28.88640039,-7.48031400
28.88720039,-6.69291300
28.88800039,-5.51181100
28.88880039,-4.33070900
28.88960039,-4.33070900
28.89040039,-4.72440900
28.89120039,-4.33070900
28.89200039,-4.72440900
28.89280039,-4.33070900
28.89360039,-4.72440900
28.89440039,-5.51181100
28.89520039,-7.48031400
28.89600039,-8.66141700
28.89680039,-9.44881800
28.89760039,-7.87401500
28.89840039,-6.29921200
28.89920039,-3.93700800
28.90000039,-2.36220500
28.90080039,-1.96850400
28.90160039,-1.96850400
28.90240039,-1.96850400
28.90320039,-1.57480300
28.90400039,-1.96850400
28.90480039,-2.75590500
28.90560039,-3.14960600
28.90640039,-3.93700800
28.90720039,-3.93700800
28.90800039,-2.36220500
28.90880039,-1.57480300
28.90960039,1.18110200
28.91040039,3.14960600
28.91120039,3.93700800
28.91200039,4.72440900
28.91280039,4.33070900
28.91360039,3.93700800
28.91440039,3.14960600
28.91520039,3.14960600
28.91600039,1.96850400
28.91680039,2.36220500
28.91760039,2.36220500
28.91840039,2.36220500
28.91920039,3.93700800
28.92000039,5.90551100
28.92080039,7.48031400
28.92160039,9.05511800
28.92240039,8.66141700
28.92320039,7.87401500
28.92400039,6.69291300
28.92480039,5.90551100
28.92560039,4.72440900
28.92640039,4.33070900
28.92720039,4.33070900
28.92800039,3.93700800
28.92880039,4.72440900
28.92960039,5.11811000
28.93040039,5.51181100
28.93120039,6.69291300
28.93200039,7.48031400
28.93280039,7.08661400
28.93360039,6.29921200
28.93440039,5.11811000
28.93520039,3.54330700
28.93600039,1.96850400
28.93680039,1.18110200
28.93760039,1.18110200
28.93840039,1.57480300
28.93920039,1.18110200
28.94000039,1.18110200
28.94080039,0.78740150
28.94160039,0.39370070
28.94240039,0.78740150
28.94320039,0.78740150
28.94400039,0.78740150
28.94480039,-0.39370070
28.94560039,-1.18110200
28.94640039,-1.96850400
28.94720039,-3.14960600
28.94800039,-3.54330700
28.94880039,-3.14960600
28.94960039,-3.14960600
28.95040039,-3.54330700
28.95120039,-4.33070900
28.95200039,-5.11811000
28.95280039,-5.51181100
28.95360039,-4.33070900
28.95440039,-3.54330700
28.95520039,-1.96850400
28.95600039,-2.36220500
28.95680039,-3.14960600
28.95760039,-4.33070900
28.95840039,-4.72440900
28.95920039,-5.51181100
28.96000039,-5.51181100
28.96080039,-5.51181100
28.96160039,-5.51181100
28.96240039,-5.11811000
28.96320039,-4.33070900
28.96400039,-4.33070900
28.96480039,-1.96850400
28.96560039,-0.78740150
28.96640039,-0.39370070
28.96720039,-0.78740150
28.96800039,-1.96850400
28.96880039,-3.14960600
28.96960039,-3.93700800
28.97040039,-3.54330700
28.97120039,-3.14960600
28.97200039,-2.75590500
28.97280039,-2.36220500
28.97360039,-2.75590500
28.97440039,-1.96850400
28.97520039,-0.39370070
28.97600039,0.78740150
28.97680039,2.36220500
28.97760039,2.36220500
28.97840039,1.96850400
28.97920039,1.18110200
28.98000039,0.39370070
28.98080039,0.00000000
28.98160039,0.00000000
28.98240039,0.78740150
28.98320039,0.39370070
28.98400039,0.39370070
28.98480039,1.18110200
28.98560039,1.57480300
28.98640039,2.75590500
28.98720039,3.54330700
28.98800039,3.93700800
28.98880039,3.54330700
28.98960039,2.75590500
28.99040039,2.36220500
28.99120039,1.57480300
28.99200039,1.57480300
28.99280039,1.57480300
28.99360039,1.57480300
28.99440039,2.36220500
28.99520039,1.96850400
28.99600039,1.96850400
28.99680039,2.36220500
28.99760039,2.75590500
28.99840039,3.14960600
28.99920039,3.14960600
29.00000039,2.36220500
29.00080039,1.96850400
29.00160039,1.96850400
29.00240039,1.96850400
29.00320039,1.96850400
29.00400039,2.36220500
29.00480039,2.36220500
29.00560039,1.96850400
29.00640039,1.96850400
29.00720039,1.57480300
29.00800039,1.57480300
29.00880039,1.57480300
29.00960039,1.57480300
29.01040039,1.18110200
29.01120039,1.96850400
29.01200039,1.57480300
29.01280039,1.96850400
29.01360039,1.18110200
29.01440039,1.18110200
29.01520039,0.78740150
29.01600039,1.18110200
29.01680039,1.96850400
29.01760039,1.18110200
29.01840039,0.78740150
29.01920039,0.00000000
29.02000039,-0.39370070
29.02080039,0.78740150
29.02160039,1.57480300
29.02240039,1.96850400
29.02320039,1.18110200
29.02400039,0.00000000
29.02480039,-1.18110200
29.02560039,-1.18110200
29.02640039,0.00000000
29.02720039,0.78740150
29.02800039,1.57480300
29.02880039,1.18110200
29.02960039,0.00000000
29.03040039,0.78740150
29.03120039,0.00000000
29.03200039,-0.39370070
29.03280039,-0.39370070
29.03360039,-1.57480300
29.03440039,-1.96850400
29.03520039,-2.36220500
29.03600039,-2.75590500
29.03680039,-2.75590500
29.03760039,-2.36220500
29.03840039,-1.18110200
29.03920039,-0.78740150
29.04000039,-0.39370070
29.04080039,-0.39370070
29.04160039,-1.57480300
29.04240039,-1.96850400
29.04320039,-3.14960600
29.04400039,-3.93700800
29.04480039,-3.93700800
29.04560039,-4.72440900
29.04640039,-5.51181100
29.04720039,-5.11811000
29.04800039,-4.33070900
29.04880039,-3.54330700
29.04960039,-2.75590500
29.05040039,-2.75590500
29.05120039,-2.75590500
29.05200039,-2.75590500
29.05280039,-3.54330700
29.05360039,-3.93700800
29.05440039,-3.54330700
29.05520039,-4.72440900
29.05600039,-5.51181100
29.05680039,-5.51181100
29.05760039,-4.72440900
29.05840039,-3.93700800
29.05920039,-2.75590500
29.06000039,-1.96850400
29.06080039,-1.96850400
29.06160039,-2.36220500
29.06240039,-2.75590500
29.06320039,-2.36220500
29.06400039,-1.96850400
29.06480039,-1.96850400
29.06560039,-1.18110200
29.06640039,-1.18110200
29.06720039,-0.78740150
29.06800039,0.00000000
29.06880039,0.78740150
29.06960039,1.57480300
29.07040039,1.57480300
29.07120039,2.36220500
29.07200039,2.36220500
29.07280039,2.36220500
29.07360039,2.75590500
29.07440039,3.14960600
29.07520039,3.54330700
29.07600039,4.72440900
29.07680039,4.72440900
29.07760039,4.72440900
29.07840039,5.51181100
29.07920039,5.51181100
29.08000039,5.51181100
29.08080039,5.90551100
29.08160039,5.90551100
29.08240039,6.29921200
29.08320039,7.08661400
29.08400039,7.08661400
29.08480039,7.48031400
29.08560039,8.26771600
29.08640039,7.87401500
29.08720039,7.87401500
29.08800039,7.48031400
29.08880039,7.48031400
29.08960039,7.08661400
29.09040039,6.29921200
29.09120039,5.51181100
29.09200039,5.11811000
29.09280039,4.72440900
29.09360039,4.33070900
29.09440039,4.33070900
29.09520039,4.72440900
29.09600039,5.11811000
29.09680039,5.11811000
29.09760039,5.51181100
29.09840039,4.33070900
29.09920039,3.54330700
29.10000039,2.75590500
29.10080039,1.57480300
29.10160039,0.39370070
29.10240039,-0.39370070
29.10320039,-1.18110200
29.10400039,-2.36220500
29.10480039,-2.36220500
29.10560039,-2.36220500
29.10640039,-1.96850400
29.10720039,-1.57480300
29.10800039,-2.36220500
29.10880039,-3.93700800
29.10960039,-3.93700800
29.11040039,-4.72440900
29.11120039,-5.51181100
29.11200039,-6.29921200
29.11280039,-6.69291300
29.11360039,-7.87401500
29.11440039,-8.26771600
29.11520039,-8.66141700
29.11600039,-9.05511800
29.11680039,-8.66141700
29.11760039,-8.66141700
29.11840039,-8.26771600
29.11920039,-7.87401500
29.12000039,-7.87401500
29.12080039,-8.26771600
29.12160039,-8.26771600
29.12240039,-7.87401500
29.12320039,-7.87401500
29.12400039,-7.87401500
29.12480039,-7.87401500
29.12560039,-7.87401500
29.12640039,-7.87401500
29.12720039,-7.48031400
29.12800039,-7.48031400
29.12880039,-6.69291300
29.12960039,-5.51181100
29.13040039,-4.33070900
29.13120039,-3.54330700
29.13200039,-3.14960600
29.13280039,-2.75590500
29.13360039,-1.96850400
29.13440039,-1.96850400
29.13520039,-1.96850400
29.13600039,-0.78740150
29.13680039,-0.39370070
29.13760039,0.78740150
29.13840039,1.57480300
29.13920039,2.36220500
29.14000039,3.54330700
29.14080039,4.33070900
29.14160039,4.72440900
29.14240039,5.51181100
29.14320039,5.90551100
29.14400039,5.90551100
29.14480039,5.51181100
29.14560039,5.51181100
29.14640039,5.51181100
29.14720039,5.90551100
29.14800039,7.08661400
29.14880039,8.26771600
29.14960039,8.26771600
29.15040039,9.05511800
29.15120039,9.44881800
29.15200039,9.84251900
29.15280039,10.62992000
29.15360039,10.62992000
29.15440039,9.44881800
29.15520039,8.26771600
29.15600039,7.08661400
29.15680039,6.29921200
29.15760039,6.29921200
29.15840039,6.29921200
29.15920039,7.48031400
29.16000039,7.87401500
29.16080039,7.87401500
29.16160039,7.87401500
29.16240039,7.48031400
29.16320039,7.08661400
29.16400039,6.29921200
29.16480039,5.51181100
29.16560039,3.54330700
29.16640039,1.96850400
29.16720039,0.39370070
29.16800039,-0.39370070
29.16880039,0.00000000
29.16960039,0.00000000
29.17040039,0.78740150
29.17120039,0.00000000
29.17200039,-0.78740150
29.17280039,-1.96850400
29.17360039,-1.96850400
29.17440039,-2.75590500
29.17520039,-2.36220500
29.17600039,-3.54330700
29.17680039,-4.33070900
29.17760039,-5.51181100
29.17840039,-6.29921200
29.17920039,-6.29921200
29.18000039,-5.90551100
29.18080039,-5.51181100
29.18160039,-5.51181100
29.18240039,-6.29921200
29.18320039,-7.08661400
29.18400039,-7.87401500
29.18480039,-7.48031400
29.18560039,-7.48031400
29.18640039,-7.48031400
29.18720039,-7.08661400
29.18800039,-7.87401500
29.18880039,-7.87401500
29.18960039,-7.87401500
29.19040039,-7.48031400
29.19120039,-6.69291300
29.19200039,-6.29921200
29.19280039,-6.29921200
29.19360039,-6.69291300
29.19440039,-7.08661400
29.19520039,-7.08661400
29.19600039,-5.90551100
29.19680039,-4.72440900
29.19760039,-3.93700800
29.19840039,-2.75590500
29.19920039,-3.14960600
29.20000039,-3.93700800
29.20080039,-3.54330700
29.20160039,-3.14960600
29.20240039,-2.75590500
29.20320039,-2.36220500
29.20400039,-2.36220500
29.20480039,-1.96850400
29.20560039,-1.57480300
29.20640039,0.39370070
29.20720039,1.57480300
29.20800039,2.75590500
29.20880039,3.14960600
29.20960039,2.75590500
29.21040039,1.96850400
29.21120039,1.57480300
29.21200039,1.57480300
29.21280039,1.96850400
29.21360039,3.14960600
29.21440039,3.93700800
29.21520039,4.72440900
29.21600039,5.51181100
29.21680039,5.90551100
29.21760039,6.69291300
29.21840039,7.08661400
29.21920039,7.08661400
29.22000039,6.69291300
29.22080039,6.29921200
29.22160039,4.72440900
29.22240039,4.72440900
29.22320039,4.33070900
29.22400039,4.33070900
29.22480039,4.72440900
29.22560039,5.90551100
29.22640039,6.69291300
29.22720039,7.08661400
29.22800039,7.08661400
29.22880039,6.69291300
29.22960039,6.29921200
29.23040039,5.51181100
29.23120039,5.11811000
29.23200039,5.11811000
29.23280039,4.33070900
29.23360039,3.54330700
29.23440039,3.54330700
29.23520039,3.54330700
29.23600039,3.54330700
29.23680039,4.72440900
29.23760039,4.33070900
29.23840039,3.93700800
29.23920039,2.75590500
29.24000039,1.57480300
29.24080039,1.18110200
29.24160039,0.78740150
29.24240039,0.39370070
29.24320039,0.00000000
29.24400039,-1.18110200
29.24480039,-1.18110200
29.24560039,-2.36220500
29.24640039,-1.57480300
29.24720039,-0.78740150
29.24800039,-0.78740150
29.24880039,-0.39370070
29.24960039,-0.78740150
29.25040039,-1.96850400
29.25120039,-3.54330700
29.25200039,-3.14960600
29.25280039,-3.54330700
29.25360039,-2.75590500
29.25440039,-3.14960600
29.25520039,-4.33070900
29.25600039,-5.51181100
29.25680039,-5.90551100
29.25760039,-5.51181100
29.25840039,-3.93700800
29.25920039,-3.14960600
29.26000039,-3.54330700
29.26080039,-4.33070900
29.26160039,-5.90551100
29.26240039,-5.90551100
29.26320039,-4.72440900
29.26400039,-3.93700800
29.26480039,-3.93700800
29.26560039,-3.93700800
29.26640039,-5.51181100
29.26720039,-6.69291300
29.26800039,-6.69291300
29.26880039,-5.11811000
29.26960039,-3.14960600
29.27040039,-2.36220500
29.27120039,-1.96850400
29.27200039,-2.75590500
29.27280039,-3.54330700
29.27360039,-3.54330700
29.27440039,-2.75590500
29.27520039,-1.96850400
29.27600039,-1.57480300
29.27680039,-2.36220500
29.27760039,-3.54330700
29.27840039,-3.93700800
29.27920039,-3.14960600
29.28000039,-1.57480300
29.28080039,0.00000000
29.28160039,0.78740150
29.28240039,0.78740150
29.28320039,0.39370070
29.28400039,-0.39370070
29.28480039,0.00000000
29.28560039,0.39370070
29.28640039,0.39370070
29.28720039,0.78740150
29.28800039,0.39370070
29.28880039,0.39370070
29.28960039,1.18110200
29.29040039,2.75590500
29.29120039,4.33070900
29.29200039,5.11811000
29.29280039,5.11811000
29.29360039,4.33070900
29.29440039,3.54330700
29.29520039,2.75590500
29.29600039,2.36220500
29.29680039,3.14960600
29.29760039,3.93700800
29.29840039,4.33070900
29.29920039,4.72440900
29.30000039,5.11811000
29.30080039,5.51181100
29.30160039,5.90551100
29.30240039,6.29921200
29.30320039,6.29921200
29.30400039,5.51181100
29.30480039,4.33070900
29.30560039,3.93700800
29.30640039,3.93700800
29.30720039,3.93700800
29.30800039,4.72440900
29.30880039,5.11811000
29.30960039,5.90551100
29.31040039,5.51181100
29.31120039,5.51181100
29.31200039,4.72440900
29.31280039,3.54330700
29.31360039,3.14960600
29.31440039,2.75590500
29.31520039,2.36220500
29.31600039,2.36220500
29.31680039,1.57480300
29.31760039,0.78740150
29.31840039,0.78740150
29.31920039,1.57480300
29.32000039,1.96850400
29.32080039,2.36220500
29.32160039,1.96850400
29.32240039,0.39370070
29.32320039,-1.57480300
29.32400039,-3.54330700
29.32480039,-3.54330700
29.32560039,-3.54330700
29.32640039,-2.75590500
29.32720039,-2.36220500
29.32800039,-3.14960600
29.32880039,-3.54330700
29.32960039,-3.93700800
29.33040039,-3.14960600
29.33120039,-2.36220500
29.33200039,-2.75590500
29.33280039,-3.93700800
29.33360039,-6.29921200
29.33440039,-8.66141700
29.33520039,-9.84251900
29.33600039,-8.66141700
29.33680039,-6.69291300
29.33760039,-5.11811000
29.33840039,-4.72440900
29.33920039,-5.51181100
29.34000039,-5.90551100
29.34080039,-6.29921200
29.34160039,-5.51181100
29.34240039,-4.72440900
29.34320039,-4.72440900
29.34400039,-6.69291300
29.34480039,-7.87401500
29.34560039,-9.05511800
29.34640039,-8.66141700
29.34720039,-6.29921200
29.34800039,-3.93700800
29.34880039,-2.75590500
29.34960039,-1.96850400
29.35040039,-2.75590500
29.35120039,-3.14960600
29.35200039,-2.75590500
29.35280039,-1.18110200
29.35360039,0.00000000
29.35440039,-0.39370070
29.35520039,-1.18110200
29.35600039,-2.75590500
29.35680039,-2.75590500
29.35760039,-0.39370070
29.35840039,1.18110200
29.35920039,3.54330700
29.36000039,3.93700800
29.36080039,3.14960600
29.36160039,2.75590500
29.36240039,3.14960600
29.36320039,4.33070900
29.36400039,5.90551100
29.36480039,6.29921200
29.36560039,5.51181100
29.36640039,4.72440900
29.36720039,4.33070900
29.36800039,4.33070900
29.36880039,5.90551100
29.36960039,7.08661400
29.37040039,8.26771600
29.37120039,8.66141700
29.37200039,7.48031400
29.37280039,6.69291300
29.37360039,6.69291300
29.37440039,7.48031400
29.37520039,7.87401500
29.37600039,7.48031400
29.37680039,7.08661400
29.37760039,5.90551100
29.37840039,5.51181100
29.37920039,5.51181100
29.38000039,5.90551100
29.38080039,7.08661400
29.38160039,6.69291300
29.38240039,6.29921200
29.38320039,4.72440900
29.38400039,3.93700800
29.38480039,3.54330700
29.38560039,3.14960600
29.38640039,3.14960600
29.38720039,2.36220500
29.38800039,1.57480300
29.38880039,1.18110200
29.38960039,0.39370070
29.39040039,0.39370070
29.39120039,0.39370070
29.39200039,0.39370070
29.39280039,0.00000000
29.39360039,0.00000000
29.39440039,-1.18110200
29.39520039,-3.14960600
29.39600039,-3.93700800
29.39680039,-4.72440900
29.39760039,-5.11811000
29.39840039,-5.11811000
29.39920039,-5.11811000
29.40000039,-5.90551100
29.40080039,-5.51181100
29.40160039,-6.29921200
29.40240039,-6.29921200
29.40320039,-5.11811000
29.40400039,-5.11811000
29.40480039,-5.51181100
29.40560039,-6.29921200
29.40640039,-7.08661400
29.40720039,-8.66141700
29.40800039,-8.66141700
29.40880039,-7.87401500
29.40960039,-6.69291300
29.41040039,-5.51181100
29.41120039,-5.90551100
29.41200039,-6.29921200
29.41280039,-7.08661400
29.41360039,-6.29921200
29.41440039,-5.51181100
29.41520039,-4.33070900
29.41600039,-4.72440900
29.41680039,-6.29921200
29.41760039,-7.08661400
29.41840039,-7.08661400
29.41920039,-5.51181100
29.42000039,-3.14960600
29.42080039,-1.18110200
29.42160039,0.00000000
29.42240039,-0.39370070
29.42320039,-1.18110200
29.42400039,-1.57480300
29.42480039,-1.18110200
29.42560039,-0.39370070
29.42640039,0.78740150
29.42720039,0.39370070
29.42800039,0.39370070
29.42880039,-0.39370070
29.42960039,0.39370070
29.43040039,2.36220500
29.43120039,4.33070900
29.43200039,6.29921200
29.43280039,6.29921200
29.43360039,5.51181100
29.43440039,3.93700800
29.43520039,3.54330700
29.43600039,4.33070900
29.43680039,5.11811000
29.43760039,6.29921200
29.43840039,5.90551100
29.43920039,5.51181100
29.44000039,4.72440900
29.44080039,5.11811000
29.44160039,6.69291300
29.44240039,7.87401500
29.44320039,8.66141700
29.44400039,8.26771600
29.44480039,6.69291300
29.44560039,5.51181100
29.44640039,5.90551100
29.44720039,5.90551100
29.44800039,6.69291300
29.44880039,6.69291300
29.44960039,6.29921200
29.45040039,4.33070900
29.45120039,3.93700800
29.45200039,4.33070900
29.45280039,4.33070900
29.45360039,5.11811000
29.45440039,4.72440900
29.45520039,3.93700800
29.45600039,2.75590500
29.45680039,1.96850400
29.45760039,1.18110200
29.45840039,2.36220500
29.45920039,2.75590500
29.46000039,1.57480300
29.46080039,1.18110200
29.46160039,0.00000000
29.46240039,-1.18110200
29.46320039,-1.57480300
29.46400039,-0.78740150
29.46480039,-0.78740150
29.46560039,-0.78740150
29.46640039,-1.57480300
29.46720039,-2.75590500
29.46800039,-3.54330700
29.46880039,-3.93700800
29.46960039,-4.33070900
29.47040039,-4.33070900
29.47120039,-3.93700800
29.47200039,-4.72440900
29.47280039,-4.72440900
29.47360039,-5.11811000
29.47440039,-5.11811000
29.47520039,-4.33070900
29.47600039,-3.54330700
29.47680039,-3.14960600
29.47760039,-3.14960600
29.47840039,-3.93700800
29.47920039,-5.11811000
29.48000039,-5.51181100
29.48080039,-5.51181100
29.48160039,-5.51181100
29.48240039,-5.51181100
29.48320039,-5.90551100
29.48400039,-5.90551100
29.48480039,-5.51181100
29.48560039,-4.72440900
29.48640039,-3.93700800
29.48720039,-2.75590500
29.48800039,-2.36220500
29.48880039,-3.54330700
29.48960039,-3.93700800
29.49040039,-5.90551100
29.49120039,-6.29921200
29.49200039,-5.90551100
29.49280039,-4.33070900
29.49360039,-2.75590500
29.49440039,-1.57480300
29.49520039,-1.57480300
29.49600039,-1.57480300
29.49680039,-1.57480300
29.49760039,-1.57480300
29.49840039,-1.96850400
29.49920039,-1.57480300
29.50000039,-1.96850400
29.50080039,-1.96850400
29.50160039,-1.96850400
29.50240039,-1.18110200
29.50320039,0.39370070
29.50400039,2.36220500
29.50480039,3.93700800
29.50560039,3.54330700
29.50640039,3.54330700
29.50720039,2.36220500
29.50800039,1.57480300
29.50880039,1.96850400
29.50960039,3.14960600
29.51040039,3.14960600
29.51120039,3.14960600
29.51200039,2.36220500
29.51280039,2.36220500
29.51360039,3.54330700
29.51440039,5.11811000
29.51520039,6.69291300
29.51600039,8.66141700
29.51680039,7.87401500
29.51760039,5.90551100
29.51840039,4.33070900
29.51920039,3.54330700
29.52000039,4.33070900
29.52080039,5.90551100
29.52160039,7.08661400
29.52240039,7.48031400
29.52320039,6.69291300
29.52400039,6.29921200
29.52480039,5.90551100
29.52560039,6.69291300
29.52640039,7.08661400
29.52720039,7.08661400
29.52800039,5.90551100
29.52880039,5.11811000
29.52960039,3.93700800
29.53040039,3.93700800
29.53120039,4.72440900
29.53200039,4.72440900
29.53280039,5.51181100
29.53360039,4.72440900
29.53440039,3.14960600
29.53520039,2.36220500
29.53600039,2.36220500
29.53680039,2.36220500
29.53760039,2.75590500
29.53840039,1.57480300
29.53920039,0.00000000
29.54000039,-1.18110200
29.54080039,-1.18110200
29.54160039,-0.39370070
29.54240039,0.78740150
29.54320039,1.18110200
29.54400039,-0.39370070
29.54480039,-2.75590500
29.54560039,-4.72440900
29.54640039,-5.11811000
29.54720039,-4.72440900
29.54800039,-3.93700800
29.54880039,-4.33070900
29.54960039,-5.11811000
29.55040039,-6.29921200
29.55120039,-7.48031400
29.55200039,-7.48031400
29.55280039,-6.69291300
29.55360039,-6.29921200
29.55440039,-5.90551100
29.55520039,-6.29921200
29.55600039,-7.48031400
29.55680039,-7.87401500
29.55760039,-8.26771600
29.55840039,-7.87401500
29.55920039,-7.08661400
29.56000039,-6.29921200
29.56080039,-5.90551100
29.56160039,-6.69291300
29.56240039,-7.08661400
29.56320039,-7.87401500
29.56400039,-7.48031400
29.56480039,-7.48031400
29.56560039,-6.69291300
29.56640039,-5.90551100
29.56720039,-5.11811000
29.56800039,-4.33070900
29.56880039,-3.14960600
29.56960039,-2.36220500
29.57040039,-2.36220500
29.57120039,-1.57480300
29.57200039,-1.96850400
29.57280039,-1.96850400
29.57360039,-2.75590500
29.57440039,-2.75590500
29.57520039,-3.14960600
29.57600039,-1.96850400
29.57680039,-0.78740150
29.57760039,0.78740150
29.57840039,2.75590500
29.57920039,4.33070900
29.58000039,5.11811000
29.58080039,5.51181100
29.58160039,5.51181100
29.58240039,5.11811000
29.58320039,5.11811000
29.58400039,4.33070900
29.58480039,2.75590500
29.58560040,2.36220500
29.58640040,2.75590500
29.58720040,3.54330700
29.58800040,6.29921200
29.58880040,8.66141700
29.58960040,9.84251900
29.59040040,10.23622000
29.59120040,8.66141700
29.59200040,7.48031400
29.59280040,6.69291300
29.59360040,6.29921200
29.59440040,5.90551100
29.59520040,4.72440900
29.59600040,3.93700800
29.59680040,3.54330700
29.59760040,3.93700800
29.59840040,5.90551100
29.59920040,7.87401500
29.60000040,9.05511800
29.60080040,8.26771600
29.60160040,6.69291300
29.60240040,5.51181100
29.60320040,4.72440900
29.60400040,3.54330700
29.60480040,3.14960600
29.60560040,2.75590500
29.60640040,1.18110200
29.60720040,0.39370070
29.60800040,1.57480300
29.60880040,3.54330700
29.60960040,6.29921200
29.61040040,7.48031400
29.61120040,6.69291300
29.61200040,3.54330700
29.61280040,0.39370070
29.61360040,-1.18110200
29.61440040,-1.57480300
29.61520040,0.00000000
29.61600040,0.78740150
29.61680040,0.00000000
29.61760040,-2.36220500
29.61840040,-4.33070900
29.61920040,-5.11811000
29.62000040,-3.93700800
29.62080040,-3.14960600
29.62160040,-2.36220500
29.62240040,-3.54330700
29.62320040,-4.72440900
29.62400040,-6.29921200
29.62480040,-7.08661400
29.62560040,-6.29921200
29.62640040,-5.11811000
29.62720040,-4.72440900
29.62800040,-5.90551100
29.62880040,-7.08661400
29.62960040,-7.08661400
29.63040040,-8.26771600
29.63120040,-8.26771600
29.63200040,-7.48031400
29.63280040,-6.29921200
29.63360040,-5.90551100
29.63440040,-6.69291300
29.63520040,-7.08661400
29.63600040,-6.69291300
29.63680040,-5.90551100
29.63760040,-5.90551100
29.63840040,-5.90551100
29.63920040,-6.69291300
29.64000040,-7.87401500
29.64080040,-7.87401500
29.64160040,-6.69291300
29.64240040,-5.11811000
29.64320040,-3.93700800
29.64400040,-3.14960600
29.64480040,-2.75590500
29.64560040,-3.14960600
29.64640040,-2.75590500
29.64720040,-3.14960600
29.64800040,-4.33070900
29.64880040,-3.93700800
29.64960040,-4.72440900
29.65040040,-3.54330700
29.65120040,-2.36220500
29.65200040,-0.78740150
29.65280040,1.57480300
29.65360040,2.36220500
29.65440040,3.54330700
29.65520040,3.93700800
29.65600040,3.14960600
29.65680040,2.75590500
29.65760040,1.96850400
29.65840040,1.57480300
29.65920040,1.18110200
29.66000040,1.57480300
29.66080040,2.36220500
29.66160040,4.33070900
29.66240040,6.69291300
29.66320040,7.87401500
29.66400040,8.66141700
29.66480040,8.26771600
29.66560040,8.26771600
29.66640040,8.26771600
29.66720040,8.26771600
29.66800040,7.87401500
29.66880040,7.08661400
29.66960040,6.69291300
29.67040040,6.69291300
29.67120040,7.08661400
29.67200040,7.08661400
29.67280040,7.87401500
29.67360040,8.26771600
29.67440040,8.66141700
29.67520040,8.66141700
29.67600040,9.05511800
29.67680040,8.66141700
29.67760040,8.26771600
29.67840040,8.26771600
29.67920040,7.48031400
29.68000040,6.69291300
29.68080040,5.51181100
29.68160040,5.11811000
29.68240040,5.11811000
29.68320040,5.11811000
29.68400040,4.72440900
29.68480040,3.54330700
29.68560040,1.96850400
29.68640040,1.57480300
29.68720040,1.57480300
29.68800040,1.96850400
29.68880040,2.36220500
29.68960040,2.36220500
29.69040040,1.57480300
29.69120040,0.39370070
29.69200040,-0.39370070
29.69280040,-1.18110200
29.69360040,-1.57480300
29.69440040,-1.18110200
29.69520040,-1.96850400
29.69600040,-2.75590500
29.69680040,-3.93700800
29.69760040,-4.33070900
29.69840040,-3.54330700
29.69920040,-3.14960600
29.70000040,-2.36220500
29.70080040,-1.96850400
29.70160040,-2.36220500
29.70240040,-3.14960600
29.70320040,-2.75590500
29.70400040,-2.36220500
29.70480040,-1.96850400
29.70560040,-1.96850400
29.70640040,-1.18110200
29.70720040,-1.57480300
29.70800040,-1.18110200
29.70880040,-0.39370070
29.70960040,0.39370070
29.71040040,1.18110200
29.71120040,1.57480300
29.71200040,1.57480300
29.71280040,1.96850400
29.71360040,2.36220500
29.71440040,3.54330700
29.71520040,3.93700800
29.71600040,4.33070900
29.71680040,3.93700800
29.71760040,3.93700800
29.71840040,3.93700800
29.71920040,4.33070900
29.72000040,5.11811000
29.72080040,5.51181100
29.72160040,5.51181100
29.72240040,3.93700800
29.72320040,2.75590500
29.72400040,2.75590500
29.72480040,3.14960600
29.72560040,3.14960600
29.72640040,2.75590500
29.72720040,3.14960600
29.72800040,2.75590500
29.72880040,2.36220500
29.72960040,2.75590500
29.73040040,2.75590500
29.73120040,1.96850400
29.73200040,0.78740150
29.73280040,-0.39370070
29.73360040,-1.57480300
29.73440040,-1.96850400
29.73520040,-1.96850400
29.73600040,-1.57480300
29.73680040,-1.96850400
29.73760040,-1.18110200
29.73840040,-1.57480300
29.73920040,-1.96850400
29.74000040,-1.96850400
29.74080040,-1.57480300
29.74160040,-1.96850400
29.74240040,-2.75590500
29.74320040,-3.14960600
29.74400040,-3.93700800
29.74480040,-3.93700800
29.74560040,-3.54330700
29.74640040,-2.36220500
29.74720040,-1.96850400
29.74800040,-2.36220500
29.74880040,-2.36220500
29.74960040,-2.75590500
29.75040040,-2.36220500
29.75120040,-3.14960600
29.75200040,-2.75590500
29.75280040,-3.54330700
29.75360040,-4.72440900
29.75440040,-6.29921200
29.75520040,-7.08661400
29.75600040,-6.69291300
29.75680040,-6.69291300
29.75760040,-6.29921200
29.75840040,-6.29921200
29.75920040,-6.69291300
29.76000040,-7.08661400
29.76080040,-7.48031400
29.76160040,-7.87401500
29.76240040,-8.66141700
29.76320040,-8.26771600
29.76400040,-10.23622000
29.76480040,-12.20472000
29.76560040,-13.77953000
29.76640040,-13.77953000
29.76720040,-12.99213000
29.76800040,-12.59842000
29.76880040,-12.59842000
29.76960040,-11.81102000
29.77040040,-11.02362000
29.77120040,-9.84251900
29.77200040,-9.05511800
29.77280040,-7.87401500
29.77360040,-7.08661400
29.77440040,-7.87401500
29.77520040,-9.44881800
29.77600040,-11.02362000
29.77680040,-11.81102000
29.77760040,-10.62992000
29.77840040,-9.44881800
29.77920040,-7.87401500
29.78000040,-6.29921200
29.78080040,-3.54330700
29.78160040,-1.57480300
29.78240040,-0.39370070
29.78320040,0.78740150
29.78400040,0.78740150
29.78480040,0.78740150
29.78560040,0.00000000
29.78640040,-0.39370070
29.78720040,-1.18110200
29.78800040,0.00000000
29.78880040,0.78740150
29.78960040,1.57480300
29.79040040,2.75590500
29.79120040,4.33070900
29.79200040,5.90551100
29.79280040,7.87401500
29.79360040,8.66141700
29.79440040,9.84251900
29.79520040,9.84251900
29.79600040,10.23622000
29.79680040,10.23622000
29.79760040,10.62992000
29.79840040,10.62992000
29.79920040,11.02362000
29.80000040,11.81102000
29.80080040,12.59842000
29.80160040,12.99213000
29.80240040,13.77953000
29.80320040,14.17323000
29.80400040,13.77953000
29.80480040,12.99213000
29.80560040,11.41732000
29.80640040,11.02362000
29.80720040,11.41732000
29.80800040,12.20472000
29.80880040,12.59842000
29.80960040,12.99213000
29.81040040,12.20472000
29.81120040,10.62992000
29.81200040,10.23622000
29.81280040,8.66141700
29.81360040,7.48031400
29.81440040,6.29921200
29.81520040,3.93700800
29.81600040,1.96850400
29.81680040,0.78740150
29.81760040,0.00000000
29.81840040,0.00000000
29.81920040,0.78740150
29.82000040,1.57480300
29.82080040,1.57480300
29.82160040,0.39370070
29.82240040,-0.78740150
29.82320040,-1.96850400
29.82400040,-2.36220500
29.82480040,-3.93700800
29.82560040,-5.51181100
29.82640040,-7.08661400
29.82720040,-8.66141700
29.82800040,-8.66141700
29.82880040,-7.87401500
29.82960040,-6.29921200
29.83040040,-5.11811000
29.83120040,-4.33070900
29.83200040,-5.51181100
29.83280040,-6.29921200
29.83360040,-7.48031400
29.83440040,-8.26771600
29.83520040,-9.05511800
29.83600040,-9.05511800
29.83680040,-9.05511800
29.83760040,-9.84251900
29.83840040,-9.84251900
29.83920040,-9.05511800
29.84000040,-7.48031400
29.84080040,-6.29921200
29.84160040,-5.11811000
29.84240040,-5.51181100
29.84320040,-5.90551100
29.84400040,-7.48031400
29.84480040,-9.05511800
29.84560040,-9.84251900
29.84640040,-10.23622000
29.84720040,-10.62992000
29.84800040,-10.23622000
29.84880040,-9.44881800
29.84960040,-8.26771600
29.85040040,-6.29921200
29.85120040,-3.93700800
29.85200040,-3.14960600
29.85280040,-2.36220500
29.85360040,-2.75590500
29.85440040,-3.93700800
29.85520040,-4.72440900
29.85600040,-5.11811000
29.85680040,-5.11811000
29.85760040,-3.93700800
29.85840040,-3.14960600
29.85920040,-1.57480300
29.86000040,-0.39370070
29.86080040,0.39370070
29.86160040,1.57480300
29.86240040,2.75590500
29.86320040,3.54330700
29.86400040,4.33070900
29.86480040,4.72440900
29.86560040,3.93700800
29.86640040,3.54330700
29.86720040,3.93700800
29.86800040,4.33070900
29.86880040,5.11811000
29.86960040,6.69291300
29.87040040,7.08661400
29.87120040,6.69291300
29.87200040,7.08661400
29.87280040,6.69291300
29.87360040,7.08661400
29.87440040,7.48031400
29.87520040,7.87401500
29.87600040,7.87401500
29.87680040,8.26771600
29.87760040,7.87401500
29.87840040,7.48031400
29.87920040,7.48031400
29.88000040,8.66141700
29.88080040,9.05511800
29.88160040,9.44881800
29.88240040,9.05511800
29.88320040,8.26771600
29.88400040,7.48031400
29.88480040,7.87401500
29.88560040,7.87401500
29.88640040,7.87401500
29.88720040,7.48031400
29.88800040,5.90551100
29.88880040,5.11811000
29.88960040,4.72440900
29.89040040,4.33070900
29.89120040,4.72440900
29.89200040,4.72440900
29.89280040,5.11811000
29.89360040,4.72440900
29.89440040,3.93700800
29.89520040,2.75590500
29.89600040,2.75590500
29.89680040,1.96850400
29.89760040,1.18110200
29.89840040,-0.78740150
29.89920040,-1.96850400
29.90000040,-3.54330700
29.90080040,-5.11811000
29.90160040,-5.51181100
29.90240040,-5.11811000
29.90320040,-4.33070900
29.90400040,-3.14960600
29.90480040,-3.54330700
29.90560040,-3.93700800
29.90640040,-3.93700800
29.90720040,-5.11811000
29.90800040,-5.11811000
29.90880040,-5.51181100
29.90960040,-6.69291300
29.91040040,-7.48031400
29.91120040,-8.66141700
29.91200040,-9.05511800
29.91280040,-8.66141700
29.91360040,-7.08661400
29.91440040,-5.90551100
29.91520040,-4.72440900
29.91600040,-4.33070900
29.91680040,-5.51181100
29.91760040,-5.51181100
29.91840040,-5.90551100
29.91920040,-5.90551100
29.92000040,-5.90551100
29.92080040,-5.90551100
29.92160040,-5.90551100
29.92240040,-6.29921200
29.92320040,-5.90551100
29.92400040,-5.11811000
29.92480040,-3.93700800
29.92560040,-3.14960600
29.92640040,-2.75590500
29.92720040,-3.54330700
29.92800040,-3.93700800
29.92880040,-4.33070900
29.92960040,-3.54330700
29.93040040,-2.75590500
29.93120040,-1.96850400
29.93200040,-1.18110200
29.93280040,-0.78740150
29.93360040,-0.39370070
29.93440040,0.00000000
29.93520040,0.78740150
29.93600040,1.18110200
29.93680040,2.36220500
29.93760040,2.36220500
29.93840040,1.96850400
29.93920040,1.57480300
29.94000040,1.18110200
29.94080040,1.96850400
29.94160040,3.54330700
29.94240040,4.33070900
29.94320040,4.33070900
29.94400040,4.33070900
29.94480040,3.93700800
29.94560040,3.54330700
29.94640040,4.33070900
29.94720040,5.11811000
29.94800040,5.90551100
29.94880040,5.90551100
29.94960040,5.90551100
29.95040040,5.90551100
29.95120040,5.90551100
29.95200040,7.48031400
29.95280040,7.87401500
29.95360040,7.87401500
29.95440040,7.48031400
29.95520040,5.90551100
29.95600040,4.72440900
29.95680040,4.33070900
29.95760040,4.72440900
29.95840040,5.51181100
29.95920040,6.29921200
29.96000040,7.08661400
29.96080040,7.08661400
29.96160040,7.08661400
29.96240040,7.08661400
29.96320040,7.48031400
29.96400040,7.08661400
29.96480040,5.90551100
29.96560040,4.72440900
29.96640040,3.14960600
29.96720040,1.57480300
29.96800040,1.57480300
29.96880040,1.18110200
29.96960040,1.96850400
29.97040040,2.36220500
29.97120040,2.75590500
29.97200040,2.36220500
29.97280040,1.96850400
29.97360040,1.57480300
29.97440040,0.39370070
29.97520040,0.00000000
29.97600040,-0.78740150
29.97680040,-1.18110200
29.97760040,-1.96850400
29.97840040,-3.54330700
29.97920040,-4.33070900
29.98000040,-3.93700800
29.98080040,-3.93700800
29.98160040,-3.54330700
29.98240040,-3.54330700
29.98320040,-3.93700800
29.98400040,-5.51181100
29.98480040,-6.29921200
29.98560040,-6.29921200
29.98640040,-6.69291300
29.98720040,-5.90551100
29.98800040,-5.90551100
29.98880040,-7.08661400
29.98960040,-7.08661400
29.99040040,-7.48031400
29.99120040,-7.08661400
29.99200040,-6.69291300
29.99280040,-5.51181100
29.99360040,-5.11811000
29.99440040,-5.90551100
29.99520040,-5.90551100
29.99600040,-7.08661400
29.99680040,-7.08661400
29.99760040,-5.51181100
29.99840040,-4.72440900
29.99920040,-4.72440900
30.00000040,-5.51181100
30.00080040,-6.29921200
30.00160040,-5.90551100
30.00240040,-4.72440900
30.00320040,-3.93700800
30.00400040,-2.36220500
30.00480040,-1.18110200
30.00560040,-1.57480300
30.00640040,-1.18110200
30.00720040,-1.18110200
30.00800040,0.00000000
30.00880040,0.39370070
30.00960040,1.18110200
30.01040040,0.78740150
30.01120040,0.00000000
30.01200040,-0.78740150
30.01280040,-0.39370070
30.01360040,0.78740150
30.01440040,2.36220500
30.01520040,3.93700800
30.01600040,5.11811000
30.01680040,5.51181100
30.01760040,5.51181100
30.01840040,5.90551100
30.01920040,5.90551100
30.02000040,6.29921200
30.02080040,5.90551100
30.02160040,5.51181100
30.02240040,3.93700800
30.02320040,3.14960600
30.02400040,4.33070900
30.02480040,5.51181100
30.02560040,7.08661400
30.02640040,8.66141700
30.02720040,9.05511800
30.02800040,9.05511800
30.02880040,7.48031400
30.02960040,7.08661400
30.03040040,7.08661400
30.03120040,6.69291300
30.03200040,6.29921200
30.03280040,5.90551100
30.03360040,5.11811000
30.03440040,4.72440900
30.03520040,4.72440900
30.03600040,5.11811000
30.03680040,6.69291300
30.03760040,7.08661400
30.03840040,6.69291300
30.03920040,5.51181100
30.04000040,3.93700800
30.04080040,3.93700800
30.04160040,2.75590500
30.04240040,2.75590500
30.04320040,2.36220500
30.04400040,1.96850400
30.04480040,1.18110200
30.04560040,1.18110200
30.04640040,0.00000000
30.04720040,0.39370070
30.04800040,0.39370070
30.04880040,0.00000000
30.04960040,-0.39370070
30.05040040,-1.18110200
30.05120040,-1.57480300
30.05200040,-2.36220500
30.05280040,-3.54330700
30.05360040,-3.93700800
30.05440040,-3.93700800
30.05520040,-4.72440900
30.05600040,-5.90551100
30.05680040,-7.08661400
30.05760040,-7.08661400
30.05840040,-6.29921200
30.05920040,-5.51181100
30.06000040,-4.33070900
30.06080040,-3.93700800
30.06160040,-4.72440900
30.06240040,-6.29921200
30.06320040,-7.48031400
30.06400040,-7.87401500
30.06480040,-8.26771600
30.06560040,-8.26771600
30.06640040,-8.26771600
30.06720040,-8.26771600
30.06800040,-8.26771600
30.06880040,-8.26771600
30.06960040,-7.08661400
30.07040040,-5.51181100
30.07120040,-4.33070900
30.07200040,-3.54330700
30.07280040,-3.54330700
30.07360040,-4.33070900
30.07440040,-4.72440900
30.07520040,-4.72440900
30.07600040,-4.72440900
30.07680040,-5.11811000
30.07760040,-5.51181100
30.07840040,-6.29921200
30.07920040,-5.51181100
30.08000040,-3.93700800
30.08080040,-1.18110200
30.08160040,1.57480300
30.08240040,3.14960600
30.08320040,3.54330700
30.08400040,2.75590500
30.08480040,1.57480300
30.08560040,0.78740150
30.08640040,1.57480300
30.08720040,1.57480300
30.08800040,2.75590500
30.08880040,3.14960600
30.08960040,3.54330700
30.09040040,4.33070900
30.09120040,5.51181100
30.09200040,6.69291300
30.09280040,8.26771600
30.09360040,8.66141700
30.09440040,8.26771600
30.09520040,7.87401500
30.09600040,6.69291300
30.09680040,5.51181100
30.09760040,5.11811000
30.09840040,5.90551100
30.09920040,6.69291300
30.10000040,7.48031400
30.10080040,8.26771600
30.10160040,8.66141700
30.10240040,9.44881800
30.10320040,9.44881800
30.10400040,8.66141700
30.10480040,7.87401500
30.10560040,6.69291300
30.10640040,5.90551100
30.10720040,5.51181100
30.10800040,5.11811000
30.10880040,5.11811000
30.10960040,5.11811000
30.11040040,5.51181100
30.11120040,5.51181100
30.11200040,4.33070900
30.11280040,3.54330700
30.11360040,2.36220500
30.11440040,1.57480300
30.11520040,1.57480300
30.11600040,1.18110200
30.11680040,0.78740150
30.11760040,-0.39370070
30.11840040,-1.57480300
30.11920040,-2.36220500
30.12000040,-2.36220500
30.12080040,-1.96850400
30.12160040,-1.96850400
30.12240040,-2.36220500
30.12320040,-3.14960600
30.12400040,-4.33070900
30.12480040,-4.72440900
30.12560040,-4.72440900
30.12640040,-4.72440900
30.12720040,-5.11811000
30.12800040,-5.51181100
30.12880040,-5.90551100
30.12960040,-6.29921200
30.13040040,-6.69291300
30.13120040,-6.69291300
30.13200040,-7.48031400
30.13280040,-7.48031400
30.13360040,-7.08661400
30.13440040,-7.48031400
30.13520040,-7.87401500
30.13600040,-7.87401500
30.13680040,-6.69291300
30.13760040,-5.51181100
30.13840040,-4.72440900
30.13920040,-4.33070900
30.14000040,-4.72440900
30.14080040,-5.11811000
30.14160040,-5.11811000
30.14240040,-5.11811000
30.14320040,-5.11811000
30.14400040,-4.72440900
30.14480040,-4.72440900
30.14560040,-4.72440900
30.14640040,-3.93700800
30.14720040,-3.14960600
30.14800040,-1.57480300
30.14880040,-0.78740150
30.14960040,0.00000000
30.15040040,-0.39370070
30.15120040,0.00000000
30.15200040,-0.39370070
30.15280040,-0.39370070
30.15360040,0.39370070
30.15440040,0.39370070
30.15520040,0.78740150
30.15600040,1.96850400
30.15680040,2.75590500
30.15760040,3.14960600
30.15840040,3.54330700
30.15920040,3.54330700
30.16000040,4.33070900
30.16080040,3.93700800
30.16160040,3.93700800
30.16240040,3.54330700
30.16320040,3.93700800
30.16400040,5.11811000
30.16480040,5.11811000
30.16560040,5.11811000
30.16640040,5.11811000
30.16720040,5.11811000
30.16800040,5.11811000
30.16880040,5.11811000
30.16960040,5.11811000
30.17040040,4.72440900
30.17120040,5.11811000
30.17200040,5.11811000
30.17280040,5.51181100
30.17360040,4.72440900
30.17440040,4.72440900
30.17520040,3.93700800
30.17600040,3.93700800
30.17680040,3.54330700
30.17760040,3.93700800
30.17840040,3.93700800
30.17920040,3.54330700
30.18000040,2.75590500
30.18080040,2.36220500
30.18160040,2.36220500
30.18240040,3.14960600
30.18320040,3.54330700
30.18400040,3.93700800
30.18480040,3.14960600
30.18560040,1.96850400
30.18640040,0.78740150
30.18720040,-0.39370070
30.18800040,-1.18110200
30.18880040,-0.78740150
30.18960040,-0.39370070
30.19040040,-0.78740150
30.19120040,-1.57480300
30.19200040,-1.57480300
30.19280040,-1.18110200
30.19360040,-0.78740150
30.19440040,0.39370070
30.19520040,-0.39370070
30.19600040,-1.18110200
30.19680040,-2.36220500
30.19760040,-2.75590500
30.19840040,-3.14960600
30.19920040,-2.75590500
30.20000040,-2.36220500
30.20080040,-2.75590500
30.20160040,-3.14960600
30.20240040,-3.54330700
30.20320040,-3.14960600
30.20400040,-2.75590500
30.20480040,-2.36220500
30.20560040,-3.14960600
30.20640040,-3.54330700
30.20720040,-4.72440900
30.20800040,-5.11811000
30.20880040,-4.33070900
30.20960040,-3.14960600
30.21040040,-2.36220500
30.21120040,-1.96850400
30.21200040,-1.96850400
30.21280040,-2.36220500
30.21360040,-1.96850400
30.21440040,-1.96850400
30.21520040,-1.96850400
30.21600040,-1.96850400
30.21680040,-2.75590500
30.21760040,-3.54330700
30.21840040,-3.93700800
30.21920040,-3.14960600
30.22000040,-1.96850400
30.22080040,-0.39370070
30.22160040,0.39370070
30.22240040,0.78740150
30.22320040,0.39370070
30.22400040,-0.78740150
30.22480040,-1.18110200
30.22560040,-0.78740150
30.22640040,-1.57480300
30.22720040,-1.57480300
30.22800040,-1.18110200
30.22880040,-0.78740150
30.22960040,-0.39370070
30.23040040,0.39370070
30.23120040,0.78740150
30.23200040,1.18110200
30.23280040,0.78740150
30.23360040,0.78740150
30.23440040,0.78740150
30.23520040,1.18110200
30.23600040,1.18110200
30.23680040,1.18110200
30.23760040,1.96850400
30.23840040,2.36220500
30.23920040,2.36220500
30.24000040,2.36220500
30.24080040,2.36220500
30.24160040,1.57480300
30.24240040,0.78740150
30.24320040,0.39370070
30.24400040,0.39370070
30.24480040,1.18110200
30.24560040,1.57480300
30.24640040,1.96850400
30.24720040,2.75590500
30.24800040,2.75590500
30.24880040,3.54330700
30.24960040,3.54330700
30.25040040,4.33070900
30.25120040,4.72440900
30.25200040,3.93700800
30.25280040,2.75590500
30.25360040,1.18110200
30.25440040,0.78740150
30.25520040,0.39370070
30.25600040,1.57480300
30.25680040,2.36220500
30.25760040,3.54330700
30.25840040,3.54330700
30.25920040,3.93700800
30.26000040,3.93700800
30.26080040,3.54330700
30.26160040,3.54330700
30.26240040,2.75590500
30.26320040,1.57480300
30.26400040,0.00000000
30.26480040,-0.78740150
30.26560040,-0.78740150
30.26640040,0.39370070
30.26720040,1.18110200
30.26800040,1.96850400
30.26880040,2.75590500
30.26960040,3.14960600
30.27040040,3.14960600
30.27120040,2.75590500
30.27200040,1.96850400
30.27280040,0.39370070
30.27360040,-0.78740150
30.27440040,-1.96850400
30.27520040,-2.75590500
30.27600040,-2.36220500
30.27680040,-1.18110200
30.27760040,-0.39370070
30.27840040,0.00000000
30.27920040,0.00000000
30.28000040,-0.39370070
30.28080040,-1.18110200
30.28160040,-1.96850400
30.28240040,-2.36220500
30.28320040,-3.14960600
30.28400040,-3.54330700
30.28480040,-3.93700800
30.28560040,-3.93700800
30.28640040,-3.14960600
30.28720040,-3.14960600
30.28800040,-3.14960600
30.28880040,-2.75590500
30.28960040,-2.36220500
30.29040040,-2.36220500
30.29120040,-2.36220500
30.29200040,-3.14960600
30.29280040,-3.93700800
30.29360040,-4.33070900
30.29440040,-4.33070900
30.29520040,-3.93700800
30.29600040,-3.14960600
30.29680040,-2.75590500
30.29760040,-2.36220500
30.29840040,-2.36220500
30.29920040,-3.14960600
30.30000040,-3.54330700
30.30080040,-3.54330700
30.30160040,-3.93700800
30.30240040,-3.14960600
30.30320040,-2.75590500
30.30400040,-3.14960600
30.30480040,-1.96850400
30.30560040,-0.78740150
30.30640040,0.39370070
30.30720040,1.18110200
30.30800040,1.57480300
30.30880040,1.18110200
30.30960040,1.18110200
30.31040040,0.39370070
30.31120040,0.00000000
30.31200040,0.00000000
30.31280040,0.78740150
30.31360040,1.18110200
30.31440040,1.18110200
30.31520040,1.57480300
30.31600040,1.96850400
30.31680040,2.36220500
30.31760040,3.14960600
30.31840040,2.75590500
30.31920040,2.75590500
30.32000040,2.75590500
30.32080040,3.14960600
30.32160040,3.54330700
30.32240040,4.72440900
30.32320040,4.72440900
30.32400040,5.11811000
30.32480040,5.11811000
30.32560040,4.72440900
30.32640040,3.93700800
30.32720040,2.75590500
30.32800040,2.75590500
30.32880040,2.75590500
30.32960040,2.75590500
30.33040040,2.75590500
30.33120040,4.33070900
30.33200040,4.72440900
30.33280040,5.90551100
30.33360040,6.69291300
30.33440041,6.69291300
30.33520041,5.51181100
30.33600041,3.93700800
30.33680041,2.36220500
30.33760041,0.78740150
30.33840041,0.39370070
30.33920041,0.00000000
30.34000041,0.39370070
30.34080041,1.18110200
30.34160041,1.57480300
30.34240041,2.36220500
30.34320041,3.54330700
30.34400041,3.93700800
30.34480041,2.36220500
30.34560041,1.57480300
30.34640041,0.39370070
30.34720041,-1.96850400
30.34800041,-3.54330700
30.34880041,-4.33070900
30.34960041,-5.11811000
30.35040041,-3.93700800
30.35120041,-2.75590500
30.35200041,-1.18110200
30.35280041,0.00000000
30.35360041,0.39370070
30.35440041,-0.39370070
30.35520041,-1.57480300
30.35600041,-2.75590500
30.35680041,-4.33070900
30.35760041,-5.51181100
30.35840041,-6.29921200
30.35920041,-6.69291300
30.36000041,-7.08661400
30.36080041,-6.29921200
30.36160041,-5.11811000
30.36240041,-3.54330700
30.36320041,-1.96850400
30.36400041,-1.18110200
30.36480041,-1.18110200
30.36560041,-1.96850400
30.36640041,-3.54330700
30.36720041,-5.11811000
30.36800041,-5.90551100
30.36880041,-6.29921200
30.36960041,-5.51181100
30.37040041,-4.72440900
30.37120041,-4.33070900
30.37200041,-3.14960600
30.37280041,-1.57480300
30.37360041,-0.39370070
30.37440041,0.78740150
30.37520041,0.78740150
30.37600041,-0.78740150
30.37680041,-1.96850400
30.37760041,-2.36220500
30.37840041,-2.36220500
30.37920041,-2.36220500
30.38000041,-1.96850400
30.38080041,-1.57480300
30.38160041,-1.18110200
30.38240041,0.00000000
30.38320041,0.78740150
30.38400041,1.57480300
30.38480041,2.36220500
30.38560041,2.75590500
30.38640041,3.14960600
30.38720041,3.14960600
30.38800041,2.36220500
30.38880041,2.36220500
30.38960041,2.75590500
30.39040041,2.36220500
30.39120041,2.75590500
30.39200041,2.75590500
30.39280041,2.75590500
30.39360041,3.14960600
30.39440041,3.93700800
30.39520041,5.11811000
30.39600041,4.72440900
30.39680041,4.72440900
30.39760041,3.93700800
30.39840041,3.14960600
30.39920041,3.54330700
30.40000041,3.14960600
30.40080041,2.75590500
30.40160041,3.14960600
30.40240041,3.14960600
30.40320041,3.14960600
30.40400041,3.54330700
30.40480041,3.93700800
30.40560041,3.54330700
30.40640041,3.93700800
30.40720041,2.75590500
30.40800041,2.36220500
30.40880041,2.75590500
30.40960041,2.36220500
30.41040041,2.36220500
30.41120041,1.57480300
30.41200041,1.18110200
30.41280041,1.18110200
30.41360041,1.18110200
30.41440041,1.18110200
30.41520041,1.18110200
30.41600041,1.57480300
30.41680041,1.18110200
30.41760041,0.78740150
30.41840041,0.39370070
30.41920041,0.00000000
30.42000041,-0.39370070
30.42080041,-0.78740150
30.42160041,-1.96850400
30.42240041,-2.75590500
30.42320041,-2.75590500
30.42400041,-2.36220500
30.42480041,-1.18110200
30.42560041,0.00000000
30.42640041,0.00000000
30.42720041,-0.78740150
30.42800041,-1.96850400
30.42880041,-2.75590500
30.42960041,-2.36220500
30.43040041,-2.75590500
30.43120041,-3.54330700
30.43200041,-4.33070900
30.43280041,-4.72440900
30.43360041,-4.72440900
30.43440041,-3.93700800
30.43520041,-2.75590500
30.43600041,-1.57480300
30.43680041,-1.57480300
30.43760041,-1.96850400
30.43840041,-2.75590500
30.43920041,-3.54330700
30.44000041,-4.33070900
30.44080041,-3.54330700
30.44160041,-3.54330700
30.44240041,-2.75590500
30.44320041,-2.75590500
30.44400041,-2.75590500
30.44480041,-2.36220500
30.44560041,-1.57480300
30.44640041,-1.18110200
30.44720041,-1.18110200
30.44800041,-1.18110200
30.44880041,-1.57480300
30.44960041,-1.96850400
30.45040041,-2.36220500
30.45120041,-1.96850400
30.45200041,-1.57480300
30.45280041,-1.57480300
30.45360041,-1.57480300
30.45440041,-0.78740150
30.45520041,0.00000000
30.45600041,0.78740150
30.45680041,1.18110200
30.45760041,1.18110200
30.45840041,0.39370070
30.45920041,-0.39370070
30.46000041,-0.39370070
30.46080041,0.00000000
30.46160041,0.78740150
30.46240041,1.57480300
30.46320041,1.57480300
30.46400041,2.36220500
30.46480041,2.36220500
30.46560041,2.36220500
30.46640041,3.14960600
30.46720041,3.14960600
30.46800041,2.75590500
30.46880041,2.75590500
30.46960041,1.57480300
30.47040041,1.96850400
30.47120041,1.96850400
30.47200041,2.36220500
30.47280041,2.36220500
30.47360041,3.14960600
30.47440041,3.14960600
30.47520041,2.75590500
30.47600041,2.75590500
30.47680041,2.75590500
30.47760041,3.14960600
30.47840041,3.14960600
30.47920041,1.96850400
30.48000041,1.96850400
30.48080041,1.96850400
30.48160041,2.36220500
30.48240041,2.75590500
30.48320041,3.14960600
30.48400041,2.75590500
30.48480041,1.96850400
30.48560041,1.96850400
30.48640041,1.18110200
30.48720041,1.18110200
30.48800041,1.18110200
30.48880041,0.78740150
30.48960041,0.78740150
30.49040041,0.78740150
30.49120041,1.18110200
30.49200041,1.57480300
30.49280041,1.18110200
30.49360041,0.78740150
30.49440041,0.39370070
30.49520041,-0.39370070
30.49600041,-1.18110200
30.49680041,-0.78740150
30.49760041,-0.78740150
30.49840041,-1.18110200
30.49920041,-1.18110200
30.50000041,-1.18110200
30.50080041,-1.18110200
30.50160041,-0.78740150
30.50240041,-0.39370070
30.50320041,-1.18110200
30.50400041,-1.57480300
30.50480041,-1.96850400
30.50560041,-2.36220500
30.50640041,-2.75590500
30.50720041,-2.36220500
30.50800041,-1.96850400
30.50880041,-1.96850400
30.50960041,-1.96850400
30.51040041,-1.96850400
30.51120041,-2.75590500
30.51200041,-2.36220500
30.51280041,-1.96850400
30.51360041,-2.36220500
30.51440041,-2.75590500
30.51520041,-3.93700800
30.51600041,-4.33070900
30.51680041,-3.93700800
30.51760041,-3.14960600
30.51840041,-1.96850400
30.51920041,-1.18110200
30.52000041,-1.57480300
30.52080041,-1.18110200
30.52160041,-1.57480300
30.52240041,-1.18110200
30.52320041,-1.18110200
30.52400041,-1.57480300
30.52480041,-2.36220500
30.52560041,-2.36220500
30.52640041,-2.75590500
30.52720041,-2.75590500
30.52800041,-1.96850400
30.52880041,-1.18110200
30.52960041,-0.78740150
30.53040041,-0.78740150
30.53120041,-0.39370070
30.53200041,-0.39370070
30.53280041,-0.39370070
30.53360041,0.39370070
30.53440041,0.39370070
30.53520041,0.39370070
30.53600041,0.39370070
30.53680041,0.00000000
30.53760041,0.39370070
30.53840041,0.78740150
30.53920041,1.57480300
30.54000041,1.57480300
30.54080041,1.57480300
30.54160041,1.18110200
30.54240041,0.78740150
30.54320041,1.96850400
30.54400041,1.96850400
30.54480041,2.36220500
30.54560041,2.75590500
30.54640041,2.36220500
30.54720041,2.75590500
30.54800041,2.75590500
30.54880041,3.54330700
30.54960041,3.54330700
30.55040041,3.54330700
30.55120041,3.54330700
30.55200041,2.75590500
30.55280041,3.14960600
30.55360041,3.14960600
30.55440041,3.14960600
30.55520041,3.54330700
30.55600041,3.54330700
30.55680041,3.54330700
30.55760041,3.14960600
30.55840041,3.14960600
30.55920041,2.75590500
30.56000041,2.36220500
30.56080041,1.96850400
30.56160041,1.96850400
30.56240041,1.57480300
30.56320041,2.36220500
30.56400041,2.36220500
30.56480041,2.75590500
30.56560041,1.96850400
30.56640041,1.18110200
30.56720041,0.39370070
30.56800041,-0.39370070
30.56880041,-0.78740150
30.56960041,-0.78740150
30.57040041,-1.18110200
30.57120041,-1.18110200
30.57200041,-1.18110200
30.57280041,-1.96850400
30.57360041,-0.78740150
30.57440041,-0.39370070
30.57520041,-0.78740150
30.57600041,-1.18110200
30.57680041,-1.96850400
30.57760041,-2.75590500
30.57840041,-3.54330700
30.57920041,-3.54330700
30.58000041,-3.93700800
30.58080041,-4.72440900
30.58160041,-5.11811000
30.58240041,-4.33070900
30.58320041,-3.54330700
30.58400041,-2.75590500
30.58480041,-2.75590500
30.58560041,-2.36220500
30.58640041,-2.75590500
30.58720041,-3.54330700
30.58800041,-4.33070900
30.58880041,-5.11811000
30.58960041,-5.11811000
30.59040041,-4.72440900
30.59120041,-3.93700800
30.59200041,-3.54330700
30.59280041,-3.14960600
30.59360041,-2.75590500
30.59440041,-2.36220500
30.59520041,-1.57480300
30.59600041,-1.18110200
30.59680041,-1.57480300
30.59760041,-3.14960600
30.59840041,-3.54330700
30.59920041,-3.54330700
30.60000041,-3.14960600
30.60080041,-1.57480300
30.60160041,-0.78740150
30.60240041,0.00000000
30.60320041,0.78740150
30.60400041,1.57480300
30.60480041,2.36220500
30.60560041,2.75590500
30.60640041,2.36220500
30.60720041,1.57480300
30.60800041,0.00000000
30.60880041,-0.78740150
30.60960041,0.00000000
30.61040041,1.18110200
30.61120041,3.14960600
30.61200041,3.93700800
30.61280041,5.11811000
30.61360041,5.51181100
30.61440041,5.51181100
30.61520041,5.11811000
30.61600041,4.72440900
30.61680041,3.93700800
30.61760041,3.54330700
30.61840041,2.75590500
30.61920041,1.96850400
30.62000041,2.36220500
30.62080041,3.54330700
30.62160041,3.93700800
30.62240041,4.72440900
30.62320041,5.11811000
30.62400041,4.72440900
30.62480041,4.72440900
30.62560041,4.33070900
30.62640041,4.72440900
30.62720041,3.93700800
30.62800041,2.75590500
30.62880041,2.36220500
30.62960041,2.36220500
30.63040041,2.36220500
30.63120041,2.36220500
30.63200041,2.75590500
30.63280041,2.75590500
30.63360041,2.36220500
30.63440041,2.36220500
30.63520041,2.36220500
30.63600041,1.96850400
30.63680041,1.57480300
30.63760041,0.39370070
30.63840041,-0.39370070
30.63920041,-0.39370070
30.64000041,-0.39370070
30.64080041,-0.39370070
30.64160041,-0.39370070
30.64240041,-1.18110200
30.64320041,-1.57480300
30.64400041,-1.96850400
30.64480041,-2.36220500
30.64560041,-2.75590500
30.64640041,-3.14960600
30.64720041,-3.14960600
30.64800041,-3.54330700
30.64880041,-3.93700800
30.64960041,-3.54330700
30.65040041,-3.14960600
30.65120041,-2.36220500
30.65200041,-1.96850400
30.65280041,-2.75590500
30.65360041,-3.54330700
30.65440041,-4.33070900
30.65520041,-4.72440900
30.65600041,-5.11811000
30.65680041,-5.11811000
30.65760041,-5.51181100
30.65840041,-5.11811000
30.65920041,-5.11811000
30.66000041,-4.72440900
30.66080041,-3.14960600
30.66160041,-1.57480300
30.66240041,-0.78740150
30.66320041,-0.78740150
30.66400041,-1.57480300
30.66480041,-2.36220500
30.66560041,-3.14960600
30.66640041,-3.54330700
30.66720041,-3.93700800
30.66800041,-3.93700800
30.66880041,-3.54330700
30.66960041,-3.54330700
30.67040041,-2.36220500
30.67120041,-1.57480300
30.67200041,-0.39370070
30.67280041,0.39370070
30.67360041,1.18110200
30.67440041,1.18110200
30.67520041,0.78740150
30.67600041,0.78740150
30.67680041,0.39370070
30.67760041,0.39370070
30.67840041,0.78740150
30.67920041,0.78740150
30.68000041,0.78740150
30.68080041,1.18110200
30.68160041,0.78740150
30.68240041,2.75590500
30.68320041,3.14960600
30.68400041,3.54330700
30.68480041,3.54330700
30.68560041,3.54330700
30.68640041,3.14960600
30.68720041,2.36220500
30.68800041,2.36220500
30.68880041,1.18110200
30.68960041,1.96850400
30.69040041,2.36220500
30.69120041,2.75590500
30.69200041,3.54330700
30.69280041,3.93700800
30.69360041,3.93700800
30.69440041,4.72440900
30.69520041,4.72440900
30.69600041,4.72440900
30.69680041,4.33070900
30.69760041,4.33070900
30.69840041,3.14960600
30.69920041,1.96850400
30.70000041,1.57480300
30.70080041,0.39370070
30.70160041,0.78740150
30.70240041,1.18110200
30.70320041,1.96850400
30.70400041,2.75590500
30.70480041,3.54330700
30.70560041,3.54330700
30.70640041,3.93700800
30.70720041,3.93700800
30.70800041,3.14960600
30.70880041,2.36220500
30.70960041,0.78740150
30.71040041,-0.39370070
30.71120041,-1.18110200
30.71200041,-0.39370070
30.71280041,0.00000000
30.71360041,1.57480300
30.71440041,1.96850400
30.71520041,1.57480300
30.71600041,1.57480300
30.71680041,0.78740150
30.71760041,0.78740150
30.71840041,0.00000000
30.71920041,-0.39370070
30.72000041,-1.57480300
30.72080041,-2.75590500
30.72160041,-3.14960600
30.72240041,-3.14960600
30.72320041,-2.36220500
30.72400041,-1.57480300
30.72480041,-0.78740150
30.72560041,-1.18110200
30.72640041,-1.18110200
30.72720041,-1.57480300
30.72800041,-1.57480300
30.72880041,-1.96850400
30.72960041,-2.36220500
30.73040041,-2.75590500
30.73120041,-3.14960600
30.73200041,-3.54330700
30.73280041,-3.93700800
30.73360041,-2.75590500
30.73440041,-2.75590500
30.73520041,-1.96850400
30.73600041,-2.36220500
30.73680041,-2.75590500
30.73760041,-2.75590500
30.73840041,-2.75590500
30.73920041,-1.96850400
30.74000041,-1.96850400
30.74080041,-2.36220500
30.74160041,-3.14960600
30.74240041,-3.54330700
30.74320041,-3.54330700
30.74400041,-3.54330700
30.74480041,-2.75590500
30.74560041,-1.96850400
30.74640041,-1.96850400
30.74720041,-1.96850400
30.74800041,-2.36220500
30.74880041,-2.75590500
30.74960041,-1.96850400
30.75040041,-1.18110200
30.75120041,-0.78740150
30.75200041,-0.78740150
30.75280041,-0.78740150
30.75360041,-0.78740150
30.75440041,-1.18110200
30.75520041,-1.18110200
30.75600041,-1.18110200
30.75680041,-1.57480300
30.75760041,-1.57480300
30.75840041,-1.18110200
30.75920041,0.39370070
30.76000041,1.57480300
30.76080041,2.36220500
30.76160041,3.14960600
30.76240041,3.14960600
30.76320041,3.14960600
30.76400041,2.36220500
30.76480041,1.96850400
30.76560041,0.78740150
30.76640041,0.39370070
30.76720041,0.78740150
30.76800041,1.57480300
30.76880041,2.75590500
30.76960041,3.93700800
30.77040041,5.11811000
30.77120041,5.90551100
30.77200041,6.29921200
30.77280041,6.29921200
30.77360041,6.29921200
30.77440041,5.11811000
30.77520041,4.72440900
30.77600041,4.72440900
30.77680041,3.93700800
30.77760041,3.54330700
30.77840041,3.14960600
30.77920041,3.93700800
30.78000041,5.11811000
30.78080041,6.29921200
30.78160041,6.69291300
30.78240041,7.08661400
30.78320041,7.08661400
30.78400041,6.69291300
30.78480041,5.51181100
30.78560041,5.51181100
30.78640041,3.93700800
30.78720041,1.96850400
30.78800041,1.18110200
30.78880041,0.78740150
30.78960041,1.18110200
30.79040041,1.57480300
30.79120041,2.36220500
30.79200041,1.96850400
30.79280041,1.57480300
30.79360041,1.18110200
30.79440041,1.18110200
30.79520041,1.18110200
30.79600041,0.78740150
30.79680041,-0.39370070
30.79760041,-1.96850400
30.79840041,-2.75590500
30.79920041,-4.33070900
30.80000041,-4.72440900
30.80080041,-3.93700800
30.80160041,-4.33070900
30.80240041,-4.72440900
30.80320041,-4.33070900
30.80400041,-4.33070900
30.80480041,-3.93700800
30.80560041,-3.93700800
30.80640041,-3.14960600
30.80720041,-3.93700800
30.80800041,-5.11811000
30.80880041,-5.90551100
30.80960041,-7.08661400
30.81040041,-7.48031400
30.81120041,-7.48031400
30.81200041,-7.48031400
30.81280041,-6.69291300
30.81360041,-6.29921200
30.81440041,-5.90551100
30.81520041,-5.11811000
30.81600041,-4.33070900
30.81680041,-3.93700800
30.81760041,-3.93700800
30.81840041,-4.33070900
30.81920041,-5.51181100
30.82000041,-5.51181100
30.82080041,-5.51181100
30.82160041,-4.72440900
30.82240041,-3.93700800
30.82320041,-3.54330700
30.82400041,-2.75590500
30.82480041,-1.18110200
30.82560041,0.00000000
30.82640041,1.18110200
30.82720041,1.57480300
30.82800041,1.18110200
30.82880041,0.78740150
30.82960041,0.39370070
30.83040041,0.39370070
30.83120041,0.78740150
30.83200041,1.96850400
30.83280041,2.75590500
30.83360041,3.93700800
30.83440041,5.11811000
30.83520041,5.11811000
30.83600041,5.51181100
30.83680041,5.90551100
30.83760041,5.51181100
30.83840041,5.11811000
30.83920041,4.33070900
30.84000041,3.54330700
30.84080041,3.54330700
30.84160041,4.33070900
30.84240041,5.51181100
30.84320041,6.29921200
30.84400041,7.08661400
30.84480041,7.48031400
30.84560041,7.87401500
30.84640041,7.48031400
30.84720041,6.69291300
30.84800041,5.90551100
30.84880041,5.11811000
30.84960041,3.93700800
30.85040041,3.54330700
30.85120041,3.93700800
30.85200041,4.72440900
30.85280041,5.11811000
30.85360041,5.90551100
30.85440041,5.51181100
30.85520041,5.11811000
30.85600041,5.11811000
30.85680041,4.33070900
30.85760041,3.54330700
30.85840041,1.57480300
30.85920041,0.39370070
30.86000041,-0.39370070
30.86080041,-0.78740150
30.86160041,0.00000000
30.86240041,0.39370070
30.86320041,0.78740150
30.86400041,0.39370070
30.86480041,0.39370070
30.86560041,0.00000000
30.86640041,-0.78740150
30.86720041,-1.18110200
30.86800041,-1.96850400
30.86880041,-3.14960600
30.86960041,-3.93700800
30.87040041,-4.72440900
30.87120041,-4.72440900
30.87200041,-4.33070900
30.87280041,-3.54330700
30.87360041,-2.36220500
30.87440041,-3.14960600
30.87520041,-3.14960600
30.87600041,-3.93700800
30.87680041,-4.33070900
30.87760041,-4.33070900
30.87840041,-4.33070900
30.87920041,-5.11811000
30.88000041,-4.72440900
30.88080041,-5.51181100
30.88160041,-5.11811000
30.88240041,-4.33070900
30.88320041,-3.54330700
30.88400041,-3.54330700
30.88480041,-3.14960600
30.88560041,-3.54330700
30.88640041,-4.33070900
30.88720041,-4.33070900
30.88800041,-4.33070900
30.88880041,-3.93700800
30.88960041,-3.14960600
30.89040041,-3.54330700
30.89120041,-3.14960600
30.89200041,-2.75590500
30.89280041,-1.96850400
30.89360041,-1.18110200
30.89440041,0.00000000
30.89520041,0.00000000
30.89600041,-0.39370070
30.89680041,-0.78740150
30.89760041,-1.18110200
30.89840041,-0.78740150
30.89920041,-0.39370070
30.90000041,-0.39370070
30.90080041,0.00000000
30.90160041,0.39370070
30.90240041,0.39370070
30.90320041,1.18110200
30.90400041,2.36220500
30.90480041,3.14960600
30.90560041,3.54330700
30.90640041,3.54330700
30.90720041,3.14960600
30.90800041,2.75590500
30.90880041,2.75590500
30.90960041,2.75590500
30.91040041,2.36220500
30.91120041,2.36220500
30.91200041,1.96850400
30.91280041,2.36220500
30.91360041,2.75590500
30.91440041,3.93700800
30.91520041,4.72440900
30.91600041,5.11811000
30.91680041,5.11811000
30.91760041,4.72440900
30.91840041,3.93700800
30.91920041,3.54330700
30.92000041,2.75590500
30.92080041,3.14960600
30.92160041,2.75590500
30.92240041,2.75590500
30.92320041,3.54330700
30.92400041,3.54330700
30.92480041,3.93700800
30.92560041,4.72440900
30.92640041,4.33070900
30.92720041,3.93700800
30.92800041,3.54330700
30.92880041,3.54330700
30.92960041,3.14960600
30.93040041,2.36220500
30.93120041,1.57480300
30.93200041,0.39370070
30.93280041,0.39370070
30.93360041,0.78740150
30.93440041,1.57480300
30.93520041,2.36220500
30.93600041,2.75590500
30.93680041,2.36220500
30.93760041,1.96850400
30.93840041,1.57480300
30.93920041,0.78740150
30.94000041,0.39370070
30.94080041,-1.18110200
30.94160041,-2.36220500
30.94240041,-2.75590500
30.94320041,-2.75590500
30.94400041,-1.96850400
30.94480041,-0.39370070
30.94560041,0.39370070
30.94640041,0.78740150
30.94720041,0.39370070
30.94800041,0.00000000
30.94880041,-0.78740150
30.94960041,-1.57480300
30.95040041,-2.36220500
30.95120041,-4.33070900
30.95200041,-5.51181100
30.95280041,-5.90551100
30.95360041,-5.90551100
30.95440041,-4.72440900
30.95520041,-3.54330700
30.95600041,-1.96850400
30.95680041,-1.18110200
30.95760041,-1.57480300
30.95840041,-2.36220500
30.95920041,-3.54330700
30.96000041,-3.93700800
30.96080041,-5.11811000
30.96160041,-5.90551100
30.96240041,-6.29921200
30.96320041,-6.69291300
30.96400041,-6.69291300
30.96480041,-5.11811000
30.96560041,-3.93700800
30.96640041,-1.96850400
30.96720041,-0.78740150
30.96800041,-1.18110200
30.96880041,-1.96850400
30.96960041,-2.36220500
30.97040041,-3.54330700
30.97120041,-3.93700800
30.97200041,-4.33070900
30.97280041,-4.72440900
30.97360041,-4.33070900
30.97440041,-3.54330700
30.97520041,-3.14960600
30.97600041,-1.57480300
30.97680041,-0.39370070
30.97760041,0.00000000
30.97840041,1.18110200
30.97920041,1.18110200
30.98000041,0.39370070
30.98080041,0.39370070
30.98160041,0.39370070
30.98240041,0.39370070
30.98320041,0.78740150
30.98400041,1.57480300
30.98480041,1.96850400
30.98560041,2.75590500
30.98640041,3.14960600
30.98720041,3.54330700
30.98800041,4.72440900
30.98880041,5.11811000
30.98960041,5.11811000
30.99040041,5.11811000
30.99120041,5.11811000
30.99200041,4.72440900
30.99280041,5.51181100
30.99360041,5.51181100
30.99440041,5.51181100
30.99520041,5.90551100
30.99600041,6.29921200
30.99680041,5.51181100
30.99760041,5.11811000
30.99840041,4.72440900
30.99920041,4.72440900
31.00000041,5.90551100
31.00080041,6.69291300
31.00160041,6.29921200
31.00240041,5.90551100
31.00320041,5.51181100
31.00400041,5.11811000
31.00480041,5.11811000
31.00560041,4.72440900
31.00640041,4.72440900
31.00720041,4.72440900
31.00800041,3.54330700
31.00880041,2.75590500
31.00960041,2.36220500
31.01040041,2.36220500
31.01120041,2.75590500
31.01200041,3.54330700
31.01280041,3.14960600
31.01360041,1.57480300
31.01440041,0.39370070
31.01520041,-0.78740150
31.01600041,-1.57480300
31.01680041,-1.96850400
31.01760041,-1.96850400
31.01840041,-2.36220500
31.01920041,-3.14960600
31.02000041,-3.54330700
31.02080041,-4.33070900
31.02160041,-3.93700800
31.02240041,-3.14960600
31.02320041,-3.14960600
31.02400041,-3.54330700
31.02480041,-4.72440900
31.02560041,-5.51181100
31.02640041,-5.90551100
31.02720041,-6.29921200
31.02800041,-6.69291300
31.02880041,-6.69291300
31.02960041,-6.69291300
31.03040041,-7.08661400
31.03120041,-6.29921200
31.03200041,-5.90551100
31.03280041,-5.90551100
31.03360041,-5.90551100
31.03440041,-5.90551100
31.03520041,-6.69291300
31.03600041,-6.69291300
31.03680041,-7.48031400
31.03760041,-7.87401500
31.03840041,-7.87401500
31.03920041,-6.69291300
31.04000041,-5.90551100
31.04080041,-5.11811000
31.04160041,-4.72440900
31.04240041,-4.33070900
31.04320041,-3.93700800
31.04400041,-3.54330700
31.04480041,-2.75590500
31.04560041,-2.75590500
31.04640041,-2.36220500
31.04720041,-2.75590500
31.04800041,-2.75590500
31.04880041,-2.36220500
31.04960041,-0.78740150
31.05040041,0.39370070
31.05120041,2.36220500
31.05200041,2.75590500
31.05280041,3.54330700
31.05360041,3.93700800
31.05440041,3.93700800
31.05520041,3.93700800
31.05600041,4.33070900
31.05680041,4.33070900
31.05760041,4.72440900
31.05840041,4.72440900
31.05920041,4.33070900
31.06000041,4.72440900
31.06080041,5.90551100
31.06160041,6.69291300
31.06240041,7.87401500
31.06320041,8.26771600
31.06400041,7.48031400
31.06480041,7.48031400
31.06560041,6.69291300
31.06640041,7.08661400
31.06720041,7.87401500
31.06800041,7.87401500
31.06880041,7.08661400
31.06960041,5.90551100
31.07040041,5.11811000
31.07120041,4.72440900
31.07200041,4.72440900
31.07280041,5.11811000
31.07360041,5.90551100
31.07440041,5.90551100
31.07520041,5.51181100
31.07600041,4.33070900
31.07680041,3.93700800
31.07760041,3.54330700
31.07840041,3.14960600
31.07920041,3.14960600
31.08000041,1.96850400
31.08080041,0.39370070
31.08160041,-0.39370070
31.08240041,-0.39370070
31.08320042,0.00000000
31.08400042,0.78740150
31.08480042,0.39370070
31.08560042,0.00000000
31.08640042,-1.18110200
31.08720042,-1.96850400
31.08800042,-2.75590500
31.08880042,-3.14960600
31.08960042,-3.93700800
31.09040042,-5.11811000
31.09120042,-6.29921200
31.09200042,-7.08661400
31.09280042,-7.08661400
31.09360042,-6.29921200
31.09440042,-6.29921200
31.09520042,-5.11811000
31.09600042,-4.72440900
31.09680042,-4.72440900
31.09760042,-5.11811000
31.09840042,-6.29921200
31.09920042,-6.69291300
31.10000042,-7.08661400
31.10080042,-6.69291300
31.10160042,-6.69291300
31.10240042,-6.69291300
31.10320042,-6.29921200
31.10400042,-5.90551100
31.10480042,-5.11811000
31.10560042,-4.33070900
31.10640042,-3.54330700
31.10720042,-2.75590500
31.10800042,-2.75590500
31.10880042,-2.75590500
31.10960042,-2.75590500
31.11040042,-2.75590500
31.11120042,-3.14960600
31.11200042,-3.54330700
31.11280042,-2.36220500
31.11360042,-1.57480300
31.11440042,-1.57480300
31.11520042,-0.78740150
31.11600042,-0.78740150
31.11680042,-0.39370070
31.11760042,0.78740150
31.11840042,1.57480300
31.11920042,1.96850400
31.12000042,1.96850400
31.12080042,2.36220500
31.12160042,1.57480300
31.12240042,1.96850400
31.12320042,2.75590500
31.12400042,3.93700800
31.12480042,4.72440900
31.12560042,4.72440900
31.12640042,3.93700800
31.12720042,3.54330700
31.12800042,3.14960600
31.12880042,3.14960600
31.12960042,3.54330700
31.13040042,4.33070900
31.13120042,3.54330700
31.13200042,3.54330700
31.13280042,3.14960600
31.13360042,3.93700800
31.13440042,5.11811000
31.13520042,6.29921200
31.13600042,5.90551100
31.13680042,5.11811000
31.13760042,3.14960600
31.13840042,1.57480300
31.13920042,1.57480300
31.14000042,2.36220500
31.14080042,2.75590500
31.14160042,2.75590500
31.14240042,2.36220500
31.14320042,1.57480300
31.14400042,1.96850400
31.14480042,2.36220500
31.14560042,3.14960600
31.14640042,3.14960600
31.14720042,2.36220500
31.14800042,1.18110200
31.14880042,0.00000000
31.14960042,-1.18110200
31.15040042,-0.78740150
31.15120042,-0.39370070
31.15200042,-0.39370070
31.15280042,-0.39370070
31.15360042,-0.78740150
31.15440042,-0.39370070
31.15520042,-0.78740150
31.15600042,-0.78740150
31.15680042,0.00000000
31.15760042,0.39370070
31.15840042,-0.39370070
31.15920042,-1.18110200
31.16000042,-1.96850400
31.16080042,-1.96850400
31.16160042,-1.96850400
31.16240042,-1.96850400
31.16320042,-1.96850400
31.16400042,-1.57480300
31.16480042,-1.96850400
31.16560042,-2.36220500
31.16640042,-1.96850400
31.16720042,-1.96850400
31.16800042,-2.75590500
31.16880042,-2.75590500
31.16960042,-2.75590500
31.17040042,-2.36220500
31.17120042,-2.36220500
31.17200042,-2.75590500
31.17280042,-2.75590500
31.17360042,-2.75590500
31.17440042,-2.36220500
31.17520042,-2.36220500
31.17600042,-1.57480300
31.17680042,-1.96850400
31.17760042,-2.75590500
31.17840042,-1.96850400
31.17920042,-2.36220500
31.18000042,-2.36220500
31.18080042,-1.96850400
31.18160042,-2.36220500
31.18240042,-2.75590500
31.18320042,-3.14960600
31.18400042,-3.54330700
31.18480042,-2.75590500
31.18560042,-1.57480300
31.18640042,-0.78740150
31.18720042,-0.78740150
31.18800042,-0.78740150
31.18880042,-0.78740150
31.18960042,-0.78740150
31.19040042,-0.78740150
31.19120042,-1.57480300
31.19200042,-0.78740150
31.19280042,-0.78740150
31.19360042,-0.78740150
31.19440042,-1.96850400
31.19520042,-1.57480300
31.19600042,-0.78740150
31.19680042,0.78740150
31.19760042,2.36220500
31.19840042,2.75590500
31.19920042,1.57480300
31.20000042,0.78740150
31.20080042,0.39370070
31.20160042,0.78740150
31.20240042,1.57480300
31.20320042,1.96850400
31.20400042,1.96850400
31.20480042,1.57480300
31.20560042,1.96850400
31.20640042,2.36220500
31.20720042,3.54330700
31.20800042,3.54330700
31.20880042,3.93700800
31.20960042,3.54330700
31.21040042,2.36220500
31.21120042,1.96850400
31.21200042,1.57480300
31.21280042,1.96850400
31.21360042,3.14960600
31.21440042,3.93700800
31.21520042,4.33070900
31.21600042,4.33070900
31.21680042,3.93700800
31.21760042,4.33070900
31.21840042,4.33070900
31.21920042,4.33070900
31.22000042,3.54330700
31.22080042,2.36220500
31.22160042,1.57480300
31.22240042,0.78740150
31.22320042,1.18110200
31.22400042,2.36220500
31.22480042,2.75590500
31.22560042,3.14960600
31.22640042,3.54330700
31.22720042,3.14960600
31.22800042,3.14960600
31.22880042,1.96850400
31.22960042,1.18110200
31.23040042,0.39370070
31.23120042,0.00000000
31.23200042,-0.78740150
31.23280042,-0.39370070
31.23360042,-0.78740150
31.23440042,-0.39370070
31.23520042,-0.39370070
31.23600042,0.39370070
31.23680042,0.39370070
31.23760042,-0.78740150
31.23840042,-1.57480300
31.23920042,-2.75590500
31.24000042,-3.54330700
31.24080042,-3.54330700
31.24160042,-3.14960600
31.24240042,-2.36220500
31.24320042,-2.36220500
31.24400042,-2.36220500
31.24480042,-3.14960600
31.24560042,-3.14960600
31.24640042,-3.93700800
31.24720042,-3.93700800
31.24800042,-4.33070900
31.24880042,-5.11811000
31.24960042,-5.90551100
31.25040042,-5.51181100
31.25120042,-5.51181100
31.25200042,-4.72440900
31.25280042,-2.75590500
31.25360042,-2.36220500
31.25440042,-2.36220500
31.25520042,-3.14960600
31.25600042,-3.93700800
31.25680042,-4.72440900
31.25760042,-4.33070900
31.25840042,-4.72440900
31.25920042,-4.33070900
31.26000042,-4.33070900
31.26080042,-4.72440900
31.26160042,-3.93700800
31.26240042,-3.14960600
31.26320042,-1.57480300
31.26400042,0.00000000
31.26480042,1.18110200
31.26560042,0.39370070
31.26640042,0.00000000
31.26720042,-1.57480300
31.26800042,-2.75590500
31.26880042,-2.75590500
31.26960042,-1.96850400
31.27040042,-0.78740150
31.27120042,0.00000000
31.27200042,0.39370070
31.27280042,0.78740150
31.27360042,1.57480300
31.27440042,2.75590500
31.27520042,3.93700800
31.27600042,4.33070900
31.27680042,3.93700800
31.27760042,2.75590500
31.27840042,1.57480300
31.27920042,1.18110200
31.28000042,1.96850400
31.28080042,3.14960600
31.28160042,5.11811000
31.28240042,5.90551100
31.28320042,6.29921200
31.28400042,5.51181100
31.28480042,5.51181100
31.28560042,5.90551100
31.28640042,6.29921200
31.28720042,6.29921200
31.28800042,5.90551100
31.28880042,5.11811000
31.28960042,4.72440900
31.29040042,3.93700800
31.29120042,4.72440900
31.29200042,5.90551100
31.29280042,6.69291300
31.29360042,6.69291300
31.29440042,5.51181100
31.29520042,4.33070900
31.29600042,3.93700800
31.29680042,3.54330700
31.29760042,3.93700800
31.29840042,3.93700800
31.29920042,3.14960600
31.30000042,2.36220500
31.30080042,1.96850400
31.30160042,1.96850400
31.30240042,1.96850400
31.30320042,2.36220500
31.30400042,1.57480300
31.30480042,0.78740150
31.30560042,-0.39370070
31.30640042,-1.96850400
31.30720042,-2.36220500
31.30800042,-1.96850400
31.30880042,-1.18110200
31.30960042,-0.78740150
31.31040042,-0.78740150
31.31120042,-2.36220500
31.31200042,-3.93700800
31.31280042,-4.33070900
31.31360042,-4.72440900
31.31440042,-4.33070900
31.31520042,-4.33070900
31.31600042,-5.11811000
31.31680042,-6.69291300
31.31760042,-6.69291300
31.31840042,-6.29921200
31.31920042,-4.72440900
31.32000042,-3.54330700
31.32080042,-2.75590500
31.32160042,-4.33070900
31.32240042,-5.90551100
31.32320042,-7.08661400
31.32400042,-7.48031400
31.32480042,-6.69291300
31.32560042,-5.90551100
31.32640042,-5.90551100
31.32720042,-5.90551100
31.32800042,-5.90551100
31.32880042,-5.90551100
31.32960042,-5.11811000
31.33040042,-3.54330700
31.33120042,-2.36220500
31.33200042,-1.57480300
31.33280042,-1.96850400
31.33360042,-3.14960600
31.33440042,-3.93700800
31.33520042,-4.33070900
31.33600042,-3.54330700
31.33680042,-1.96850400
31.33760042,-0.39370070
31.33840042,0.00000000
31.33920042,0.39370070
31.34000042,0.00000000
31.34080042,0.00000000
31.34160042,0.78740150
31.34240042,1.57480300
31.34320042,1.96850400
31.34400042,2.36220500
31.34480042,2.36220500
31.34560042,1.96850400
31.34640042,2.75590500
31.34720042,3.54330700
31.34800042,4.72440900
31.34880042,5.90551100
31.34960042,5.51181100
31.35040042,5.11811000
31.35120042,3.93700800
31.35200042,2.75590500
31.35280042,2.75590500
31.35360042,3.93700800
31.35440042,5.11811000
31.35520042,6.29921200
31.35600042,5.90551100
31.35680042,5.90551100
31.35760042,5.90551100
31.35840042,6.69291300
31.35920042,6.69291300
31.36000042,6.29921200
31.36080042,5.51181100
31.36160042,4.72440900
31.36240042,2.75590500
31.36320042,2.75590500
31.36400042,2.75590500
31.36480042,4.33070900
31.36560042,5.51181100
31.36640042,5.51181100
31.36720042,5.11811000
31.36800042,3.54330700
31.36880042,2.36220500
31.36960042,2.36220500
31.37040042,2.75590500
31.37120042,2.75590500
31.37200042,1.96850400
31.37280042,0.00000000
31.37360042,-0.78740150
31.37440042,-1.18110200
31.37520042,0.78740150
31.37600042,2.36220500
31.37680042,3.14960600
31.37760042,2.36220500
31.37840042,0.78740150
31.37920042,-0.78740150
31.38000042,-2.75590500
31.38080042,-2.75590500
31.38160042,-2.75590500
31.38240042,-3.14960600
31.38320042,-3.93700800
31.38400042,-5.51181100
31.38480042,-5.11811000
31.38560042,-4.33070900
31.38640042,-2.36220500
31.38720042,-0.78740150
31.38800042,-0.39370070
31.38880042,-1.18110200
31.38960042,-2.75590500
31.39040042,-3.93700800
31.39120042,-4.33070900
31.39200042,-3.54330700
31.39280042,-2.75590500
31.39360042,-2.75590500
31.39440042,-3.93700800
31.39520042,-5.51181100
31.39600042,-6.69291300
31.39680042,-5.90551100
31.39760042,-3.93700800
31.39840042,-3.14960600
31.39920042,-2.75590500
31.40000042,-3.14960600
31.40080042,-3.54330700
31.40160042,-3.14960600
31.40240042,-1.96850400
31.40320042,-1.57480300
31.40400042,-0.39370070
31.40480042,-0.39370070
31.40560042,-1.96850400
31.40640042,-2.75590500
31.40720042,-3.54330700
31.40800042,-3.93700800
31.40880042,-2.75590500
31.40960042,-2.36220500
31.41040042,-1.57480300
31.41120042,-1.18110200
31.41200042,-0.39370070
31.41280042,0.39370070
31.41360042,1.18110200
31.41440042,1.96850400
31.41520042,2.36220500
31.41600042,3.14960600
31.41680042,1.96850400
31.41760042,0.39370070
31.41840042,-0.78740150
31.41920042,-1.18110200
31.42000042,-1.57480300
31.42080042,-0.39370070
31.42160042,0.39370070
31.42240042,0.78740150
31.42320042,1.57480300
31.42400042,1.96850400
31.42480042,2.36220500
31.42560042,3.54330700
31.42640042,4.72440900
31.42720042,5.11811000
31.42800042,4.72440900
31.42880042,3.54330700
31.42960042,2.75590500
31.43040042,1.57480300
31.43120042,1.57480300
31.43200042,2.36220500
31.43280042,2.36220500
31.43360042,2.75590500
31.43440042,1.96850400
31.43520042,1.96850400
31.43600042,2.36220500
31.43680042,3.54330700
31.43760042,5.11811000
31.43840042,5.11811000
31.43920042,4.72440900
31.44000042,3.54330700
31.44080042,1.96850400
31.44160042,1.18110200
31.44240042,1.57480300
31.44320042,2.36220500
31.44400042,2.36220500
31.44480042,1.57480300
31.44560042,1.18110200
31.44640042,1.18110200
31.44720042,2.36220500
31.44800042,3.93700800
31.44880042,5.11811000
31.44960042,5.11811000
31.45040042,3.93700800
31.45120042,1.57480300
31.45200042,-0.78740150
31.45280042,-1.57480300
31.45360042,-1.18110200
31.45440042,0.00000000
31.45520042,0.39370070
31.45600042,0.39370070
31.45680042,0.00000000
31.45760042,0.39370070
31.45840042,0.78740150
31.45920042,3.14960600
31.46000042,3.54330700
31.46080042,2.75590500
31.46160042,0.39370070
31.46240042,-2.75590500
31.46320042,-4.72440900
31.46400042,-5.11811000
31.46480042,-4.33070900
31.46560042,-3.14960600
31.46640042,-2.36220500
31.46720042,-1.96850400
31.46800042,-1.96850400
31.46880042,-1.18110200
31.46960042,0.00000000
31.47040042,0.78740150
31.47120042,0.39370070
31.47200042,-0.39370070
31.47280042,-2.75590500
31.47360042,-5.11811000
31.47440042,-6.29921200
31.47520042,-6.29921200
31.47600042,-5.51181100
31.47680042,-3.93700800
31.47760042,-3.93700800
31.47840042,-3.93700800
31.47920042,-2.75590500
31.48000042,-3.14960600
31.48080042,-1.96850400
31.48160042,-1.57480300
31.48240042,-0.78740150
31.48320042,-1.57480300
31.48400042,-2.36220500
31.48480042,-3.93700800
31.48560042,-3.93700800
31.48640042,-3.93700800
31.48720042,-3.54330700
31.48800042,-2.36220500
31.48880042,-1.57480300
31.48960042,-1.96850400
31.49040042,-2.75590500
31.49120042,-3.54330700
31.49200042,-3.54330700
31.49280042,-3.14960600
31.49360042,-2.36220500
31.49440042,-1.18110200
31.49520042,-0.78740150
31.49600042,-0.78740150
31.49680042,0.00000000
31.49760042,0.78740150
31.49840042,1.96850400
31.49920042,1.96850400
31.50000042,1.96850400
31.50080042,1.18110200
31.50160042,0.00000000
31.50240042,-0.39370070
31.50320042,1.18110200
31.50400042,4.33070900
31.50480042,7.87401500
31.50560042,9.05511800
31.50640042,7.87401500
31.50720042,5.51181100
31.50800042,3.54330700
31.50880042,2.75590500
31.50960042,2.36220500
31.51040042,3.54330700
31.51120042,5.51181100
31.51200042,6.69291300
31.51280042,8.26771600
31.51360042,7.87401500
31.51440042,7.48031400
31.51520042,7.08661400
31.51600042,5.51181100
31.51680042,4.72440900
31.51760042,3.54330700
31.51840042,1.96850400
31.51920042,1.96850400
31.52000042,2.36220500
31.52080042,3.93700800
31.52160042,5.11811000
31.52240042,5.90551100
31.52320042,5.51181100
31.52400042,4.72440900
31.52480042,5.11811000
31.52560042,4.72440900
31.52640042,4.72440900
31.52720042,4.33070900
31.52800042,1.57480300
31.52880042,-1.18110200
31.52960042,-3.93700800
31.53040042,-4.72440900
31.53120042,-3.54330700
31.53200042,-1.57480300
31.53280042,0.39370070
31.53360042,1.18110200
31.53440042,0.39370070
31.53520042,-1.57480300
31.53600042,-3.14960600
31.53680042,-3.93700800
31.53760042,-4.72440900
31.53840042,-5.11811000
31.53920042,-5.11811000
31.54000042,-5.51181100
31.54080042,-5.51181100
31.54160042,-6.29921200
31.54240042,-6.69291300
31.54320042,-6.69291300
31.54400042,-5.90551100
31.54480042,-5.51181100
31.54560042,-4.72440900
31.54640042,-5.11811000
31.54720042,-6.29921200
31.54800042,-6.29921200
31.54880042,-6.69291300
31.54960042,-5.90551100
31.55040042,-5.51181100
31.55120042,-5.11811000
31.55200042,-5.11811000
31.55280042,-4.33070900
31.55360042,-3.93700800
31.55440042,-3.93700800
31.55520042,-3.93700800
31.55600042,-4.72440900
31.55680042,-5.51181100
31.55760042,-5.51181100
31.55840042,-4.33070900
31.55920042,-2.36220500
31.56000042,0.39370070
31.56080042,1.18110200
31.56160042,1.57480300
31.56240042,1.57480300
31.56320042,1.18110200
31.56400042,1.57480300
31.56480042,1.96850400
31.56560042,2.36220500
31.56640042,1.96850400
31.56720042,1.18110200
31.56800042,0.00000000
31.56880042,0.00000000
31.56960042,0.39370070
31.57040042,2.75590500
31.57120042,4.72440900
31.57200042,6.29921200
31.57280042,6.29921200
31.57360042,5.51181100
31.57440042,4.33070900
31.57520042,4.33070900
31.57600042,4.72440900
31.57680042,5.11811000
31.57760042,5.90551100
31.57840042,5.90551100
31.57920042,5.51181100
31.58000042,5.51181100
31.58080042,4.72440900
31.58160042,5.11811000
31.58240042,5.90551100
31.58320042,5.90551100
31.58400042,5.11811000
31.58480042,5.11811000
31.58560042,3.14960600
31.58640042,2.75590500
31.58720042,2.75590500
31.58800042,3.14960600
31.58880042,3.54330700
31.58960042,3.54330700
31.59040042,3.14960600
31.59120042,2.75590500
31.59200042,2.36220500
31.59280042,1.57480300
31.59360042,0.78740150
31.59440042,0.39370070
31.59520042,-0.39370070
31.59600042,-1.57480300
31.59680042,-1.18110200
31.59760042,-0.78740150
31.59840042,-0.78740150
31.59920042,-0.78740150
31.60000042,-1.18110200
31.60080042,-1.18110200
31.60160042,-1.57480300
31.60240042,-1.18110200
31.60320042,-1.18110200
31.60400042,-1.57480300
31.60480042,-1.96850400
31.60560042,-1.96850400
31.60640042,-2.36220500
31.60720042,-2.75590500
31.60800042,-3.54330700
31.60880042,-4.33070900
31.60960042,-4.33070900
31.61040042,-3.93700800
31.61120042,-3.93700800
31.61200042,-4.33070900
31.61280042,-5.11811000
31.61360042,-5.11811000
31.61440042,-3.93700800
31.61520042,-2.36220500
31.61600042,-0.78740150
31.61680042,0.00000000
31.61760042,0.00000000
31.61840042,-1.18110200
31.61920042,-2.75590500
31.62000042,-3.54330700
31.62080042,-4.33070900
31.62160042,-3.93700800
31.62240042,-3.54330700
31.62320042,-2.75590500
31.62400042,-2.75590500
31.62480042,-1.57480300
31.62560042,-0.78740150
31.62640042,0.39370070
31.62720042,1.57480300
31.62800042,1.57480300
31.62880042,1.18110200
31.62960042,-0.39370070
31.63040042,-1.57480300
31.63120042,-2.75590500
31.63200042,-2.75590500
31.63280042,-2.36220500
31.63360042,-0.78740150
31.63440042,0.00000000
31.63520042,1.57480300
31.63600042,1.96850400
31.63680042,2.36220500
31.63760042,3.14960600
31.63840042,3.14960600
31.63920042,1.96850400
31.64000042,1.57480300
31.64080042,0.00000000
31.64160042,-0.78740150
31.64240042,-0.78740150
31.64320042,-0.78740150
31.64400042,0.00000000
31.64480042,1.18110200
31.64560042,1.96850400
31.64640042,2.36220500
31.64720042,2.75590500
31.64800042,3.14960600
31.64880042,2.36220500
31.64960042,1.57480300
31.65040042,0.78740150
31.65120042,-0.39370070
31.65200042,-0.39370070
31.65280042,-0.78740150
31.65360042,0.39370070
31.65440042,1.57480300
31.65520042,2.75590500
31.65600042,2.36220500
31.65680042,2.75590500
31.65760042,2.75590500
31.65840042,2.36220500
31.65920042,2.36220500
31.66000042,1.96850400
31.66080042,1.57480300
31.66160042,0.78740150
31.66240042,0.00000000
31.66320042,0.00000000
31.66400042,0.00000000
31.66480042,0.00000000
31.66560042,1.18110200
31.66640042,1.96850400
31.66720042,1.96850400
31.66800042,1.96850400
31.66880042,2.36220500
31.66960042,1.96850400
31.67040042,1.96850400
31.67120042,1.57480300
31.67200042,0.78740150
31.67280042,0.78740150
31.67360042,0.78740150
31.67440042,0.78740150
31.67520042,0.39370070
31.67600042,0.39370070
31.67680042,1.57480300
31.67760042,1.57480300
31.67840042,1.18110200
31.67920042,1.57480300
31.68000042,1.57480300
31.68080042,1.18110200
31.68160042,1.18110200
31.68240042,0.39370070
31.68320042,0.00000000
31.68400042,-0.39370070
31.68480042,-1.18110200
31.68560042,-0.78740150
31.68640042,-1.18110200
31.68720042,-1.18110200
31.68800042,-1.57480300
31.68880042,-1.96850400
31.68960042,-1.57480300
31.69040042,-1.18110200
31.69120042,-0.39370070
31.69200042,-1.18110200
31.69280042,-0.78740150
31.69360042,-1.57480300
31.69440042,-1.96850400
31.69520042,-2.75590500
31.69600042,-3.54330700
31.69680042,-3.93700800
31.69760042,-3.54330700
31.69840042,-3.14960600
31.69920042,-2.75590500
31.70000042,-2.36220500
31.70080042,-1.96850400
31.70160042,-2.36220500
31.70240042,-2.75590500
31.70320042,-3.54330700
31.70400042,-3.93700800
31.70480042,-3.93700800
31.70560042,-3.93700800
31.70640042,-4.33070900
31.70720042,-4.33070900
31.70800042,-3.93700800
31.70880042,-3.14960600
31.70960042,-2.75590500
31.71040042,-2.36220500
31.71120042,-1.57480300
31.71200042,-1.57480300
31.71280042,-1.18110200
31.71360042,-1.57480300
31.71440042,-1.18110200
31.71520042,-1.18110200
31.71600042,-1.57480300
31.71680042,-1.96850400
31.71760042,-1.57480300
31.71840042,-1.18110200
31.71920042,-0.78740150
31.72000042,0.00000000
31.72080042,0.39370070
31.72160042,1.57480300
31.72240042,1.57480300
31.72320042,2.36220500
31.72400042,1.96850400
31.72480042,2.36220500
31.72560042,2.75590500
31.72640042,3.14960600
31.72720042,3.54330700
31.72800042,4.33070900
31.72880042,4.33070900
31.72960042,4.33070900
31.73040042,4.33070900
31.73120042,4.33070900
31.73200042,4.33070900
31.73280042,3.54330700
31.73360042,3.93700800
31.73440042,3.93700800
31.73520042,3.93700800
31.73600042,5.11811000
31.73680042,5.51181100
31.73760042,5.90551100
31.73840042,6.29921200
31.73920042,6.69291300
31.74000042,5.51181100
31.74080042,5.11811000
31.74160042,4.33070900
31.74240042,3.54330700
31.74320042,3.14960600
31.74400042,2.75590500
31.74480042,2.36220500
31.74560042,2.75590500
31.74640042,3.14960600
31.74720042,3.14960600
31.74800042,3.54330700
31.74880042,3.14960600
31.74960042,2.36220500
31.75040042,1.57480300
31.75120042,0.78740150
31.75200042,-0.39370070
31.75280042,-0.78740150
31.75360042,-0.78740150
31.75440042,-1.57480300
31.75520042,-1.57480300
31.75600042,-1.57480300
31.75680042,-2.36220500
31.75760042,-1.96850400
31.75840042,-2.36220500
31.75920042,-3.54330700
31.76000042,-3.93700800
31.76080042,-4.72440900
31.76160042,-5.51181100
31.76240042,-5.51181100
31.76320042,-5.51181100
31.76400042,-5.51181100
31.76480042,-5.11811000
31.76560042,-5.11811000
31.76640042,-5.11811000
31.76720042,-4.72440900
31.76800042,-4.72440900
31.76880042,-4.33070900
31.76960042,-3.93700800
31.77040042,-3.93700800
31.77120042,-5.11811000
31.77200042,-5.51181100
31.77280042,-6.69291300
31.77360042,-7.08661400
31.77440042,-5.90551100
31.77520042,-5.11811000
31.77600042,-4.33070900
31.77680042,-3.93700800
31.77760042,-3.54330700
31.77840042,-3.93700800
31.77920042,-3.54330700
31.78000042,-3.93700800
31.78080042,-3.93700800
31.78160042,-3.14960600
31.78240042,-3.14960600
31.78320042,-2.75590500
31.78400042,-1.18110200
31.78480042,0.78740150
31.78560042,1.96850400
31.78640042,2.36220500
31.78720042,2.36220500
31.78800042,1.96850400
31.78880042,1.18110200
31.78960042,1.18110200
31.79040042,0.78740150
31.79120042,0.78740150
31.79200042,1.96850400
31.79280042,3.54330700
31.79360042,5.11811000
31.79440042,6.29921200
31.79520042,7.08661400
31.79600042,7.48031400
31.79680042,7.48031400
31.79760042,6.29921200
31.79840042,6.29921200
31.79920042,5.51181100
31.80000042,4.72440900
31.80080042,3.93700800
31.80160042,3.14960600
31.80240042,2.75590500
31.80320042,3.14960600
31.80400042,4.33070900
31.80480042,4.72440900
31.80560042,5.51181100
31.80640042,5.51181100
31.80720042,5.51181100
31.80800042,5.51181100
31.80880042,5.51181100
31.80960042,4.72440900
31.81040042,4.33070900
31.81120042,3.54330700
31.81200042,2.36220500
31.81280042,1.18110200
31.81360042,1.18110200
31.81440042,0.78740150
31.81520042,1.57480300
31.81600042,1.57480300
31.81680042,1.18110200
31.81760042,0.78740150
31.81840042,0.78740150
31.81920042,0.78740150
31.82000042,1.57480300
31.82080042,1.57480300
31.82160042,1.18110200
31.82240042,0.78740150
31.82320042,0.00000000
31.82400042,-1.18110200
31.82480042,-1.57480300
31.82560042,-2.75590500
31.82640042,-3.93700800
31.82720042,-4.72440900
31.82800042,-5.11811000
31.82880042,-5.90551100
31.82960042,-5.90551100
31.83040042,-4.33070900
31.83120042,-3.54330700
31.83200043,-2.36220500
31.83280043,-2.36220500
31.83360043,-2.75590500
31.83440043,-3.54330700
31.83520043,-3.14960600
31.83600043,-3.14960600
31.83680043,-2.75590500
31.83760043,-3.14960600
31.83840043,-3.93700800
31.83920043,-4.72440900
31.84000043,-5.51181100
31.84080043,-5.90551100
31.84160043,-4.72440900
31.84240043,-3.93700800
31.84320043,-3.54330700
31.84400043,-2.75590500
31.84480043,-2.36220500
31.84560043,-2.75590500
31.84640043,-2.36220500
31.84720043,-1.57480300
31.84800043,-0.78740150
31.84880043,-1.18110200
31.84960043,-1.57480300
31.85040043,-2.36220500
31.85120043,-2.75590500
31.85200043,-3.14960600
31.85280043,-2.36220500
31.85360043,-2.36220500
31.85440043,-1.96850400
31.85520043,-1.18110200
31.85600043,-0.78740150
31.85680043,0.39370070
31.85760043,1.18110200
31.85840043,1.96850400
31.85920043,2.36220500
31.86000043,2.75590500
31.86080043,1.57480300
31.86160043,0.78740150
31.86240043,0.78740150
31.86320043,0.00000000
31.86400043,0.39370070
31.86480043,0.39370070
31.86560043,1.57480300
31.86640043,1.96850400
31.86720043,2.75590500
31.86800043,3.54330700
31.86880043,3.93700800
31.86960043,3.54330700
31.87040043,3.54330700
31.87120043,2.36220500
31.87200043,1.18110200
31.87280043,0.78740150
31.87360043,1.57480300
31.87440043,1.96850400
31.87520043,2.75590500
31.87600043,4.72440900
31.87680043,5.51181100
31.87760043,6.29921200
31.87840043,5.51181100
31.87920043,4.72440900
31.88000043,2.75590500
31.88080043,1.96850400
31.88160043,0.78740150
31.88240043,0.39370070
31.88320043,0.00000000
31.88400043,0.00000000
31.88480043,0.39370070
31.88560043,1.57480300
31.88640043,3.14960600
31.88720043,4.72440900
31.88800043,6.29921200
31.88880043,5.90551100
31.88960043,5.11811000
31.89040043,3.14960600
31.89120043,1.18110200
31.89200043,-0.39370070
31.89280043,-1.18110200
31.89360043,-0.78740150
31.89440043,-0.39370070
31.89520043,-0.39370070
31.89600043,0.39370070
31.89680043,0.78740150
31.89760043,1.96850400
31.89840043,3.14960600
31.89920043,3.54330700
31.90000043,2.75590500
31.90080043,0.39370070
31.90160043,-1.57480300
31.90240043,-3.14960600
31.90320043,-3.93700800
31.90400043,-3.54330700
31.90480043,-2.75590500
31.90560043,-1.96850400
31.90640043,-1.96850400
31.90720043,-0.78740150
31.90800043,0.39370070
31.90880043,1.18110200
31.90960043,1.57480300
31.91040043,1.18110200
31.91120043,0.00000000
31.91200043,-1.96850400
31.91280043,-2.75590500
31.91360043,-3.14960600
31.91440043,-3.14960600
31.91520043,-2.75590500
31.91600043,-2.36220500
31.91680043,-2.36220500
31.91760043,-2.75590500
31.91840043,-2.36220500
31.91920043,-1.96850400
31.92000043,-2.36220500
31.92080043,-2.75590500
31.92160043,-2.75590500
31.92240043,-3.93700800
31.92320043,-5.11811000
31.92400043,-5.51181100
31.92480043,-5.90551100
31.92560043,-5.51181100
31.92640043,-5.51181100
31.92720043,-5.51181100
31.92800043,-5.51181100
31.92880043,-5.11811000
31.92960043,-4.72440900
31.93040043,-3.54330700
31.93120043,-1.96850400
31.93200043,-0.78740150
31.93280043,-0.39370070
31.93360043,-0.78740150
31.93440043,-1.57480300
31.93520043,-1.57480300
31.93600043,-1.18110200
31.93680043,-1.57480300
31.93760043,-1.18110200
31.93840043,-0.78740150
31.93920043,-0.39370070
31.94000043,-0.78740150
31.94080043,0.00000000
31.94160043,0.39370070
31.94240043,1.18110200
31.94320043,2.36220500
31.94400043,2.75590500
31.94480043,3.14960600
31.94560043,2.75590500
31.94640043,3.14960600
31.94720043,3.54330700
31.94800043,3.14960600
31.94880043,3.54330700
31.94960043,4.33070900
31.95040043,4.72440900
31.95120043,5.51181100
31.95200043,5.51181100
31.95280043,5.90551100
31.95360043,6.69291300
31.95440043,7.08661400
31.95520043,7.48031400
31.95600043,7.48031400
31.95680043,7.08661400
31.95760043,6.69291300
31.95840043,6.69291300
31.95920043,6.69291300
31.96000043,7.08661400
31.96080043,7.08661400
31.96160043,7.48031400
31.96240043,7.08661400
31.96320043,6.29921200
31.96400043,5.51181100
31.96480043,4.72440900
31.96560043,4.72440900
31.96640043,4.33070900
31.96720043,4.33070900
31.96800043,3.14960600
31.96880043,2.75590500
31.96960043,1.57480300
31.97040043,1.96850400
31.97120043,1.57480300
31.97200043,1.57480300
31.97280043,0.39370070
31.97360043,-0.78740150
31.97440043,-1.96850400
31.97520043,-2.75590500
31.97600043,-3.14960600
31.97680043,-2.75590500
31.97760043,-2.75590500
31.97840043,-3.93700800
31.97920043,-4.33070900
31.98000043,-5.51181100
31.98080043,-5.51181100
31.98160043,-5.51181100
31.98240043,-6.29921200
31.98320043,-6.69291300
31.98400043,-7.48031400
31.98480043,-8.26771600
31.98560043,-8.66141700
31.98640043,-7.87401500
31.98720043,-7.08661400
31.98800043,-6.29921200
31.98880043,-5.11811000
31.98960043,-5.51181100
31.99040043,-5.90551100
31.99120043,-5.90551100
31.99200043,-6.29921200
31.99280043,-5.90551100
31.99360043,-5.90551100
31.99440043,-6.29921200
31.99520043,-6.69291300
31.99600043,-6.69291300
31.99680043,-6.29921200
31.99760043,-5.51181100
31.99840043,-3.93700800
31.99920043,-2.36220500
32.00000043,-1.96850400
32.00080043,-1.96850400
32.00160043,-1.57480300
32.00240043,-1.57480300
32.00320043,-1.96850400
32.00400043,-1.18110200
32.00480043,-1.18110200
32.00560043,-0.39370070
32.00640043,0.00000000
32.00720043,0.00000000
32.00800043,0.78740150
32.00880043,1.96850400
32.00960043,3.14960600
32.01040043,3.93700800
32.01120043,4.33070900
32.01200043,3.93700800
32.01280043,3.14960600
32.01360043,2.75590500
32.01440043,2.75590500
32.01520043,3.54330700
32.01600043,3.93700800
32.01680043,4.72440900
32.01760043,5.90551100
32.01840043,5.90551100
32.01920043,6.29921200
32.02000043,6.29921200
32.02080043,6.29921200
32.02160043,6.29921200
32.02240043,5.90551100
32.02320043,5.90551100
32.02400043,5.51181100
32.02480043,5.51181100
32.02560043,5.51181100
32.02640043,6.29921200
32.02720043,6.69291300
32.02800043,6.69291300
32.02880043,6.29921200
32.02960043,5.51181100
32.03040043,5.11811000
32.03120043,4.33070900
32.03200043,3.93700800
32.03280043,3.93700800
32.03360043,3.93700800
32.03440043,3.14960600
32.03520043,3.14960600
32.03600043,2.36220500
32.03680043,2.75590500
32.03760043,1.96850400
32.03840043,1.18110200
32.03920043,0.39370070
32.04000043,-0.39370070
32.04080043,-1.18110200
32.04160043,-2.36220500
32.04240043,-2.75590500
32.04320043,-2.36220500
32.04400043,-1.57480300
32.04480043,-1.57480300
32.04560043,-1.18110200
32.04640043,-1.18110200
32.04720043,-1.96850400
32.04800043,-2.36220500
32.04880043,-3.14960600
32.04960043,-3.14960600
32.05040043,-3.93700800
32.05120043,-4.33070900
32.05200043,-5.51181100
32.05280043,-5.11811000
32.05360043,-4.72440900
32.05440043,-4.33070900
32.05520043,-3.93700800
32.05600043,-3.93700800
32.05680043,-3.93700800
32.05760043,-5.11811000
32.05840043,-5.11811000
32.05920043,-5.11811000
32.06000043,-5.51181100
32.06080043,-5.90551100
32.06160043,-5.90551100
32.06240043,-5.51181100
32.06320043,-5.11811000
32.06400043,-4.72440900
32.06480043,-4.33070900
32.06560043,-4.33070900
32.06640043,-3.14960600
32.06720043,-3.14960600
32.06800043,-2.75590500
32.06880043,-3.14960600
32.06960043,-3.54330700
32.07040043,-2.75590500
32.07120043,-1.96850400
32.07200043,-1.18110200
32.07280043,-0.78740150
32.07360043,0.00000000
32.07440043,0.39370070
32.07520043,0.78740150
32.07600043,0.78740150
32.07680043,1.57480300
32.07760043,1.96850400
32.07840043,1.96850400
32.07920043,1.96850400
32.08000043,1.57480300
32.08080043,1.57480300
32.08160043,1.96850400
32.08240043,3.14960600
32.08320043,3.93700800
32.08400043,4.72440900
32.08480043,4.72440900
32.08560043,4.33070900
32.08640043,3.54330700
32.08720043,3.14960600
32.08800043,3.14960600
32.08880043,3.14960600
32.08960043,3.14960600
32.09040043,2.75590500
32.09120043,2.36220500
32.09200043,2.36220500
32.09280043,3.14960600
32.09360043,3.54330700
32.09440043,3.93700800
32.09520043,3.93700800
32.09600043,3.14960600
32.09680043,2.36220500
32.09760043,1.96850400
32.09840043,1.57480300
32.09920043,1.96850400
32.10000043,1.96850400
32.10080043,1.57480300
32.10160043,1.96850400
32.10240043,1.96850400
32.10320043,2.36220500
32.10400043,3.14960600
32.10480043,3.14960600
32.10560043,2.75590500
32.10640043,1.96850400
32.10720043,0.78740150
32.10800043,0.39370070
32.10880043,-0.39370070
32.10960043,-0.39370070
32.11040043,-0.39370070
32.11120043,-0.78740150
32.11200043,-1.18110200
32.11280043,-1.57480300
32.11360043,-0.39370070
32.11440043,0.78740150
32.11520043,0.78740150
32.11600043,1.18110200
32.11680043,1.18110200
32.11760043,0.39370070
32.11840043,-0.39370070
32.11920043,-0.39370070
32.12000043,-0.78740150
32.12080043,-0.78740150
32.12160043,-1.57480300
32.12240043,-1.57480300
32.12320043,-1.18110200
32.12400043,-0.78740150
32.12480043,-0.39370070
32.12560043,0.78740150
32.12640043,1.18110200
32.12720043,1.18110200
32.12800043,0.78740150
32.12880043,0.39370070
32.12960043,0.39370070
32.13040043,-0.78740150
32.13120043,-1.96850400
32.13200043,-2.75590500
32.13280043,-3.14960600
32.13360043,-3.14960600
32.13440043,-2.36220500
32.13520043,-1.18110200
32.13600043,-0.39370070
32.13680043,-0.78740150
32.13760043,-0.39370070
32.13840043,0.00000000
32.13920043,-0.78740150
32.14000043,-1.18110200
32.14080043,-1.96850400
32.14160043,-3.54330700
32.14240043,-4.72440900
32.14320043,-4.72440900
32.14400043,-4.33070900
32.14480043,-3.54330700
32.14560043,-1.57480300
32.14640043,-0.78740150
32.14720043,-0.39370070
32.14800043,-0.78740150
32.14880043,-1.18110200
32.14960043,-1.18110200
32.15040043,-1.57480300
32.15120043,-2.75590500
32.15200043,-3.54330700
32.15280043,-4.72440900
32.15360043,-5.11811000
32.15440043,-4.72440900
32.15520043,-3.14960600
32.15600043,-1.18110200
32.15680043,0.00000000
32.15760043,0.78740150
32.15840043,0.39370070
32.15920043,0.00000000
32.16000043,-0.39370070
32.16080043,-0.39370070
32.16160043,-0.78740150
32.16240043,-1.57480300
32.16320043,-2.36220500
32.16400043,-1.96850400
32.16480043,-1.18110200
32.16560043,-0.39370070
32.16640043,1.18110200
32.16720043,2.75590500
32.16800043,3.93700800
32.16880043,3.54330700
32.16960043,3.14960600
32.17040043,3.54330700
32.17120043,3.14960600
32.17200043,3.14960600
32.17280043,3.14960600
32.17360043,2.36220500
32.17440043,1.96850400
32.17520043,1.57480300
32.17600043,2.75590500
32.17680043,4.72440900
32.17760043,5.51181100
32.17840043,5.51181100
32.17920043,5.51181100
32.18000043,5.11811000
32.18080043,4.72440900
32.18160043,4.72440900
32.18240043,4.33070900
32.18320043,4.33070900
32.18400043,3.93700800
32.18480043,2.75590500
32.18560043,2.36220500
32.18640043,3.54330700
32.18720043,3.93700800
32.18800043,3.54330700
32.18880043,3.54330700
32.18960043,3.54330700
32.19040043,3.14960600
32.19120043,3.14960600
32.19200043,3.14960600
32.19280043,2.75590500
32.19360043,3.14960600
32.19440043,1.18110200
32.19520043,0.00000000
32.19600043,-0.39370070
32.19680043,-0.78740150
32.19760043,-0.78740150
32.19840043,-0.39370070
32.19920043,-0.39370070
32.20000043,-0.78740150
32.20080043,-0.39370070
32.20160043,-0.39370070
32.20240043,0.00000000
32.20320043,0.00000000
32.20400043,-1.18110200
32.20480043,-2.75590500
32.20560043,-3.93700800
32.20640043,-4.33070900
32.20720043,-3.93700800
32.20800043,-3.14960600
32.20880043,-3.14960600
32.20960043,-2.75590500
32.21040043,-3.54330700
32.21120043,-3.54330700
32.21200043,-3.14960600
32.21280043,-2.75590500
32.21360043,-3.14960600
32.21440043,-3.54330700
32.21520043,-5.51181100
32.21600043,-6.29921200
32.21680043,-6.29921200
32.21760043,-5.11811000
32.21840043,-4.33070900
32.21920043,-3.54330700
32.22000043,-2.75590500
32.22080043,-3.14960600
32.22160043,-3.54330700
32.22240043,-3.14960600
32.22320043,-3.14960600
32.22400043,-3.14960600
32.22480043,-3.54330700
32.22560043,-3.93700800
32.22640043,-4.72440900
32.22720043,-3.93700800
32.22800043,-2.75590500
32.22880043,-1.57480300
32.22960043,-1.18110200
32.23040043,-0.39370070
32.23120043,-0.39370070
32.23200043,-0.39370070
32.23280043,-0.78740150
32.23360043,0.39370070
32.23440043,0.78740150
32.23520043,0.39370070
32.23600043,0.39370070
32.23680043,0.00000000
32.23760043,0.39370070
32.23840043,1.57480300
32.23920043,3.14960600
32.24000043,3.54330700
32.24080043,3.93700800
32.24160043,3.54330700
32.24240043,3.54330700
32.24320043,3.54330700
32.24400043,3.54330700
32.24480043,3.54330700
32.24560043,3.93700800
32.24640043,3.93700800
32.24720043,3.93700800
32.24800043,4.72440900
32.24880043,5.51181100
32.24960043,6.29921200
32.25040043,6.69291300
32.25120043,6.29921200
32.25200043,4.72440900
32.25280043,3.93700800
32.25360043,3.14960600
32.25440043,2.75590500
32.25520043,3.54330700
32.25600043,3.14960600
32.25680043,3.54330700
32.25760043,3.93700800
32.25840043,4.33070900
32.25920043,5.51181100
32.26000043,5.51181100
32.26080043,4.72440900
32.26160043,3.14960600
32.26240043,1.96850400
32.26320043,0.78740150
32.26400043,0.39370070
32.26480043,0.39370070
32.26560043,1.18110200
32.26640043,0.78740150
32.26720043,0.78740150
32.26800043,0.78740150
32.26880043,0.78740150
32.26960043,0.78740150
32.27040043,1.18110200
32.27120043,0.78740150
32.27200043,-0.39370070
32.27280043,-1.96850400
32.27360043,-3.14960600
32.27440043,-4.33070900
32.27520043,-3.54330700
32.27600043,-3.14960600
32.27680043,-2.75590500
32.27760043,-2.36220500
32.27840043,-2.36220500
32.27920043,-2.36220500
32.28000043,-2.36220500
32.28080043,-2.36220500
32.28160043,-2.36220500
32.28240043,-2.75590500
32.28320043,-3.93700800
32.28400043,-4.33070900
32.28480043,-4.33070900
32.28560043,-3.93700800
32.28640043,-3.54330700
32.28720043,-2.75590500
32.28800043,-2.75590500
32.28880043,-2.75590500
32.28960043,-2.75590500
32.29040043,-2.36220500
32.29120043,-1.96850400
32.29200043,-1.96850400
32.29280043,-2.36220500
32.29360043,-2.36220500
32.29440043,-1.96850400
32.29520043,-1.57480300
32.29600043,-1.96850400
32.29680043,-1.18110200
32.29760043,-1.18110200
32.29840043,-1.57480300
32.29920043,-1.96850400
32.30000043,-2.36220500
32.30080043,-2.36220500
32.30160043,-1.96850400
32.30240043,-1.18110200
32.30320043,-1.18110200
32.30400043,0.00000000
32.30480043,1.18110200
32.30560043,1.18110200
32.30640043,1.96850400
32.30720043,1.57480300
32.30800043,1.18110200
32.30880043,0.39370070
32.30960043,0.00000000
32.31040043,-0.78740150
32.31120043,-0.78740150
32.31200043,-1.18110200
32.31280043,-0.39370070
32.31360043,0.39370070
32.31440043,1.57480300
32.31520043,2.36220500
32.31600043,3.54330700
32.31680043,3.93700800
32.31760043,3.14960600
32.31840043,2.75590500
32.31920043,1.18110200
32.32000043,0.78740150
32.32080043,0.78740150
32.32160043,0.39370070
32.32240043,1.18110200
32.32320043,1.57480300
32.32400043,1.57480300
32.32480043,2.75590500
32.32560043,3.54330700
32.32640043,4.33070900
32.32720043,4.33070900
32.32800043,3.54330700
32.32880043,2.36220500
32.32960043,1.57480300
32.33040043,1.96850400
32.33120043,1.57480300
32.33200043,1.96850400
32.33280043,2.36220500
32.33360043,2.75590500
32.33440043,3.14960600
32.33520043,3.54330700
32.33600043,3.93700800
32.33680043,3.54330700
32.33760043,3.54330700
32.33840043,2.75590500
32.33920043,2.36220500
32.34000043,1.57480300
32.34080043,1.18110200
32.34160043,1.57480300
32.34240043,1.96850400
32.34320043,1.57480300
32.34400043,1.57480300
32.34480043,1.57480300
32.34560043,1.57480300
32.34640043,1.57480300
32.34720043,1.96850400
32.34800043,1.57480300
32.34880043,1.18110200
32.34960043,1.18110200
32.35040043,0.39370070
32.35120043,-0.78740150
32.35200043,-1.57480300
32.35280043,-1.96850400
32.35360043,-2.75590500
32.35440043,-2.75590500
32.35520043,-2.75590500
32.35600043,-2.36220500
32.35680043,-1.57480300
32.35760043,-1.57480300
32.35840043,-2.36220500
32.35920043,-1.57480300
32.36000043,-1.96850400
32.36080043,-1.96850400
32.36160043,-2.36220500
32.36240043,-3.54330700
32.36320043,-4.72440900
32.36400043,-5.51181100
32.36480043,-6.29921200
32.36560043,-5.90551100
32.36640043,-5.11811000
32.36720043,-4.33070900
32.36800043,-3.93700800
32.36880043,-3.93700800
32.36960043,-3.14960600
32.37040043,-2.75590500
32.37120043,-2.36220500
32.37200043,-2.36220500
32.37280043,-3.14960600
32.37360043,-4.72440900
32.37440043,-5.51181100
32.37520043,-6.29921200
32.37600043,-4.72440900
32.37680043,-3.93700800
32.37760043,-2.75590500
32.37840043,-1.96850400
32.37920043,-1.57480300
32.38000043,-1.18110200
32.38080043,-0.78740150
32.38160043,0.00000000
32.38240043,0.00000000
32.38320043,-0.39370070
32.38400043,-1.18110200
32.38480043,-2.75590500
32.38560043,-2.75590500
32.38640043,-1.57480300
32.38720043,0.00000000
32.38800043,1.96850400
32.38880043,3.14960600
32.38960043,3.54330700
32.39040043,3.54330700
32.39120043,3.54330700
32.39200043,3.54330700
32.39280043,3.54330700
32.39360043,3.14960600
32.39440043,2.36220500
32.39520043,1.18110200
32.39600043,1.18110200
32.39680043,1.57480300
32.39760043,3.14960600
32.39840043,5.90551100
32.39920043,7.48031400
32.40000043,7.48031400
32.40080043,7.48031400
32.40160043,7.08661400
32.40240043,7.08661400
32.40320043,7.08661400
32.40400043,5.51181100
32.40480043,4.72440900
32.40560043,3.14960600
32.40640043,2.36220500
32.40720043,3.14960600
32.40800043,3.54330700
32.40880043,4.72440900
32.40960043,5.90551100
32.41040043,6.69291300
32.41120043,6.29921200
32.41200043,6.29921200
32.41280043,5.51181100
32.41360043,4.72440900
32.41440043,4.33070900
32.41520043,2.75590500
32.41600043,1.18110200
32.41680043,0.39370070
32.41760043,0.00000000
32.41840043,0.39370070
32.41920043,0.78740150
32.42000043,1.18110200
32.42080043,1.18110200
32.42160043,0.39370070
32.42240043,0.00000000
32.42320043,-1.18110200
32.42400043,-1.57480300
32.42480043,-2.36220500
32.42560043,-3.14960600
32.42640043,-3.93700800
32.42720043,-3.93700800
32.42800043,-4.33070900
32.42880043,-4.33070900
32.42960043,-4.72440900
32.43040043,-5.51181100
32.43120043,-5.51181100
32.43200043,-6.29921200
32.43280043,-6.29921200
32.43360043,-6.29921200
32.43440043,-6.69291300
32.43520043,-7.87401500
32.43600043,-8.66141700
32.43680043,-8.66141700
32.43760043,-8.66141700
32.43840043,-7.87401500
32.43920043,-7.48031400
32.44000043,-7.08661400
32.44080043,-7.48031400
32.44160043,-7.48031400
32.44240043,-7.87401500
32.44320043,-6.69291300
32.44400043,-5.51181100
32.44480043,-5.11811000
32.44560043,-5.51181100
32.44640043,-5.90551100
32.44720043,-6.29921200
32.44800043,-6.29921200
32.44880043,-4.72440900
32.44960043,-3.14960600
32.45040043,-1.57480300
32.45120043,-1.57480300
32.45200043,-1.18110200
32.45280043,-0.78740150
32.45360043,0.39370070
32.45440043,1.57480300
32.45520043,2.36220500
32.45600043,3.14960600
32.45680043,2.75590500
32.45760043,2.36220500
32.45840043,2.36220500
32.45920043,3.54330700
32.46000043,5.11811000
32.46080043,6.29921200
32.46160043,6.29921200
32.46240043,5.90551100
32.46320043,5.51181100
32.46400043,5.51181100
32.46480043,7.08661400
32.46560043,7.48031400
32.46640043,8.26771600
32.46720043,8.26771600
32.46800043,7.87401500
32.46880043,7.48031400
32.46960043,8.26771600
32.47040043,9.84251900
32.47120043,9.84251900
32.47200043,9.84251900
32.47280043,8.66141700
32.47360043,7.08661400
32.47440043,5.90551100
32.47520043,6.29921200
32.47600043,5.90551100
32.47680043,6.29921200
32.47760043,6.29921200
32.47840043,5.51181100
32.47920043,4.72440900
32.48000043,4.72440900
32.48080043,5.11811000
32.48160043,6.29921200
32.48240043,5.90551100
32.48320043,5.11811000
32.48400043,2.75590500
32.48480043,0.78740150
32.48560043,0.00000000
32.48640043,-1.18110200
32.48720043,-1.57480300
32.48800043,-1.96850400
32.48880043,-1.96850400
32.48960043,-2.36220500
32.49040043,-2.36220500
32.49120043,-2.36220500
32.49200043,-2.36220500
32.49280043,-2.36220500
32.49360043,-3.54330700
32.49440043,-4.72440900
32.49520043,-5.90551100
32.49600043,-7.08661400
32.49680043,-7.87401500
32.49760043,-7.48031400
32.49840043,-7.08661400
32.49920043,-6.29921200
32.50000043,-6.29921200
32.50080043,-5.90551100
32.50160043,-5.90551100
32.50240043,-6.29921200
32.50320043,-6.69291300
32.50400043,-7.08661400
32.50480043,-7.48031400
32.50560043,-7.48031400
32.50640043,-7.08661400
32.50720043,-7.08661400
32.50800043,-7.08661400
32.50880043,-7.08661400
32.50960043,-5.90551100
32.51040043,-4.72440900
32.51120043,-3.54330700
32.51200043,-3.14960600
32.51280043,-3.14960600
32.51360043,-3.14960600
32.51440043,-3.93700800
32.51520043,-3.54330700
32.51600043,-3.14960600
32.51680043,-2.75590500
32.51760043,-2.36220500
32.51840043,-2.36220500
32.51920043,-3.14960600
32.52000043,-2.36220500
32.52080043,-0.78740150
32.52160043,1.18110200
32.52240043,1.96850400
32.52320043,2.36220500
32.52400043,1.96850400
32.52480043,1.57480300
32.52560043,0.78740150
32.52640043,1.57480300
32.52720043,2.36220500
32.52800043,3.54330700
32.52880043,3.54330700
32.52960043,3.14960600
32.53040043,2.75590500
32.53120043,2.75590500
32.53200043,3.54330700
32.53280043,4.72440900
32.53360043,5.51181100
32.53440043,5.90551100
32.53520043,5.11811000
32.53600043,4.33070900
32.53680043,4.33070900
32.53760043,5.11811000
32.53840043,5.90551100
32.53920043,6.29921200
32.54000043,5.51181100
32.54080043,4.72440900
32.54160043,3.54330700
32.54240043,3.93700800
32.54320043,3.54330700
32.54400043,4.33070900
32.54480043,5.11811000
32.54560043,4.72440900
32.54640043,4.72440900
32.54720043,4.33070900
32.54800043,5.11811000
32.54880043,4.33070900
32.54960043,4.33070900
32.55040043,3.54330700
32.55120043,2.75590500
32.55200043,1.96850400
32.55280043,1.18110200
32.55360043,1.57480300
32.55440043,2.75590500
32.55520043,2.75590500
32.55600043,3.14960600
32.55680043,2.36220500
32.55760043,1.57480300
32.55840043,0.78740150
32.55920043,0.39370070
32.56000043,0.00000000
32.56080043,0.00000000
32.56160043,-0.78740150
32.56240043,-0.78740150
32.56320043,-1.18110200
32.56400043,-1.57480300
32.56480043,-0.39370070
32.56560043,0.00000000
32.56640043,0.00000000
32.56720043,-0.39370070
32.56800043,-1.57480300
32.56880043,-2.36220500
32.56960043,-3.54330700
32.57040043,-3.93700800
32.57120043,-3.93700800
32.57200043,-3.93700800
32.57280043,-3.54330700
32.57360043,-3.54330700
32.57440043,-3.54330700
32.57520043,-3.54330700
32.57600043,-2.36220500
32.57680043,-2.75590500
32.57760043,-2.36220500
32.57840043,-2.75590500
32.57920043,-3.93700800
32.58000043,-5.51181100
32.58080044,-5.90551100
32.58160044,-6.29921200
32.58240044,-5.51181100
32.58320044,-4.33070900
32.58400044,-3.93700800
32.58480044,-3.54330700
32.58560044,-3.14960600
32.58640044,-3.14960600
32.58720044,-3.54330700
32.58800044,-3.14960600
32.58880044,-3.14960600
32.58960044,-3.93700800
32.59040044,-4.72440900
32.59120044,-5.11811000
32.59200044,-4.72440900
32.59280044,-3.93700800
32.59360044,-3.14960600
32.59440044,-1.57480300
32.59520044,-1.18110200
32.59600044,-1.18110200
32.59680044,-1.18110200
32.59760044,-1.18110200
32.59840044,-1.57480300
32.59920044,-1.57480300
32.60000044,-1.57480300
32.60080044,-0.78740150
32.60160044,-1.57480300
32.60240044,-0.78740150
32.60320044,-0.78740150
32.60400044,0.78740150
32.60480044,0.78740150
32.60560044,1.57480300
32.60640044,2.36220500
32.60720044,2.75590500
32.60800044,2.75590500
32.60880044,2.75590500
32.60960044,3.14960600
32.61040044,3.14960600
32.61120044,3.54330700
32.61200044,3.93700800
32.61280044,3.93700800
32.61360044,3.54330700
32.61440044,3.93700800
32.61520044,3.93700800
32.61600044,4.33070900
32.61680044,5.11811000
32.61760044,5.51181100
32.61840044,5.90551100
32.61920044,6.29921200
32.62000044,5.90551100
32.62080044,5.90551100
32.62160044,5.90551100
32.62240044,6.29921200
32.62320044,5.90551100
32.62400044,5.90551100
32.62480044,4.72440900
32.62560044,4.72440900
32.62640044,4.33070900
32.62720044,4.72440900
32.62800044,5.51181100
32.62880044,6.29921200
32.62960044,6.29921200
32.63040044,5.90551100
32.63120044,4.72440900
32.63200044,3.93700800
32.63280044,3.14960600
32.63360044,3.14960600
32.63440044,2.36220500
32.63520044,1.57480300
32.63600044,0.39370070
32.63680044,-0.78740150
32.63760044,-0.39370070
32.63840044,0.00000000
32.63920044,1.57480300
32.64000044,1.57480300
32.64080044,1.18110200
32.64160044,0.00000000
32.64240044,-1.96850400
32.64320044,-3.14960600
32.64400044,-3.93700800
32.64480044,-4.33070900
32.64560044,-4.33070900
32.64640044,-5.11811000
32.64720044,-5.11811000
32.64800044,-5.11811000
32.64880044,-5.11811000
32.64960044,-4.33070900
32.65040044,-3.54330700
32.65120044,-3.93700800
32.65200044,-5.11811000
32.65280044,-6.29921200
32.65360044,-8.26771600
32.65440044,-8.26771600
32.65520044,-7.87401500
32.65600044,-7.87401500
32.65680044,-7.08661400
32.65760044,-7.08661400
32.65840044,-7.48031400
32.65920044,-7.08661400
32.66000044,-6.29921200
32.66080044,-5.51181100
32.66160044,-5.51181100
32.66240044,-5.11811000
32.66320044,-5.51181100
32.66400044,-6.29921200
32.66480044,-5.90551100
32.66560044,-5.11811000
32.66640044,-3.93700800
32.66720044,-3.14960600
32.66800044,-2.75590500
32.66880044,-2.36220500
32.66960044,-1.96850400
32.67040044,-1.96850400
32.67120044,-1.96850400
32.67200044,-1.96850400
32.67280044,-1.18110200
32.67360044,-1.18110200
32.67440044,-1.18110200
32.67520044,0.00000000
32.67600044,1.18110200
32.67680044,2.75590500
32.67760044,3.54330700
32.67840044,3.93700800
32.67920044,3.93700800
32.68000044,3.93700800
32.68080044,3.54330700
32.68160044,3.54330700
32.68240044,3.54330700
32.68320044,4.33070900
32.68400044,5.11811000
32.68480044,6.29921200
32.68560044,7.08661400
32.68640044,7.87401500
32.68720044,7.87401500
32.68800044,7.48031400
32.68880044,7.08661400
32.68960044,7.08661400
32.69040044,7.48031400
32.69120044,7.08661400
32.69200044,7.08661400
32.69280044,7.08661400
32.69360044,6.29921200
32.69440044,6.29921200
32.69520044,6.29921200
32.69600044,7.08661400
32.69680044,7.48031400
32.69760044,7.48031400
32.69840044,7.08661400
32.69920044,6.29921200
32.70000044,5.90551100
32.70080044,5.90551100
32.70160044,5.11811000
32.70240044,5.11811000
32.70320044,3.93700800
32.70400044,2.36220500
32.70480044,1.18110200
32.70560044,1.57480300
32.70640044,1.96850400
32.70720044,2.75590500
32.70800044,2.75590500
32.70880044,1.57480300
32.70960044,0.39370070
32.71040044,-0.78740150
32.71120044,-1.18110200
32.71200044,-0.78740150
32.71280044,-1.57480300
32.71360044,-3.14960600
32.71440044,-5.11811000
32.71520044,-7.48031400
32.71600044,-7.87401500
32.71680044,-7.48031400
32.71760044,-6.69291300
32.71840044,-5.90551100
32.71920044,-5.90551100
32.72000044,-5.90551100
32.72080044,-6.29921200
32.72160044,-6.69291300
32.72240044,-6.69291300
32.72320044,-6.69291300
32.72400044,-7.08661400
32.72480044,-7.08661400
32.72560044,-7.87401500
32.72640044,-8.26771600
32.72720044,-7.87401500
32.72800044,-7.48031400
32.72880044,-6.69291300
32.72960044,-6.29921200
32.73040044,-5.90551100
32.73120044,-6.69291300
32.73200044,-6.69291300
32.73280044,-6.69291300
32.73360044,-5.90551100
32.73440044,-5.11811000
32.73520044,-5.51181100
32.73600044,-6.29921200
32.73680044,-6.29921200
32.73760044,-5.11811000
32.73840044,-3.14960600
32.73920044,-1.18110200
32.74000044,0.78740150
32.74080044,1.96850400
32.74160044,1.96850400
32.74240044,1.18110200
32.74320044,1.18110200
32.74400044,1.57480300
32.74480044,1.57480300
32.74560044,0.78740150
32.74640044,1.18110200
32.74720044,1.18110200
32.74800044,1.57480300
32.74880044,2.36220500
32.74960044,3.14960600
32.75040044,4.72440900
32.75120044,6.69291300
32.75200044,8.26771600
32.75280044,8.26771600
32.75360044,8.66141700
32.75440044,7.48031400
32.75520044,6.29921200
32.75600044,5.11811000
32.75680044,4.72440900
32.75760044,4.33070900
32.75840044,5.51181100
32.75920044,6.29921200
32.76000044,7.08661400
32.76080044,7.87401500
32.76160044,8.26771600
32.76240044,8.26771600
32.76320044,8.66141700
32.76400044,7.87401500
32.76480044,7.48031400
32.76560044,6.69291300
32.76640044,4.72440900
32.76720044,3.14960600
32.76800044,3.14960600
32.76880044,2.75590500
32.76960044,3.14960600
32.77040044,3.54330700
32.77120044,3.54330700
32.77200044,3.14960600
32.77280044,2.36220500
32.77360044,1.57480300
32.77440044,0.78740150
32.77520044,0.39370070
32.77600044,-0.39370070
32.77680044,-0.78740150
32.77760044,-0.78740150
32.77840044,-0.39370070
32.77920044,0.00000000
32.78000044,1.18110200
32.78080044,0.39370070
32.78160044,-0.39370070
32.78240044,-1.96850400
32.78320044,-3.54330700
32.78400044,-4.72440900
32.78480044,-5.11811000
32.78560044,-5.11811000
32.78640044,-6.29921200
32.78720044,-6.69291300
32.78800044,-6.69291300
32.78880044,-6.29921200
32.78960044,-5.11811000
32.79040044,-3.54330700
32.79120044,-3.14960600
32.79200044,-3.14960600
32.79280044,-3.93700800
32.79360044,-5.11811000
32.79440044,-5.11811000
32.79520044,-5.11811000
32.79600044,-4.33070900
32.79680044,-3.93700800
32.79760044,-3.14960600
32.79840044,-3.54330700
32.79920044,-3.54330700
32.80000044,-3.54330700
32.80080044,-2.75590500
32.80160044,-2.36220500
32.80240044,-1.57480300
32.80320044,-1.57480300
32.80400044,-1.57480300
32.80480044,-2.36220500
32.80560044,-3.14960600
32.80640044,-1.96850400
32.80720044,-1.57480300
32.80800044,-1.18110200
32.80880044,-0.78740150
32.80960044,-0.78740150
32.81040044,-1.57480300
32.81120044,-1.57480300
32.81200044,-1.18110200
32.81280044,-0.78740150
32.81360044,0.39370070
32.81440044,0.39370070
32.81520044,0.00000000
32.81600044,0.39370070
32.81680044,1.18110200
32.81760044,1.57480300
32.81840044,2.75590500
32.81920044,3.14960600
32.82000044,2.36220500
32.82080044,1.57480300
32.82160044,0.39370070
32.82240044,0.00000000
32.82320044,-0.39370070
32.82400044,0.00000000
32.82480044,-0.39370070
32.82560044,0.00000000
32.82640044,0.00000000
32.82720044,0.39370070
32.82800044,0.78740150
32.82880044,1.57480300
32.82960044,2.36220500
32.83040044,2.36220500
32.83120044,1.96850400
32.83200044,1.96850400
32.83280044,1.96850400
32.83360044,2.36220500
32.83440044,2.75590500
32.83520044,3.93700800
32.83600044,3.93700800
32.83680044,3.93700800
32.83760044,3.54330700
32.83840044,3.54330700
32.83920044,3.54330700
32.84000044,3.54330700
32.84080044,3.14960600
32.84160044,3.14960600
32.84240044,3.54330700
32.84320044,2.75590500
32.84400044,2.75590500
32.84480044,2.75590500
32.84560044,2.36220500
32.84640044,3.14960600
32.84720044,3.14960600
32.84800044,3.93700800
32.84880044,3.93700800
32.84960044,3.14960600
32.85040044,3.14960600
32.85120044,3.14960600
32.85200044,3.54330700
32.85280044,3.93700800
32.85360044,3.93700800
32.85440044,3.54330700
32.85520044,3.54330700
32.85600044,2.75590500
32.85680044,2.36220500
32.85760044,2.36220500
32.85840044,2.36220500
32.85920044,2.75590500
32.86000044,2.36220500
32.86080044,1.96850400
32.86160044,1.96850400
32.86240044,1.18110200
32.86320044,0.39370070
32.86400044,0.00000000
32.86480044,-0.78740150
32.86560044,-1.57480300
32.86640044,-2.75590500
32.86720044,-3.54330700
32.86800044,-3.93700800
32.86880044,-3.93700800
32.86960044,-2.75590500
32.87040044,-2.75590500
32.87120044,-2.36220500
32.87200044,-2.75590500
32.87280044,-3.54330700
32.87360044,-3.54330700
32.87440044,-3.93700800
32.87520044,-4.33070900
32.87600044,-4.33070900
32.87680044,-5.90551100
32.87760044,-7.08661400
32.87840044,-7.48031400
32.87920044,-7.08661400
32.88000044,-6.29921200
32.88080044,-5.11811000
32.88160044,-4.72440900
32.88240044,-5.11811000
32.88320044,-5.51181100
32.88400044,-6.29921200
32.88480044,-6.29921200
32.88560044,-5.90551100
32.88640044,-5.51181100
32.88720044,-5.11811000
32.88800044,-5.51181100
32.88880044,-6.29921200
32.88960044,-5.51181100
32.89040044,-3.93700800
32.89120044,-2.36220500
32.89200044,-1.57480300
32.89280044,-1.57480300
32.89360044,-2.36220500
32.89440044,-3.93700800
32.89520044,-4.33070900
32.89600044,-3.93700800
32.89680044,-2.75590500
32.89760044,-1.18110200
32.89840044,0.39370070
32.89920044,0.39370070
32.90000044,1.18110200
32.90080044,2.36220500
32.90160044,3.14960600
32.90240044,3.54330700
32.90320044,3.54330700
32.90400044,2.75590500
32.90480044,1.96850400
32.90560044,1.57480300
32.90640044,1.96850400
32.90720044,3.54330700
32.90800044,5.90551100
32.90880044,7.48031400
32.90960044,8.66141700
32.91040044,9.44881800
32.91120044,9.05511800
32.91200044,9.05511800
32.91280044,9.44881800
32.91360044,8.66141700
32.91440044,8.26771600
32.91520044,7.08661400
32.91600044,5.51181100
32.91680044,5.51181100
32.91760044,6.29921200
32.91840044,7.48031400
32.91920044,8.26771600
32.92000044,9.05511800
32.92080044,8.66141700
32.92160044,8.26771600
32.92240044,7.48031400
32.92320044,6.29921200
32.92400044,5.90551100
32.92480044,5.11811000
32.92560044,4.33070900
32.92640044,2.75590500
32.92720044,2.36220500
32.92800044,2.36220500
32.92880044,2.36220500
32.92960044,3.54330700
32.93040044,3.54330700
32.93120044,3.54330700
32.93200044,2.36220500
32.93280044,1.18110200
32.93360044,-0.78740150
32.93440044,-2.36220500
32.93520044,-3.54330700
32.93600044,-4.33070900
32.93680044,-5.11811000
32.93760044,-5.11811000
32.93840044,-5.11811000
32.93920044,-5.11811000
32.94000044,-5.11811000
32.94080044,-5.51181100
32.94160044,-6.29921200
32.94240044,-5.90551100
32.94320044,-6.69291300
32.94400044,-7.08661400
32.94480044,-7.87401500
32.94560044,-8.66141700
32.94640044,-8.66141700
32.94720044,-8.66141700
32.94800044,-7.87401500
32.94880044,-7.48031400
32.94960044,-7.87401500
32.95040044,-8.26771600
32.95120044,-8.26771600
32.95200044,-8.26771600
32.95280044,-7.48031400
32.95360044,-7.08661400
32.95440044,-6.69291300
32.95520044,-6.29921200
32.95600044,-5.90551100
32.95680044,-6.69291300
32.95760044,-5.90551100
32.95840044,-5.51181100
32.95920044,-5.11811000
32.96000044,-4.72440900
32.96080044,-4.33070900
32.96160044,-4.33070900
32.96240044,-3.93700800
32.96320044,-2.75590500
32.96400044,-1.57480300
32.96480044,0.00000000
32.96560044,1.18110200
32.96640044,0.78740150
32.96720044,0.78740150
32.96800044,0.78740150
32.96880044,1.18110200
32.96960044,2.36220500
32.97040044,3.14960600
32.97120044,3.93700800
32.97200044,4.33070900
32.97280044,4.33070900
32.97360044,3.93700800
32.97440044,5.11811000
32.97520044,6.69291300
32.97600044,6.29921200
32.97680044,6.29921200
32.97760044,5.90551100
32.97840044,5.11811000
32.97920044,5.51181100
32.98000044,5.90551100
32.98080044,7.48031400
32.98160044,8.66141700
32.98240044,8.66141700
32.98320044,8.66141700
32.98400044,8.26771600
32.98480044,8.66141700
32.98560044,8.26771600
32.98640044,7.87401500
32.98720044,7.48031400
32.98800044,6.29921200
32.98880044,4.72440900
32.98960044,4.33070900
32.99040044,4.72440900
32.99120044,5.90551100
32.99200044,7.48031400
32.99280044,7.87401500
32.99360044,6.69291300
32.99440044,5.90551100
32.99520044,4.72440900
32.99600044,3.93700800
32.99680044,3.14960600
32.99760044,1.96850400
32.99840044,0.78740150
32.99920044,-0.78740150
33.00000044,-1.96850400
33.00080044,-1.96850400
33.00160044,-1.18110200
33.00240044,-0.39370070
33.00320044,0.78740150
33.00400044,1.18110200
33.00480044,0.78740150
33.00560044,-0.78740150
33.00640044,-2.75590500
33.00720044,-4.72440900
33.00800044,-5.90551100
33.00880044,-6.29921200
33.00960044,-7.08661400
33.01040044,-7.48031400
33.01120044,-7.87401500
33.01200044,-7.08661400
33.01280044,-6.29921200
33.01360044,-4.33070900
33.01440044,-4.72440900
33.01520044,-5.11811000
33.01600044,-5.90551100
33.01680044,-7.48031400
33.01760044,-8.26771600
33.01840044,-8.66141700
33.01920044,-9.05511800
33.02000044,-8.66141700
33.02080044,-7.87401500
33.02160044,-7.48031400
33.02240044,-6.29921200
33.02320044,-5.11811000
33.02400044,-4.72440900
33.02480044,-4.72440900
33.02560044,-3.93700800
33.02640044,-4.33070900
33.02720044,-4.33070900
33.02800044,-4.72440900
33.02880044,-4.72440900
33.02960044,-4.33070900
33.03040044,-3.14960600
33.03120044,-2.75590500
33.03200044,-1.57480300
33.03280044,-0.78740150
33.03360044,-0.78740150
33.03440044,0.00000000
33.03520044,0.78740150
33.03600044,1.18110200
33.03680044,1.96850400
33.03760044,1.96850400
33.03840044,1.96850400
33.03920044,2.36220500
33.04000044,2.36220500
33.04080044,2.75590500
33.04160044,3.14960600
33.04240044,3.93700800
33.04320044,3.93700800
33.04400044,3.54330700
33.04480044,3.93700800
33.04560044,3.93700800
33.04640044,4.33070900
33.04720044,5.51181100
33.04800044,5.90551100
33.04880044,6.69291300
33.04960044,6.69291300
33.05040044,6.29921200
33.05120044,5.51181100
33.05200044,5.11811000
33.05280044,4.72440900
33.05360044,3.93700800
33.05440044,4.33070900
33.05520044,4.33070900
33.05600044,4.33070900
33.05680044,3.93700800
33.05760044,4.72440900
33.05840044,5.51181100
33.05920044,6.29921200
33.06000044,6.29921200
33.06080044,5.90551100
33.06160044,4.33070900
33.06240044,2.75590500
33.06320044,1.57480300
33.06400044,1.57480300
33.06480044,1.96850400
33.06560044,2.36220500
33.06640044,1.96850400
33.06720044,1.18110200
33.06800044,1.18110200
33.06880044,1.57480300
33.06960044,1.96850400
33.07040044,2.36220500
33.07120044,1.96850400
33.07200044,0.39370070
33.07280044,-1.18110200
33.07360044,-2.75590500
33.07440044,-2.75590500
33.07520044,-1.96850400
33.07600044,-1.57480300
33.07680044,-0.78740150
33.07760044,-0.78740150
33.07840044,-0.78740150
33.07920044,-1.18110200
33.08000044,-1.18110200
33.08080044,-0.39370070
33.08160044,-1.57480300
33.08240044,-2.36220500
33.08320044,-4.33070900
33.08400044,-5.90551100
33.08480044,-6.69291300
33.08560044,-5.51181100
33.08640044,-4.33070900
33.08720044,-3.14960600
33.08800044,-2.75590500
33.08880044,-3.54330700
33.08960044,-3.54330700
33.09040044,-3.14960600
33.09120044,-2.75590500
33.09200044,-3.14960600
33.09280044,-3.54330700
33.09360044,-5.51181100
33.09440044,-6.69291300
33.09520044,-6.69291300
33.09600044,-5.90551100
33.09680044,-5.11811000
33.09760044,-3.54330700
33.09840044,-3.14960600
33.09920044,-3.14960600
33.10000044,-2.75590500
33.10080044,-2.36220500
33.10160044,-2.75590500
33.10240044,-2.36220500
33.10320044,-2.36220500
33.10400044,-2.75590500
33.10480044,-2.75590500
33.10560044,-3.14960600
33.10640044,-3.14960600
33.10720044,-1.96850400
33.10800044,-1.18110200
33.10880044,-0.78740150
33.10960044,0.00000000
33.11040044,0.00000000
33.11120044,0.00000000
33.11200044,0.78740150
33.11280044,1.18110200
33.11360044,1.18110200
33.11440044,1.57480300
33.11520044,0.78740150
33.11600044,1.18110200
33.11680044,1.57480300
33.11760044,2.36220500
33.11840044,2.75590500
33.11920044,2.75590500
33.12000044,2.75590500
33.12080044,3.14960600
33.12160044,4.33070900
33.12240044,4.72440900
33.12320044,4.33070900
33.12400044,3.93700800
33.12480044,3.14960600
33.12560044,3.14960600
33.12640044,3.54330700
33.12720044,4.33070900
33.12800044,4.33070900
33.12880044,4.33070900
33.12960044,4.33070900
33.13040044,4.33070900
33.13120044,4.72440900
33.13200044,5.11811000
33.13280044,5.11811000
33.13360044,5.11811000
33.13440044,4.33070900
33.13520044,3.93700800
33.13600044,3.54330700
33.13680044,2.75590500
33.13760044,2.75590500
33.13840044,3.14960600
33.13920044,3.54330700
33.14000044,3.54330700
33.14080044,3.54330700
33.14160044,3.93700800
33.14240044,3.54330700
33.14320044,3.54330700
33.14400044,3.54330700
33.14480044,2.36220500
33.14560044,1.18110200
33.14640044,-0.39370070
33.14720044,-0.39370070
33.14800044,0.00000000
33.14880044,0.39370070
33.14960044,0.78740150
33.15040044,0.39370070
33.15120044,0.00000000
33.15200044,-0.39370070
33.15280044,0.00000000
33.15360044,0.00000000
33.15440044,-0.39370070
33.15520044,-1.18110200
33.15600044,-3.14960600
33.15680044,-3.93700800
33.15760044,-4.33070900
33.15840044,-3.93700800
33.15920044,-2.75590500
33.16000044,-2.75590500
33.16080044,-2.75590500
33.16160044,-3.14960600
33.16240044,-3.93700800
33.16320044,-4.33070900
33.16400044,-4.33070900
33.16480044,-4.33070900
33.16560044,-4.72440900
33.16640044,-5.51181100
33.16720044,-5.90551100
33.16800044,-6.29921200
33.16880044,-6.29921200
33.16960044,-4.72440900
33.17040044,-3.93700800
33.17120044,-3.54330700
33.17200044,-3.93700800
33.17280044,-5.11811000
33.17360044,-5.90551100
33.17440044,-5.11811000
33.17520044,-4.72440900
33.17600044,-4.72440900
33.17680044,-3.54330700
33.17760044,-3.54330700
33.17840044,-3.14960600
33.17920044,-2.36220500
33.18000044,-1.96850400
33.18080044,-1.96850400
33.18160044,-1.57480300
33.18240044,-1.96850400
33.18320044,-2.75590500
33.18400044,-2.75590500
33.18480044,-2.36220500
33.18560044,-1.96850400
33.18640044,-0.39370070
33.18720044,0.78740150
33.18800044,1.18110200
33.18880044,1.96850400
33.18960044,2.75590500
33.19040044,2.75590500
33.19120044,3.54330700
33.19200044,3.14960600
33.19280044,1.96850400
33.19360044,1.57480300
33.19440044,1.18110200
33.19520044,1.57480300
33.19600044,1.96850400
33.19680044,3.14960600
33.19760044,4.33070900
33.19840044,5.11811000
33.19920044,5.90551100
33.20000044,5.90551100
33.20080044,6.69291300
33.20160044,6.29921200
33.20240044,5.90551100
33.20320044,5.51181100
33.20400044,3.93700800
33.20480044,3.14960600
33.20560044,3.14960600
33.20640044,3.54330700
33.20720044,3.93700800
33.20800044,4.72440900
33.20880044,5.11811000
33.20960044,5.11811000
33.21040044,5.51181100
33.21120044,5.51181100
33.21200044,5.11811000
33.21280044,4.72440900
33.21360044,3.54330700
33.21440044,2.75590500
33.21520044,1.96850400
33.21600044,1.57480300
33.21680044,1.57480300
33.21760044,1.57480300
33.21840044,1.57480300
33.21920044,1.96850400
33.22000044,1.96850400
33.22080044,1.96850400
33.22160044,1.57480300
33.22240044,1.57480300
33.22320044,0.78740150
33.22400044,-0.39370070
33.22480044,-1.57480300
33.22560044,-1.18110200
33.22640044,-1.57480300
33.22720044,-1.57480300
33.22800044,-0.78740150
33.22880044,-1.96850400
33.22960044,-1.96850400
33.23040044,-1.96850400
33.23120044,-2.36220500
33.23200044,-1.96850400
33.23280044,-2.75590500
33.23360044,-3.14960600
33.23440044,-3.14960600
33.23520044,-3.93700800
33.23600044,-4.33070900
33.23680044,-4.33070900
33.23760044,-4.33070900
33.23840044,-4.72440900
33.23920044,-4.72440900
33.24000044,-4.33070900
33.24080044,-4.33070900
33.24160044,-3.93700800
33.24240044,-3.14960600
33.24320044,-2.75590500
33.24400044,-2.36220500
33.24480044,-2.75590500
33.24560044,-3.54330700
33.24640044,-4.33070900
33.24720044,-5.11811000
33.24800044,-5.51181100
33.24880044,-5.90551100
33.24960044,-5.51181100
33.25040044,-5.11811000
33.25120044,-4.33070900
33.25200044,-3.14960600
33.25280044,-1.57480300
33.25360044,-0.78740150
33.25440044,0.00000000
33.25520044,0.00000000
33.25600044,-1.18110200
33.25680044,-1.57480300
33.25760044,-2.36220500
33.25840044,-2.36220500
33.25920044,-2.36220500
33.26000044,-2.36220500
33.26080044,-1.57480300
33.26160044,-0.39370070
33.26240044,0.39370070
33.26320044,1.57480300
33.26400044,2.75590500
33.26480044,3.14960600
33.26560044,3.54330700
33.26640044,3.14960600
33.26720044,1.96850400
33.26800044,1.18110200
33.26880044,1.18110200
33.26960044,1.18110200
33.27040044,1.96850400
33.27120044,3.14960600
33.27200044,3.14960600
33.27280044,4.33070900
33.27360044,4.72440900
33.27440044,5.11811000
33.27520044,4.72440900
33.27600044,4.72440900
33.27680044,3.93700800
33.27760044,3.14960600
33.27840044,2.36220500
33.27920044,2.36220500
33.28000044,3.14960600
33.28080044,3.93700800
33.28160044,4.72440900
33.28240044,4.72440900
33.28320044,5.11811000
33.28400044,4.72440900
33.28480044,4.72440900
33.28560044,4.33070900
33.28640044,3.93700800
33.28720044,3.54330700
33.28800044,2.75590500
33.28880044,1.96850400
33.28960044,1.96850400
33.29040044,2.75590500
33.29120044,3.14960600
33.29200044,3.54330700
33.29280044,3.54330700
33.29360044,2.75590500
33.29440044,1.96850400
33.29520044,2.36220500
33.29600044,1.57480300
33.29680044,1.96850400
33.29760044,2.36220500
33.29840044,1.57480300
33.29920044,0.78740150
33.30000044,0.78740150
33.30080044,0.00000000
33.30160044,-0.39370070
33.30240044,0.00000000
33.30320044,-1.57480300
33.30400044,-1.96850400
33.30480044,-2.75590500
33.30560044,-2.75590500
33.30640044,-2.75590500
33.30720044,-1.96850400
33.30800044,-1.96850400
33.30880044,-1.57480300
33.30960044,-1.18110200
33.31040044,-1.57480300
33.31120044,-1.96850400
33.31200044,-2.36220500
33.31280044,-3.14960600
33.31360044,-3.93700800
33.31440044,-4.72440900
33.31520044,-5.51181100
33.31600044,-5.90551100
33.31680044,-5.90551100
33.31760044,-5.11811000
33.31840044,-3.54330700
33.31920044,-2.75590500
33.32000044,-2.36220500
33.32080044,-2.36220500
33.32160044,-2.75590500
33.32240044,-2.75590500
33.32320044,-3.54330700
33.32400044,-5.11811000
33.32480044,-6.29921200
33.32560044,-6.69291300
33.32640044,-5.90551100
33.32720044,-5.51181100
33.32800044,-3.93700800
33.32880044,-3.14960600
33.32960044,-2.36220500
33.33040045,-1.96850400
33.33120045,-1.96850400
33.33200045,-1.96850400
33.33280045,-1.57480300
33.33360045,-1.57480300
33.33440045,-2.75590500
33.33520045,-3.14960600
33.33600045,-3.14960600
33.33680045,-3.14960600
33.33760045,-1.96850400
33.33840045,0.00000000
33.33920045,0.78740150
33.34000045,1.18110200
33.34080045,1.18110200
33.34160045,0.78740150
33.34240045,1.18110200
33.34320045,0.78740150
33.34400045,1.57480300
33.34480045,1.18110200
33.34560045,1.18110200
33.34640045,1.18110200
33.34720045,1.96850400
33.34800045,3.93700800
33.34880045,4.72440900
33.34960045,5.11811000
33.35040045,5.51181100
33.35120045,4.72440900
33.35200045,4.33070900
33.35280045,4.33070900
33.35360045,4.72440900
33.35440045,5.11811000
33.35520045,5.11811000
33.35600045,4.33070900
33.35680045,4.72440900
33.35760045,4.72440900
33.35840045,5.11811000
33.35920045,5.51181100
33.36000045,6.29921200
33.36080045,5.90551100
33.36160045,5.11811000
33.36240045,4.72440900
33.36320045,5.11811000
33.36400045,5.51181100
33.36480045,6.29921200
33.36560045,6.29921200
33.36640045,5.51181100
33.36720045,4.72440900
33.36800045,3.93700800
33.36880045,3.14960600
33.36960045,3.54330700
33.37040045,3.14960600
33.37120045,2.75590500
33.37200045,1.96850400
33.37280045,1.57480300
33.37360045,1.18110200
33.37440045,1.96850400
33.37520045,2.36220500
33.37600045,2.36220500
33.37680045,1.57480300
33.37760045,0.39370070
33.37840045,0.00000000
33.37920045,-1.18110200
33.38000045,-1.57480300
33.38080045,-1.96850400
33.38160045,-2.36220500
33.38240045,-3.14960600
33.38320045,-3.93700800
33.38400045,-4.33070900
33.38480045,-4.33070900
33.38560045,-3.93700800
33.38640045,-3.54330700
33.38720045,-3.93700800
33.38800045,-4.33070900
33.38880045,-5.11811000
33.38960045,-5.51181100
33.39040045,-5.90551100
33.39120045,-5.11811000
33.39200045,-5.90551100
33.39280045,-6.29921200
33.39360045,-6.69291300
33.39440045,-7.48031400
33.39520045,-6.29921200
33.39600045,-5.90551100
33.39680045,-5.90551100
33.39760045,-5.90551100
33.39840045,-6.29921200
33.39920045,-7.08661400
33.40000045,-6.29921200
33.40080045,-5.51181100
33.40160045,-4.72440900
33.40240045,-4.33070900
33.40320045,-4.72440900
33.40400045,-4.72440900
33.40480045,-4.33070900
33.40560045,-3.93700800
33.40640045,-3.93700800
33.40720045,-3.14960600
33.40800045,-3.54330700
33.40880045,-3.54330700
33.40960045,-2.75590500
33.41040045,-1.18110200
33.41120045,-0.39370070
33.41200045,0.00000000
33.41280045,0.78740150
33.41360045,0.00000000
33.41440045,0.00000000
33.41520045,0.39370070
33.41600045,0.78740150
33.41680045,1.57480300
33.41760045,1.96850400
33.41840045,1.96850400
33.41920045,2.75590500
33.42000045,3.54330700
33.42080045,4.33070900
33.42160045,5.51181100
33.42240045,5.90551100
33.42320045,5.90551100
33.42400045,5.51181100
33.42480045,4.72440900
33.42560045,5.11811000
33.42640045,5.11811000
33.42720045,5.51181100
33.42800045,6.29921200
33.42880045,6.29921200
33.42960045,6.69291300
33.43040045,7.48031400
33.43120045,7.87401500
33.43200045,8.66141700
33.43280045,8.66141700
33.43360045,8.26771600
33.43440045,7.08661400
33.43520045,5.51181100
33.43600045,5.11811000
33.43680045,4.72440900
33.43760045,4.72440900
33.43840045,5.11811000
33.43920045,4.72440900
33.44000045,4.72440900
33.44080045,5.11811000
33.44160045,5.51181100
33.44240045,5.90551100
33.44320045,5.51181100
33.44400045,4.72440900
33.44480045,2.75590500
33.44560045,1.57480300
33.44640045,0.00000000
33.44720045,-0.39370070
33.44800045,-0.78740150
33.44880045,-0.78740150
33.44960045,-0.78740150
33.45040045,-1.18110200
33.45120045,-1.18110200
33.45200045,-1.57480300
33.45280045,-1.57480300
33.45360045,-1.18110200
33.45440045,-1.96850400
33.45520045,-3.14960600
33.45600045,-4.33070900
33.45680045,-5.51181100
33.45760045,-5.90551100
33.45840045,-5.51181100
33.45920045,-6.29921200
33.46000045,-5.90551100
33.46080045,-6.29921200
33.46160045,-6.29921200
33.46240045,-6.29921200
33.46320045,-6.29921200
33.46400045,-5.90551100
33.46480045,-6.29921200
33.46560045,-6.69291300
33.46640045,-7.08661400
33.46720045,-7.48031400
33.46800045,-7.48031400
33.46880045,-7.87401500
33.46960045,-7.48031400
33.47040045,-7.08661400
33.47120045,-7.08661400
33.47200045,-6.29921200
33.47280045,-5.90551100
33.47360045,-4.72440900
33.47440045,-3.93700800
33.47520045,-2.75590500
33.47600045,-3.14960600
33.47680045,-3.14960600
33.47760045,-3.14960600
33.47840045,-3.54330700
33.47920045,-2.75590500
33.48000045,-2.75590500
33.48080045,-2.75590500
33.48160045,-2.75590500
33.48240045,-1.57480300
33.48320045,0.00000000
33.48400045,1.57480300
33.48480045,1.96850400
33.48560045,2.75590500
33.48640045,2.75590500
33.48720045,3.93700800
33.48800045,3.93700800
33.48880045,3.14960600
33.48960045,2.75590500
33.49040045,2.36220500
33.49120045,2.36220500
33.49200045,3.14960600
33.49280045,3.93700800
33.49360045,5.51181100
33.49440045,6.29921200
33.49520045,7.48031400
33.49600045,7.48031400
33.49680045,7.87401500
33.49760045,7.48031400
33.49840045,7.08661400
33.49920045,6.69291300
33.50000045,6.29921200
33.50080045,5.90551100
33.50160045,5.51181100
33.50240045,4.72440900
33.50320045,4.72440900
33.50400045,4.72440900
33.50480045,5.90551100
33.50560045,5.90551100
33.50640045,6.29921200
33.50720045,6.29921200
33.50800045,5.11811000
33.50880045,4.72440900
33.50960045,4.72440900
33.51040045,3.93700800
33.51120045,3.54330700
33.51200045,2.36220500
33.51280045,2.36220500
33.51360045,1.57480300
33.51440045,2.36220500
33.51520045,2.36220500
33.51600045,2.36220500
33.51680045,1.96850400
33.51760045,1.18110200
33.51840045,0.39370070
33.51920045,-0.78740150
33.52000045,-1.57480300
33.52080045,-1.96850400
33.52160045,-2.36220500
33.52240045,-1.96850400
33.52320045,-1.96850400
33.52400045,-2.75590500
33.52480045,-2.36220500
33.52560045,-1.96850400
33.52640045,-2.36220500
33.52720045,-2.75590500
33.52800045,-3.14960600
33.52880045,-3.54330700
33.52960045,-4.33070900
33.53040045,-4.72440900
33.53120045,-4.33070900
33.53200045,-4.72440900
33.53280045,-3.93700800
33.53360045,-3.93700800
33.53440045,-4.33070900
33.53520045,-4.72440900
33.53600045,-4.33070900
33.53680045,-4.72440900
33.53760045,-4.72440900
33.53840045,-4.33070900
33.53920045,-4.72440900
33.54000045,-3.93700800
33.54080045,-4.33070900
33.54160045,-4.72440900
33.54240045,-4.33070900
33.54320045,-3.54330700
33.54400045,-3.14960600
33.54480045,-3.14960600
33.54560045,-3.14960600
33.54640045,-3.93700800
33.54720045,-3.93700800
33.54800045,-3.93700800
33.54880045,-2.75590500
33.54960045,-2.36220500
33.55040045,-1.96850400
33.55120045,-1.96850400
33.55200045,-1.96850400
33.55280045,-1.18110200
33.55360045,-0.78740150
33.55440045,0.00000000
33.55520045,0.00000000
33.55600045,0.00000000
33.55680045,-0.39370070
33.55760045,-0.39370070
33.55840045,-0.78740150
33.55920045,0.00000000
33.56000045,0.39370070
33.56080045,1.18110200
33.56160045,1.57480300
33.56240045,1.96850400
33.56320045,1.57480300
33.56400045,1.57480300
33.56480045,1.96850400
33.56560045,2.36220500
33.56640045,2.75590500
33.56720045,2.36220500
33.56800045,1.57480300
33.56880045,1.96850400
33.56960045,2.36220500
33.57040045,3.14960600
33.57120045,3.93700800
33.57200045,3.93700800
33.57280045,3.54330700
33.57360045,2.75590500
33.57440045,3.14960600
33.57520045,3.54330700
33.57600045,3.54330700
33.57680045,3.93700800
33.57760045,3.93700800
33.57840045,4.33070900
33.57920045,3.93700800
33.58000045,3.93700800
33.58080045,3.54330700
33.58160045,3.54330700
33.58240045,3.54330700
33.58320045,3.54330700
33.58400045,2.75590500
33.58480045,3.14960600
33.58560045,3.14960600
33.58640045,3.14960600
33.58720045,3.54330700
33.58800045,4.33070900
33.58880045,3.93700800
33.58960045,3.54330700
33.59040045,3.54330700
33.59120045,2.75590500
33.59200045,1.96850400
33.59280045,1.57480300
33.59360045,1.18110200
33.59440045,0.39370070
33.59520045,0.39370070
33.59600045,0.78740150
33.59680045,1.18110200
33.59760045,1.57480300
33.59840045,1.96850400
33.59920045,1.96850400
33.60000045,1.57480300
33.60080045,1.18110200
33.60160045,0.00000000
33.60240045,-1.18110200
33.60320045,-2.36220500
33.60400045,-2.75590500
33.60480045,-2.75590500
33.60560045,-2.36220500
33.60640045,-1.57480300
33.60720045,-1.18110200
33.60800045,-1.18110200
33.60880045,-1.57480300
33.60960045,-1.57480300
33.61040045,-1.18110200
33.61120045,-1.96850400
33.61200045,-3.14960600
33.61280045,-4.33070900
33.61360045,-5.51181100
33.61440045,-5.90551100
33.61520045,-5.51181100
33.61600045,-5.11811000
33.61680045,-3.93700800
33.61760045,-3.93700800
33.61840045,-3.93700800
33.61920045,-3.93700800
33.62000045,-4.33070900
33.62080045,-4.33070900
33.62160045,-3.93700800
33.62240045,-3.93700800
33.62320045,-4.72440900
33.62400045,-6.29921200
33.62480045,-6.69291300
33.62560045,-6.69291300
33.62640045,-5.11811000
33.62720045,-3.93700800
33.62800045,-2.75590500
33.62880045,-2.75590500
33.62960045,-3.14960600
33.63040045,-3.14960600
33.63120045,-3.54330700
33.63200045,-2.36220500
33.63280045,-1.96850400
33.63360045,-1.57480300
33.63440045,-1.96850400
33.63520045,-3.14960600
33.63600045,-2.75590500
33.63680045,-2.36220500
33.63760045,-1.96850400
33.63840045,-0.39370070
33.63920045,0.39370070
33.64000045,0.78740150
33.64080045,0.78740150
33.64160045,1.18110200
33.64240045,2.75590500
33.64320045,3.54330700
33.64400045,3.93700800
33.64480045,3.54330700
33.64560045,3.14960600
33.64640045,2.36220500
33.64720045,1.96850400
33.64800045,2.75590500
33.64880045,3.54330700
33.64960045,4.72440900
33.65040045,5.51181100
33.65120045,5.90551100
33.65200045,6.69291300
33.65280045,7.48031400
33.65360045,8.26771600
33.65440045,8.26771600
33.65520045,7.08661400
33.65600045,6.29921200
33.65680045,4.33070900
33.65760045,3.54330700
33.65840045,3.93700800
33.65920045,3.93700800
33.66000045,5.11811000
33.66080045,6.29921200
33.66160045,7.48031400
33.66240045,7.48031400
33.66320045,7.48031400
33.66400045,7.08661400
33.66480045,5.90551100
33.66560045,5.11811000
33.66640045,3.93700800
33.66720045,2.75590500
33.66800045,1.96850400
33.66880045,0.39370070
33.66960045,0.78740150
33.67040045,1.18110200
33.67120045,1.57480300
33.67200045,2.75590500
33.67280045,3.14960600
33.67360045,3.14960600
33.67440045,2.36220500
33.67520045,0.78740150
33.67600045,-0.78740150
33.67680045,-1.96850400
33.67760045,-3.14960600
33.67840045,-4.33070900
33.67920045,-4.33070900
33.68000045,-4.33070900
33.68080045,-4.33070900
33.68160045,-4.33070900
33.68240045,-3.14960600
33.68320045,-1.96850400
33.68400045,-1.57480300
33.68480045,-2.36220500
33.68560045,-4.72440900
33.68640045,-7.48031400
33.68720045,-8.66141700
33.68800045,-8.66141700
33.68880045,-7.48031400
33.68960045,-7.08661400
33.69040045,-7.08661400
33.69120045,-7.08661400
33.69200045,-6.69291300
33.69280045,-5.90551100
33.69360045,-4.33070900
33.69440045,-4.33070900
33.69520045,-5.11811000
33.69600045,-6.69291300
33.69680045,-7.87401500
33.69760045,-8.66141700
33.69840045,-8.26771600
33.69920045,-7.08661400
33.70000045,-5.11811000
33.70080045,-3.54330700
33.70160045,-3.14960600
33.70240045,-3.54330700
33.70320045,-3.54330700
33.70400045,-2.75590500
33.70480045,-1.96850400
33.70560045,-0.78740150
33.70640045,-1.18110200
33.70720045,-2.36220500
33.70800045,-3.14960600
33.70880045,-2.36220500
33.70960045,-0.39370070
33.71040045,1.18110200
33.71120045,2.75590500
33.71200045,3.14960600
33.71280045,2.75590500
33.71360045,2.75590500
33.71440045,3.14960600
33.71520045,3.54330700
33.71600045,4.33070900
33.71680045,4.33070900
33.71760045,3.54330700
33.71840045,3.54330700
33.71920045,4.33070900
33.72000045,5.11811000
33.72080045,6.69291300
33.72160045,7.48031400
33.72240045,7.87401500
33.72320045,8.26771600
33.72400045,7.08661400
33.72480045,6.69291300
33.72560045,6.29921200
33.72640045,6.69291300
33.72720045,7.08661400
33.72800045,7.08661400
33.72880045,6.69291300
33.72960045,6.29921200
33.73040045,6.29921200
33.73120045,6.29921200
33.73200045,6.69291300
33.73280045,7.08661400
33.73360045,6.29921200
33.73440045,5.51181100
33.73520045,5.11811000
33.73600045,4.72440900
33.73680045,4.72440900
33.73760045,3.93700800
33.73840045,3.93700800
33.73920045,3.54330700
33.74000045,2.75590500
33.74080045,1.96850400
33.74160045,0.78740150
33.74240045,0.00000000
33.74320045,0.00000000
33.74400045,0.39370070
33.74480045,0.78740150
33.74560045,1.57480300
33.74640045,0.39370070
33.74720045,-0.78740150
33.74800045,-2.36220500
33.74880045,-2.75590500
33.74960045,-3.54330700
33.75040045,-3.93700800
33.75120045,-3.93700800
33.75200045,-5.11811000
33.75280045,-6.29921200
33.75360045,-5.90551100
33.75440045,-4.72440900
33.75520045,-3.54330700
33.75600045,-3.14960600
33.75680045,-3.54330700
33.75760045,-3.93700800
33.75840045,-5.90551100
33.75920045,-7.08661400
33.76000045,-7.87401500
33.76080045,-7.48031400
33.76160045,-7.48031400
33.76240045,-7.87401500
33.76320045,-7.87401500
33.76400045,-7.87401500
33.76480045,-7.08661400
33.76560045,-5.90551100
33.76640045,-4.33070900
33.76720045,-3.14960600
33.76800045,-3.93700800
33.76880045,-5.51181100
33.76960045,-6.29921200
33.77040045,-6.69291300
33.77120045,-5.51181100
33.77200045,-5.11811000
33.77280045,-4.72440900
33.77360045,-4.72440900
33.77440045,-5.11811000
33.77520045,-4.72440900
33.77600045,-3.54330700
33.77680045,-1.18110200
33.77760045,0.78740150
33.77840045,1.96850400
33.77920045,1.96850400
33.78000045,1.18110200
33.78080045,0.78740150
33.78160045,0.00000000
33.78240045,0.78740150
33.78320045,1.18110200
33.78400045,1.18110200
33.78480045,1.18110200
33.78560045,1.57480300
33.78640045,1.18110200
33.78720045,2.75590500
33.78800045,4.33070900
33.78880045,5.51181100
33.78960045,5.90551100
33.79040045,5.11811000
33.79120045,4.72440900
33.79200045,4.72440900
33.79280045,5.51181100
33.79360045,5.90551100
33.79440045,5.90551100
33.79520045,5.11811000
33.79600045,4.72440900
33.79680045,4.33070900
33.79760045,4.72440900
33.79840045,5.11811000
33.79920045,5.90551100
33.80000045,7.08661400
33.80080045,7.48031400
33.80160045,7.48031400
33.80240045,7.48031400
33.80320045,7.08661400
33.80400045,6.29921200
33.80480045,6.69291300
33.80560045,6.69291300
33.80640045,5.51181100
33.80720045,3.93700800
33.80800045,1.57480300
33.80880045,0.78740150
33.80960045,1.18110200
33.81040045,1.96850400
33.81120045,2.36220500
33.81200045,2.75590500
33.81280045,2.75590500
33.81360045,2.75590500
33.81440045,2.36220500
33.81520045,1.18110200
33.81600045,0.00000000
33.81680045,-0.39370070
33.81760045,-1.57480300
33.81840045,-2.36220500
33.81920045,-3.54330700
33.82000045,-4.33070900
33.82080045,-3.93700800
33.82160045,-3.54330700
33.82240045,-2.75590500
33.82320045,-1.96850400
33.82400045,-1.18110200
33.82480045,-2.36220500
33.82560045,-3.54330700
33.82640045,-4.33070900
33.82720045,-4.72440900
33.82800045,-4.72440900
33.82880045,-4.33070900
33.82960045,-5.11811000
33.83040045,-5.51181100
33.83120045,-5.90551100
33.83200045,-5.90551100
33.83280045,-4.72440900
33.83360045,-3.14960600
33.83440045,-2.75590500
33.83520045,-3.14960600
33.83600045,-3.93700800
33.83680045,-4.72440900
33.83760045,-5.51181100
33.83840045,-5.11811000
33.83920045,-3.93700800
33.84000045,-3.93700800
33.84080045,-2.75590500
33.84160045,-2.36220500
33.84240045,-2.75590500
33.84320045,-1.96850400
33.84400045,-1.57480300
33.84480045,-0.78740150
33.84560045,-0.78740150
33.84640045,-1.96850400
33.84720045,-2.75590500
33.84800045,-3.14960600
33.84880045,-2.36220500
33.84960045,-1.57480300
33.85040045,0.00000000
33.85120045,0.78740150
33.85200045,0.78740150
33.85280045,1.18110200
33.85360045,1.18110200
33.85440045,1.57480300
33.85520045,2.36220500
33.85600045,1.96850400
33.85680045,1.57480300
33.85760045,0.78740150
33.85840045,0.39370070
33.85920045,0.39370070
33.86000045,1.18110200
33.86080045,1.96850400
33.86160045,2.75590500
33.86240045,3.93700800
33.86320045,4.33070900
33.86400045,3.93700800
33.86480045,3.54330700
33.86560045,3.14960600
33.86640045,3.54330700
33.86720045,4.33070900
33.86800045,3.54330700
33.86880045,2.75590500
33.86960045,1.96850400
33.87040045,1.96850400
33.87120045,2.36220500
33.87200045,3.14960600
33.87280045,3.14960600
33.87360045,3.54330700
33.87440045,4.33070900
33.87520045,4.33070900
33.87600045,4.33070900
33.87680045,4.33070900
33.87760045,3.93700800
33.87840045,3.54330700
33.87920045,3.14960600
33.88000045,2.75590500
33.88080045,1.57480300
33.88160045,1.18110200
33.88240045,0.78740150
33.88320045,1.96850400
33.88400045,3.14960600
33.88480045,2.75590500
33.88560045,2.75590500
33.88640045,2.75590500
33.88720045,2.75590500
33.88800045,2.36220500
33.88880045,2.36220500
33.88960045,2.36220500
33.89040045,1.18110200
33.89120045,0.39370070
33.89200045,-0.39370070
33.89280045,-0.78740150
33.89360045,-0.39370070
33.89440045,-0.39370070
33.89520045,-0.39370070
33.89600045,0.00000000
33.89680045,-0.78740150
33.89760045,-1.57480300
33.89840045,-1.57480300
33.89920045,-1.18110200
33.90000045,-1.18110200
33.90080045,-1.18110200
33.90160045,-1.96850400
33.90240045,-2.36220500
33.90320045,-3.14960600
33.90400045,-3.54330700
33.90480045,-3.14960600
33.90560045,-3.14960600
33.90640045,-3.14960600
33.90720045,-4.33070900
33.90800045,-5.11811000
33.90880045,-5.51181100
33.90960045,-5.11811000
33.91040045,-3.93700800
33.91120045,-3.93700800
33.91200045,-3.93700800
33.91280045,-3.93700800
33.91360045,-3.54330700
33.91440045,-3.14960600
33.91520045,-3.14960600
33.91600045,-3.93700800
33.91680045,-4.72440900
33.91760045,-5.11811000
33.91840045,-4.33070900
33.91920045,-3.93700800
33.92000045,-3.54330700
33.92080045,-3.14960600
33.92160045,-2.36220500
33.92240045,-0.78740150
33.92320045,0.78740150
33.92400045,1.57480300
33.92480045,0.78740150
33.92560045,0.00000000
33.92640045,-1.57480300
33.92720045,-2.75590500
33.92800045,-3.14960600
33.92880045,-2.75590500
33.92960045,-1.96850400
33.93040045,-1.18110200
33.93120045,-0.78740150
33.93200045,0.78740150
33.93280045,1.96850400
33.93360045,3.54330700
33.93440045,3.93700800
33.93520045,3.93700800
33.93600045,3.14960600
33.93680045,2.36220500
33.93760045,1.18110200
33.93840045,0.00000000
33.93920045,0.78740150
33.94000045,1.18110200
33.94080045,2.75590500
33.94160045,3.93700800
33.94240045,4.33070900
33.94320045,4.33070900
33.94400045,4.33070900
33.94480045,4.33070900
33.94560045,4.33070900
33.94640045,4.72440900
33.94720045,3.93700800
33.94800045,2.36220500
33.94880045,1.96850400
33.94960045,1.96850400
33.95040045,2.36220500
33.95120045,3.54330700
33.95200045,3.93700800
33.95280045,3.93700800
33.95360045,4.72440900
33.95440045,4.33070900
33.95520045,3.93700800
33.95600045,3.54330700
33.95680045,3.14960600
33.95760045,1.57480300
33.95840045,1.18110200
33.95920045,0.39370070
33.96000045,0.00000000
33.96080045,0.00000000
33.96160045,1.18110200
33.96240045,1.96850400
33.96320045,1.96850400
33.96400045,2.36220500
33.96480045,1.57480300
33.96560045,1.18110200
33.96640045,1.18110200
33.96720045,0.39370070
33.96800045,0.00000000
33.96880045,-1.18110200
33.96960045,-1.57480300
33.97040045,-1.96850400
33.97120045,-1.18110200
33.97200045,0.00000000
33.97280045,0.39370070
33.97360045,0.00000000
33.97440045,-0.78740150
33.97520045,-0.78740150
33.97600045,-0.39370070
33.97680045,-0.78740150
33.97760045,0.00000000
33.97840045,-0.78740150
33.97920045,-1.57480300
33.98000045,-1.18110200
33.98080045,-1.96850400
33.98160045,-2.36220500
33.98240045,-2.36220500
33.98320045,-2.36220500
33.98400045,-2.75590500
33.98480045,-2.75590500
33.98560045,-3.14960600
33.98640045,-3.14960600
33.98720045,-2.75590500
33.98800045,-2.36220500
33.98880045,-2.75590500
33.98960045,-3.14960600
33.99040045,-3.93700800
33.99120045,-4.33070900
33.99200045,-3.54330700
33.99280045,-3.14960600
33.99360045,-2.36220500
33.99440045,-3.14960600
33.99520045,-3.93700800
33.99600045,-4.33070900
33.99680045,-3.54330700
33.99760045,-2.75590500
33.99840045,-1.96850400
33.99920045,-1.96850400
34.00000045,-2.75590500
34.00080045,-3.14960600
34.00160045,-3.14960600
34.00240045,-1.96850400
34.00320045,-1.57480300
34.00400045,-1.57480300
34.00480045,-1.96850400
34.00560045,-2.36220500
34.00640045,-1.57480300
34.00720045,-1.18110200
34.00800045,-0.39370070
34.00880045,-0.39370070
34.00960045,0.39370070
34.01040045,-0.39370070
34.01120045,-0.39370070
34.01200045,-0.39370070
34.01280045,0.00000000
34.01360045,1.57480300
34.01440045,1.96850400
34.01520045,1.96850400
34.01600045,2.75590500
34.01680045,2.75590500
34.01760045,3.14960600
34.01840045,4.33070900
34.01920045,4.72440900
34.02000045,4.33070900
34.02080045,3.54330700
34.02160045,3.14960600
34.02240045,2.75590500
34.02320045,3.54330700
34.02400045,5.51181100
34.02480045,5.90551100
34.02560045,7.08661400
34.02640045,7.08661400
34.02720045,6.69291300
34.02800045,6.69291300
34.02880045,7.48031400
34.02960045,7.08661400
34.03040045,5.90551100
34.03120045,5.51181100
34.03200045,4.72440900
34.03280045,5.11811000
34.03360045,5.11811000
34.03440045,5.51181100
34.03520045,6.29921200
34.03600045,6.69291300
34.03680045,5.90551100
34.03760045,5.11811000
34.03840045,4.33070900
34.03920045,3.14960600
34.04000045,2.36220500
34.04080045,1.57480300
34.04160045,0.39370070
34.04240045,-0.39370070
34.04320045,0.00000000
34.04400045,-0.39370070
34.04480045,0.39370070
34.04560045,1.57480300
34.04640045,0.78740150
34.04720045,-0.39370070
34.04800045,-1.96850400
34.04880045,-2.75590500
34.04960045,-3.14960600
34.05040045,-3.54330700
34.05120045,-4.33070900
34.05200045,-5.11811000
34.05280045,-5.90551100
34.05360045,-5.11811000
34.05440045,-4.33070900
34.05520045,-3.93700800
34.05600045,-4.33070900
34.05680045,-5.51181100
34.05760045,-6.29921200
34.05840045,-6.69291300
34.05920045,-6.29921200
34.06000045,-6.29921200
34.06080045,-7.08661400
34.06160045,-7.87401500
34.06240045,-8.26771600
34.06320045,-8.26771600
34.06400045,-7.48031400
34.06480045,-7.08661400
34.06560045,-5.90551100
34.06640045,-5.90551100
34.06720045,-5.90551100
34.06800045,-7.08661400
34.06880045,-7.08661400
34.06960045,-6.69291300
34.07040045,-5.11811000
34.07120045,-4.72440900
34.07200045,-3.93700800
34.07280045,-4.33070900
34.07360045,-4.33070900
34.07440045,-3.54330700
34.07520045,-2.36220500
34.07600045,-0.78740150
34.07680045,-0.39370070
34.07760045,-0.78740150
34.07840045,-1.57480300
34.07920046,-1.96850400
34.08000046,-1.18110200
34.08080046,0.39370070
34.08160046,1.96850400
34.08240046,2.36220500
34.08320046,2.75590500
34.08400046,3.14960600
34.08480046,3.14960600
34.08560046,4.72440900
34.08640046,5.90551100
34.08720046,6.29921200
34.08800046,6.69291300
34.08880046,5.90551100
34.08960046,5.11811000
34.09040046,5.51181100
34.09120046,5.90551100
34.09200046,6.29921200
34.09280046,7.08661400
34.09360046,7.48031400
34.09440046,7.08661400
34.09520046,6.69291300
34.09600046,7.48031400
34.09680046,8.26771600
34.09760046,8.66141700
34.09840046,9.44881800
34.09920046,9.05511800
34.10000046,7.87401500
34.10080046,7.08661400
34.10160046,6.69291300
34.10240046,6.29921200
34.10320046,6.29921200
34.10400046,5.11811000
34.10480046,4.33070900
34.10560046,3.54330700
34.10640046,4.33070900
34.10720046,4.33070900
34.10800046,5.11811000
34.10880046,5.11811000
34.10960046,5.11811000
34.11040046,4.33070900
34.11120046,2.75590500
34.11200046,1.96850400
34.11280046,0.78740150
34.11360046,0.00000000
34.11440046,-0.78740150
34.11520046,-1.18110200
34.11600046,-1.96850400
34.11680046,-2.36220500
34.11760046,-3.14960600
34.11840046,-3.14960600
34.11920046,-2.75590500
34.12000046,-2.36220500
34.12080046,-2.75590500
34.12160046,-3.54330700
34.12240046,-4.72440900
34.12320046,-5.90551100
34.12400046,-7.08661400
34.12480046,-7.48031400
34.12560046,-8.66141700
34.12640046,-8.66141700
34.12720046,-7.87401500
34.12800046,-7.87401500
34.12880046,-7.87401500
34.12960046,-7.08661400
34.13040046,-7.08661400
34.13120046,-7.08661400
34.13200046,-7.08661400
34.13280046,-7.08661400
34.13360046,-7.87401500
34.13440046,-9.05511800
34.13520046,-9.84251900
34.13600046,-9.44881800
34.13680046,-8.66141700
34.13760046,-7.87401500
34.13840046,-6.29921200
34.13920046,-5.90551100
34.14000046,-5.51181100
34.14080046,-5.11811000
34.14160046,-4.72440900
34.14240046,-3.54330700
34.14320046,-3.54330700
34.14400046,-3.14960600
34.14480046,-3.14960600
34.14560046,-3.54330700
34.14640046,-3.14960600
34.14720046,-3.14960600
34.14800046,-1.96850400
34.14880046,-0.39370070
34.14960046,1.18110200
34.15040046,1.96850400
34.15120046,2.36220500
34.15200046,2.75590500
34.15280046,3.54330700
34.15360046,5.51181100
34.15440046,7.08661400
34.15520046,7.48031400
34.15600046,6.69291300
34.15680046,5.51181100
34.15760046,4.72440900
34.15840046,5.11811000
34.15920046,5.90551100
34.16000046,7.48031400
34.16080046,8.66141700
34.16160046,9.05511800
34.16240046,9.84251900
34.16320046,10.62992000
34.16400046,11.81102000
34.16480046,12.20472000
34.16560046,12.20472000
34.16640046,11.02362000
34.16720046,9.05511800
34.16800046,7.48031400
34.16880046,5.90551100
34.16960046,5.90551100
34.17040046,7.08661400
34.17120046,8.26771600
34.17200046,8.26771600
34.17280046,9.05511800
34.17360046,8.66141700
34.17440046,8.66141700
34.17520046,8.66141700
34.17600046,7.87401500
34.17680046,7.08661400
34.17760046,4.72440900
34.17840046,1.18110200
34.17920046,-1.57480300
34.18000046,-1.96850400
34.18080046,-1.57480300
34.18160046,0.00000000
34.18240046,1.18110200
34.18320046,1.18110200
34.18400046,0.78740150
34.18480046,0.00000000
34.18560046,-0.78740150
34.18640046,-1.18110200
34.18720046,-1.96850400
34.18800046,-4.72440900
34.18880046,-6.69291300
34.18960046,-8.26771600
34.19040046,-9.44881800
34.19120046,-9.44881800
34.19200046,-7.87401500
34.19280046,-6.69291300
34.19360046,-5.51181100
34.19440046,-5.51181100
34.19520046,-6.29921200
34.19600046,-6.69291300
34.19680046,-7.48031400
34.19760046,-8.26771600
34.19840046,-8.66141700
34.19920046,-9.84251900
34.20000046,-11.02362000
34.20080046,-11.81102000
34.20160046,-10.62992000
34.20240046,-9.05511800
34.20320046,-6.29921200
34.20400046,-5.11811000
34.20480046,-4.72440900
34.20560046,-5.11811000
34.20640046,-5.11811000
34.20720046,-6.29921200
34.20800046,-6.69291300
34.20880046,-7.48031400
34.20960046,-6.69291300
34.21040046,-7.48031400
34.21120046,-5.51181100
34.21200046,-5.11811000
34.21280046,-3.93700800
34.21360046,-2.36220500
34.21440046,-0.39370070
34.21520046,0.39370070
34.21600046,1.18110200
34.21680046,0.39370070
34.21760046,0.00000000
34.21840046,0.00000000
34.21920046,0.00000000
34.22000046,0.39370070
34.22080046,1.57480300
34.22160046,1.96850400
34.22240046,3.14960600
34.22320046,4.33070900
34.22400046,4.72440900
34.22480046,5.11811000
34.22560046,5.90551100
34.22640046,6.29921200
34.22720046,6.69291300
34.22800046,6.69291300
34.22880046,7.08661400
34.22960046,6.29921200
34.23040046,5.90551100
34.23120046,5.51181100
34.23200046,6.29921200
34.23280046,7.48031400
34.23360046,8.26771600
34.23440046,8.26771600
34.23520046,7.48031400
34.23600046,6.69291300
34.23680046,6.29921200
34.23760046,7.08661400
34.23840046,7.48031400
34.23920046,7.48031400
34.24000046,6.69291300
34.24080046,5.90551100
34.24160046,5.90551100
34.24240046,5.51181100
34.24320046,6.29921200
34.24400046,6.29921200
34.24480046,6.29921200
34.24560046,5.11811000
34.24640046,3.54330700
34.24720046,2.36220500
34.24800046,1.96850400
34.24880046,1.96850400
34.24960046,2.36220500
34.25040046,1.96850400
34.25120046,0.78740150
34.25200046,-0.39370070
34.25280046,-1.18110200
34.25360046,-1.18110200
34.25440046,0.39370070
34.25520046,0.78740150
34.25600046,0.39370070
34.25680046,-1.18110200
34.25760046,-2.75590500
34.25840046,-3.54330700
34.25920046,-2.75590500
34.26000046,-2.36220500
34.26080046,-2.36220500
34.26160046,-3.54330700
34.26240046,-5.11811000
34.26320046,-5.90551100
34.26400046,-5.11811000
34.26480046,-4.72440900
34.26560046,-3.54330700
34.26640046,-3.93700800
34.26720046,-4.33070900
34.26800046,-5.90551100
34.26880046,-5.90551100
34.26960046,-7.08661400
34.27040046,-5.90551100
34.27120046,-5.90551100
34.27200046,-5.90551100
34.27280046,-7.08661400
34.27360046,-7.08661400
34.27440046,-7.08661400
34.27520046,-6.29921200
34.27600046,-3.93700800
34.27680046,-3.14960600
34.27760046,-3.54330700
34.27840046,-4.72440900
34.27920046,-5.90551100
34.28000046,-6.29921200
34.28080046,-5.51181100
34.28160046,-5.11811000
34.28240046,-4.33070900
34.28320046,-4.72440900
34.28400046,-4.33070900
34.28480046,-3.14960600
34.28560046,-1.96850400
34.28640046,-0.39370070
34.28720046,0.39370070
34.28800046,0.39370070
34.28880046,-0.39370070
34.28960046,-1.57480300
34.29040046,-1.57480300
34.29120046,-1.96850400
34.29200046,-1.57480300
34.29280046,-0.78740150
34.29360046,0.78740150
34.29440046,1.57480300
34.29520046,3.14960600
34.29600046,4.33070900
34.29680046,5.11811000
34.29760046,5.51181100
34.29840046,5.11811000
34.29920046,4.33070900
34.30000046,2.75590500
34.30080046,1.96850400
34.30160046,1.57480300
34.30240046,1.96850400
34.30320046,3.14960600
34.30400046,3.93700800
34.30480046,4.72440900
34.30560046,6.69291300
34.30640046,7.08661400
34.30720046,8.26771600
34.30800046,7.48031400
34.30880046,5.90551100
34.30960046,5.11811000
34.31040046,4.33070900
34.31120046,3.93700800
34.31200046,4.72440900
34.31280046,5.51181100
34.31360046,5.11811000
34.31440046,5.11811000
34.31520046,6.29921200
34.31600046,7.08661400
34.31680046,7.87401500
34.31760046,7.08661400
34.31840046,5.90551100
34.31920046,4.72440900
34.32000046,3.54330700
34.32080046,2.36220500
34.32160046,2.75590500
34.32240046,3.14960600
34.32320046,3.54330700
34.32400046,3.14960600
34.32480046,3.14960600
34.32560046,3.14960600
34.32640046,1.96850400
34.32720046,1.96850400
34.32800046,1.57480300
34.32880046,0.39370070
34.32960046,-1.18110200
34.33040046,-2.75590500
34.33120046,-2.75590500
34.33200046,-1.57480300
34.33280046,-1.57480300
34.33360046,-0.39370070
34.33440046,-1.18110200
34.33520046,-2.36220500
34.33600046,-3.54330700
34.33680046,-3.93700800
34.33760046,-3.54330700
34.33840046,-3.54330700
34.33920046,-3.93700800
34.34000046,-5.11811000
34.34080046,-6.29921200
34.34160046,-6.29921200
34.34240046,-5.90551100
34.34320046,-5.11811000
34.34400046,-3.93700800
34.34480046,-5.11811000
34.34560046,-5.90551100
34.34640046,-6.69291300
34.34720046,-7.48031400
34.34800046,-7.08661400
34.34880046,-6.29921200
34.34960046,-5.90551100
34.35040046,-5.51181100
34.35120046,-5.90551100
34.35200046,-6.29921200
34.35280046,-5.90551100
34.35360046,-5.11811000
34.35440046,-4.33070900
34.35520046,-3.93700800
34.35600046,-4.33070900
34.35680046,-5.51181100
34.35760046,-6.69291300
34.35840046,-6.69291300
34.35920046,-5.51181100
34.36000046,-3.93700800
34.36080046,-2.75590500
34.36160046,-1.96850400
34.36240046,-1.96850400
34.36320046,-1.57480300
34.36400046,-0.39370070
34.36480046,0.00000000
34.36560046,0.39370070
34.36640046,0.00000000
34.36720046,-0.78740150
34.36800046,-0.39370070
34.36880046,0.39370070
34.36960046,1.57480300
34.37040046,2.75590500
34.37120046,3.93700800
34.37200046,4.72440900
34.37280046,5.11811000
34.37360046,4.72440900
34.37440046,5.51181100
34.37520046,5.51181100
34.37600046,5.51181100
34.37680046,5.51181100
34.37760046,5.51181100
34.37840046,5.11811000
34.37920046,5.51181100
34.38000046,6.69291300
34.38080046,7.48031400
34.38160046,7.87401500
34.38240046,7.87401500
34.38320046,7.08661400
34.38400046,6.69291300
34.38480046,6.69291300
34.38560046,6.29921200
34.38640046,6.29921200
34.38720046,6.29921200
34.38800046,5.51181100
34.38880046,5.90551100
34.38960046,6.69291300
34.39040046,6.29921200
34.39120046,7.08661400
34.39200046,7.08661400
34.39280046,5.51181100
34.39360046,5.51181100
34.39440046,5.11811000
34.39520046,4.33070900
34.39600046,3.54330700
34.39680046,3.14960600
34.39760046,2.75590500
34.39840046,1.96850400
34.39920046,1.57480300
34.40000046,0.78740150
34.40080046,0.78740150
34.40160046,0.00000000
34.40240046,0.00000000
34.40320046,-0.39370070
34.40400046,-0.39370070
34.40480046,-1.18110200
34.40560046,-1.96850400
34.40640046,-1.57480300
34.40720046,-1.57480300
34.40800046,-2.36220500
34.40880046,-3.54330700
34.40960046,-4.72440900
34.41040046,-5.51181100
34.41120046,-5.11811000
34.41200046,-5.51181100
34.41280046,-5.90551100
34.41360046,-6.29921200
34.41440046,-7.08661400
34.41520046,-7.08661400
34.41600046,-6.69291300
34.41680046,-6.29921200
34.41760046,-5.90551100
34.41840046,-6.69291300
34.41920046,-7.48031400
34.42000046,-9.05511800
34.42080046,-9.44881800
34.42160046,-8.66141700
34.42240046,-9.05511800
34.42320046,-7.87401500
34.42400046,-7.48031400
34.42480046,-7.08661400
34.42560046,-5.90551100
34.42640046,-6.29921200
34.42720046,-5.11811000
34.42800046,-4.72440900
34.42880046,-5.11811000
34.42960046,-5.51181100
34.43040046,-5.90551100
34.43120046,-6.29921200
34.43200046,-5.90551100
34.43280046,-4.33070900
34.43360046,-2.75590500
34.43440046,-1.18110200
34.43520046,-0.78740150
34.43600046,-0.39370070
34.43680046,0.00000000
34.43760046,0.39370070
34.43840046,0.78740150
34.43920046,1.18110200
34.44000046,0.78740150
34.44080046,-0.39370070
34.44160046,0.00000000
34.44240046,0.78740150
34.44320046,2.36220500
34.44400046,3.93700800
34.44480046,5.51181100
34.44560046,6.29921200
34.44640046,6.69291300
34.44720046,5.90551100
34.44800046,6.29921200
34.44880046,6.69291300
34.44960046,5.90551100
34.45040046,5.11811000
34.45120046,5.11811000
34.45200046,4.72440900
34.45280046,5.11811000
34.45360046,6.29921200
34.45440046,7.87401500
34.45520046,9.05511800
34.45600046,9.05511800
34.45680046,9.05511800
34.45760046,8.26771600
34.45840046,7.48031400
34.45920046,7.08661400
34.46000046,7.08661400
34.46080046,6.69291300
34.46160046,5.90551100
34.46240046,5.11811000
34.46320046,5.11811000
34.46400046,5.90551100
34.46480046,7.48031400
34.46560046,7.48031400
34.46640046,6.69291300
34.46720046,5.90551100
34.46800046,4.33070900
34.46880046,3.93700800
34.46960046,2.75590500
34.47040046,2.75590500
34.47120046,1.57480300
34.47200046,0.78740150
34.47280046,0.78740150
34.47360046,0.78740150
34.47440046,1.18110200
34.47520046,0.78740150
34.47600046,1.18110200
34.47680046,0.39370070
34.47760046,-1.18110200
34.47840046,-2.36220500
34.47920046,-3.54330700
34.48000046,-3.14960600
34.48080046,-3.54330700
34.48160046,-3.14960600
34.48240046,-3.93700800
34.48320046,-4.72440900
34.48400046,-5.51181100
34.48480046,-4.72440900
34.48560046,-4.33070900
34.48640046,-3.93700800
34.48720046,-4.72440900
34.48800046,-5.90551100
34.48880046,-6.69291300
34.48960046,-6.29921200
34.49040046,-5.51181100
34.49120046,-5.11811000
34.49200046,-5.11811000
34.49280046,-5.90551100
34.49360046,-7.48031400
34.49440046,-7.08661400
34.49520046,-7.08661400
34.49600046,-6.69291300
34.49680046,-6.69291300
34.49760046,-5.90551100
34.49840046,-5.90551100
34.49920046,-5.90551100
34.50000046,-5.90551100
34.50080046,-5.11811000
34.50160046,-4.72440900
34.50240046,-3.93700800
34.50320046,-4.33070900
34.50400046,-5.11811000
34.50480046,-4.72440900
34.50560046,-4.72440900
34.50640046,-3.54330700
34.50720046,-3.14960600
34.50800046,-3.14960600
34.50880046,-3.14960600
34.50960046,-3.14960600
34.51040046,-2.36220500
34.51120046,-1.18110200
34.51200046,0.00000000
34.51280046,0.00000000
34.51360046,0.00000000
34.51440046,-0.39370070
34.51520046,-0.39370070
34.51600046,0.78740150
34.51680046,1.57480300
34.51760046,2.36220500
34.51840046,2.75590500
34.51920046,2.36220500
34.52000046,2.36220500
34.52080046,3.14960600
34.52160046,3.54330700
34.52240046,3.93700800
34.52320046,3.54330700
34.52400046,3.54330700
34.52480046,3.54330700
34.52560046,3.54330700
34.52640046,4.72440900
34.52720046,5.11811000
34.52800046,5.90551100
34.52880046,6.29921200
34.52960046,6.69291300
34.53040046,5.90551100
34.53120046,6.29921200
34.53200046,5.90551100
34.53280046,5.90551100
34.53360046,5.90551100
34.53440046,5.51181100
34.53520046,4.72440900
34.53600046,4.72440900
34.53680046,5.11811000
34.53760046,6.69291300
34.53840046,7.48031400
34.53920046,7.48031400
34.54000046,6.29921200
34.54080046,5.51181100
34.54160046,5.11811000
34.54240046,5.11811000
34.54320046,5.51181100
34.54400046,4.72440900
34.54480046,4.72440900
34.54560046,4.33070900
34.54640046,3.93700800
34.54720046,4.33070900
34.54800046,5.11811000
34.54880046,4.72440900
34.54960046,3.54330700
34.55040046,2.36220500
34.55120046,1.18110200
34.55200046,0.39370070
34.55280046,0.39370070
34.55360046,0.00000000
34.55440046,0.00000000
34.55520046,-0.39370070
34.55600046,-1.57480300
34.55680046,-1.18110200
34.55760046,-1.57480300
34.55840046,-0.78740150
34.55920046,-1.57480300
34.56000046,-2.36220500
34.56080046,-3.93700800
34.56160046,-5.51181100
34.56240046,-5.90551100
34.56320046,-5.90551100
34.56400046,-5.51181100
34.56480046,-5.51181100
34.56560046,-5.51181100
34.56640046,-6.29921200
34.56720046,-6.69291300
34.56800046,-6.69291300
34.56880046,-6.29921200
34.56960046,-5.90551100
34.57040046,-6.69291300
34.57120046,-7.48031400
34.57200046,-8.26771600
34.57280046,-8.26771600
34.57360046,-8.26771600
34.57440046,-7.08661400
34.57520046,-7.08661400
34.57600046,-6.69291300
34.57680046,-6.69291300
34.57760046,-6.69291300
34.57840046,-7.08661400
34.57920046,-5.90551100
34.58000046,-5.90551100
34.58080046,-5.51181100
34.58160046,-5.11811000
34.58240046,-5.51181100
34.58320046,-5.11811000
34.58400046,-4.33070900
34.58480046,-3.54330700
34.58560046,-2.36220500
34.58640046,-2.36220500
34.58720046,-2.75590500
34.58800046,-2.75590500
34.58880046,-1.96850400
34.58960046,-1.18110200
34.59040046,0.39370070
34.59120046,0.78740150
34.59200046,0.78740150
34.59280046,0.78740150
34.59360046,1.57480300
34.59440046,1.96850400
34.59520046,2.75590500
34.59600046,3.14960600
34.59680046,3.54330700
34.59760046,3.54330700
34.59840046,3.93700800
34.59920046,4.33070900
34.60000046,5.51181100
34.60080046,6.29921200
34.60160046,7.08661400
34.60240046,7.48031400
34.60320046,7.87401500
34.60400046,7.87401500
34.60480046,7.48031400
34.60560046,7.08661400
34.60640046,7.08661400
34.60720046,7.08661400
34.60800046,7.08661400
34.60880046,7.08661400
34.60960046,7.08661400
34.61040046,8.26771600
34.61120046,8.26771600
34.61200046,8.26771600
34.61280046,8.26771600
34.61360046,7.87401500
34.61440046,7.48031400
34.61520046,7.08661400
34.61600046,6.29921200
34.61680046,5.90551100
34.61760046,5.11811000
34.61840046,4.33070900
34.61920046,3.93700800
34.62000046,4.72440900
34.62080046,4.72440900
34.62160046,5.11811000
34.62240046,4.72440900
34.62320046,3.93700800
34.62400046,2.36220500
34.62480046,0.78740150
34.62560046,0.39370070
34.62640046,-0.39370070
34.62720046,-0.39370070
34.62800046,-1.18110200
34.62880046,-1.57480300
34.62960046,-1.57480300
34.63040046,-1.96850400
34.63120046,-1.18110200
34.63200046,-1.18110200
34.63280046,-1.96850400
34.63360046,-2.36220500
34.63440046,-3.93700800
34.63520046,-4.72440900
34.63600046,-6.29921200
34.63680046,-6.69291300
34.63760046,-7.48031400
34.63840046,-7.48031400
34.63920046,-7.48031400
34.64000046,-7.87401500
34.64080046,-7.48031400
34.64160046,-6.29921200
34.64240046,-6.29921200
34.64320046,-5.90551100
34.64400046,-6.69291300
34.64480046,-7.08661400
34.64560046,-8.66141700
34.64640046,-8.26771600
34.64720046,-8.26771600
34.64800046,-8.26771600
34.64880046,-7.87401500
34.64960046,-7.48031400
34.65040046,-7.48031400
34.65120046,-6.69291300
34.65200046,-6.69291300
34.65280046,-5.90551100
34.65360046,-5.11811000
34.65440046,-4.72440900
34.65520046,-4.33070900
34.65600046,-3.93700800
34.65680046,-3.54330700
34.65760046,-2.75590500
34.65840046,-2.36220500
34.65920046,-1.18110200
34.66000046,-0.78740150
34.66080046,-0.39370070
34.66160046,-0.39370070
34.66240046,-0.39370070
34.66320046,0.39370070
34.66400046,1.18110200
34.66480046,1.18110200
34.66560046,1.57480300
34.66640046,1.96850400
34.66720046,2.36220500
34.66800046,3.14960600
34.66880046,4.33070900
34.66960046,5.11811000
34.67040046,5.11811000
34.67120046,5.11811000
34.67200046,4.72440900
34.67280046,5.51181100
34.67360046,5.90551100
34.67440046,6.29921200
34.67520046,6.69291300
34.67600046,7.48031400
34.67680046,7.48031400
34.67760046,7.48031400
34.67840046,6.69291300
34.67920046,6.29921200
34.68000046,5.90551100
34.68080046,5.51181100
34.68160046,5.11811000
34.68240046,5.51181100
34.68320046,5.11811000
34.68400046,4.72440900
34.68480046,5.90551100
34.68560046,6.29921200
34.68640046,6.29921200
34.68720046,5.90551100
34.68800046,5.11811000
34.68880046,4.33070900
34.68960046,3.93700800
34.69040046,3.54330700
34.69120046,3.14960600
34.69200046,2.36220500
34.69280046,1.96850400
34.69360046,0.39370070
34.69440046,1.18110200
34.69520046,1.96850400
34.69600046,1.57480300
34.69680046,2.36220500
34.69760046,1.57480300
34.69840046,0.78740150
34.69920046,-0.39370070
34.70000046,-1.57480300
34.70080046,-1.96850400
34.70160046,-2.36220500
34.70240046,-2.75590500
34.70320046,-2.75590500
34.70400046,-3.14960600
34.70480046,-2.75590500
34.70560046,-3.54330700
34.70640046,-3.14960600
34.70720046,-3.54330700
34.70800046,-4.72440900
34.70880046,-5.90551100
34.70960046,-7.48031400
34.71040046,-7.48031400
34.71120046,-6.29921200
34.71200046,-5.11811000
34.71280046,-4.33070900
34.71360046,-3.14960600
34.71440046,-2.75590500
34.71520046,-2.36220500
34.71600046,-1.96850400
34.71680046,-3.14960600
34.71760046,-3.93700800
34.71840046,-5.51181100
34.71920046,-6.69291300
34.72000046,-6.69291300
34.72080046,-3.54330700
34.72160046,-1.18110200
34.72240046,0.00000000
34.72320046,0.00000000
34.72400046,-0.78740150
34.72480046,-1.96850400
34.72560046,-2.36220500
34.72640046,-1.96850400
34.72720046,-3.14960600
34.72800046,-1.96850400
34.72880046,-1.18110200
34.72960046,-0.78740150
34.73040046,-0.39370070
34.73120046,0.00000000
34.73200046,-0.78740150
34.73280046,-0.39370070
34.73360046,0.39370070
34.73440046,1.18110200
34.73520046,1.18110200
34.73600046,1.57480300
34.73680046,1.18110200
34.73760046,1.57480300
34.73840046,0.39370070
34.73920046,0.00000000
34.74000046,-0.78740150
34.74080046,-0.78740150
34.74160046,0.78740150
34.74240046,3.54330700
34.74320046,4.72440900
34.74400046,4.72440900
34.74480046,3.93700800
34.74560046,2.75590500
34.74640046,1.18110200
34.74720046,1.18110200
34.74800046,1.18110200
34.74880046,0.78740150
34.74960046,1.18110200
34.75040046,1.18110200
34.75120046,1.18110200
34.75200046,1.96850400
34.75280046,2.36220500
34.75360046,3.14960600
34.75440046,3.14960600
34.75520046,3.54330700
34.75600046,3.14960600
34.75680046,3.54330700
34.75760046,3.54330700
34.75840046,2.36220500
34.75920046,0.78740150
34.76000046,-0.78740150
34.76080046,-1.18110200
34.76160046,-0.39370070
34.76240046,1.57480300
34.76320046,2.75590500
34.76400046,3.54330700
34.76480046,3.54330700
34.76560046,2.75590500
34.76640046,1.57480300
34.76720046,1.57480300
34.76800046,1.96850400
34.76880046,1.96850400
34.76960046,2.75590500
34.77040046,1.96850400
34.77120046,0.78740150
34.77200046,0.00000000
34.77280046,-1.18110200
34.77360046,-0.39370070
34.77440046,0.39370070
34.77520046,1.57480300
34.77600046,1.96850400
34.77680046,2.36220500
34.77760046,1.57480300
34.77840046,1.57480300
34.77920046,1.57480300
34.78000046,1.18110200
34.78080046,1.18110200
34.78160046,0.39370070
34.78240046,-0.78740150
34.78320046,-1.57480300
34.78400046,-1.96850400
34.78480046,-1.96850400
34.78560046,-1.96850400
34.78640046,-1.18110200
34.78720046,-1.18110200
34.78800046,-0.78740150
34.78880046,0.00000000
34.78960046,0.00000000
34.79040046,0.00000000
34.79120046,-0.39370070
34.79200046,-1.96850400
34.79280046,-2.75590500
34.79360046,-3.14960600
34.79440046,-3.54330700
34.79520046,-3.14960600
34.79600046,-2.75590500
34.79680046,-3.14960600
34.79760046,-3.54330700
34.79840046,-3.54330700
34.79920046,-3.14960600
34.80000046,-2.36220500
34.80080046,-1.96850400
34.80160046,-2.36220500
34.80240046,-3.14960600
34.80320046,-4.33070900
34.80400046,-5.11811000
34.80480046,-5.51181100
34.80560046,-4.72440900
34.80640046,-3.14960600
34.80720046,-1.96850400
34.80800046,-1.18110200
34.80880046,-1.96850400
34.80960046,-1.96850400
34.81040046,-1.96850400
34.81120046,-3.14960600
34.81200046,-2.75590500
34.81280046,-2.75590500
34.81360046,-3.14960600
34.81440046,-2.75590500
34.81520046,-1.96850400
34.81600046,-1.96850400
34.81680046,-0.39370070
34.81760046,0.39370070
34.81840046,1.18110200
34.81920046,2.36220500
34.82000046,2.75590500
34.82080046,2.75590500
34.82160046,1.57480300
34.82240046,0.78740150
34.82320046,-0.39370070
34.82400046,-0.78740150
34.82480046,0.39370070
34.82560046,1.57480300
34.82640046,2.75590500
34.82720046,3.54330700
34.82800047,4.33070900
34.82880047,4.72440900
34.82960047,5.11811000
34.83040047,5.51181100
34.83120047,5.51181100
34.83200047,5.90551100
34.83280047,5.11811000
34.83360047,4.33070900
34.83440047,3.93700800
34.83520047,3.93700800
34.83600047,4.72440900
34.83680047,5.11811000
34.83760047,5.90551100
34.83840047,6.29921200
34.83920047,6.29921200
34.84000047,5.51181100
34.84080047,5.90551100
34.84160047,5.51181100
34.84240047,5.11811000
34.84320047,4.72440900
34.84400047,3.54330700
34.84480047,3.14960600
34.84560047,2.75590500
34.84640047,3.54330700
34.84720047,3.54330700
34.84800047,3.93700800
34.84880047,3.54330700
34.84960047,1.96850400
34.85040047,1.18110200
34.85120047,0.78740150
34.85200047,0.78740150
34.85280047,0.78740150
34.85360047,0.00000000
34.85440047,-1.18110200
34.85520047,-2.36220500
34.85600047,-2.75590500
34.85680047,-2.75590500
34.85760047,-2.75590500
34.85840047,-2.36220500
34.85920047,-2.75590500
34.86000047,-3.93700800
34.86080047,-4.33070900
34.86160047,-5.11811000
34.86240047,-4.72440900
34.86320047,-4.72440900
34.86400047,-4.72440900
34.86480047,-5.51181100
34.86560047,-6.69291300
34.86640047,-7.87401500
34.86720047,-8.66141700
34.86800047,-8.66141700
34.86880047,-7.48031400
34.86960047,-6.69291300
34.87040047,-5.51181100
34.87120047,-5.90551100
34.87200047,-5.51181100
34.87280047,-5.51181100
34.87360047,-5.51181100
34.87440047,-4.72440900
34.87520047,-4.72440900
34.87600047,-5.51181100
34.87680047,-6.29921200
34.87760047,-6.29921200
34.87840047,-6.29921200
34.87920047,-5.51181100
34.88000047,-3.93700800
34.88080047,-3.54330700
34.88160047,-2.36220500
34.88240047,-1.57480300
34.88320047,-1.18110200
34.88400047,-0.39370070
34.88480047,1.18110200
34.88560047,1.57480300
34.88640047,1.18110200
34.88720047,1.18110200
34.88800047,0.00000000
34.88880047,0.00000000
34.88960047,1.18110200
34.89040047,1.18110200
34.89120047,3.14960600
34.89200047,4.33070900
34.89280047,4.72440900
34.89360047,5.11811000
34.89440047,5.90551100
34.89520047,6.29921200
34.89600047,6.29921200
34.89680047,6.69291300
34.89760047,6.29921200
34.89840047,6.29921200
34.89920047,5.90551100
34.90000047,4.72440900
34.90080047,5.11811000
34.90160047,5.90551100
34.90240047,7.08661400
34.90320047,7.48031400
34.90400047,7.48031400
34.90480047,7.08661400
34.90560047,6.29921200
34.90640047,6.69291300
34.90720047,6.69291300
34.90800047,7.08661400
34.90880047,7.48031400
34.90960047,5.90551100
34.91040047,4.33070900
34.91120047,3.14960600
34.91200047,2.36220500
34.91280047,1.57480300
34.91360047,2.36220500
34.91440047,3.93700800
34.91520047,5.11811000
34.91600047,6.29921200
34.91680047,5.90551100
34.91760047,5.11811000
34.91840047,3.54330700
34.91920047,1.57480300
34.92000047,-0.39370070
34.92080047,-2.36220500
34.92160047,-3.54330700
34.92240047,-4.72440900
34.92320047,-4.72440900
34.92400047,-3.93700800
34.92480047,-3.54330700
34.92560047,-2.36220500
34.92640047,-2.36220500
34.92720047,-1.96850400
34.92800047,-1.96850400
34.92880047,-2.75590500
34.92960047,-3.54330700
34.93040047,-3.54330700
34.93120047,-4.72440900
34.93200047,-5.51181100
34.93280047,-7.08661400
34.93360047,-7.87401500
34.93440047,-8.26771600
34.93520047,-7.48031400
34.93600047,-6.29921200
34.93680047,-4.33070900
34.93760047,-3.14960600
34.93840047,-2.36220500
34.93920047,-3.14960600
34.94000047,-3.93700800
34.94080047,-5.11811000
34.94160047,-5.90551100
34.94240047,-6.29921200
34.94320047,-6.69291300
34.94400047,-7.08661400
34.94480047,-7.48031400
34.94560047,-7.08661400
34.94640047,-5.51181100
34.94720047,-3.54330700
34.94800047,-3.14960600
34.94880047,-2.75590500
34.94960047,-2.75590500
34.95040047,-2.75590500
34.95120047,-2.75590500
34.95200047,-1.96850400
34.95280047,-1.18110200
34.95360047,-0.39370070
34.95440047,0.00000000
34.95520047,0.39370070
34.95600047,0.00000000
34.95680047,0.78740150
34.95760047,1.18110200
34.95840047,1.57480300
34.95920047,1.57480300
34.96000047,0.78740150
34.96080047,-0.78740150
34.96160047,-0.78740150
34.96240047,-1.18110200
34.96320047,-0.39370070
34.96400047,1.18110200
34.96480047,2.36220500
34.96560047,3.14960600
34.96640047,3.54330700
34.96720047,3.54330700
34.96800047,4.33070900
34.96880047,5.90551100
34.96960047,5.90551100
34.97040047,5.51181100
34.97120047,5.11811000
34.97200047,4.33070900
34.97280047,3.54330700
34.97360047,4.33070900
34.97440047,5.11811000
34.97520047,5.11811000
34.97600047,5.90551100
34.97680047,5.51181100
34.97760047,5.51181100
34.97840047,5.51181100
34.97920047,5.51181100
34.98000047,5.11811000
34.98080047,5.11811000
34.98160047,4.72440900
34.98240047,3.93700800
34.98320047,4.33070900
34.98400047,4.72440900
34.98480047,5.51181100
34.98560047,5.90551100
34.98640047,5.51181100
34.98720047,5.11811000
34.98800047,3.93700800
34.98880047,2.75590500
34.98960047,2.36220500
34.99040047,2.36220500
34.99120047,1.96850400
34.99200047,2.36220500
34.99280047,3.14960600
34.99360047,3.14960600
34.99440047,3.54330700
34.99520047,3.54330700
34.99600047,2.36220500
34.99680047,1.96850400
34.99760047,0.39370070
34.99840047,0.39370070
34.99920047,-0.39370070
35.00000047,-0.78740150
35.00080047,-1.96850400
35.00160047,-2.75590500
35.00240047,-1.96850400
35.00320047,-1.96850400
35.00400047,-1.18110200
35.00480047,-0.78740150
35.00560047,-0.78740150
35.00640047,-1.57480300
35.00720047,-2.36220500
35.00800047,-3.54330700
35.00880047,-5.11811000
35.00960047,-5.11811000
35.01040047,-5.51181100
35.01120047,-5.90551100
35.01200047,-6.69291300
35.01280047,-6.29921200
35.01360047,-6.29921200
35.01440047,-5.11811000
35.01520047,-4.33070900
35.01600047,-5.11811000
35.01680047,-5.90551100
35.01760047,-7.87401500
35.01840047,-9.44881800
35.01920047,-9.44881800
35.02000047,-9.05511800
35.02080047,-9.05511800
35.02160047,-8.66141700
35.02240047,-8.26771600
35.02320047,-8.66141700
35.02400047,-7.87401500
35.02480047,-6.69291300
35.02560047,-5.51181100
35.02640047,-4.33070900
35.02720047,-3.54330700
35.02800047,-4.33070900
35.02880047,-5.11811000
35.02960047,-5.51181100
35.03040047,-5.51181100
35.03120047,-4.72440900
35.03200047,-3.93700800
35.03280047,-3.93700800
35.03360047,-3.54330700
35.03440047,-3.93700800
35.03520047,-3.14960600
35.03600047,-1.57480300
35.03680047,0.39370070
35.03760047,1.96850400
35.03840047,3.54330700
35.03920047,3.54330700
35.04000047,2.75590500
35.04080047,3.54330700
35.04160047,3.93700800
35.04240047,4.33070900
35.04320047,4.33070900
35.04400047,3.54330700
35.04480047,2.36220500
35.04560047,3.14960600
35.04640047,5.51181100
35.04720047,7.48031400
35.04800047,10.23622000
35.04880047,12.20472000
35.04960047,12.59842000
35.05040047,13.38583000
35.05120047,12.99213000
35.05200047,12.99213000
35.05280047,12.99213000
35.05360047,11.81102000
35.05440047,10.23622000
35.05520047,8.66141700
35.05600047,7.48031400
35.05680047,7.48031400
35.05760047,7.87401500
35.05840047,9.44881800
35.05920047,11.02362000
35.06000047,12.59842000
35.06080047,11.81102000
35.06160047,11.41732000
35.06240047,10.62992000
35.06320047,9.84251900
35.06400047,8.26771600
35.06480047,7.87401500
35.06560047,6.69291300
35.06640047,4.72440900
35.06720047,3.54330700
35.06800047,2.75590500
35.06880047,2.36220500
35.06960047,2.75590500
35.07040047,2.75590500
35.07120047,2.36220500
35.07200047,1.18110200
35.07280047,0.39370070
35.07360047,-0.78740150
35.07440047,-1.96850400
35.07520047,-3.54330700
35.07600047,-4.33070900
35.07680047,-5.11811000
35.07760047,-6.29921200
35.07840047,-7.87401500
35.07920047,-9.05511800
35.08000047,-9.84251900
35.08080047,-10.62992000
35.08160047,-10.62992000
35.08240047,-11.41732000
35.08320047,-11.81102000
35.08400047,-12.20472000
35.08480047,-12.99213000
35.08560047,-13.38583000
35.08640047,-13.38583000
35.08720047,-13.38583000
35.08800047,-13.38583000
35.08880047,-13.77953000
35.08960047,-13.77953000
35.09040047,-14.56693000
35.09120047,-14.17323000
35.09200047,-14.17323000
35.09280047,-12.99213000
35.09360047,-12.20472000
35.09440047,-11.41732000
35.09520047,-10.62992000
35.09600047,-9.44881800
35.09680047,-8.66141700
35.09760047,-8.26771600
35.09840047,-7.48031400
35.09920047,-7.08661400
35.10000047,-6.69291300
35.10080047,-6.69291300
35.10160047,-6.69291300
35.10240047,-5.90551100
35.10320047,-3.93700800
35.10400047,-2.36220500
35.10480047,-0.78740150
35.10560047,0.39370070
35.10640047,1.57480300
35.10720047,1.57480300
35.10800047,2.36220500
35.10880047,3.14960600
35.10960047,4.72440900
35.11040047,5.51181100
35.11120047,6.29921200
35.11200047,6.69291300
35.11280047,7.08661400
35.11360047,8.26771600
35.11440047,9.84251900
35.11520047,11.81102000
35.11600047,12.99213000
35.11680047,12.59842000
35.11760047,12.59842000
35.11840047,12.20472000
35.11920047,11.81102000
35.12000047,12.20472000
35.12080047,12.99213000
35.12160047,13.38583000
35.12240047,14.17323000
35.12320047,13.77953000
35.12400047,13.77953000
35.12480047,14.17323000
35.12560047,14.56693000
35.12640047,14.56693000
35.12720047,14.17323000
35.12800047,12.20472000
35.12880047,10.62992000
35.12960047,9.44881800
35.13040047,8.26771600
35.13120047,8.66141700
35.13200047,8.66141700
35.13280047,9.05511800
35.13360047,8.66141700
35.13440047,8.26771600
35.13520047,7.48031400
35.13600047,6.69291300
35.13680047,5.51181100
35.13760047,5.11811000
35.13840047,2.75590500
35.13920047,1.18110200
35.14000047,-1.18110200
35.14080047,-2.75590500
35.14160047,-3.93700800
35.14240047,-3.93700800
35.14320047,-4.33070900
35.14400047,-4.72440900
35.14480047,-5.51181100
35.14560047,-5.51181100
35.14640047,-5.51181100
35.14720047,-5.90551100
35.14800047,-5.90551100
35.14880047,-6.29921200
35.14960047,-7.48031400
35.15040047,-9.44881800
35.15120047,-11.02362000
35.15200047,-11.41732000
35.15280047,-11.81102000
35.15360047,-11.81102000
35.15440047,-12.59842000
35.15520047,-12.99213000
35.15600047,-12.59842000
35.15680047,-12.20472000
35.15760047,-12.20472000
35.15840047,-11.41732000
35.15920047,-11.02362000
35.16000047,-10.62992000
35.16080047,-10.62992000
35.16160047,-10.23622000
35.16240047,-10.62992000
35.16320047,-10.23622000
35.16400047,-9.44881800
35.16480047,-9.44881800
35.16560047,-9.05511800
35.16640047,-9.05511800
35.16720047,-9.05511800
35.16800047,-8.26771600
35.16880047,-7.48031400
35.16960047,-6.29921200
35.17040047,-4.72440900
35.17120047,-3.54330700
35.17200047,-2.75590500
35.17280047,-1.96850400
35.17360047,-0.78740150
35.17440047,-0.39370070
35.17520047,0.39370070
35.17600047,1.18110200
35.17680047,1.96850400
35.17760047,2.75590500
35.17840047,3.14960600
35.17920047,3.54330700
35.18000047,3.54330700
35.18080047,3.54330700
35.18160047,3.54330700
35.18240047,4.72440900
35.18320047,6.29921200
35.18400047,7.48031400
35.18480047,8.26771600
35.18560047,8.66141700
35.18640047,9.05511800
35.18720047,9.44881800
35.18800047,9.05511800
35.18880047,9.05511800
35.18960047,9.05511800
35.19040047,9.05511800
35.19120047,8.26771600
35.19200047,8.26771600
35.19280047,7.87401500
35.19360047,7.87401500
35.19440047,8.66141700
35.19520047,9.44881800
35.19600047,9.05511800
35.19680047,9.44881800
35.19760047,9.05511800
35.19840047,8.26771600
35.19920047,7.87401500
35.20000047,7.08661400
35.20080047,6.29921200
35.20160047,5.11811000
35.20240047,4.33070900
35.20320047,3.54330700
35.20400047,3.54330700
35.20480047,3.93700800
35.20560047,4.33070900
35.20640047,4.72440900
35.20720047,4.33070900
35.20800047,3.54330700
35.20880047,3.14960600
35.20960047,2.36220500
35.21040047,1.18110200
35.21120047,-0.39370070
35.21200047,-1.57480300
35.21280047,-3.14960600
35.21360047,-3.14960600
35.21440047,-2.75590500
35.21520047,-1.18110200
35.21600047,-0.39370070
35.21680047,0.00000000
35.21760047,-0.78740150
35.21840047,-1.57480300
35.21920047,-2.75590500
35.22000047,-3.54330700
35.22080047,-4.72440900
35.22160047,-5.51181100
35.22240047,-6.69291300
35.22320047,-6.69291300
35.22400047,-7.08661400
35.22480047,-6.69291300
35.22560047,-5.11811000
35.22640047,-3.54330700
35.22720047,-3.54330700
35.22800047,-3.54330700
35.22880047,-4.33070900
35.22960047,-5.11811000
35.23040047,-5.51181100
35.23120047,-5.51181100
35.23200047,-5.90551100
35.23280047,-6.29921200
35.23360047,-6.29921200
35.23440047,-6.29921200
35.23520047,-5.51181100
35.23600047,-3.93700800
35.23680047,-2.75590500
35.23760047,-1.96850400
35.23840047,-2.75590500
35.23920047,-3.93700800
35.24000047,-5.11811000
35.24080047,-5.51181100
35.24160047,-5.51181100
35.24240047,-5.11811000
35.24320047,-5.11811000
35.24400047,-4.72440900
35.24480047,-4.72440900
35.24560047,-3.93700800
35.24640047,-3.14960600
35.24720047,-1.96850400
35.24800047,-1.57480300
35.24880047,-1.96850400
35.24960047,-2.75590500
35.25040047,-3.14960600
35.25120047,-3.14960600
35.25200047,-2.75590500
35.25280047,-1.57480300
35.25360047,-0.78740150
35.25440047,-0.78740150
35.25520047,0.00000000
35.25600047,1.18110200
35.25680047,2.36220500
35.25760047,3.54330700
35.25840047,3.54330700
35.25920047,3.14960600
35.26000047,3.14960600
35.26080047,2.75590500
35.26160047,3.14960600
35.26240047,3.54330700
35.26320047,4.33070900
35.26400047,5.11811000
35.26480047,5.51181100
35.26560047,5.90551100
35.26640047,6.29921200
35.26720047,6.69291300
35.26800047,7.08661400
35.26880047,7.08661400
35.26960047,6.69291300
35.27040047,5.90551100
35.27120047,5.51181100
35.27200047,5.51181100
35.27280047,5.90551100
35.27360047,6.69291300
35.27440047,7.08661400
35.27520047,7.08661400
35.27600047,7.08661400
35.27680047,6.69291300
35.27760047,7.48031400
35.27840047,7.48031400
35.27920047,7.48031400
35.28000047,6.69291300
35.28080047,6.29921200
35.28160047,5.11811000
35.28240047,4.33070900
35.28320047,4.72440900
35.28400047,4.33070900
35.28480047,3.93700800
35.28560047,3.54330700
35.28640047,3.54330700
35.28720047,3.54330700
35.28800047,3.14960600
35.28880047,3.54330700
35.28960047,2.75590500
35.29040047,1.96850400
35.29120047,0.78740150
35.29200047,-0.39370070
35.29280047,-1.18110200
35.29360047,-1.96850400
35.29440047,-3.54330700
35.29520047,-4.33070900
35.29600047,-4.33070900
35.29680047,-3.93700800
35.29760047,-3.93700800
35.29840047,-3.54330700
35.29920047,-3.54330700
35.30000047,-3.93700800
35.30080047,-4.33070900
35.30160047,-5.51181100
35.30240047,-6.29921200
35.30320047,-7.48031400
35.30400047,-8.26771600
35.30480047,-8.66141700
35.30560047,-9.05511800
35.30640047,-8.66141700
35.30720047,-7.87401500
35.30800047,-7.08661400
35.30880047,-6.69291300
35.30960047,-6.29921200
35.31040047,-6.69291300
35.31120047,-7.48031400
35.31200047,-8.66141700
35.31280047,-8.26771600
35.31360047,-8.66141700
35.31440047,-7.87401500
35.31520047,-7.48031400
35.31600047,-7.48031400
35.31680047,-7.08661400
35.31760047,-5.90551100
35.31840047,-5.11811000
35.31920047,-4.33070900
35.32000047,-3.54330700
35.32080047,-3.54330700
35.32160047,-5.11811000
35.32240047,-5.11811000
35.32320047,-5.11811000
35.32400047,-5.11811000
35.32480047,-3.93700800
35.32560047,-3.54330700
35.32640047,-2.36220500
35.32720047,-1.57480300
35.32800047,-0.78740150
35.32880047,0.78740150
35.32960047,2.36220500
35.33040047,3.14960600
35.33120047,3.54330700
35.33200047,3.14960600
35.33280047,1.96850400
35.33360047,2.36220500
35.33440047,2.36220500
35.33520047,3.54330700
35.33600047,5.11811000
35.33680047,7.08661400
35.33760047,7.87401500
35.33840047,8.26771600
35.33920047,8.66141700
35.34000047,8.66141700
35.34080047,8.66141700
35.34160047,8.66141700
35.34240047,8.66141700
35.34320047,7.87401500
35.34400047,7.87401500
35.34480047,7.48031400
35.34560047,8.26771600
35.34640047,10.23622000
35.34720047,11.02362000
35.34800047,11.41732000
35.34880047,11.41732000
35.34960047,10.62992000
35.35040047,9.44881800
35.35120047,9.05511800
35.35200047,9.05511800
35.35280047,8.66141700
35.35360047,8.26771600
35.35440047,7.48031400
35.35520047,7.08661400
35.35600047,7.08661400
35.35680047,7.48031400
35.35760047,7.48031400
35.35840047,7.48031400
35.35920047,6.69291300
35.36000047,4.72440900
35.36080047,3.54330700
35.36160047,2.36220500
35.36240047,0.78740150
35.36320047,1.18110200
35.36400047,0.39370070
35.36480047,-0.39370070
35.36560047,-0.78740150
35.36640047,-1.96850400
35.36720047,-3.14960600
35.36800047,-3.14960600
35.36880047,-3.54330700
35.36960047,-3.54330700
35.37040047,-4.72440900
35.37120047,-6.69291300
35.37200047,-7.48031400
35.37280047,-7.87401500
35.37360047,-7.48031400
35.37440047,-7.87401500
35.37520047,-7.48031400
35.37600047,-7.87401500
35.37680047,-9.05511800
35.37760047,-9.84251900
35.37840047,-10.62992000
35.37920047,-11.02362000
35.38000047,-11.02362000
35.38080047,-11.02362000
35.38160047,-11.41732000
35.38240047,-12.20472000
35.38320047,-12.59842000
35.38400047,-12.20472000
35.38480047,-11.81102000
35.38560047,-11.02362000
35.38640047,-10.23622000
35.38720047,-9.05511800
35.38800047,-9.44881800
35.38880047,-9.44881800
35.38960047,-9.05511800
35.39040047,-9.05511800
35.39120047,-7.87401500
35.39200047,-6.69291300
35.39280047,-6.29921200
35.39360047,-5.90551100
35.39440047,-5.51181100
35.39520047,-3.93700800
35.39600047,-3.54330700
35.39680047,-1.96850400
35.39760047,-1.18110200
35.39840047,-0.78740150
35.39920047,-0.39370070
35.40000047,0.39370070
35.40080047,0.78740150
35.40160047,2.75590500
35.40240047,4.33070900
35.40320047,5.11811000
35.40400047,5.51181100
35.40480047,5.90551100
35.40560047,6.29921200
35.40640047,6.69291300
35.40720047,7.08661400
35.40800047,7.08661400
35.40880047,8.26771600
35.40960047,8.66141700
35.41040047,8.66141700
35.41120047,9.44881800
35.41200047,9.84251900
35.41280047,10.23622000
35.41360047,11.02362000
35.41440047,11.81102000
35.41520047,11.02362000
35.41600047,10.62992000
35.41680047,9.84251900
35.41760047,9.44881800
35.41840047,9.84251900
35.41920047,9.84251900
35.42000047,9.84251900
35.42080047,10.62992000
35.42160047,10.62992000
35.42240047,9.84251900
35.42320047,9.05511800
35.42400047,8.66141700
35.42480047,8.66141700
35.42560047,9.05511800
35.42640047,8.26771600
35.42720047,7.08661400
35.42800047,5.90551100
35.42880047,4.33070900
35.42960047,3.54330700
35.43040047,3.93700800
35.43120047,4.33070900
35.43200047,3.14960600
35.43280047,2.36220500
35.43360047,0.78740150
35.43440047,-0.78740150
35.43520047,-1.18110200
35.43600047,-1.18110200
35.43680047,-1.18110200
35.43760047,-1.57480300
35.43840047,-2.75590500
35.43920047,-4.33070900
35.44000047,-5.11811000
35.44080047,-5.11811000
35.44160047,-5.11811000
35.44240047,-4.72440900
35.44320047,-5.51181100
35.44400047,-7.48031400
35.44480047,-9.05511800
35.44560047,-9.05511800
35.44640047,-9.05511800
35.44720047,-7.87401500
35.44800047,-7.48031400
35.44880047,-7.48031400
35.44960047,-8.26771600
35.45040047,-7.87401500
35.45120047,-8.26771600
35.45200047,-7.87401500
35.45280047,-7.48031400
35.45360047,-7.87401500
35.45440047,-8.66141700
35.45520047,-9.84251900
35.45600047,-10.23622000
35.45680047,-9.84251900
35.45760047,-8.66141700
35.45840047,-7.48031400
35.45920047,-6.29921200
35.46000047,-6.69291300
35.46080047,-7.48031400
35.46160047,-7.87401500
35.46240047,-7.48031400
35.46320047,-6.69291300
35.46400047,-5.51181100
35.46480047,-5.11811000
35.46560047,-4.72440900
35.46640047,-3.93700800
35.46720047,-3.14960600
35.46800047,-1.96850400
35.46880047,-0.78740150
35.46960047,-0.39370070
35.47040047,-0.78740150
35.47120047,-0.78740150
35.47200047,-0.78740150
35.47280047,-1.18110200
35.47360047,0.00000000
35.47440047,0.78740150
35.47520047,1.57480300
35.47600047,3.14960600
35.47680047,3.54330700
35.47760047,3.93700800
35.47840047,5.11811000
35.47920047,7.08661400
35.48000047,7.87401500
35.48080047,7.48031400
35.48160047,7.08661400
35.48240047,6.29921200
35.48320047,6.29921200
35.48400047,5.51181100
35.48480047,5.90551100
35.48560047,6.69291300
35.48640047,7.48031400
35.48720047,8.66141700
35.48800047,9.44881800
35.48880047,9.44881800
35.48960047,9.05511800
35.49040047,9.05511800
35.49120047,8.26771600
35.49200047,7.48031400
35.49280047,7.08661400
35.49360047,6.29921200
35.49440047,5.51181100
35.49520047,5.90551100
35.49600047,6.29921200
35.49680047,6.69291300
35.49760047,7.08661400
35.49840047,7.08661400
35.49920047,6.69291300
35.50000047,5.51181100
35.50080047,4.33070900
35.50160047,3.54330700
35.50240047,3.54330700
35.50320047,3.54330700
35.50400047,3.54330700
35.50480047,3.14960600
35.50560047,2.36220500
35.50640047,1.18110200
35.50720047,1.18110200
35.50800047,0.78740150
35.50880047,0.78740150
35.50960047,0.00000000
35.51040047,-1.18110200
35.51120047,-3.14960600
35.51200047,-4.72440900
35.51280047,-5.90551100
35.51360047,-6.29921200
35.51440047,-6.29921200
35.51520047,-6.69291300
35.51600047,-6.69291300
35.51680047,-6.69291300
35.51760047,-6.29921200
35.51840047,-5.90551100
35.51920047,-5.90551100
35.52000047,-5.90551100
35.52080047,-7.48031400
35.52160047,-9.05511800
35.52240047,-9.84251900
35.52320047,-10.62992000
35.52400047,-9.84251900
35.52480047,-8.26771600
35.52560047,-5.90551100
35.52640047,-4.72440900
35.52720047,-4.33070900
35.52800047,-4.33070900
35.52880047,-3.54330700
35.52960047,-3.14960600
35.53040047,-1.96850400
35.53120047,-1.96850400
35.53200047,-1.96850400
35.53280047,-3.54330700
35.53360047,-5.11811000
35.53440047,-6.69291300
35.53520047,-6.29921200
35.53600047,-5.11811000
35.53680047,-3.93700800
35.53760047,-1.57480300
35.53840047,0.39370070
35.53920047,2.36220500
35.54000047,3.93700800
35.54080047,5.51181100
35.54160047,5.51181100
35.54240047,4.33070900
35.54320047,2.36220500
35.54400047,0.78740150
35.54480047,-0.78740150
35.54560047,-1.18110200
35.54640047,-1.18110200
35.54720047,0.00000000
35.54800047,0.78740150
35.54880047,1.57480300
35.54960047,2.75590500
35.55040047,3.14960600
35.55120047,4.72440900
35.55200047,5.11811000
35.55280047,5.51181100
35.55360047,5.51181100
35.55440047,3.54330700
35.55520047,1.18110200
35.55600047,0.00000000
35.55680047,-0.78740150
35.55760047,0.00000000
35.55840047,1.57480300
35.55920047,2.75590500
35.56000047,3.93700800
35.56080047,4.33070900
35.56160047,4.72440900
35.56240047,5.90551100
35.56320047,6.69291300
35.56400047,6.29921200
35.56480047,5.51181100
35.56560047,4.72440900
35.56640047,2.36220500
35.56720047,1.96850400
35.56800047,2.36220500
35.56880047,2.36220500
35.56960047,3.54330700
35.57040047,4.33070900
35.57120047,4.33070900
35.57200047,4.72440900
35.57280047,4.33070900
35.57360047,3.93700800
35.57440047,3.14960600
35.57520047,2.75590500
35.57600047,1.57480300
35.57680048,1.18110200
35.57760048,0.78740150
35.57840048,0.39370070
35.57920048,0.78740150
35.58000048,1.18110200
35.58080048,1.57480300
35.58160048,1.96850400
35.58240048,1.57480300
35.58320048,0.39370070
35.58400048,-0.78740150
35.58480048,-1.18110200
35.58560048,-1.96850400
35.58640048,-1.96850400
35.58720048,-2.36220500
35.58800048,-3.14960600
35.58880048,-3.93700800
35.58960048,-4.33070900
35.59040048,-5.11811000
35.59120048,-5.11811000
35.59200048,-5.11811000
35.59280048,-4.33070900
35.59360048,-3.54330700
35.59440048,-2.75590500
35.59520048,-1.96850400
35.59600048,-1.18110200
35.59680048,0.39370070
35.59760048,0.00000000
35.59840048,-0.78740150
35.59920048,-1.57480300
35.60000048,-3.14960600
35.60080048,-4.72440900
35.60160048,-5.11811000
35.60240048,-5.11811000
35.60320048,-4.72440900
35.60400048,-4.72440900
35.60480048,-4.72440900
35.60560048,-3.93700800
35.60640048,-3.54330700
35.60720048,-2.75590500
35.60800048,-1.18110200
35.60880048,-0.78740150
35.60960048,-1.18110200
35.61040048,-1.18110200
35.61120048,-1.96850400
35.61200048,-3.14960600
35.61280048,-2.36220500
35.61360048,-1.96850400
35.61440048,-1.18110200
35.61520048,-0.39370070
35.61600048,0.00000000
35.61680048,0.78740150
35.61760048,2.36220500
35.61840048,3.14960600
35.61920048,3.54330700
35.62000048,3.93700800
35.62080048,3.54330700
35.62160048,2.75590500
35.62240048,1.57480300
35.62320048,1.57480300
35.62400048,1.18110200
35.62480048,1.57480300
35.62560048,1.57480300
35.62640048,0.39370070
35.62720048,-0.78740150
35.62800048,-1.18110200
35.62880048,-1.96850400
35.62960048,-1.18110200
35.63040048,-1.18110200
35.63120048,-1.18110200
35.63200048,-1.57480300
35.63280048,-0.78740150
35.63360048,-0.39370070
35.63440048,0.39370070
35.63520048,1.57480300
35.63600048,2.75590500
35.63680048,2.36220500
35.63760048,1.57480300
35.63840048,0.78740150
35.63920048,-0.39370070
35.64000048,-1.18110200
35.64080048,-1.18110200
35.64160048,-0.78740150
35.64240048,0.00000000
35.64320048,0.39370070
35.64400048,0.78740150
35.64480048,1.96850400
35.64560048,3.14960600
35.64640048,4.33070900
35.64720048,4.33070900
35.64800048,4.33070900
35.64880048,2.75590500
35.64960048,1.57480300
35.65040048,0.00000000
35.65120048,0.00000000
35.65200048,0.39370070
35.65280048,1.96850400
35.65360048,3.14960600
35.65440048,3.93700800
35.65520048,4.33070900
35.65600048,5.51181100
35.65680048,6.29921200
35.65760048,6.29921200
35.65840048,6.29921200
35.65920048,5.90551100
35.66000048,5.11811000
35.66080048,4.33070900
35.66160048,3.93700800
35.66240048,3.93700800
35.66320048,3.93700800
35.66400048,3.93700800
35.66480048,3.14960600
35.66560048,2.36220500
35.66640048,1.57480300
35.66720048,1.57480300
35.66800048,1.18110200
35.66880048,1.96850400
35.66960048,2.36220500
35.67040048,1.96850400
35.67120048,1.18110200
35.67200048,0.00000000
35.67280048,-0.39370070
35.67360048,0.00000000
35.67440048,-0.39370070
35.67520048,-1.18110200
35.67600048,-2.36220500
35.67680048,-3.93700800
35.67760048,-5.11811000
35.67840048,-5.51181100
35.67920048,-5.90551100
35.68000048,-5.90551100
35.68080048,-6.29921200
35.68160048,-6.69291300
35.68240048,-6.69291300
35.68320048,-7.08661400
35.68400048,-6.29921200
35.68480048,-6.69291300
35.68560048,-5.90551100
35.68640048,-6.29921200
35.68720048,-7.08661400
35.68800048,-7.48031400
35.68880048,-7.87401500
35.68960048,-7.08661400
35.69040048,-6.29921200
35.69120048,-5.90551100
35.69200048,-5.11811000
35.69280048,-5.51181100
35.69360048,-5.51181100
35.69440048,-6.29921200
35.69520048,-5.90551100
35.69600048,-5.51181100
35.69680048,-4.33070900
35.69760048,-3.54330700
35.69840048,-2.75590500
35.69920048,-1.96850400
35.70000048,-1.18110200
35.70080048,-1.18110200
35.70160048,-1.57480300
35.70240048,-1.57480300
35.70320048,-1.96850400
35.70400048,-2.36220500
35.70480048,-3.14960600
35.70560048,-3.14960600
35.70640048,-2.36220500
35.70720048,-0.39370070
35.70800048,0.78740150
35.70880048,2.75590500
35.70960048,4.33070900
35.71040048,4.72440900
35.71120048,4.33070900
35.71200048,4.72440900
35.71280048,4.33070900
35.71360048,5.11811000
35.71440048,5.51181100
35.71520048,5.11811000
35.71600048,5.11811000
35.71680048,5.11811000
35.71760048,6.69291300
35.71840048,7.48031400
35.71920048,8.66141700
35.72000048,9.44881800
35.72080048,8.66141700
35.72160048,7.87401500
35.72240048,6.69291300
35.72320048,5.51181100
35.72400048,6.29921200
35.72480048,7.08661400
35.72560048,8.26771600
35.72640048,8.66141700
35.72720048,9.05511800
35.72800048,9.05511800
35.72880048,10.23622000
35.72960048,10.23622000
35.73040048,10.62992000
35.73120048,9.05511800
35.73200048,7.08661400
35.73280048,5.11811000
35.73360048,3.14960600
35.73440048,2.36220500
35.73520048,3.54330700
35.73600048,4.72440900
35.73680048,5.11811000
35.73760048,5.51181100
35.73840048,5.90551100
35.73920048,5.11811000
35.74000048,4.33070900
35.74080048,3.54330700
35.74160048,1.57480300
35.74240048,-0.78740150
35.74320048,-2.75590500
35.74400048,-5.51181100
35.74480048,-6.69291300
35.74560048,-6.29921200
35.74640048,-5.11811000
35.74720048,-3.54330700
35.74800048,-3.14960600
35.74880048,-3.54330700
35.74960048,-4.72440900
35.75040048,-5.51181100
35.75120048,-5.90551100
35.75200048,-6.69291300
35.75280048,-7.87401500
35.75360048,-9.44881800
35.75440048,-11.02362000
35.75520048,-12.20472000
35.75600048,-12.20472000
35.75680048,-11.02362000
35.75760048,-9.84251900
35.75840048,-9.44881800
35.75920048,-9.05511800
35.76000048,-9.84251900
35.76080048,-11.41732000
35.76160048,-11.81102000
35.76240048,-11.81102000
35.76320048,-11.41732000
35.76400048,-11.41732000
35.76480048,-11.41732000
35.76560048,-11.02362000
35.76640048,-10.62992000
35.76720048,-9.44881800
35.76800048,-8.26771600
35.76880048,-6.69291300
35.76960048,-5.51181100
35.77040048,-5.51181100
35.77120048,-5.51181100
35.77200048,-5.51181100
35.77280048,-6.29921200
35.77360048,-5.11811000
35.77440048,-3.93700800
35.77520048,-2.75590500
35.77600048,-1.96850400
35.77680048,-0.78740150
35.77760048,0.00000000
35.77840048,1.96850400
35.77920048,2.75590500
35.78000048,4.72440900
35.78080048,5.51181100
35.78160048,6.29921200
35.78240048,6.69291300
35.78320048,6.69291300
35.78400048,7.08661400
35.78480048,7.87401500
35.78560048,8.66141700
35.78640048,9.44881800
35.78720048,9.44881800
35.78800048,9.44881800
35.78880048,10.23622000
35.78960048,10.62992000
35.79040048,11.41732000
35.79120048,13.38583000
35.79200048,13.77953000
35.79280048,14.17323000
35.79360048,13.77953000
35.79440048,13.38583000
35.79520048,12.99213000
35.79600048,12.99213000
35.79680048,12.59842000
35.79760048,11.81102000
35.79840048,11.02362000
35.79920048,9.44881800
35.80000048,8.26771600
35.80080048,8.26771600
35.80160048,8.26771600
35.80240048,8.66141700
35.80320048,9.44881800
35.80400048,9.05511800
35.80480048,7.87401500
35.80560048,6.69291300
35.80640048,5.11811000
35.80720048,3.93700800
35.80800048,3.14960600
35.80880048,1.96850400
35.80960048,1.57480300
35.81040048,0.78740150
35.81120048,-0.39370070
35.81200048,-1.18110200
35.81280048,-1.18110200
35.81360048,-1.18110200
35.81440048,-1.96850400
35.81520048,-3.14960600
35.81600048,-4.33070900
35.81680048,-6.29921200
35.81760048,-7.08661400
35.81840048,-7.48031400
35.81920048,-7.87401500
35.82000048,-8.66141700
35.82080048,-9.05511800
35.82160048,-9.84251900
35.82240048,-11.02362000
35.82320048,-11.81102000
35.82400048,-12.20472000
35.82480048,-12.20472000
35.82560048,-11.81102000
35.82640048,-12.20472000
35.82720048,-12.99213000
35.82800048,-14.56693000
35.82880048,-14.96063000
35.82960048,-13.77953000
35.83040048,-12.99213000
35.83120048,-11.81102000
35.83200048,-11.81102000
35.83280048,-12.20472000
35.83360048,-12.99213000
35.83440048,-12.59842000
35.83520048,-11.41732000
35.83600048,-10.23622000
35.83680048,-9.05511800
35.83760048,-8.26771600
35.83840048,-8.66141700
35.83920048,-7.87401500
35.84000048,-7.08661400
35.84080048,-6.29921200
35.84160048,-3.93700800
35.84240048,-3.54330700
35.84320048,-3.14960600
35.84400048,-2.75590500
35.84480048,-2.75590500
35.84560048,-1.96850400
35.84640048,0.00000000
35.84720048,1.96850400
35.84800048,3.93700800
35.84880048,4.72440900
35.84960048,5.11811000
35.85040048,5.90551100
35.85120048,6.69291300
35.85200048,7.48031400
35.85280048,7.87401500
35.85360048,7.87401500
35.85440048,7.48031400
35.85520048,7.08661400
35.85600048,7.87401500
35.85680048,9.44881800
35.85760048,11.02362000
35.85840048,12.99213000
35.85920048,14.56693000
35.86000048,14.96063000
35.86080048,14.96063000
35.86160048,15.74803000
35.86240048,15.35433000
35.86320048,14.96063000
35.86400048,14.56693000
35.86480048,13.38583000
35.86560048,12.59842000
35.86640048,11.81102000
35.86720048,11.41732000
35.86800048,12.20472000
35.86880048,13.38583000
35.86960048,13.77953000
35.87040048,13.77953000
35.87120048,12.99213000
35.87200048,11.41732000
35.87280048,10.23622000
35.87360048,8.26771600
35.87440048,7.87401500
35.87520048,6.69291300
35.87600048,5.11811000
35.87680048,3.54330700
35.87760048,2.75590500
35.87840048,1.57480300
35.87920048,1.18110200
35.88000048,1.18110200
35.88080048,0.00000000
35.88160048,-0.78740150
35.88240048,-1.57480300
35.88320048,-3.54330700
35.88400048,-4.72440900
35.88480048,-5.90551100
35.88560048,-7.08661400
35.88640048,-7.87401500
35.88720048,-8.26771600
35.88800048,-9.05511800
35.88880048,-10.23622000
35.88960048,-11.02362000
35.89040048,-11.41732000
35.89120048,-12.59842000
35.89200048,-12.20472000
35.89280048,-12.20472000
35.89360048,-12.59842000
35.89440048,-13.38583000
35.89520048,-13.38583000
35.89600048,-14.17323000
35.89680048,-14.17323000
35.89760048,-14.56693000
35.89840048,-14.96063000
35.89920048,-14.96063000
35.90000048,-14.56693000
35.90080048,-14.56693000
35.90160048,-13.77953000
35.90240048,-12.99213000
35.90320048,-11.41732000
35.90400048,-10.62992000
35.90480048,-9.05511800
35.90560048,-8.66141700
35.90640048,-8.26771600
35.90720048,-8.26771600
35.90800048,-8.26771600
35.90880048,-7.08661400
35.90960048,-6.29921200
35.91040048,-5.90551100
35.91120048,-5.51181100
35.91200048,-4.72440900
35.91280048,-3.93700800
35.91360048,-1.18110200
35.91440048,0.78740150
35.91520048,2.75590500
35.91600048,3.54330700
35.91680048,3.93700800
35.91760048,2.75590500
35.91840048,2.36220500
35.91920048,2.36220500
35.92000048,3.14960600
35.92080048,4.72440900
35.92160048,6.29921200
35.92240048,7.87401500
35.92320048,9.05511800
35.92400048,10.62992000
35.92480048,11.41732000
35.92560048,12.20472000
35.92640048,11.81102000
35.92720048,11.02362000
35.92800048,10.62992000
35.92880048,9.84251900
35.92960048,10.62992000
35.93040048,12.20472000
35.93120048,13.38583000
35.93200048,13.38583000
35.93280048,14.17323000
35.93360048,12.99213000
35.93440048,12.59842000
35.93520048,12.59842000
35.93600048,12.59842000
35.93680048,12.59842000
35.93760048,11.41732000
35.93840048,10.62992000
35.93920048,9.05511800
35.94000048,8.66141700
35.94080048,8.26771600
35.94160048,9.05511800
35.94240048,9.05511800
35.94320048,9.05511800
35.94400048,8.26771600
35.94480048,7.48031400
35.94560048,5.90551100
35.94640048,5.11811000
35.94720048,4.33070900
35.94800048,3.93700800
35.94880048,2.75590500
35.94960048,1.57480300
35.95040048,0.78740150
35.95120048,0.00000000
35.95200048,-0.39370070
35.95280048,-1.18110200
35.95360048,-1.96850400
35.95440048,-2.75590500
35.95520048,-4.33070900
35.95600048,-5.11811000
35.95680048,-5.11811000
35.95760048,-5.90551100
35.95840048,-7.08661400
35.95920048,-7.48031400
35.96000048,-8.26771600
35.96080048,-9.05511800
35.96160048,-9.44881800
35.96240048,-8.66141700
35.96320048,-9.44881800
35.96400048,-10.23622000
35.96480048,-11.41732000
35.96560048,-11.81102000
35.96640048,-12.99213000
35.96720048,-12.99213000
35.96800048,-13.38583000
35.96880048,-12.59842000
35.96960048,-11.41732000
35.97040048,-11.02362000
35.97120048,-10.23622000
35.97200048,-10.62992000
35.97280048,-11.41732000
35.97360048,-12.99213000
35.97440048,-13.38583000
35.97520048,-13.77953000
35.97600048,-12.99213000
35.97680048,-11.81102000
35.97760048,-11.02362000
35.97840048,-9.05511800
35.97920048,-7.87401500
35.98000048,-7.08661400
35.98080048,-5.51181100
35.98160048,-4.72440900
35.98240048,-4.33070900
35.98320048,-3.54330700
35.98400048,-3.54330700
35.98480048,-3.54330700
35.98560048,-3.14960600
35.98640048,-2.75590500
35.98720048,-1.18110200
35.98800048,0.39370070
35.98880048,1.96850400
35.98960048,2.75590500
35.99040048,4.33070900
35.99120048,5.11811000
35.99200048,5.11811000
35.99280048,5.51181100
35.99360048,5.90551100
35.99440048,6.29921200
35.99520048,6.69291300
35.99600048,6.69291300
35.99680048,7.87401500
35.99760048,9.05511800
35.99840048,10.23622000
35.99920048,11.81102000
36.00000048,12.59842000
36.00080048,12.99213000
36.00160048,12.59842000
36.00240048,12.59842000
36.00320048,12.59842000
36.00400048,12.20472000
36.00480048,11.81102000
36.00560048,11.81102000
36.00640048,11.41732000
36.00720048,11.02362000
36.00800048,11.41732000
36.00880048,11.41732000
36.00960048,12.20472000
36.01040048,12.20472000
36.01120048,11.41732000
36.01200048,10.23622000
36.01280048,9.44881800
36.01360048,9.05511800
36.01440048,8.66141700
36.01520048,8.66141700
36.01600048,7.87401500
36.01680048,7.48031400
36.01760048,5.51181100
36.01840048,5.90551100
36.01920048,5.90551100
36.02000048,5.11811000
36.02080048,4.33070900
36.02160048,3.14960600
36.02240048,0.78740150
36.02320048,-0.78740150
36.02400048,-2.75590500
36.02480048,-3.14960600
36.02560048,-4.33070900
36.02640048,-4.33070900
36.02720048,-4.33070900
36.02800048,-5.11811000
36.02880048,-5.11811000
36.02960048,-5.51181100
36.03040048,-5.90551100
36.03120048,-6.29921200
36.03200048,-7.08661400
36.03280048,-7.87401500
36.03360048,-9.05511800
36.03440048,-9.84251900
36.03520048,-10.62992000
36.03600048,-11.02362000
36.03680048,-11.81102000
36.03760048,-12.20472000
36.03840048,-12.59842000
36.03920048,-12.59842000
36.04000048,-12.59842000
36.04080048,-11.81102000
36.04160048,-11.02362000
36.04240048,-10.62992000
36.04320048,-10.23622000
36.04400048,-9.84251900
36.04480048,-9.84251900
36.04560048,-10.62992000
36.04640048,-10.23622000
36.04720048,-11.02362000
36.04800048,-10.62992000
36.04880048,-10.62992000
36.04960048,-9.44881800
36.05040048,-8.26771600
36.05120048,-7.87401500
36.05200048,-5.90551100
36.05280048,-4.72440900
36.05360048,-3.54330700
36.05440048,-3.14960600
36.05520048,-3.14960600
36.05600048,-3.14960600
36.05680048,-2.75590500
36.05760048,-2.36220500
36.05840048,-1.57480300
36.05920048,-1.57480300
36.06000048,-0.39370070
36.06080048,1.57480300
36.06160048,2.36220500
36.06240048,3.93700800
36.06320048,4.72440900
36.06400048,5.51181100
36.06480048,5.90551100
36.06560048,6.69291300
36.06640048,7.08661400
36.06720048,6.69291300
36.06800048,7.08661400
36.06880048,7.08661400
36.06960048,7.08661400
36.07040048,8.26771600
36.07120048,9.05511800
36.07200048,10.62992000
36.07280048,11.81102000
36.07360048,12.20472000
36.07440048,12.20472000
36.07520048,11.41732000
36.07600048,11.41732000
36.07680048,10.62992000
36.07760048,10.62992000
36.07840048,10.23622000
36.07920048,9.44881800
36.08000048,9.44881800
36.08080048,9.05511800
36.08160048,9.44881800
36.08240048,9.84251900
36.08320048,10.23622000
36.08400048,10.62992000
36.08480048,9.84251900
36.08560048,9.05511800
36.08640048,7.87401500
36.08720048,6.69291300
36.08800048,6.29921200
36.08880048,5.51181100
36.08960048,5.11811000
36.09040048,4.33070900
36.09120048,2.75590500
36.09200048,1.57480300
36.09280048,0.78740150
36.09360048,1.18110200
36.09440048,0.39370070
36.09520048,-0.39370070
36.09600048,-1.57480300
36.09680048,-2.36220500
36.09760048,-3.14960600
36.09840048,-3.54330700
36.09920048,-3.54330700
36.10000048,-3.93700800
36.10080048,-3.93700800
36.10160048,-4.72440900
36.10240048,-6.29921200
36.10320048,-6.69291300
36.10400048,-7.08661400
36.10480048,-7.48031400
36.10560048,-7.87401500
36.10640048,-8.66141700
36.10720048,-9.05511800
36.10800048,-9.05511800
36.10880048,-9.44881800
36.10960048,-8.66141700
36.11040048,-8.26771600
36.11120048,-8.66141700
36.11200048,-9.44881800
36.11280048,-9.84251900
36.11360048,-10.62992000
36.11440048,-11.41732000
36.11520048,-11.41732000
36.11600048,-11.02362000
36.11680048,-11.02362000
36.11760048,-11.02362000
36.11840048,-10.23622000
36.11920048,-9.44881800
36.12000048,-7.48031400
36.12080048,-6.29921200
36.12160048,-5.51181100
36.12240048,-5.11811000
36.12320048,-4.72440900
36.12400048,-5.11811000
36.12480048,-5.51181100
36.12560048,-4.72440900
36.12640048,-5.11811000
36.12720048,-3.93700800
36.12800048,-3.14960600
36.12880048,-2.36220500
36.12960048,-1.18110200
36.13040048,0.78740150
36.13120048,1.18110200
36.13200048,1.96850400
36.13280048,2.36220500
36.13360048,3.14960600
36.13440048,2.75590500
36.13520048,3.54330700
36.13600048,3.54330700
36.13680048,3.93700800
36.13760048,3.93700800
36.13840048,4.72440900
36.13920048,5.51181100
36.14000048,6.29921200
36.14080048,7.08661400
36.14160048,7.87401500
36.14240048,8.26771600
36.14320048,8.26771600
36.14400048,8.26771600
36.14480048,8.66141700
36.14560048,9.05511800
36.14640048,9.44881800
36.14720048,9.84251900
36.14800048,8.66141700
36.14880048,8.26771600
36.14960048,8.26771600
36.15040048,8.26771600
36.15120048,8.66141700
36.15200048,8.66141700
36.15280048,8.26771600
36.15360048,8.26771600
36.15440048,7.87401500
36.15520048,8.66141700
36.15600048,8.26771600
36.15680048,8.66141700
36.15760048,8.26771600
36.15840048,6.69291300
36.15920048,5.90551100
36.16000048,3.93700800
36.16080048,3.93700800
36.16160048,3.54330700
36.16240048,3.14960600
36.16320048,3.14960600
36.16400048,2.75590500
36.16480048,2.75590500
36.16560048,2.36220500
36.16640048,2.36220500
36.16720048,2.36220500
36.16800048,0.78740150
36.16880048,-0.39370070
36.16960048,-2.36220500
36.17040048,-3.54330700
36.17120048,-4.33070900
36.17200048,-5.11811000
36.17280048,-5.11811000
36.17360048,-6.29921200
36.17440048,-7.08661400
36.17520048,-6.69291300
36.17600048,-5.90551100
36.17680048,-4.33070900
36.17760048,-3.93700800
36.17840048,-4.33070900
36.17920048,-5.51181100
36.18000048,-7.08661400
36.18080048,-8.66141700
36.18160048,-9.44881800
36.18240048,-9.44881800
36.18320048,-9.05511800
36.18400048,-9.05511800
36.18480048,-9.44881800
36.18560048,-9.44881800
36.18640048,-9.05511800
36.18720048,-8.66141700
36.18800048,-7.48031400
36.18880048,-7.08661400
36.18960048,-6.29921200
36.19040048,-6.69291300
36.19120048,-6.29921200
36.19200048,-6.29921200
36.19280048,-5.11811000
36.19360048,-4.33070900
36.19440048,-3.93700800
36.19520048,-4.33070900
36.19600048,-5.11811000
36.19680048,-5.90551100
36.19760048,-5.51181100
36.19840048,-5.11811000
36.19920048,-3.93700800
36.20000048,-2.75590500
36.20080048,-2.75590500
36.20160048,-2.36220500
36.20240048,-1.57480300
36.20320048,-0.78740150
36.20400048,0.39370070
36.20480048,1.96850400
36.20560048,2.36220500
36.20640048,3.14960600
36.20720048,3.54330700
36.20800048,3.14960600
36.20880048,3.54330700
36.20960048,3.54330700
36.21040048,3.54330700
36.21120048,3.54330700
36.21200048,3.93700800
36.21280048,4.33070900
36.21360048,5.11811000
36.21440048,6.29921200
36.21520048,7.48031400
36.21600048,7.87401500
36.21680048,7.87401500
36.21760048,7.87401500
36.21840048,8.26771600
36.21920048,8.66141700
36.22000048,8.26771600
36.22080048,7.87401500
36.22160048,7.08661400
36.22240048,5.90551100
36.22320048,4.72440900
36.22400048,3.93700800
36.22480048,3.93700800
36.22560048,4.72440900
36.22640048,5.90551100
36.22720048,6.69291300
36.22800048,7.48031400
36.22880048,8.26771600
36.22960048,8.66141700
36.23040048,8.66141700
36.23120048,8.26771600
36.23200048,6.69291300
36.23280048,4.72440900
36.23360048,2.36220500
36.23440048,0.78740150
36.23520048,-0.39370070
36.23600048,-1.18110200
36.23680048,0.00000000
36.23760048,0.78740150
36.23840048,1.57480300
36.23920048,3.14960600
36.24000048,3.93700800
36.24080048,3.93700800
36.24160048,3.14960600
36.24240048,1.57480300
36.24320048,-0.39370070
36.24400048,-2.75590500
36.24480048,-5.11811000
36.24560048,-6.69291300
36.24640048,-7.48031400
36.24720048,-7.08661400
36.24800048,-5.90551100
36.24880048,-4.72440900
36.24960048,-3.54330700
36.25040048,-1.96850400
36.25120048,-1.96850400
36.25200048,-2.36220500
36.25280048,-3.54330700
36.25360048,-5.51181100
36.25440048,-7.08661400
36.25520048,-8.66141700
36.25600048,-9.05511800
36.25680048,-9.44881800
36.25760048,-8.66141700
36.25840048,-7.87401500
36.25920048,-6.69291300
36.26000048,-5.11811000
36.26080048,-4.72440900
36.26160048,-4.33070900
36.26240048,-4.33070900
36.26320048,-4.33070900
36.26400048,-5.51181100
36.26480048,-6.29921200
36.26560048,-6.29921200
36.26640048,-6.69291300
36.26720048,-6.29921200
36.26800048,-6.29921200
36.26880048,-5.51181100
36.26960048,-4.33070900
36.27040048,-2.75590500
36.27120048,-1.57480300
36.27200048,-0.39370070
36.27280048,-0.78740150
36.27360048,-1.18110200
36.27440048,-1.96850400
36.27520048,-1.18110200
36.27600048,-0.78740150
36.27680048,-0.39370070
36.27760048,0.39370070
36.27840048,0.00000000
36.27920048,-0.39370070
36.28000048,-0.39370070
36.28080048,0.39370070
36.28160048,1.18110200
36.28240048,2.75590500
36.28320048,3.14960600
36.28400048,3.14960600
36.28480048,3.14960600
36.28560048,3.14960600
36.28640048,3.93700800
36.28720048,5.11811000
36.28800048,5.51181100
36.28880048,5.51181100
36.28960048,5.11811000
36.29040048,4.72440900
36.29120048,3.93700800
36.29200048,4.72440900
36.29280048,5.11811000
36.29360048,5.11811000
36.29440048,5.51181100
36.29520048,4.72440900
36.29600048,4.72440900
36.29680048,4.72440900
36.29760048,5.90551100
36.29840048,7.48031400
36.29920048,8.66141700
36.30000048,9.05511800
36.30080048,8.66141700
36.30160048,7.48031400
36.30240048,6.29921200
36.30320048,5.90551100
36.30400048,5.51181100
36.30480048,4.72440900
36.30560048,3.93700800
36.30640048,2.75590500
36.30720048,1.96850400
36.30800048,1.57480300
36.30880048,2.36220500
36.30960048,3.93700800
36.31040048,4.72440900
36.31120048,4.33070900
36.31200048,3.93700800
36.31280048,3.14960600
36.31360048,1.57480300
36.31440048,0.39370070
36.31520048,-0.39370070
36.31600048,-1.57480300
36.31680048,-3.14960600
36.31760048,-4.72440900
36.31840048,-6.29921200
36.31920048,-6.69291300
36.32000048,-5.11811000
36.32080048,-3.14960600
36.32160048,-1.96850400
36.32240048,-1.57480300
36.32320048,-1.18110200
36.32400048,-2.36220500
36.32480048,-2.75590500
36.32560048,-3.54330700
36.32640049,-3.93700800
36.32720049,-5.90551100
36.32800049,-7.48031400
36.32880049,-8.26771600
36.32960049,-8.26771600
36.33040049,-7.48031400
36.33120049,-5.90551100
36.33200049,-4.33070900
36.33280049,-3.54330700
36.33360049,-3.93700800
36.33440049,-4.33070900
36.33520049,-4.33070900
36.33600049,-5.11811000
36.33680049,-5.11811000
36.33760049,-5.90551100
36.33840049,-5.90551100
36.33920049,-5.90551100
36.34000049,-5.90551100
36.34080049,-5.51181100
36.34160049,-4.33070900
36.34240049,-2.36220500
36.34320049,-1.96850400
36.34400049,-1.18110200
36.34480049,-1.18110200
36.34560049,-1.57480300
36.34640049,-1.96850400
36.34720049,-2.36220500
36.34800049,-1.96850400
36.34880049,-1.18110200
36.34960049,-1.57480300
36.35040049,-0.78740150
36.35120049,0.39370070
36.35200049,0.39370070
36.35280049,0.78740150
36.35360049,2.36220500
36.35440049,3.14960600
36.35520049,2.75590500
36.35600049,1.96850400
36.35680049,1.18110200
36.35760049,0.39370070
36.35840049,1.18110200
36.35920049,1.96850400
36.36000049,3.14960600
36.36080049,4.33070900
36.36160049,4.72440900
36.36240049,4.33070900
36.36320049,3.93700800
36.36400049,4.33070900
36.36480049,4.33070900
36.36560049,4.33070900
36.36640049,4.33070900
36.36720049,4.33070900
36.36800049,4.33070900
36.36880049,4.72440900
36.36960049,5.51181100
36.37040049,6.29921200
36.37120049,7.08661400
36.37200049,7.08661400
36.37280049,5.51181100
36.37360049,3.93700800
36.37440049,2.75590500
36.37520049,1.96850400
36.37600049,2.75590500
36.37680049,3.54330700
36.37760049,4.72440900
36.37840049,5.11811000
36.37920049,4.72440900
36.38000049,5.11811000
36.38080049,5.11811000
36.38160049,5.11811000
36.38240049,5.90551100
36.38320049,4.72440900
36.38400049,2.75590500
36.38480049,0.78740150
36.38560049,-0.78740150
36.38640049,-0.78740150
36.38720049,-0.78740150
36.38800049,0.00000000
36.38880049,0.39370070
36.38960049,0.39370070
36.39040049,0.00000000
36.39120049,-1.18110200
36.39200049,-1.18110200
36.39280049,-1.18110200
36.39360049,-0.78740150
36.39440049,-1.57480300
36.39520049,-3.14960600
36.39600049,-5.11811000
36.39680049,-5.90551100
36.39760049,-6.29921200
36.39840049,-5.11811000
36.39920049,-3.93700800
36.40000049,-3.14960600
36.40080049,-3.54330700
36.40160049,-4.33070900
36.40240049,-4.72440900
36.40320049,-4.72440900
36.40400049,-4.33070900
36.40480049,-3.93700800
36.40560049,-4.72440900
36.40640049,-5.51181100
36.40720049,-5.90551100
36.40800049,-5.90551100
36.40880049,-6.29921200
36.40960049,-5.51181100
36.41040049,-5.11811000
36.41120049,-5.11811000
36.41200049,-5.90551100
36.41280049,-6.29921200
36.41360049,-6.29921200
36.41440049,-5.51181100
36.41520049,-3.54330700
36.41600049,-2.36220500
36.41680049,-1.96850400
36.41760049,-1.96850400
36.41840049,-1.96850400
36.41920049,-1.57480300
36.42000049,-0.78740150
36.42080049,-0.39370070
36.42160049,-0.39370070
36.42240049,-0.39370070
36.42320049,-1.57480300
36.42400049,-1.96850400
36.42480049,-1.18110200
36.42560049,0.78740150
36.42640049,1.96850400
36.42720049,3.54330700
36.42800049,3.54330700
36.42880049,3.54330700
36.42960049,2.36220500
36.43040049,3.14960600
36.43120049,2.75590500
36.43200049,3.14960600
36.43280049,3.14960600
36.43360049,3.14960600
36.43440049,2.75590500
36.43520049,2.75590500
36.43600049,3.14960600
36.43680049,4.72440900
36.43760049,5.51181100
36.43840049,6.29921200
36.43920049,6.69291300
36.44000049,5.51181100
36.44080049,4.72440900
36.44160049,4.33070900
36.44240049,4.33070900
36.44320049,4.72440900
36.44400049,4.72440900
36.44480049,4.72440900
36.44560049,4.33070900
36.44640049,4.33070900
36.44720049,4.33070900
36.44800049,4.72440900
36.44880049,4.72440900
36.44960049,5.51181100
36.45040049,4.33070900
36.45120049,3.54330700
36.45200049,2.36220500
36.45280049,1.57480300
36.45360049,1.57480300
36.45440049,1.96850400
36.45520049,3.14960600
36.45600049,3.93700800
36.45680049,3.14960600
36.45760049,2.75590500
36.45840049,1.96850400
36.45920049,1.57480300
36.46000049,1.96850400
36.46080049,1.57480300
36.46160049,0.78740150
36.46240049,0.00000000
36.46320049,-1.57480300
36.46400049,-2.75590500
36.46480049,-2.75590500
36.46560049,-2.36220500
36.46640049,-1.96850400
36.46720049,-1.57480300
36.46800049,-2.75590500
36.46880049,-3.54330700
36.46960049,-3.93700800
36.47040049,-3.54330700
36.47120049,-2.75590500
36.47200049,-2.36220500
36.47280049,-2.36220500
36.47360049,-3.54330700
36.47440049,-4.72440900
36.47520049,-5.11811000
36.47600049,-5.51181100
36.47680049,-4.72440900
36.47760049,-4.33070900
36.47840049,-4.72440900
36.47920049,-5.51181100
36.48000049,-6.29921200
36.48080049,-5.90551100
36.48160049,-4.72440900
36.48240049,-3.14960600
36.48320049,-2.36220500
36.48400049,-1.96850400
36.48480049,-3.14960600
36.48560049,-4.72440900
36.48640049,-5.11811000
36.48720049,-5.51181100
36.48800049,-4.33070900
36.48880049,-3.54330700
36.48960049,-2.75590500
36.49040049,-2.75590500
36.49120049,-2.75590500
36.49200049,-2.36220500
36.49280049,-1.18110200
36.49360049,0.39370070
36.49440049,0.78740150
36.49520049,-0.39370070
36.49600049,-1.57480300
36.49680049,-3.14960600
36.49760049,-2.75590500
36.49840049,-1.57480300
36.49920049,-0.39370070
36.50000049,0.78740150
36.50080049,1.57480300
36.50160049,1.18110200
36.50240049,1.18110200
36.50320049,1.57480300
36.50400049,2.75590500
36.50480049,3.54330700
36.50560049,3.54330700
36.50640049,2.36220500
36.50720049,0.78740150
36.50800049,0.39370070
36.50880049,0.78740150
36.50960049,2.36220500
36.51040049,3.93700800
36.51120049,4.72440900
36.51200049,4.72440900
36.51280049,4.33070900
36.51360049,3.54330700
36.51440049,4.33070900
36.51520049,4.33070900
36.51600049,4.72440900
36.51680049,4.72440900
36.51760049,3.93700800
36.51840049,3.14960600
36.51920049,3.14960600
36.52000049,3.54330700
36.52080049,3.93700800
36.52160049,4.72440900
36.52240049,5.51181100
36.52320049,4.33070900
36.52400049,4.33070900
36.52480049,4.33070900
36.52560049,4.33070900
36.52640049,4.33070900
36.52720049,4.72440900
36.52800049,4.72440900
36.52880049,3.54330700
36.52960049,3.14960600
36.53040049,2.75590500
36.53120049,2.36220500
36.53200049,1.96850400
36.53280049,2.36220500
36.53360049,2.36220500
36.53440049,1.96850400
36.53520049,1.57480300
36.53600049,1.57480300
36.53680049,1.57480300
36.53760049,2.36220500
36.53840049,2.36220500
36.53920049,2.36220500
36.54000049,1.57480300
36.54080049,0.39370070
36.54160049,-0.39370070
36.54240049,-1.96850400
36.54320049,-2.36220500
36.54400049,-1.96850400
36.54480049,-1.96850400
36.54560049,-1.96850400
36.54640049,-2.75590500
36.54720049,-2.75590500
36.54800049,-1.96850400
36.54880049,-1.57480300
36.54960049,-1.18110200
36.55040049,-1.57480300
36.55120049,-2.36220500
36.55200049,-3.93700800
36.55280049,-5.11811000
36.55360049,-5.90551100
36.55440049,-5.51181100
36.55520049,-5.11811000
36.55600049,-4.33070900
36.55680049,-4.72440900
36.55760049,-5.11811000
36.55840049,-5.11811000
36.55920049,-5.51181100
36.56000049,-4.33070900
36.56080049,-3.93700800
36.56160049,-3.54330700
36.56240049,-4.33070900
36.56320049,-5.11811000
36.56400049,-5.90551100
36.56480049,-6.29921200
36.56560049,-5.51181100
36.56640049,-4.72440900
36.56720049,-4.33070900
36.56800049,-4.33070900
36.56880049,-4.72440900
36.56960049,-4.72440900
36.57040049,-3.93700800
36.57120049,-2.36220500
36.57200049,-1.57480300
36.57280049,-1.57480300
36.57360049,-1.96850400
36.57440049,-2.36220500
36.57520049,-2.36220500
36.57600049,-1.96850400
36.57680049,-1.57480300
36.57760049,0.39370070
36.57840049,0.78740150
36.57920049,0.78740150
36.58000049,1.18110200
36.58080049,1.18110200
36.58160049,2.36220500
36.58240049,2.75590500
36.58320049,3.93700800
36.58400049,3.54330700
36.58480049,3.14960600
36.58560049,2.36220500
36.58640049,1.57480300
36.58720049,2.36220500
36.58800049,3.93700800
36.58880049,4.33070900
36.58960049,4.72440900
36.59040049,5.11811000
36.59120049,5.11811000
36.59200049,5.51181100
36.59280049,6.29921200
36.59360049,7.48031400
36.59440049,7.87401500
36.59520049,6.29921200
36.59600049,4.72440900
36.59680049,3.54330700
36.59760049,3.54330700
36.59840049,3.54330700
36.59920049,4.33070900
36.60000049,5.11811000
36.60080049,5.90551100
36.60160049,5.51181100
36.60240049,5.90551100
36.60320049,6.29921200
36.60400049,6.69291300
36.60480049,6.29921200
36.60560049,4.72440900
36.60640049,3.54330700
36.60720049,2.36220500
36.60800049,0.39370070
36.60880049,0.78740150
36.60960049,1.18110200
36.61040049,1.96850400
36.61120049,2.75590500
36.61200049,2.75590500
36.61280049,1.96850400
36.61360049,1.96850400
36.61440049,2.36220500
36.61520049,2.36220500
36.61600049,1.96850400
36.61680049,0.78740150
36.61760049,-0.78740150
36.61840049,-1.96850400
36.61920049,-3.14960600
36.62000049,-3.14960600
36.62080049,-2.36220500
36.62160049,-2.36220500
36.62240049,-2.36220500
36.62320049,-2.75590500
36.62400049,-3.54330700
36.62480049,-3.54330700
36.62560049,-3.93700800
36.62640049,-3.54330700
36.62720049,-3.14960600
36.62800049,-3.93700800
36.62880049,-4.72440900
36.62960049,-5.51181100
36.63040049,-5.51181100
36.63120049,-5.90551100
36.63200049,-5.51181100
36.63280049,-5.11811000
36.63360049,-5.11811000
36.63440049,-5.11811000
36.63520049,-4.72440900
36.63600049,-5.11811000
36.63680049,-5.11811000
36.63760049,-4.72440900
36.63840049,-3.93700800
36.63920049,-4.33070900
36.64000049,-4.33070900
36.64080049,-4.33070900
36.64160049,-5.51181100
36.64240049,-5.51181100
36.64320049,-5.90551100
36.64400049,-5.11811000
36.64480049,-4.33070900
36.64560049,-3.54330700
36.64640049,-3.14960600
36.64720049,-1.96850400
36.64800049,-1.57480300
36.64880049,-0.39370070
36.64960049,0.00000000
36.65040049,0.00000000
36.65120049,-0.39370070
36.65200049,-1.57480300
36.65280049,-2.36220500
36.65360049,-2.36220500
36.65440049,-1.57480300
36.65520049,-0.78740150
36.65600049,0.39370070
36.65680049,1.96850400
36.65760049,2.36220500
36.65840049,3.14960600
36.65920049,3.93700800
36.66000049,4.33070900
36.66080049,4.33070900
36.66160049,3.54330700
36.66240049,2.75590500
36.66320049,1.18110200
36.66400049,1.18110200
36.66480049,1.57480300
36.66560049,3.54330700
36.66640049,4.72440900
36.66720049,5.90551100
36.66800049,6.69291300
36.66880049,6.29921200
36.66960049,6.69291300
36.67040049,6.69291300
36.67120049,6.69291300
36.67200049,6.29921200
36.67280049,4.72440900
36.67360049,3.93700800
36.67440049,3.14960600
36.67520049,3.54330700
36.67600049,4.33070900
36.67680049,6.29921200
36.67760049,7.08661400
36.67840049,7.08661400
36.67920049,6.29921200
36.68000049,5.11811000
36.68080049,4.33070900
36.68160049,3.93700800
36.68240049,3.54330700
36.68320049,2.75590500
36.68400049,1.96850400
36.68480049,1.18110200
36.68560049,0.78740150
36.68640049,1.57480300
36.68720049,2.36220500
36.68800049,3.54330700
36.68880049,3.14960600
36.68960049,2.75590500
36.69040049,1.57480300
36.69120049,0.39370070
36.69200049,-0.39370070
36.69280049,0.00000000
36.69360049,-0.78740150
36.69440049,-1.57480300
36.69520049,-1.96850400
36.69600049,-3.54330700
36.69680049,-3.54330700
36.69760049,-2.75590500
36.69840049,-1.57480300
36.69920049,-1.18110200
36.70000049,-1.18110200
36.70080049,-2.36220500
36.70160049,-3.93700800
36.70240049,-4.72440900
36.70320049,-4.72440900
36.70400049,-4.72440900
36.70480049,-4.33070900
36.70560049,-4.33070900
36.70640049,-5.51181100
36.70720049,-5.51181100
36.70800049,-5.51181100
36.70880049,-4.72440900
36.70960049,-3.54330700
36.71040049,-3.93700800
36.71120049,-4.72440900
36.71200049,-5.11811000
36.71280049,-5.90551100
36.71360049,-5.11811000
36.71440049,-4.33070900
36.71520049,-3.54330700
36.71600049,-3.93700800
36.71680049,-4.33070900
36.71760049,-5.51181100
36.71840049,-5.90551100
36.71920049,-5.51181100
36.72000049,-4.33070900
36.72080049,-3.14960600
36.72160049,-1.96850400
36.72240049,-1.96850400
36.72320049,-1.96850400
36.72400049,-2.36220500
36.72480049,-1.96850400
36.72560049,-1.96850400
36.72640049,-1.57480300
36.72720049,-1.96850400
36.72800049,-2.36220500
36.72880049,-2.75590500
36.72960049,-1.57480300
36.73040049,-0.78740150
36.73120049,0.78740150
36.73200049,1.96850400
36.73280049,3.14960600
36.73360049,2.75590500
36.73440049,1.96850400
36.73520049,2.36220500
36.73600049,1.57480300
36.73680049,1.57480300
36.73760049,1.96850400
36.73840049,2.75590500
36.73920049,2.75590500
36.74000049,3.54330700
36.74080049,3.93700800
36.74160049,4.72440900
36.74240049,5.11811000
36.74320049,6.29921200
36.74400049,6.29921200
36.74480049,6.29921200
36.74560049,5.90551100
36.74640049,5.11811000
36.74720049,4.72440900
36.74800049,4.33070900
36.74880049,5.11811000
36.74960049,5.90551100
36.75040049,6.69291300
36.75120049,6.69291300
36.75200049,6.69291300
36.75280049,6.69291300
36.75360049,6.29921200
36.75440049,6.29921200
36.75520049,5.90551100
36.75600049,5.11811000
36.75680049,4.33070900
36.75760049,3.54330700
36.75840049,3.14960600
36.75920049,3.14960600
36.76000049,3.93700800
36.76080049,4.72440900
36.76160049,4.72440900
36.76240049,3.93700800
36.76320049,2.75590500
36.76400049,1.57480300
36.76480049,1.18110200
36.76560049,0.39370070
36.76640049,0.78740150
36.76720049,-0.39370070
36.76800049,-0.78740150
36.76880049,-1.57480300
36.76960049,-1.57480300
36.77040049,-0.78740150
36.77120049,0.00000000
36.77200049,0.39370070
36.77280049,-0.39370070
36.77360049,-2.36220500
36.77440049,-5.11811000
36.77520049,-6.29921200
36.77600049,-6.69291300
36.77680049,-5.90551100
36.77760049,-5.51181100
36.77840049,-5.90551100
36.77920049,-6.29921200
36.78000049,-6.69291300
36.78080049,-6.29921200
36.78160049,-5.51181100
36.78240049,-4.33070900
36.78320049,-4.72440900
36.78400049,-6.69291300
36.78480049,-9.44881800
36.78560049,-10.23622000
36.78640049,-10.62992000
36.78720049,-9.05511800
36.78800049,-7.08661400
36.78880049,-6.29921200
36.78960049,-5.51181100
36.79040049,-6.29921200
36.79120049,-5.51181100
36.79200049,-5.11811000
36.79280049,-3.93700800
36.79360049,-3.93700800
36.79440049,-4.33070900
36.79520049,-5.11811000
36.79600049,-5.90551100
36.79680049,-6.29921200
36.79760049,-5.51181100
36.79840049,-3.14960600
36.79920049,-0.78740150
36.80000049,0.00000000
36.80080049,0.00000000
36.80160049,0.00000000
36.80240049,0.39370070
36.80320049,1.57480300
36.80400049,2.75590500
36.80480049,3.14960600
36.80560049,2.75590500
36.80640049,1.57480300
36.80720049,1.18110200
36.80800049,1.96850400
36.80880049,3.14960600
36.80960049,5.11811000
36.81040049,6.69291300
36.81120049,7.48031400
36.81200049,7.48031400
36.81280049,7.87401500
36.81360049,8.26771600
36.81440049,8.26771600
36.81520049,8.66141700
36.81600049,7.87401500
36.81680049,7.08661400
36.81760049,6.69291300
36.81840049,6.29921200
36.81920049,6.69291300
36.82000049,7.48031400
36.82080049,8.26771600
36.82160049,8.66141700
36.82240049,9.05511800
36.82320049,8.66141700
36.82400049,8.26771600
36.82480049,7.87401500
36.82560049,7.08661400
36.82640049,6.69291300
36.82720049,5.51181100
36.82800049,4.72440900
36.82880049,3.54330700
36.82960049,3.14960600
36.83040049,2.36220500
36.83120049,1.96850400
36.83200049,2.75590500
36.83280049,3.14960600
36.83360049,3.14960600
36.83440049,2.75590500
36.83520049,1.96850400
36.83600049,0.78740150
36.83680049,-0.78740150
36.83760049,-1.57480300
36.83840049,-2.36220500
36.83920049,-3.14960600
36.84000049,-4.72440900
36.84080049,-5.51181100
36.84160049,-5.90551100
36.84240049,-5.11811000
36.84320049,-4.33070900
36.84400049,-3.14960600
36.84480049,-2.75590500
36.84560049,-3.54330700
36.84640049,-5.11811000
36.84720049,-6.29921200
36.84800049,-7.87401500
36.84880049,-7.87401500
36.84960049,-7.87401500
36.85040049,-7.87401500
36.85120049,-8.26771600
36.85200049,-9.05511800
36.85280049,-8.66141700
36.85360049,-7.48031400
36.85440049,-5.90551100
36.85520049,-5.11811000
36.85600049,-4.33070900
36.85680049,-5.11811000
36.85760049,-7.08661400
36.85840049,-8.26771600
36.85920049,-7.87401500
36.86000049,-6.69291300
36.86080049,-5.51181100
36.86160049,-4.72440900
36.86240049,-4.33070900
36.86320049,-4.72440900
36.86400049,-3.93700800
36.86480049,-2.36220500
36.86560049,-0.39370070
36.86640049,0.78740150
36.86720049,0.78740150
36.86800049,-0.39370070
36.86880049,-1.96850400
36.86960049,-2.36220500
36.87040049,-1.18110200
36.87120049,0.39370070
36.87200049,1.96850400
36.87280049,2.75590500
36.87360049,2.75590500
36.87440049,2.75590500
36.87520049,3.14960600
36.87600049,4.33070900
36.87680049,5.11811000
36.87760049,5.90551100
36.87840049,5.51181100
36.87920049,3.93700800
36.88000049,3.14960600
36.88080049,3.14960600
36.88160049,4.72440900
36.88240049,6.29921200
36.88320049,7.48031400
36.88400049,7.48031400
36.88480049,6.69291300
36.88560049,5.90551100
36.88640049,5.51181100
36.88720049,6.29921200
36.88800049,7.08661400
36.88880049,7.08661400
36.88960049,6.69291300
36.89040049,5.11811000
36.89120049,4.33070900
36.89200049,4.33070900
36.89280049,5.11811000
36.89360049,5.11811000
36.89440049,4.72440900
36.89520049,3.93700800
36.89600049,3.14960600
36.89680049,2.75590500
36.89760049,3.14960600
36.89840049,3.54330700
36.89920049,3.93700800
36.90000049,3.54330700
36.90080049,2.36220500
36.90160049,1.18110200
36.90240049,0.00000000
36.90320049,-0.39370070
36.90400049,0.00000000
36.90480049,-0.39370070
36.90560049,-0.39370070
36.90640049,-0.39370070
36.90720049,-1.18110200
36.90800049,-1.18110200
36.90880049,-1.18110200
36.90960049,-0.78740150
36.91040049,-1.18110200
36.91120049,-1.18110200
36.91200049,-1.96850400
36.91280049,-3.14960600
36.91360049,-3.93700800
36.91440049,-4.72440900
36.91520049,-4.72440900
36.91600049,-4.72440900
36.91680049,-4.33070900
36.91760049,-3.14960600
36.91840049,-3.54330700
36.91920049,-3.54330700
36.92000049,-3.54330700
36.92080049,-3.54330700
36.92160049,-2.75590500
36.92240049,-2.75590500
36.92320049,-3.14960600
36.92400049,-3.93700800
36.92480049,-5.11811000
36.92560049,-5.51181100
36.92640049,-5.11811000
36.92720049,-4.33070900
36.92800049,-3.14960600
36.92880049,-2.36220500
36.92960049,-2.36220500
36.93040049,-3.14960600
36.93120049,-3.14960600
36.93200049,-3.14960600
36.93280049,-2.75590500
36.93360049,-1.96850400
36.93440049,-1.57480300
36.93520049,-2.36220500
36.93600049,-3.54330700
36.93680049,-3.54330700
36.93760049,-2.75590500
36.93840049,-0.78740150
36.93920049,0.78740150
36.94000049,0.39370070
36.94080049,-0.39370070
36.94160049,-1.18110200
36.94240049,-1.57480300
36.94320049,-0.78740150
36.94400049,0.00000000
36.94480049,0.00000000
36.94560049,0.78740150
36.94640049,-0.39370070
36.94720049,-0.39370070
36.94800049,0.00000000
36.94880049,0.78740150
36.94960049,1.57480300
36.95040049,2.36220500
36.95120049,2.36220500
36.95200049,1.57480300
36.95280049,0.78740150
36.95360049,0.78740150
36.95440049,1.57480300
36.95520049,2.36220500
36.95600049,3.14960600
36.95680049,3.14960600
36.95760049,1.96850400
36.95840049,1.18110200
36.95920049,1.18110200
36.96000049,1.57480300
36.96080049,3.54330700
36.96160049,4.33070900
36.96240049,4.33070900
36.96320049,3.14960600
36.96400049,3.14960600
36.96480049,3.14960600
36.96560049,3.93700800
36.96640049,4.72440900
36.96720049,4.72440900
36.96800049,3.93700800
36.96880049,2.75590500
36.96960049,1.96850400
36.97040049,2.36220500
36.97120049,3.14960600
36.97200049,3.54330700
36.97280049,4.72440900
36.97360049,4.33070900
36.97440049,3.93700800
36.97520049,3.54330700
36.97600049,3.14960600
36.97680049,3.54330700
36.97760049,3.54330700
36.97840049,3.93700800
36.97920049,2.75590500
36.98000049,1.96850400
36.98080049,1.57480300
36.98160049,1.96850400
36.98240049,2.75590500
36.98320049,3.14960600
36.98400049,3.14960600
36.98480049,1.96850400
36.98560049,0.78740150
36.98640049,0.00000000
36.98720049,-0.39370070
36.98800049,-1.18110200
36.98880049,-0.78740150
36.98960049,-1.18110200
36.99040049,-1.18110200
36.99120049,-1.18110200
36.99200049,-1.18110200
36.99280049,-1.18110200
36.99360049,-0.39370070
36.99440049,-0.78740150
36.99520049,-1.18110200
36.99600049,-2.36220500
36.99680049,-3.93700800
36.99760049,-4.72440900
36.99840049,-5.51181100
36.99920049,-5.51181100
37.00000049,-5.11811000
37.00080049,-5.11811000
37.00160049,-4.72440900
37.00240049,-4.33070900
37.00320049,-4.33070900
37.00400049,-4.33070900
37.00480049,-4.33070900
37.00560049,-4.33070900
37.00640049,-5.11811000
37.00720049,-6.29921200
37.00800049,-6.29921200
37.00880049,-7.48031400
37.00960049,-7.08661400
37.01040049,-7.08661400
37.01120049,-5.51181100
37.01200049,-4.33070900
37.01280049,-3.54330700
37.01360049,-3.14960600
37.01440049,-3.93700800
37.01520049,-4.72440900
37.01600049,-5.11811000
37.01680049,-4.33070900
37.01760049,-3.54330700
37.01840049,-3.14960600
37.01920049,-3.54330700
37.02000049,-3.14960600
37.02080049,-2.36220500
37.02160049,-1.18110200
37.02240049,0.39370070
37.02320049,1.57480300
37.02400049,1.18110200
37.02480049,0.78740150
37.02560049,-0.39370070
37.02640049,-0.78740150
37.02720049,-0.39370070
37.02800049,0.39370070
37.02880049,1.96850400
37.02960049,3.14960600
37.03040049,3.54330700
37.03120049,3.54330700
37.03200049,4.33070900
37.03280049,5.11811000
37.03360049,5.51181100
37.03440049,7.08661400
37.03520049,6.69291300
37.03600049,5.90551100
37.03680049,5.51181100
37.03760049,5.11811000
37.03840049,5.51181100
37.03920049,6.69291300
37.04000049,8.26771600
37.04080049,8.26771600
37.04160049,8.26771600
37.04240049,7.48031400
37.04320049,7.08661400
37.04400049,7.08661400
37.04480049,7.48031400
37.04560049,8.26771600
37.04640049,7.48031400
37.04720049,6.29921200
37.04800049,5.11811000
37.04880049,5.51181100
37.04960049,5.90551100
37.05040049,6.69291300
37.05120049,6.69291300
37.05200049,5.51181100
37.05280049,4.72440900
37.05360049,3.14960600
37.05440049,2.36220500
37.05520049,2.36220500
37.05600049,3.14960600
37.05680049,2.36220500
37.05760049,1.57480300
37.05840049,0.39370070
37.05920049,-0.39370070
37.06000049,-0.39370070
37.06080049,-0.78740150
37.06160049,-0.78740150
37.06240049,-1.57480300
37.06320049,-3.14960600
37.06400049,-4.33070900
37.06480049,-4.72440900
37.06560049,-4.72440900
37.06640049,-4.33070900
37.06720049,-3.93700800
37.06800049,-4.72440900
37.06880049,-5.90551100
37.06960049,-6.29921200
37.07040049,-6.69291300
37.07120049,-7.08661400
37.07200049,-7.48031400
37.07280049,-7.48031400
37.07360049,-7.87401500
37.07440049,-7.87401500
37.07520050,-7.87401500
37.07600050,-7.48031400
37.07680050,-7.48031400
37.07760050,-7.08661400
37.07840050,-6.69291300
37.07920050,-7.08661400
37.08000050,-7.08661400
37.08080050,-7.48031400
37.08160050,-7.48031400
37.08240050,-7.08661400
37.08320050,-6.69291300
37.08400050,-5.51181100
37.08480050,-5.11811000
37.08560050,-4.33070900
37.08640050,-3.93700800
37.08720050,-3.54330700
37.08800050,-3.54330700
37.08880050,-3.14960600
37.08960050,-2.75590500
37.09040050,-2.36220500
37.09120050,-1.57480300
37.09200050,-1.18110200
37.09280050,-1.18110200
37.09360050,-0.39370070
37.09440050,0.00000000
37.09520050,1.57480300
37.09600050,2.75590500
37.09680050,3.93700800
37.09760050,3.93700800
37.09840050,3.93700800
37.09920050,3.54330700
37.10000050,3.54330700
37.10080050,3.93700800
37.10160050,5.11811000
37.10240050,5.51181100
37.10320050,5.51181100
37.10400050,5.51181100
37.10480050,5.51181100
37.10560050,5.90551100
37.10640050,7.48031400
37.10720050,8.26771600
37.10800050,8.66141700
37.10880050,8.26771600
37.10960050,6.29921200
37.11040050,5.11811000
37.11120050,5.51181100
37.11200050,6.29921200
37.11280050,7.08661400
37.11360050,7.08661400
37.11440050,7.08661400
37.11520050,6.29921200
37.11600050,5.90551100
37.11680050,5.51181100
37.11760050,5.90551100
37.11840050,5.90551100
37.11920050,4.33070900
37.12000050,2.75590500
37.12080050,1.57480300
37.12160050,1.57480300
37.12240050,2.36220500
37.12320050,3.54330700
37.12400050,3.54330700
37.12480050,3.14960600
37.12560050,1.57480300
37.12640050,0.39370070
37.12720050,-0.39370070
37.12800050,-0.78740150
37.12880050,-0.39370070
37.12960050,-0.78740150
37.13040050,-1.96850400
37.13120050,-3.14960600
37.13200050,-3.54330700
37.13280050,-3.14960600
37.13360050,-2.36220500
37.13440050,-1.57480300
37.13520050,-1.96850400
37.13600050,-3.14960600
37.13680050,-4.33070900
37.13760050,-5.11811000
37.13840050,-5.51181100
37.13920050,-4.33070900
37.14000050,-4.72440900
37.14080050,-4.72440900
37.14160050,-5.51181100
37.14240050,-5.90551100
37.14320050,-5.11811000
37.14400050,-4.72440900
37.14480050,-3.93700800
37.14560050,-3.54330700
37.14640050,-4.33070900
37.14720050,-5.11811000
37.14800050,-5.51181100
37.14880050,-5.11811000
37.14960050,-4.33070900
37.15040050,-3.54330700
37.15120050,-3.14960600
37.15200050,-3.14960600
37.15280050,-2.75590500
37.15360050,-3.14960600
37.15440050,-3.14960600
37.15520050,-2.75590500
37.15600050,-2.75590500
37.15680050,-2.75590500
37.15760050,-2.36220500
37.15840050,-1.96850400
37.15920050,-1.57480300
37.16000050,-0.78740150
37.16080050,0.00000000
37.16160050,0.00000000
37.16240050,0.39370070
37.16320050,0.39370070
37.16400050,0.00000000
37.16480050,0.00000000
37.16560050,0.39370070
37.16640050,0.00000000
37.16720050,0.00000000
37.16800050,0.39370070
37.16880050,1.57480300
37.16960050,2.75590500
37.17040050,3.54330700
37.17120050,3.54330700
37.17200050,3.14960600
37.17280050,2.36220500
37.17360050,1.96850400
37.17440050,2.36220500
37.17520050,1.96850400
37.17600050,1.57480300
37.17680050,0.78740150
37.17760050,1.18110200
37.17840050,2.36220500
37.17920050,3.54330700
37.18000050,4.33070900
37.18080050,5.11811000
37.18160050,4.72440900
37.18240050,3.93700800
37.18320050,2.36220500
37.18400050,2.36220500
37.18480050,1.57480300
37.18560050,1.18110200
37.18640050,1.18110200
37.18720050,0.78740150
37.18800050,0.78740150
37.18880050,1.18110200
37.18960050,1.96850400
37.19040050,3.54330700
37.19120050,4.33070900
37.19200050,4.72440900
37.19280050,3.54330700
37.19360050,1.96850400
37.19440050,1.18110200
37.19520050,0.39370070
37.19600050,0.78740150
37.19680050,1.18110200
37.19760050,0.78740150
37.19840050,0.39370070
37.19920050,-0.39370070
37.20000050,0.78740150
37.20080050,1.96850400
37.20160050,2.75590500
37.20240050,3.14960600
37.20320050,2.75590500
37.20400050,1.57480300
37.20480050,0.39370070
37.20560050,0.00000000
37.20640050,0.39370070
37.20720050,0.78740150
37.20800050,1.18110200
37.20880050,0.39370070
37.20960050,0.00000000
37.21040050,0.00000000
37.21120050,0.00000000
37.21200050,1.18110200
37.21280050,1.57480300
37.21360050,1.57480300
37.21440050,1.18110200
37.21520050,-0.78740150
37.21600050,-1.18110200
37.21680050,-1.96850400
37.21760050,-1.18110200
37.21840050,-1.18110200
37.21920050,-1.96850400
37.22000050,-2.75590500
37.22080050,-2.75590500
37.22160050,-1.96850400
37.22240050,-1.18110200
37.22320050,0.00000000
37.22400050,0.00000000
37.22480050,-0.78740150
37.22560050,-1.57480300
37.22640050,-2.75590500
37.22720050,-3.54330700
37.22800050,-3.54330700
37.22880050,-3.54330700
37.22960050,-4.72440900
37.23040050,-5.51181100
37.23120050,-5.90551100
37.23200050,-5.11811000
37.23280050,-4.33070900
37.23360050,-3.54330700
37.23440050,-2.36220500
37.23520050,-1.96850400
37.23600050,-2.36220500
37.23680050,-2.36220500
37.23760050,-2.36220500
37.23840050,-3.14960600
37.23920050,-3.54330700
37.24000050,-3.93700800
37.24080050,-5.11811000
37.24160050,-5.51181100
37.24240050,-5.11811000
37.24320050,-3.93700800
37.24400050,-2.75590500
37.24480050,-1.57480300
37.24560050,-1.18110200
37.24640050,-0.78740150
37.24720050,-0.78740150
37.24800050,0.00000000
37.24880050,0.00000000
37.24960050,-0.39370070
37.25040050,-0.78740150
37.25120050,-1.18110200
37.25200050,-1.18110200
37.25280050,-0.78740150
37.25360050,0.39370070
37.25440050,1.18110200
37.25520050,1.57480300
37.25600050,1.96850400
37.25680050,1.96850400
37.25760050,2.75590500
37.25840050,2.75590500
37.25920050,4.33070900
37.26000050,4.72440900
37.26080050,5.11811000
37.26160050,5.11811000
37.26240050,5.11811000
37.26320050,5.11811000
37.26400050,5.51181100
37.26480050,5.11811000
37.26560050,5.51181100
37.26640050,5.11811000
37.26720050,5.11811000
37.26800050,5.51181100
37.26880050,5.51181100
37.26960050,6.29921200
37.27040050,6.69291300
37.27120050,7.08661400
37.27200050,7.08661400
37.27280050,7.08661400
37.27360050,6.69291300
37.27440050,6.29921200
37.27520050,5.90551100
37.27600050,5.11811000
37.27680050,3.54330700
37.27760050,2.75590500
37.27840050,2.36220500
37.27920050,2.36220500
37.28000050,3.54330700
37.28080050,3.93700800
37.28160050,4.33070900
37.28240050,4.33070900
37.28320050,4.33070900
37.28400050,3.54330700
37.28480050,2.36220500
37.28560050,1.18110200
37.28640050,-0.78740150
37.28720050,-2.36220500
37.28800050,-3.93700800
37.28880050,-4.72440900
37.28960050,-3.93700800
37.29040050,-3.54330700
37.29120050,-2.36220500
37.29200050,-1.96850400
37.29280050,-1.96850400
37.29360050,-2.36220500
37.29440050,-3.14960600
37.29520050,-3.93700800
37.29600050,-5.51181100
37.29680050,-6.69291300
37.29760050,-8.26771600
37.29840050,-9.44881800
37.29920050,-9.44881800
37.30000050,-9.44881800
37.30080050,-8.26771600
37.30160050,-6.29921200
37.30240050,-5.11811000
37.30320050,-5.11811000
37.30400050,-5.11811000
37.30480050,-5.51181100
37.30560050,-5.90551100
37.30640050,-6.69291300
37.30720050,-7.08661400
37.30800050,-8.66141700
37.30880050,-9.05511800
37.30960050,-8.66141700
37.31040050,-7.48031400
37.31120050,-5.90551100
37.31200050,-4.72440900
37.31280050,-3.54330700
37.31360050,-2.75590500
37.31440050,-2.36220500
37.31520050,-1.96850400
37.31600050,-1.96850400
37.31680050,-1.57480300
37.31760050,-1.96850400
37.31840050,-2.75590500
37.31920050,-3.14960600
37.32000050,-2.75590500
37.32080050,-1.96850400
37.32160050,0.00000000
37.32240050,1.57480300
37.32320050,3.93700800
37.32400050,4.72440900
37.32480050,5.11811000
37.32560050,5.90551100
37.32640050,5.90551100
37.32720050,6.29921200
37.32800050,5.51181100
37.32880050,5.11811000
37.32960050,3.93700800
37.33040050,3.93700800
37.33120050,3.93700800
37.33200050,4.72440900
37.33280050,5.90551100
37.33360050,7.87401500
37.33440050,8.26771600
37.33520050,9.44881800
37.33600050,9.44881800
37.33680050,9.05511800
37.33760050,9.44881800
37.33840050,8.66141700
37.33920050,7.48031400
37.34000050,6.29921200
37.34080050,5.51181100
37.34160050,4.72440900
37.34240050,4.72440900
37.34320050,6.29921200
37.34400050,7.08661400
37.34480050,8.26771600
37.34560050,7.87401500
37.34640050,7.08661400
37.34720050,6.69291300
37.34800050,5.90551100
37.34880050,5.11811000
37.34960050,3.93700800
37.35040050,2.36220500
37.35120050,0.39370070
37.35200050,-1.18110200
37.35280050,-1.18110200
37.35360050,-0.39370070
37.35440050,1.18110200
37.35520050,2.75590500
37.35600050,2.36220500
37.35680050,1.96850400
37.35760050,0.78740150
37.35840050,-0.39370070
37.35920050,-2.36220500
37.36000050,-3.93700800
37.36080050,-5.51181100
37.36160050,-5.90551100
37.36240050,-6.29921200
37.36320050,-5.90551100
37.36400050,-5.51181100
37.36480050,-4.33070900
37.36560050,-3.93700800
37.36640050,-3.54330700
37.36720050,-3.54330700
37.36800050,-4.33070900
37.36880050,-5.90551100
37.36960050,-7.48031400
37.37040050,-7.87401500
37.37120050,-9.05511800
37.37200050,-9.44881800
37.37280050,-9.05511800
37.37360050,-8.26771600
37.37440050,-6.69291300
37.37520050,-5.90551100
37.37600050,-4.72440900
37.37680050,-4.33070900
37.37760050,-5.11811000
37.37840050,-4.72440900
37.37920050,-5.51181100
37.38000050,-5.51181100
37.38080050,-5.90551100
37.38160050,-6.29921200
37.38240050,-5.90551100
37.38320050,-5.11811000
37.38400050,-3.93700800
37.38480050,-2.36220500
37.38560050,-1.18110200
37.38640050,-1.18110200
37.38720050,-1.96850400
37.38800050,-2.36220500
37.38880050,-1.96850400
37.38960050,-1.96850400
37.39040050,-1.18110200
37.39120050,-1.18110200
37.39200050,-0.39370070
37.39280050,0.00000000
37.39360050,1.18110200
37.39440050,3.14960600
37.39520050,3.93700800
37.39600050,5.11811000
37.39680050,4.33070900
37.39760050,3.54330700
37.39840050,2.75590500
37.39920050,1.96850400
37.40000050,2.36220500
37.40080050,3.14960600
37.40160050,3.54330700
37.40240050,4.72440900
37.40320050,4.72440900
37.40400050,4.72440900
37.40480050,6.29921200
37.40560050,7.08661400
37.40640050,7.48031400
37.40720050,7.08661400
37.40800050,5.90551100
37.40880050,3.93700800
37.40960050,3.93700800
37.41040050,3.54330700
37.41120050,5.11811000
37.41200050,6.69291300
37.41280050,7.48031400
37.41360050,6.69291300
37.41440050,6.69291300
37.41520050,5.51181100
37.41600050,5.51181100
37.41680050,5.11811000
37.41760050,5.11811000
37.41840050,4.72440900
37.41920050,3.54330700
37.42000050,2.75590500
37.42080050,2.75590500
37.42160050,3.54330700
37.42240050,4.72440900
37.42320050,4.72440900
37.42400050,4.33070900
37.42480050,3.14960600
37.42560050,1.96850400
37.42640050,1.18110200
37.42720050,0.78740150
37.42800050,0.39370070
37.42880050,-0.39370070
37.42960050,-0.78740150
37.43040050,-1.18110200
37.43120050,-1.18110200
37.43200050,0.00000000
37.43280050,0.00000000
37.43360050,0.00000000
37.43440050,-0.78740150
37.43520050,-1.96850400
37.43600050,-2.75590500
37.43680050,-3.93700800
37.43760050,-3.93700800
37.43840050,-3.14960600
37.43920050,-2.75590500
37.44000050,-3.14960600
37.44080050,-3.93700800
37.44160050,-4.33070900
37.44240050,-4.72440900
37.44320050,-4.72440900
37.44400050,-4.72440900
37.44480050,-4.72440900
37.44560050,-5.11811000
37.44640050,-6.29921200
37.44720050,-6.69291300
37.44800050,-5.90551100
37.44880050,-5.90551100
37.44960050,-5.51181100
37.45040050,-5.11811000
37.45120050,-5.11811000
37.45200050,-5.11811000
37.45280050,-5.90551100
37.45360050,-5.90551100
37.45440050,-5.90551100
37.45520050,-6.29921200
37.45600050,-5.90551100
37.45680050,-5.90551100
37.45760050,-4.72440900
37.45840050,-5.51181100
37.45920050,-3.93700800
37.46000050,-3.54330700
37.46080050,-2.75590500
37.46160050,-1.96850400
37.46240050,-1.96850400
37.46320050,-2.36220500
37.46400050,-3.14960600
37.46480050,-3.14960600
37.46560050,-3.14960600
37.46640050,-2.36220500
37.46720050,-1.57480300
37.46800050,-0.39370070
37.46880050,0.78740150
37.46960050,0.78740150
37.47040050,0.78740150
37.47120050,1.57480300
37.47200050,1.96850400
37.47280050,2.75590500
37.47360050,3.54330700
37.47440050,3.14960600
37.47520050,3.54330700
37.47600050,3.54330700
37.47680050,3.14960600
37.47760050,4.33070900
37.47840050,5.51181100
37.47920050,6.29921200
37.48000050,6.69291300
37.48080050,6.29921200
37.48160050,5.90551100
37.48240050,5.90551100
37.48320050,5.90551100
37.48400050,7.08661400
37.48480050,7.48031400
37.48560050,7.48031400
37.48640050,7.08661400
37.48720050,5.90551100
37.48800050,5.90551100
37.48880050,7.08661400
37.48960050,7.87401500
37.49040050,8.26771600
37.49120050,7.87401500
37.49200050,6.29921200
37.49280050,5.90551100
37.49360050,5.51181100
37.49440050,5.90551100
37.49520050,7.08661400
37.49600050,7.08661400
37.49680050,5.90551100
37.49760050,3.93700800
37.49840050,2.36220500
37.49920050,2.36220500
37.50000050,3.14960600
37.50080050,3.14960600
37.50160050,3.14960600
37.50240050,1.96850400
37.50320050,1.18110200
37.50400050,0.78740150
37.50480050,1.18110200
37.50560050,1.57480300
37.50640050,1.57480300
37.50720050,-0.39370070
37.50800050,-2.36220500
37.50880050,-4.33070900
37.50960050,-5.11811000
37.51040050,-5.11811000
37.51120050,-3.93700800
37.51200050,-3.93700800
37.51280050,-3.93700800
37.51360050,-4.72440900
37.51440050,-5.51181100
37.51520050,-5.11811000
37.51600050,-5.11811000
37.51680050,-4.72440900
37.51760050,-5.51181100
37.51840050,-6.69291300
37.51920050,-9.05511800
37.52000050,-10.23622000
37.52080050,-9.84251900
37.52160050,-9.05511800
37.52240050,-7.48031400
37.52320050,-6.69291300
37.52400050,-6.29921200
37.52480050,-6.69291300
37.52560050,-6.69291300
37.52640050,-6.29921200
37.52720050,-5.90551100
37.52800050,-6.29921200
37.52880050,-6.69291300
37.52960050,-7.08661400
37.53040050,-7.87401500
37.53120050,-7.48031400
37.53200050,-6.29921200
37.53280050,-4.72440900
37.53360050,-3.14960600
37.53440050,-1.96850400
37.53520050,-1.57480300
37.53600050,-1.57480300
37.53680050,-1.57480300
37.53760050,-1.96850400
37.53840050,-1.57480300
37.53920050,-1.57480300
37.54000050,-1.18110200
37.54080050,-0.39370070
37.54160050,0.39370070
37.54240050,1.57480300
37.54320050,2.75590500
37.54400050,4.33070900
37.54480050,5.11811000
37.54560050,5.90551100
37.54640050,5.90551100
37.54720050,5.51181100
37.54800050,4.72440900
37.54880050,3.93700800
37.54960050,3.93700800
37.55040050,3.93700800
37.55120050,5.11811000
37.55200050,6.69291300
37.55280050,7.48031400
37.55360050,7.48031400
37.55440050,8.26771600
37.55520050,8.66141700
37.55600050,9.05511800
37.55680050,9.05511800
37.55760050,7.87401500
37.55840050,6.69291300
37.55920050,5.51181100
37.56000050,4.72440900
37.56080050,4.72440900
37.56160050,5.51181100
37.56240050,6.69291300
37.56320050,7.08661400
37.56400050,6.69291300
37.56480050,5.51181100
37.56560050,4.72440900
37.56640050,4.72440900
37.56720050,4.72440900
37.56800050,4.72440900
37.56880050,3.93700800
37.56960050,2.36220500
37.57040050,1.18110200
37.57120050,0.39370070
37.57200050,0.39370070
37.57280050,0.78740150
37.57360050,0.78740150
37.57440050,1.18110200
37.57520050,0.00000000
37.57600050,-0.78740150
37.57680050,-1.96850400
37.57760050,-1.96850400
37.57840050,-1.57480300
37.57920050,-1.18110200
37.58000050,-2.75590500
37.58080050,-4.33070900
37.58160050,-5.90551100
37.58240050,-6.29921200
37.58320050,-5.90551100
37.58400050,-5.11811000
37.58480050,-4.72440900
37.58560050,-4.72440900
37.58640050,-5.11811000
37.58720050,-5.51181100
37.58800050,-5.11811000
37.58880050,-5.11811000
37.58960050,-4.72440900
37.59040050,-4.33070900
37.59120050,-5.51181100
37.59200050,-6.69291300
37.59280050,-8.26771600
37.59360050,-8.26771600
37.59440050,-7.08661400
37.59520050,-5.51181100
37.59600050,-3.93700800
37.59680050,-3.93700800
37.59760050,-3.54330700
37.59840050,-3.93700800
37.59920050,-3.54330700
37.60000050,-2.75590500
37.60080050,-2.36220500
37.60160050,-2.36220500
37.60240050,-3.14960600
37.60320050,-3.93700800
37.60400050,-3.93700800
37.60480050,-3.14960600
37.60560050,-1.96850400
37.60640050,0.00000000
37.60720050,0.39370070
37.60800050,0.39370070
37.60880050,0.00000000
37.60960050,0.39370070
37.61040050,1.18110200
37.61120050,1.57480300
37.61200050,1.96850400
37.61280050,1.57480300
37.61360050,1.57480300
37.61440050,1.18110200
37.61520050,1.57480300
37.61600050,2.75590500
37.61680050,3.93700800
37.61760050,4.33070900
37.61840050,4.33070900
37.61920050,3.93700800
37.62000050,2.75590500
37.62080050,2.36220500
37.62160050,2.75590500
37.62240050,3.14960600
37.62320050,3.93700800
37.62400050,3.93700800
37.62480050,3.93700800
37.62560050,3.93700800
37.62640050,4.33070900
37.62720050,4.33070900
37.62800050,4.72440900
37.62880050,4.72440900
37.62960050,3.93700800
37.63040050,3.54330700
37.63120050,3.14960600
37.63200050,2.36220500
37.63280050,2.36220500
37.63360050,3.54330700
37.63440050,3.54330700
37.63520050,3.93700800
37.63600050,3.93700800
37.63680050,2.75590500
37.63760050,1.96850400
37.63840050,1.96850400
37.63920050,1.57480300
37.64000050,1.96850400
37.64080050,2.36220500
37.64160050,1.57480300
37.64240050,1.57480300
37.64320050,1.18110200
37.64400050,0.78740150
37.64480050,1.18110200
37.64560050,1.18110200
37.64640050,1.57480300
37.64720050,0.78740150
37.64800050,0.00000000
37.64880050,-0.78740150
37.64960050,-1.18110200
37.65040050,-1.18110200
37.65120050,-0.39370070
37.65200050,0.39370070
37.65280050,0.39370070
37.65360050,0.00000000
37.65440050,-0.39370070
37.65520050,-0.39370070
37.65600050,-0.39370070
37.65680050,-0.78740150
37.65760050,-1.57480300
37.65840050,-2.75590500
37.65920050,-3.93700800
37.66000050,-3.93700800
37.66080050,-3.54330700
37.66160050,-2.36220500
37.66240050,-1.57480300
37.66320050,-1.18110200
37.66400050,-1.18110200
37.66480050,-1.96850400
37.66560050,-2.36220500
37.66640050,-2.75590500
37.66720050,-2.75590500
37.66800050,-2.36220500
37.66880050,-3.14960600
37.66960050,-3.54330700
37.67040050,-4.33070900
37.67120050,-4.33070900
37.67200050,-3.54330700
37.67280050,-2.36220500
37.67360050,-1.18110200
37.67440050,-1.18110200
37.67520050,-1.18110200
37.67600050,-2.75590500
37.67680050,-3.54330700
37.67760050,-3.93700800
37.67840050,-3.54330700
37.67920050,-3.14960600
37.68000050,-3.93700800
37.68080050,-3.93700800
37.68160050,-3.14960600
37.68240050,-2.36220500
37.68320050,-1.18110200
37.68400050,0.00000000
37.68480050,0.00000000
37.68560050,0.00000000
37.68640050,-1.57480300
37.68720050,-2.36220500
37.68800050,-2.75590500
37.68880050,-2.36220500
37.68960050,-1.18110200
37.69040050,0.00000000
37.69120050,0.39370070
37.69200050,0.78740150
37.69280050,1.18110200
37.69360050,1.57480300
37.69440050,1.96850400
37.69520050,2.36220500
37.69600050,1.96850400
37.69680050,1.57480300
37.69760050,0.78740150
37.69840050,1.18110200
37.69920050,1.57480300
37.70000050,2.75590500
37.70080050,3.93700800
37.70160050,4.72440900
37.70240050,4.72440900
37.70320050,3.93700800
37.70400050,3.54330700
37.70480050,3.54330700
37.70560050,3.93700800
37.70640050,3.93700800
37.70720050,3.93700800
37.70800050,4.33070900
37.70880050,3.93700800
37.70960050,4.33070900
37.71040050,4.72440900
37.71120050,6.29921200
37.71200050,6.29921200
37.71280050,5.90551100
37.71360050,5.51181100
37.71440050,4.33070900
37.71520050,3.54330700
37.71600050,2.75590500
37.71680050,2.75590500
37.71760050,3.14960600
37.71840050,3.14960600
37.71920050,3.14960600
37.72000050,3.14960600
37.72080050,3.54330700
37.72160050,4.33070900
37.72240050,3.93700800
37.72320050,3.93700800
37.72400050,2.36220500
37.72480050,1.57480300
37.72560050,0.39370070
37.72640050,0.00000000
37.72720050,-0.39370070
37.72800050,-0.39370070
37.72880050,-0.78740150
37.72960050,-0.39370070
37.73040050,-0.78740150
37.73120050,-0.78740150
37.73200050,-1.18110200
37.73280050,-1.96850400
37.73360050,-2.36220500
37.73440050,-2.75590500
37.73520050,-3.54330700
37.73600050,-3.93700800
37.73680050,-4.72440900
37.73760050,-5.51181100
37.73840050,-5.51181100
37.73920050,-5.11811000
37.74000050,-4.72440900
37.74080050,-5.11811000
37.74160050,-4.72440900
37.74240050,-5.90551100
37.74320050,-5.51181100
37.74400050,-5.90551100
37.74480050,-5.11811000
37.74560050,-5.51181100
37.74640050,-5.51181100
37.74720050,-5.51181100
37.74800050,-6.29921200
37.74880050,-6.69291300
37.74960050,-7.08661400
37.75040050,-6.29921200
37.75120050,-5.51181100
37.75200050,-4.72440900
37.75280050,-4.33070900
37.75360050,-3.93700800
37.75440050,-3.54330700
37.75520050,-3.54330700
37.75600050,-2.75590500
37.75680050,-2.36220500
37.75760050,-1.96850400
37.75840050,-2.36220500
37.75920050,-2.36220500
37.76000050,-3.14960600
37.76080050,-2.75590500
37.76160050,-1.96850400
37.76240050,-0.39370070
37.76320050,0.78740150
37.76400050,1.57480300
37.76480050,2.36220500
37.76560050,3.14960600
37.76640050,3.14960600
37.76720050,3.14960600
37.76800050,3.14960600
37.76880050,3.14960600
37.76960050,2.36220500
37.77040050,2.36220500
37.77120050,2.75590500
37.77200050,3.93700800
37.77280050,4.72440900
37.77360050,6.29921200
37.77440050,7.87401500
37.77520050,8.26771600
37.77600050,7.87401500
37.77680050,7.87401500
37.77760050,7.48031400
37.77840050,6.69291300
37.77920050,5.90551100
37.78000050,5.11811000
37.78080050,4.72440900
37.78160050,4.72440900
37.78240050,5.51181100
37.78320050,6.69291300
37.78400050,7.87401500
37.78480050,8.26771600
37.78560050,8.26771600
37.78640050,7.87401500
37.78720050,6.69291300
37.78800050,5.51181100
37.78880050,4.72440900
37.78960050,3.54330700
37.79040050,2.36220500
37.79120050,1.57480300
37.79200050,1.18110200
37.79280050,1.96850400
37.79360050,2.75590500
37.79440050,3.93700800
37.79520050,3.93700800
37.79600050,3.93700800
37.79680050,2.75590500
37.79760050,1.57480300
37.79840050,0.00000000
37.79920050,-1.18110200
37.80000050,-2.75590500
37.80080050,-3.14960600
37.80160050,-4.33070900
37.80240050,-4.33070900
37.80320050,-3.93700800
37.80400050,-3.14960600
37.80480050,-2.75590500
37.80560050,-1.96850400
37.80640050,-2.36220500
37.80720050,-3.93700800
37.80800050,-5.51181100
37.80880050,-6.29921200
37.80960050,-7.48031400
37.81040050,-7.08661400
37.81120050,-7.48031400
37.81200050,-7.08661400
37.81280050,-7.08661400
37.81360050,-6.69291300
37.81440050,-6.29921200
37.81520050,-5.90551100
37.81600050,-5.90551100
37.81680050,-5.51181100
37.81760050,-5.51181100
37.81840050,-6.29921200
37.81920050,-6.69291300
37.82000050,-6.69291300
37.82080050,-6.69291300
37.82160050,-6.29921200
37.82240050,-5.90551100
37.82320050,-5.51181100
37.82400051,-4.72440900
37.82480051,-4.33070900
37.82560051,-3.93700800
37.82640051,-3.54330700
37.82720051,-2.36220500
37.82800051,-2.36220500
37.82880051,-2.36220500
37.82960051,-1.96850400
37.83040051,-1.57480300
37.83120051,-0.78740150
37.83200051,-0.39370070
37.83280051,0.00000000
37.83360051,0.00000000
37.83440051,0.00000000
37.83520051,1.18110200
37.83600051,1.57480300
37.83680051,1.96850400
37.83760051,2.75590500
37.83840051,3.54330700
37.83920051,3.54330700
37.84000051,4.33070900
37.84080051,4.33070900
37.84160051,3.93700800
37.84240051,4.72440900
37.84320051,4.72440900
37.84400051,5.11811000
37.84480051,5.90551100
37.84560051,5.51181100
37.84640051,5.11811000
37.84720051,5.51181100
37.84800051,5.90551100
37.84880051,6.29921200
37.84960051,6.69291300
37.85040051,7.08661400
37.85120051,6.69291300
37.85200051,6.29921200
37.85280051,5.90551100
37.85360051,5.51181100
37.85440051,5.90551100
37.85520051,5.51181100
37.85600051,5.11811000
37.85680051,5.51181100
37.85760051,5.51181100
37.85840051,5.51181100
37.85920051,5.11811000
37.86000051,5.11811000
37.86080051,4.33070900
37.86160051,4.72440900
37.86240051,3.93700800
37.86320051,3.14960600
37.86400051,1.96850400
37.86480051,1.18110200
37.86560051,1.18110200
37.86640051,1.18110200
37.86720051,1.57480300
37.86800051,1.57480300
37.86880051,0.78740150
37.86960051,0.39370070
37.87040051,-0.39370070
37.87120051,-0.39370070
37.87200051,-0.78740150
37.87280051,-1.96850400
37.87360051,-2.36220500
37.87440051,-2.75590500
37.87520051,-2.75590500
37.87600051,-3.14960600
37.87680051,-3.14960600
37.87760051,-3.14960600
37.87840051,-2.75590500
37.87920051,-3.54330700
37.88000051,-3.93700800
37.88080051,-4.33070900
37.88160051,-5.11811000
37.88240051,-5.51181100
37.88320051,-5.51181100
37.88400051,-5.51181100
37.88480051,-5.90551100
37.88560051,-6.69291300
37.88640051,-5.90551100
37.88720051,-5.51181100
37.88800051,-4.72440900
37.88880051,-4.72440900
37.88960051,-4.72440900
37.89040051,-5.51181100
37.89120051,-5.51181100
37.89200051,-5.90551100
37.89280051,-5.51181100
37.89360051,-5.11811000
37.89440051,-4.72440900
37.89520051,-4.72440900
37.89600051,-5.11811000
37.89680051,-4.33070900
37.89760051,-3.93700800
37.89840051,-3.54330700
37.89920051,-2.36220500
37.90000051,-2.36220500
37.90080051,-3.14960600
37.90160051,-3.54330700
37.90240051,-3.54330700
37.90320051,-3.54330700
37.90400051,-2.36220500
37.90480051,-1.18110200
37.90560051,0.00000000
37.90640051,0.39370070
37.90720051,0.39370070
37.90800051,0.39370070
37.90880051,0.78740150
37.90960051,0.78740150
37.91040051,1.18110200
37.91120051,1.96850400
37.91200051,1.57480300
37.91280051,1.96850400
37.91360051,1.96850400
37.91440051,3.14960600
37.91520051,3.93700800
37.91600051,3.93700800
37.91680051,4.33070900
37.91760051,3.93700800
37.91840051,3.14960600
37.91920051,1.96850400
37.92000051,1.57480300
37.92080051,2.36220500
37.92160051,3.54330700
37.92240051,4.72440900
37.92320051,5.90551100
37.92400051,6.29921200
37.92480051,7.08661400
37.92560051,7.08661400
37.92640051,6.69291300
37.92720051,6.29921200
37.92800051,5.90551100
37.92880051,5.11811000
37.92960051,4.72440900
37.93040051,5.90551100
37.93120051,7.87401500
37.93200051,9.05511800
37.93280051,9.44881800
37.93360051,7.48031400
37.93440051,5.90551100
37.93520051,4.33070900
37.93600051,3.93700800
37.93680051,3.14960600
37.93760051,3.54330700
37.93840051,4.72440900
37.93920051,6.29921200
37.94000051,6.69291300
37.94080051,6.29921200
37.94160051,4.33070900
37.94240051,2.75590500
37.94320051,1.18110200
37.94400051,0.39370070
37.94480051,0.39370070
37.94560051,0.00000000
37.94640051,-0.39370070
37.94720051,-0.39370070
37.94800051,-0.39370070
37.94880051,-0.39370070
37.94960051,-0.39370070
37.95040051,-1.18110200
37.95120051,-1.96850400
37.95200051,-2.36220500
37.95280051,-2.36220500
37.95360051,-2.75590500
37.95440051,-3.93700800
37.95520051,-5.11811000
37.95600051,-7.48031400
37.95680051,-8.66141700
37.95760051,-9.05511800
37.95840051,-9.05511800
37.95920051,-7.87401500
37.96000051,-6.29921200
37.96080051,-5.11811000
37.96160051,-5.90551100
37.96240051,-6.29921200
37.96320051,-7.87401500
37.96400051,-9.44881800
37.96480051,-10.23622000
37.96560051,-9.44881800
37.96640051,-8.26771600
37.96720051,-7.08661400
37.96800051,-7.87401500
37.96880051,-8.66141700
37.96960051,-9.05511800
37.97040051,-8.66141700
37.97120051,-7.87401500
37.97200051,-5.90551100
37.97280051,-4.72440900
37.97360051,-5.11811000
37.97440051,-5.51181100
37.97520051,-6.69291300
37.97600051,-6.29921200
37.97680051,-5.51181100
37.97760051,-3.93700800
37.97840051,-2.75590500
37.97920051,-1.96850400
37.98000051,-0.78740150
37.98080051,-0.39370070
37.98160051,0.00000000
37.98240051,0.39370070
37.98320051,-0.39370070
37.98400051,0.39370070
37.98480051,0.78740150
37.98560051,1.57480300
37.98640051,3.54330700
37.98720051,4.72440900
37.98800051,5.90551100
37.98880051,6.29921200
37.98960051,7.08661400
37.99040051,7.08661400
37.99120051,7.48031400
37.99200051,7.87401500
37.99280051,8.26771600
37.99360051,8.66141700
37.99440051,8.26771600
37.99520051,7.48031400
37.99600051,6.69291300
37.99680051,6.69291300
37.99760051,7.87401500
37.99840051,9.84251900
37.99920051,10.62992000
38.00000051,10.62992000
38.00080051,10.62992000
38.00160051,9.84251900
38.00240051,9.44881800
38.00320051,9.44881800
38.00400051,9.05511800
38.00480051,9.05511800
38.00560051,8.66141700
38.00640051,7.08661400
38.00720051,5.90551100
38.00800051,5.11811000
38.00880051,4.33070900
38.00960051,4.72440900
38.01040051,5.51181100
38.01120051,5.90551100
38.01200051,5.51181100
38.01280051,4.33070900
38.01360051,3.14960600
38.01440051,1.57480300
38.01520051,1.57480300
38.01600051,0.39370070
38.01680051,0.00000000
38.01760051,-0.78740150
38.01840051,-1.57480300
38.01920051,-3.14960600
38.02000051,-4.33070900
38.02080051,-5.11811000
38.02160051,-5.11811000
38.02240051,-4.33070900
38.02320051,-4.33070900
38.02400051,-4.72440900
38.02480051,-5.51181100
38.02560051,-6.69291300
38.02640051,-7.08661400
38.02720051,-7.08661400
38.02800051,-7.08661400
38.02880051,-7.87401500
38.02960051,-8.66141700
38.03040051,-9.84251900
38.03120051,-9.84251900
38.03200051,-9.44881800
38.03280051,-9.05511800
38.03360051,-7.87401500
38.03440051,-7.87401500
38.03520051,-8.26771600
38.03600051,-7.87401500
38.03680051,-7.87401500
38.03760051,-7.87401500
38.03840051,-8.66141700
38.03920051,-9.05511800
38.04000051,-9.44881800
38.04080051,-9.44881800
38.04160051,-8.66141700
38.04240051,-7.08661400
38.04320051,-5.11811000
38.04400051,-2.36220500
38.04480051,-1.18110200
38.04560051,-1.18110200
38.04640051,-1.96850400
38.04720051,-3.14960600
38.04800051,-2.75590500
38.04880051,-2.36220500
38.04960051,-1.96850400
38.05040051,-1.57480300
38.05120051,-1.18110200
38.05200051,-0.78740150
38.05280051,0.00000000
38.05360051,1.57480300
38.05440051,3.54330700
38.05520051,5.11811000
38.05600051,5.90551100
38.05680051,5.51181100
38.05760051,4.72440900
38.05840051,4.72440900
38.05920051,3.93700800
38.06000051,4.33070900
38.06080051,4.33070900
38.06160051,5.11811000
38.06240051,5.90551100
38.06320051,6.69291300
38.06400051,6.69291300
38.06480051,7.87401500
38.06560051,9.05511800
38.06640051,9.44881800
38.06720051,9.44881800
38.06800051,9.05511800
38.06880051,7.48031400
38.06960051,5.90551100
38.07040051,5.11811000
38.07120051,5.11811000
38.07200051,5.11811000
38.07280051,6.29921200
38.07360051,5.90551100
38.07440051,6.29921200
38.07520051,6.29921200
38.07600051,6.29921200
38.07680051,5.51181100
38.07760051,5.11811000
38.07840051,4.72440900
38.07920051,3.93700800
38.08000051,3.54330700
38.08080051,2.75590500
38.08160051,2.36220500
38.08240051,2.36220500
38.08320051,1.96850400
38.08400051,1.18110200
38.08480051,1.18110200
38.08560051,0.00000000
38.08640051,-0.39370070
38.08720051,-0.78740150
38.08800051,-0.39370070
38.08880051,0.00000000
38.08960051,0.00000000
38.09040051,-1.18110200
38.09120051,-2.36220500
38.09200051,-3.54330700
38.09280051,-3.93700800
38.09360051,-3.93700800
38.09440051,-4.33070900
38.09520051,-4.33070900
38.09600051,-4.33070900
38.09680051,-5.11811000
38.09760051,-5.11811000
38.09840051,-4.72440900
38.09920051,-3.93700800
38.10000051,-3.93700800
38.10080051,-3.54330700
38.10160051,-3.93700800
38.10240051,-4.72440900
38.10320051,-5.51181100
38.10400051,-5.90551100
38.10480051,-5.90551100
38.10560051,-5.11811000
38.10640051,-4.72440900
38.10720051,-5.11811000
38.10800051,-5.11811000
38.10880051,-4.72440900
38.10960051,-3.93700800
38.11040051,-2.75590500
38.11120051,-1.96850400
38.11200051,-1.96850400
38.11280051,-2.75590500
38.11360051,-3.93700800
38.11440051,-4.72440900
38.11520051,-4.33070900
38.11600051,-3.54330700
38.11680051,-3.14960600
38.11760051,-2.36220500
38.11840051,-1.57480300
38.11920051,-1.57480300
38.12000051,-0.78740150
38.12080051,-0.39370070
38.12160051,0.39370070
38.12240051,0.00000000
38.12320051,0.00000000
38.12400051,-0.39370070
38.12480051,-1.18110200
38.12560051,-0.78740150
38.12640051,0.00000000
38.12720051,1.18110200
38.12800051,1.96850400
38.12880051,1.96850400
38.12960051,1.96850400
38.13040051,1.57480300
38.13120051,1.57480300
38.13200051,1.18110200
38.13280051,1.96850400
38.13360051,1.96850400
38.13440051,1.96850400
38.13520051,1.96850400
38.13600051,1.96850400
38.13680051,2.36220500
38.13760051,3.54330700
38.13840051,3.93700800
38.13920051,4.33070900
38.14000051,3.93700800
38.14080051,3.54330700
38.14160051,3.14960600
38.14240051,2.36220500
38.14320051,2.36220500
38.14400051,2.75590500
38.14480051,3.54330700
38.14560051,3.54330700
38.14640051,3.54330700
38.14720051,3.54330700
38.14800051,3.54330700
38.14880051,4.33070900
38.14960051,4.33070900
38.15040051,4.33070900
38.15120051,3.54330700
38.15200051,1.96850400
38.15280051,1.96850400
38.15360051,1.96850400
38.15440051,2.36220500
38.15520051,3.54330700
38.15600051,4.33070900
38.15680051,3.93700800
38.15760051,3.93700800
38.15840051,3.14960600
38.15920051,3.14960600
38.16000051,2.36220500
38.16080051,2.36220500
38.16160051,1.96850400
38.16240051,1.18110200
38.16320051,0.78740150
38.16400051,0.39370070
38.16480051,0.39370070
38.16560051,0.78740150
38.16640051,1.96850400
38.16720051,2.75590500
38.16800051,1.96850400
38.16880051,1.18110200
38.16960051,0.00000000
38.17040051,-0.78740150
38.17120051,-0.78740150
38.17200051,-1.57480300
38.17280051,-1.96850400
38.17360051,-2.75590500
38.17440051,-3.14960600
38.17520051,-3.14960600
38.17600051,-3.14960600
38.17680051,-2.36220500
38.17760051,-1.96850400
38.17840051,-2.36220500
38.17920051,-2.75590500
38.18000051,-3.54330700
38.18080051,-3.93700800
38.18160051,-4.33070900
38.18240051,-4.33070900
38.18320051,-3.93700800
38.18400051,-3.93700800
38.18480051,-4.33070900
38.18560051,-4.33070900
38.18640051,-5.11811000
38.18720051,-5.51181100
38.18800051,-5.51181100
38.18880051,-5.11811000
38.18960051,-5.11811000
38.19040051,-5.11811000
38.19120051,-5.90551100
38.19200051,-5.51181100
38.19280051,-4.72440900
38.19360051,-3.54330700
38.19440051,-2.75590500
38.19520051,-2.75590500
38.19600051,-3.54330700
38.19680051,-4.33070900
38.19760051,-4.72440900
38.19840051,-5.11811000
38.19920051,-4.72440900
38.20000051,-3.54330700
38.20080051,-1.96850400
38.20160051,-0.78740150
38.20240051,-0.39370070
38.20320051,-0.39370070
38.20400051,-0.39370070
38.20480051,0.00000000
38.20560051,0.78740150
38.20640051,1.18110200
38.20720051,0.78740150
38.20800051,0.78740150
38.20880051,0.39370070
38.20960051,0.78740150
38.21040051,1.57480300
38.21120051,2.75590500
38.21200051,4.33070900
38.21280051,5.11811000
38.21360051,5.51181100
38.21440051,5.11811000
38.21520051,5.51181100
38.21600051,5.51181100
38.21680051,5.90551100
38.21760051,5.51181100
38.21840051,3.93700800
38.21920051,3.54330700
38.22000051,4.33070900
38.22080051,5.51181100
38.22160051,6.29921200
38.22240051,7.48031400
38.22320051,7.48031400
38.22400051,7.48031400
38.22480051,7.87401500
38.22560051,6.69291300
38.22640051,5.51181100
38.22720051,4.72440900
38.22800051,4.33070900
38.22880051,3.93700800
38.22960051,3.14960600
38.23040051,2.75590500
38.23120051,2.75590500
38.23200051,3.93700800
38.23280051,4.72440900
38.23360051,5.11811000
38.23440051,5.11811000
38.23520051,3.54330700
38.23600051,2.36220500
38.23680051,1.18110200
38.23760051,0.39370070
38.23840051,0.00000000
38.23920051,-1.57480300
38.24000051,-1.57480300
38.24080051,-1.57480300
38.24160051,-1.96850400
38.24240051,-1.57480300
38.24320051,-1.18110200
38.24400051,-0.78740150
38.24480051,-0.78740150
38.24560051,-1.18110200
38.24640051,-2.36220500
38.24720051,-3.93700800
38.24800051,-4.72440900
38.24880051,-5.11811000
38.24960051,-5.51181100
38.25040051,-5.90551100
38.25120051,-6.29921200
38.25200051,-6.29921200
38.25280051,-6.69291300
38.25360051,-5.51181100
38.25440051,-5.11811000
38.25520051,-4.33070900
38.25600051,-3.93700800
38.25680051,-4.33070900
38.25760051,-4.33070900
38.25840051,-5.11811000
38.25920051,-5.51181100
38.26000051,-6.29921200
38.26080051,-6.69291300
38.26160051,-6.29921200
38.26240051,-5.90551100
38.26320051,-5.11811000
38.26400051,-3.93700800
38.26480051,-3.54330700
38.26560051,-2.75590500
38.26640051,-1.96850400
38.26720051,-1.18110200
38.26800051,-1.18110200
38.26880051,-1.57480300
38.26960051,-2.36220500
38.27040051,-2.75590500
38.27120051,-3.14960600
38.27200051,-2.75590500
38.27280051,-1.96850400
38.27360051,-0.78740150
38.27440051,0.39370070
38.27520051,1.96850400
38.27600051,3.14960600
38.27680051,3.93700800
38.27760051,4.72440900
38.27840051,4.33070900
38.27920051,3.93700800
38.28000051,2.75590500
38.28080051,1.18110200
38.28160051,0.78740150
38.28240051,1.18110200
38.28320051,1.57480300
38.28400051,3.14960600
38.28480051,4.72440900
38.28560051,5.51181100
38.28640051,6.29921200
38.28720051,6.69291300
38.28800051,6.69291300
38.28880051,6.69291300
38.28960051,5.51181100
38.29040051,3.93700800
38.29120051,3.14960600
38.29200051,1.96850400
38.29280051,1.18110200
38.29360051,1.96850400
38.29440051,3.54330700
38.29520051,4.72440900
38.29600051,5.90551100
38.29680051,5.11811000
38.29760051,5.11811000
38.29840051,4.33070900
38.29920051,3.93700800
38.30000051,2.75590500
38.30080051,2.36220500
38.30160051,1.18110200
38.30240051,0.00000000
38.30320051,-0.39370070
38.30400051,0.00000000
38.30480051,0.39370070
38.30560051,1.57480300
38.30640051,2.75590500
38.30720051,2.75590500
38.30800051,1.96850400
38.30880051,0.39370070
38.30960051,-0.39370070
38.31040051,-1.18110200
38.31120051,-0.78740150
38.31200051,-1.57480300
38.31280051,-1.96850400
38.31360051,-2.36220500
38.31440051,-2.36220500
38.31520051,-1.18110200
38.31600051,0.00000000
38.31680051,0.39370070
38.31760051,0.00000000
38.31840051,-0.78740150
38.31920051,-1.96850400
38.32000051,-2.75590500
38.32080051,-3.14960600
38.32160051,-3.54330700
38.32240051,-2.75590500
38.32320051,-2.36220500
38.32400051,-2.36220500
38.32480051,-1.96850400
38.32560051,-1.57480300
38.32640051,-1.57480300
38.32720051,-1.18110200
38.32800051,-1.57480300
38.32880051,-1.57480300
38.32960051,-2.36220500
38.33040051,-2.75590500
38.33120051,-2.36220500
38.33200051,-1.57480300
38.33280051,-1.57480300
38.33360051,-1.57480300
38.33440051,-1.96850400
38.33520051,-2.36220500
38.33600051,-2.75590500
38.33680051,-1.96850400
38.33760051,-1.96850400
38.33840051,-1.18110200
38.33920051,-0.78740150
38.34000051,-1.18110200
38.34080051,-1.18110200
38.34160051,-0.39370070
38.34240051,-0.39370070
38.34320051,-0.39370070
38.34400051,-0.78740150
38.34480051,-1.96850400
38.34560051,-2.36220500
38.34640051,-2.75590500
38.34720051,-2.75590500
38.34800051,-3.54330700
38.34880051,-2.75590500
38.34960051,-1.96850400
38.35040051,-1.96850400
38.35120051,-1.57480300
38.35200051,-0.78740150
38.35280051,-0.39370070
38.35360051,0.00000000
38.35440051,0.78740150
38.35520051,0.39370070
38.35600051,0.39370070
38.35680051,0.78740150
38.35760051,0.39370070
38.35840051,0.78740150
38.35920051,0.78740150
38.36000051,0.39370070
38.36080051,-0.39370070
38.36160051,-0.78740150
38.36240051,-0.39370070
38.36320051,0.39370070
38.36400051,1.57480300
38.36480051,1.96850400
38.36560051,1.96850400
38.36640051,1.96850400
38.36720051,2.36220500
38.36800051,2.75590500
38.36880051,3.54330700
38.36960051,3.93700800
38.37040051,4.33070900
38.37120051,4.72440900
38.37200051,4.72440900
38.37280051,4.72440900
38.37360051,4.33070900
38.37440051,3.14960600
38.37520051,2.75590500
38.37600051,2.75590500
38.37680051,3.54330700
38.37760051,4.33070900
38.37840051,5.51181100
38.37920051,5.90551100
38.38000051,6.69291300
38.38080051,6.29921200
38.38160051,5.51181100
38.38240051,5.11811000
38.38320051,4.33070900
38.38400051,3.93700800
38.38480051,3.93700800
38.38560051,3.54330700
38.38640051,3.93700800
38.38720051,4.72440900
38.38800051,4.72440900
38.38880051,4.72440900
38.38960051,4.72440900
38.39040051,3.54330700
38.39120051,2.36220500
38.39200051,0.39370070
38.39280051,-0.39370070
38.39360051,-1.57480300
38.39440051,-1.96850400
38.39520051,-1.57480300
38.39600051,-1.57480300
38.39680051,-0.78740150
38.39760051,-0.39370070
38.39840051,0.39370070
38.39920051,0.78740150
38.40000051,-0.78740150
38.40080051,-2.36220500
38.40160051,-4.72440900
38.40240051,-6.29921200
38.40320051,-7.48031400
38.40400051,-7.48031400
38.40480051,-7.08661400
38.40560051,-7.48031400
38.40640051,-7.08661400
38.40720051,-6.29921200
38.40800051,-5.90551100
38.40880051,-5.51181100
38.40960051,-5.90551100
38.41040051,-6.29921200
38.41120051,-7.08661400
38.41200051,-7.87401500
38.41280051,-9.05511800
38.41360051,-10.23622000
38.41440051,-9.84251900
38.41520051,-9.44881800
38.41600051,-7.87401500
38.41680051,-6.69291300
38.41760051,-5.51181100
38.41840051,-4.72440900
38.41920051,-5.11811000
38.42000051,-5.51181100
38.42080051,-5.51181100
38.42160051,-5.11811000
38.42240051,-5.51181100
38.42320051,-5.90551100
38.42400051,-5.51181100
38.42480051,-4.72440900
38.42560051,-2.75590500
38.42640051,-1.18110200
38.42720051,0.39370070
38.42800051,1.96850400
38.42880051,2.36220500
38.42960051,2.36220500
38.43040051,1.57480300
38.43120051,1.18110200
38.43200051,1.57480300
38.43280051,1.96850400
38.43360051,3.14960600
38.43440051,3.93700800
38.43520051,4.33070900
38.43600051,5.51181100
38.43680051,6.69291300
38.43760051,8.26771600
38.43840051,9.44881800
38.43920051,10.23622000
38.44000051,9.84251900
38.44080051,9.84251900
38.44160051,9.44881800
38.44240051,9.44881800
38.44320051,9.44881800
38.44400051,9.05511800
38.44480051,8.66141700
38.44560051,8.66141700
38.44640051,8.66141700
38.44720051,9.05511800
38.44800051,9.05511800
38.44880051,9.05511800
38.44960051,9.44881800
38.45040051,9.05511800
38.45120051,9.44881800
38.45200051,9.05511800
38.45280051,8.66141700
38.45360051,8.66141700
38.45440051,8.66141700
38.45520051,8.26771600
38.45600051,7.08661400
38.45680051,5.11811000
38.45760051,3.54330700
38.45840051,1.18110200
38.45920051,0.78740150
38.46000051,0.00000000
38.46080051,0.39370070
38.46160051,0.78740150
38.46240051,0.78740150
38.46320051,0.00000000
38.46400051,0.00000000
38.46480051,0.00000000
38.46560051,-1.18110200
38.46640051,-2.75590500
38.46720051,-3.54330700
38.46800051,-5.51181100
38.46880051,-7.08661400
38.46960051,-8.26771600
38.47040051,-9.44881800
38.47120051,-9.44881800
38.47200051,-9.44881800
38.47280051,-9.05511800
38.47360051,-9.05511800
38.47440051,-8.26771600
38.47520051,-7.48031400
38.47600051,-8.26771600
38.47680051,-8.66141700
38.47760051,-9.44881800
38.47840051,-10.62992000
38.47920051,-11.02362000
38.48000051,-11.81102000
38.48080051,-11.41732000
38.48160051,-10.23622000
38.48240051,-10.23622000
38.48320051,-9.05511800
38.48400051,-8.66141700
38.48480051,-7.87401500
38.48560051,-7.48031400
38.48640051,-7.48031400
38.48720051,-7.87401500
38.48800051,-7.87401500
38.48880051,-7.87401500
38.48960051,-7.87401500
38.49040051,-7.08661400
38.49120051,-6.29921200
38.49200051,-5.51181100
38.49280051,-4.33070900
38.49360051,-3.14960600
38.49440051,-1.57480300
38.49520051,-0.39370070
38.49600051,0.78740150
38.49680051,1.18110200
38.49760051,1.57480300
38.49840051,2.36220500
38.49920051,2.36220500
38.50000051,2.75590500
38.50080051,3.54330700
38.50160051,3.54330700
38.50240051,4.72440900
38.50320051,5.51181100
38.50400051,6.69291300
38.50480051,7.48031400
38.50560051,9.05511800
38.50640051,9.84251900
38.50720051,9.44881800
38.50800051,10.23622000
38.50880051,10.23622000
38.50960051,10.62992000
38.51040051,10.62992000
38.51120051,10.62992000
38.51200051,10.62992000
38.51280051,10.62992000
38.51360051,9.05511800
38.51440051,9.44881800
38.51520051,10.23622000
38.51600051,11.02362000
38.51680051,11.81102000
38.51760051,11.41732000
38.51840051,10.62992000
38.51920051,10.23622000
38.52000051,9.84251900
38.52080051,9.44881800
38.52160051,8.66141700
38.52240051,7.87401500
38.52320051,6.29921200
38.52400051,5.11811000
38.52480051,4.33070900
38.52560051,3.54330700
38.52640051,3.14960600
38.52720051,3.54330700
38.52800051,3.14960600
38.52880051,2.36220500
38.52960051,1.18110200
38.53040051,0.39370070
38.53120051,0.00000000
38.53200051,0.00000000
38.53280051,-0.78740150
38.53360051,-1.96850400
38.53440051,-3.14960600
38.53520051,-4.33070900
38.53600051,-5.51181100
38.53680051,-5.51181100
38.53760051,-5.90551100
38.53840051,-6.29921200
38.53920051,-7.08661400
38.54000051,-7.87401500
38.54080051,-9.05511800
38.54160051,-9.44881800
38.54240051,-9.84251900
38.54320051,-10.23622000
38.54400051,-9.84251900
38.54480051,-9.84251900
38.54560051,-10.23622000
38.54640051,-9.84251900
38.54720051,-9.84251900
38.54800051,-9.44881800
38.54880051,-9.05511800
38.54960051,-9.44881800
38.55040051,-9.05511800
38.55120051,-9.44881800
38.55200051,-9.44881800
38.55280051,-9.05511800
38.55360051,-8.26771600
38.55440051,-7.48031400
38.55520051,-6.69291300
38.55600051,-6.29921200
38.55680051,-5.51181100
38.55760051,-5.51181100
38.55840051,-4.72440900
38.55920051,-5.11811000
38.56000051,-4.72440900
38.56080051,-3.93700800
38.56160051,-3.54330700
38.56240051,-2.36220500
38.56320051,-1.18110200
38.56400051,-0.78740150
38.56480051,0.78740150
38.56560051,1.18110200
38.56640051,2.36220500
38.56720051,2.75590500
38.56800051,2.75590500
38.56880051,2.75590500
38.56960051,2.75590500
38.57040051,3.14960600
38.57120051,3.14960600
38.57200051,3.93700800
38.57280052,5.11811000
38.57360052,6.29921200
38.57440052,7.87401500
38.57520052,7.87401500
38.57600052,8.66141700
38.57680052,8.26771600
38.57760052,8.26771600
38.57840052,7.87401500
38.57920052,6.69291300
38.58000052,5.90551100
38.58080052,5.11811000
38.58160052,4.72440900
38.58240052,5.51181100
38.58320052,5.90551100
38.58400052,7.08661400
38.58480052,8.26771600
38.58560052,7.87401500
38.58640052,8.26771600
38.58720052,8.26771600
38.58800052,7.48031400
38.58880052,7.08661400
38.58960052,6.29921200
38.59040052,5.51181100
38.59120052,3.93700800
38.59200052,3.14960600
38.59280052,2.75590500
38.59360052,3.14960600
38.59440052,3.93700800
38.59520052,3.93700800
38.59600052,3.54330700
38.59680052,2.36220500
38.59760052,2.36220500
38.59840052,1.57480300
38.59920052,1.18110200
38.60000052,0.78740150
38.60080052,0.00000000
38.60160052,0.00000000
38.60240052,-0.78740150
38.60320052,-1.18110200
38.60400052,-1.18110200
38.60480052,-1.18110200
38.60560052,-1.18110200
38.60640052,-1.18110200
38.60720052,-1.96850400
38.60800052,-2.36220500
38.60880052,-2.36220500
38.60960052,-2.36220500
38.61040052,-2.75590500
38.61120052,-2.75590500
38.61200052,-3.14960600
38.61280052,-4.72440900
38.61360052,-5.11811000
38.61440052,-4.72440900
38.61520052,-4.33070900
38.61600052,-3.93700800
38.61680052,-3.93700800
38.61760052,-4.33070900
38.61840052,-3.93700800
38.61920052,-4.33070900
38.62000052,-3.54330700
38.62080052,-3.54330700
38.62160052,-2.75590500
38.62240052,-3.54330700
38.62320052,-4.33070900
38.62400052,-5.11811000
38.62480052,-5.90551100
38.62560052,-5.51181100
38.62640052,-5.11811000
38.62720052,-3.93700800
38.62800052,-3.54330700
38.62880052,-3.14960600
38.62960052,-2.75590500
38.63040052,-2.36220500
38.63120052,-2.36220500
38.63200052,-2.36220500
38.63280052,-2.75590500
38.63360052,-3.54330700
38.63440052,-3.93700800
38.63520052,-4.33070900
38.63600052,-4.33070900
38.63680052,-4.33070900
38.63760052,-2.75590500
38.63840052,-1.57480300
38.63920052,-0.78740150
38.64000052,0.00000000
38.64080052,0.39370070
38.64160052,0.00000000
38.64240052,0.39370070
38.64320052,-0.39370070
38.64400052,-0.78740150
38.64480052,-0.78740150
38.64560052,-0.39370070
38.64640052,0.00000000
38.64720052,1.18110200
38.64800052,1.18110200
38.64880052,1.18110200
38.64960052,1.96850400
38.65040052,2.36220500
38.65120052,2.36220500
38.65200052,1.96850400
38.65280052,1.96850400
38.65360052,1.57480300
38.65440052,1.57480300
38.65520052,2.36220500
38.65600052,2.75590500
38.65680052,3.14960600
38.65760052,4.33070900
38.65840052,4.72440900
38.65920052,5.51181100
38.66000052,5.11811000
38.66080052,5.11811000
38.66160052,4.33070900
38.66240052,3.54330700
38.66320052,2.75590500
38.66400052,2.75590500
38.66480052,3.54330700
38.66560052,4.33070900
38.66640052,5.51181100
38.66720052,5.90551100
38.66800052,6.29921200
38.66880052,6.69291300
38.66960052,5.90551100
38.67040052,5.11811000
38.67120052,4.72440900
38.67200052,3.54330700
38.67280052,3.14960600
38.67360052,2.75590500
38.67440052,1.96850400
38.67520052,2.36220500
38.67600052,3.14960600
38.67680052,3.93700800
38.67760052,4.72440900
38.67840052,5.11811000
38.67920052,4.72440900
38.68000052,3.93700800
38.68080052,2.75590500
38.68160052,1.57480300
38.68240052,0.39370070
38.68320052,-0.39370070
38.68400052,-0.39370070
38.68480052,-0.39370070
38.68560052,0.39370070
38.68640052,0.39370070
38.68720052,0.00000000
38.68800052,0.39370070
38.68880052,0.00000000
38.68960052,-0.78740150
38.69040052,-1.57480300
38.69120052,-2.36220500
38.69200052,-3.14960600
38.69280052,-3.14960600
38.69360052,-3.14960600
38.69440052,-3.54330700
38.69520052,-3.54330700
38.69600052,-3.54330700
38.69680052,-4.33070900
38.69760052,-4.33070900
38.69840052,-4.72440900
38.69920052,-4.72440900
38.70000052,-5.51181100
38.70080052,-5.51181100
38.70160052,-6.29921200
38.70240052,-6.29921200
38.70320052,-6.29921200
38.70400052,-6.29921200
38.70480052,-5.51181100
38.70560052,-5.11811000
38.70640052,-5.11811000
38.70720052,-5.51181100
38.70800052,-6.29921200
38.70880052,-6.29921200
38.70960052,-6.69291300
38.71040052,-6.69291300
38.71120052,-6.29921200
38.71200052,-5.51181100
38.71280052,-4.72440900
38.71360052,-4.72440900
38.71440052,-3.54330700
38.71520052,-3.14960600
38.71600052,-2.36220500
38.71680052,-1.96850400
38.71760052,-2.36220500
38.71840052,-3.14960600
38.71920052,-3.54330700
38.72000052,-3.54330700
38.72080052,-3.14960600
38.72160052,-2.36220500
38.72240052,-1.18110200
38.72320052,-0.39370070
38.72400052,1.18110200
38.72480052,3.14960600
38.72560052,3.93700800
38.72640052,4.33070900
38.72720052,4.33070900
38.72800052,3.93700800
38.72880052,3.54330700
38.72960052,2.36220500
38.73040052,1.96850400
38.73120052,2.75590500
38.73200052,4.33070900
38.73280052,5.11811000
38.73360052,6.69291300
38.73440052,6.69291300
38.73520052,7.08661400
38.73600052,7.48031400
38.73680052,7.87401500
38.73760052,8.26771600
38.73840052,8.66141700
38.73920052,8.26771600
38.74000052,7.48031400
38.74080052,7.08661400
38.74160052,6.29921200
38.74240052,6.29921200
38.74320052,6.69291300
38.74400052,7.48031400
38.74480052,7.48031400
38.74560052,7.48031400
38.74640052,7.48031400
38.74720052,6.69291300
38.74800052,6.69291300
38.74880052,5.90551100
38.74960052,4.72440900
38.75040052,3.93700800
38.75120052,3.54330700
38.75200052,3.14960600
38.75280052,2.36220500
38.75360052,2.75590500
38.75440052,2.36220500
38.75520052,1.96850400
38.75600052,1.18110200
38.75680052,0.78740150
38.75760052,0.39370070
38.75840052,0.39370070
38.75920052,0.39370070
38.76000052,0.00000000
38.76080052,-0.78740150
38.76160052,-2.36220500
38.76240052,-3.54330700
38.76320052,-3.93700800
38.76400052,-3.93700800
38.76480052,-4.33070900
38.76560052,-4.33070900
38.76640052,-5.11811000
38.76720052,-5.51181100
38.76800052,-6.29921200
38.76880052,-6.69291300
38.76960052,-6.69291300
38.77040052,-7.48031400
38.77120052,-7.87401500
38.77200052,-8.66141700
38.77280052,-9.05511800
38.77360052,-8.66141700
38.77440052,-8.66141700
38.77520052,-8.26771600
38.77600052,-7.08661400
38.77680052,-6.29921200
38.77760052,-5.11811000
38.77840052,-5.11811000
38.77920052,-5.11811000
38.78000052,-5.51181100
38.78080052,-6.69291300
38.78160052,-7.08661400
38.78240052,-7.08661400
38.78320052,-7.48031400
38.78400052,-7.08661400
38.78480052,-5.90551100
38.78560052,-5.51181100
38.78640052,-4.33070900
38.78720052,-2.75590500
38.78800052,-1.57480300
38.78880052,-0.39370070
38.78960052,0.39370070
38.79040052,-0.78740150
38.79120052,-1.57480300
38.79200052,-2.36220500
38.79280052,-2.36220500
38.79360052,-1.57480300
38.79440052,-0.78740150
38.79520052,1.18110200
38.79600052,2.36220500
38.79680052,3.14960600
38.79760052,4.33070900
38.79840052,5.51181100
38.79920052,6.29921200
38.80000052,6.29921200
38.80080052,5.90551100
38.80160052,4.33070900
38.80240052,3.14960600
38.80320052,2.75590500
38.80400052,2.36220500
38.80480052,3.54330700
38.80560052,5.11811000
38.80640052,6.69291300
38.80720052,7.48031400
38.80800052,8.66141700
38.80880052,9.44881800
38.80960052,9.05511800
38.81040052,8.66141700
38.81120052,7.48031400
38.81200052,5.90551100
38.81280052,4.33070900
38.81360052,3.93700800
38.81440052,3.93700800
38.81520052,4.72440900
38.81600052,5.51181100
38.81680052,6.29921200
38.81760052,6.69291300
38.81840052,7.08661400
38.81920052,7.08661400
38.82000052,7.48031400
38.82080052,7.87401500
38.82160052,6.69291300
38.82240052,4.33070900
38.82320052,1.57480300
38.82400052,0.00000000
38.82480052,0.00000000
38.82560052,0.78740150
38.82640052,1.57480300
38.82720052,2.75590500
38.82800052,2.75590500
38.82880052,2.36220500
38.82960052,1.18110200
38.83040052,0.39370070
38.83120052,-0.78740150
38.83200052,-1.18110200
38.83280052,-1.57480300
38.83360052,-2.36220500
38.83440052,-2.36220500
38.83520052,-2.36220500
38.83600052,-2.36220500
38.83680052,-1.96850400
38.83760052,-1.57480300
38.83840052,-1.96850400
38.83920052,-3.14960600
38.84000052,-4.33070900
38.84080052,-6.29921200
38.84160052,-6.69291300
38.84240052,-6.29921200
38.84320052,-6.69291300
38.84400052,-6.69291300
38.84480052,-6.29921200
38.84560052,-6.29921200
38.84640052,-5.51181100
38.84720052,-5.11811000
38.84800052,-5.11811000
38.84880052,-5.51181100
38.84960052,-5.51181100
38.85040052,-5.90551100
38.85120052,-6.69291300
38.85200052,-6.69291300
38.85280052,-6.69291300
38.85360052,-6.69291300
38.85440052,-5.51181100
38.85520052,-5.11811000
38.85600052,-4.72440900
38.85680052,-4.72440900
38.85760052,-4.33070900
38.85840052,-3.93700800
38.85920052,-4.33070900
38.86000052,-4.33070900
38.86080052,-4.72440900
38.86160052,-4.72440900
38.86240052,-4.72440900
38.86320052,-4.33070900
38.86400052,-3.93700800
38.86480052,-2.75590500
38.86560052,-0.78740150
38.86640052,0.00000000
38.86720052,1.57480300
38.86800052,1.96850400
38.86880052,2.36220500
38.86960052,2.36220500
38.87040052,2.36220500
38.87120052,2.36220500
38.87200052,1.96850400
38.87280052,2.36220500
38.87360052,1.96850400
38.87440052,1.96850400
38.87520052,2.75590500
38.87600052,3.14960600
38.87680052,3.93700800
38.87760052,5.51181100
38.87840052,5.90551100
38.87920052,6.69291300
38.88000052,6.29921200
38.88080052,6.69291300
38.88160052,6.69291300
38.88240052,6.69291300
38.88320052,6.69291300
38.88400052,5.51181100
38.88480052,5.11811000
38.88560052,5.11811000
38.88640052,5.11811000
38.88720052,5.90551100
38.88800052,5.90551100
38.88880052,6.29921200
38.88960052,7.08661400
38.89040052,7.48031400
38.89120052,6.69291300
38.89200052,7.48031400
38.89280052,7.08661400
38.89360052,6.69291300
38.89440052,5.90551100
38.89520052,4.33070900
38.89600052,2.75590500
38.89680052,2.36220500
38.89760052,2.75590500
38.89840052,3.14960600
38.89920052,4.72440900
38.90000052,4.72440900
38.90080052,4.33070900
38.90160052,3.54330700
38.90240052,2.75590500
38.90320052,1.57480300
38.90400052,0.00000000
38.90480052,-1.18110200
38.90560052,-1.96850400
38.90640052,-2.75590500
38.90720052,-3.14960600
38.90800052,-3.14960600
38.90880052,-2.36220500
38.90960052,-1.18110200
38.91040052,-0.39370070
38.91120052,0.00000000
38.91200052,-0.39370070
38.91280052,-1.96850400
38.91360052,-3.54330700
38.91440052,-4.72440900
38.91520052,-5.90551100
38.91600052,-6.69291300
38.91680052,-7.08661400
38.91760052,-6.29921200
38.91840052,-6.69291300
38.91920052,-6.29921200
38.92000052,-5.51181100
38.92080052,-4.72440900
38.92160052,-4.33070900
38.92240052,-5.11811000
38.92320052,-5.51181100
38.92400052,-6.69291300
38.92480052,-7.87401500
38.92560052,-8.26771600
38.92640052,-8.26771600
38.92720052,-8.26771600
38.92800052,-8.26771600
38.92880052,-7.48031400
38.92960052,-7.48031400
38.93040052,-6.29921200
38.93120052,-5.90551100
38.93200052,-4.72440900
38.93280052,-3.93700800
38.93360052,-3.14960600
38.93440052,-3.93700800
38.93520052,-4.72440900
38.93600052,-4.72440900
38.93680052,-4.72440900
38.93760052,-3.54330700
38.93840052,-1.57480300
38.93920052,-1.18110200
38.94000052,-0.39370070
38.94080052,0.39370070
38.94160052,0.78740150
38.94240052,1.57480300
38.94320052,1.57480300
38.94400052,1.96850400
38.94480052,2.36220500
38.94560052,2.75590500
38.94640052,2.75590500
38.94720052,3.14960600
38.94800052,3.54330700
38.94880052,3.93700800
38.94960052,4.72440900
38.95040052,5.51181100
38.95120052,5.11811000
38.95200052,5.90551100
38.95280052,6.29921200
38.95360052,6.69291300
38.95440052,8.26771600
38.95520052,9.05511800
38.95600052,9.05511800
38.95680052,8.66141700
38.95760052,7.87401500
38.95840052,7.08661400
38.95920052,6.69291300
38.96000052,7.08661400
38.96080052,7.08661400
38.96160052,6.69291300
38.96240052,6.29921200
38.96320052,5.90551100
38.96400052,7.08661400
38.96480052,8.26771600
38.96560052,9.05511800
38.96640052,8.66141700
38.96720052,7.87401500
38.96800052,6.29921200
38.96880052,5.11811000
38.96960052,3.93700800
38.97040052,2.75590500
38.97120052,1.57480300
38.97200052,1.18110200
38.97280052,-0.39370070
38.97360052,-0.39370070
38.97440052,-0.78740150
38.97520052,-0.78740150
38.97600052,0.00000000
38.97680052,0.39370070
38.97760052,0.39370070
38.97840052,-0.78740150
38.97920052,-1.96850400
38.98000052,-3.54330700
38.98080052,-4.33070900
38.98160052,-5.11811000
38.98240052,-6.69291300
38.98320052,-7.48031400
38.98400052,-7.87401500
38.98480052,-7.87401500
38.98560052,-7.48031400
38.98640052,-6.69291300
38.98720052,-6.69291300
38.98800052,-6.69291300
38.98880052,-6.69291300
38.98960052,-7.08661400
38.99040052,-7.48031400
38.99120052,-7.87401500
38.99200052,-8.26771600
38.99280052,-8.26771600
38.99360052,-8.26771600
38.99440052,-8.66141700
38.99520052,-7.87401500
38.99600052,-7.48031400
38.99680052,-7.48031400
38.99760052,-7.08661400
38.99840052,-5.90551100
38.99920052,-5.90551100
39.00000052,-5.51181100
39.00080052,-4.72440900
39.00160052,-4.72440900
39.00240052,-3.93700800
39.00320052,-2.75590500
39.00400052,-1.96850400
39.00480052,-0.78740150
39.00560052,-0.39370070
39.00640052,-0.78740150
39.00720052,-0.78740150
39.00800052,-0.39370070
39.00880052,0.00000000
39.00960052,0.78740150
39.01040052,1.96850400
39.01120052,3.14960600
39.01200052,3.93700800
39.01280052,4.33070900
39.01360052,4.72440900
39.01440052,4.33070900
39.01520052,4.72440900
39.01600052,5.51181100
39.01680052,7.08661400
39.01760052,7.48031400
39.01840052,6.69291300
39.01920052,7.08661400
39.02000052,7.87401500
39.02080052,7.87401500
39.02160052,8.66141700
39.02240052,9.05511800
39.02320052,7.87401500
39.02400052,7.08661400
39.02480052,6.29921200
39.02560052,5.51181100
39.02640052,5.51181100
39.02720052,6.29921200
39.02800052,6.29921200
39.02880052,5.51181100
39.02960052,5.90551100
39.03040052,6.69291300
39.03120052,6.69291300
39.03200052,6.69291300
39.03280052,6.29921200
39.03360052,5.51181100
39.03440052,3.93700800
39.03520052,2.36220500
39.03600052,1.18110200
39.03680052,0.78740150
39.03760052,0.78740150
39.03840052,1.18110200
39.03920052,1.18110200
39.04000052,0.39370070
39.04080052,-0.39370070
39.04160052,-0.39370070
39.04240052,-0.39370070
39.04320052,-0.78740150
39.04400052,-1.96850400
39.04480052,-2.75590500
39.04560052,-4.33070900
39.04640052,-4.33070900
39.04720052,-3.93700800
39.04800052,-4.33070900
39.04880052,-3.93700800
39.04960052,-4.33070900
39.05040052,-5.11811000
39.05120052,-5.11811000
39.05200052,-5.51181100
39.05280052,-5.51181100
39.05360052,-5.11811000
39.05440052,-5.51181100
39.05520052,-5.11811000
39.05600052,-5.51181100
39.05680052,-5.11811000
39.05760052,-5.11811000
39.05840052,-4.72440900
39.05920052,-4.72440900
39.06000052,-4.72440900
39.06080052,-4.72440900
39.06160052,-5.11811000
39.06240052,-5.11811000
39.06320052,-5.11811000
39.06400052,-4.72440900
39.06480052,-3.93700800
39.06560052,-3.54330700
39.06640052,-3.14960600
39.06720052,-2.36220500
39.06800052,-1.57480300
39.06880052,-1.18110200
39.06960052,-1.18110200
39.07040052,-0.78740150
39.07120052,-1.57480300
39.07200052,-2.36220500
39.07280052,-1.57480300
39.07360052,-1.57480300
39.07440052,-0.78740150
39.07520052,0.39370070
39.07600052,1.18110200
39.07680052,2.36220500
39.07760052,3.14960600
39.07840052,3.54330700
39.07920052,3.54330700
39.08000052,2.75590500
39.08080052,1.96850400
39.08160052,1.96850400
39.08240052,2.36220500
39.08320052,1.96850400
39.08400052,2.75590500
39.08480052,3.14960600
39.08560052,3.54330700
39.08640052,4.33070900
39.08720052,5.11811000
39.08800052,5.51181100
39.08880052,4.72440900
39.08960052,4.72440900
39.09040052,4.33070900
39.09120052,3.14960600
39.09200052,2.75590500
39.09280052,2.36220500
39.09360052,2.75590500
39.09440052,3.93700800
39.09520052,4.33070900
39.09600052,4.33070900
39.09680052,4.33070900
39.09760052,3.54330700
39.09840052,3.54330700
39.09920052,3.54330700
39.10000052,3.14960600
39.10080052,1.96850400
39.10160052,1.18110200
39.10240052,-0.39370070
39.10320052,0.00000000
39.10400052,0.78740150
39.10480052,1.18110200
39.10560052,1.57480300
39.10640052,1.57480300
39.10720052,1.57480300
39.10800052,0.78740150
39.10880052,0.78740150
39.10960052,0.39370070
39.11040052,-0.78740150
39.11120052,-1.18110200
39.11200052,-2.75590500
39.11280052,-2.75590500
39.11360052,-2.75590500
39.11440052,-1.96850400
39.11520052,-1.18110200
39.11600052,-0.39370070
39.11680052,-0.39370070
39.11760052,-0.39370070
39.11840052,-1.18110200
39.11920052,-1.18110200
39.12000052,-1.18110200
39.12080052,-0.39370070
39.12160052,-1.18110200
39.12240052,-1.96850400
39.12320052,-2.75590500
39.12400052,-3.14960600
39.12480052,-3.14960600
39.12560052,-1.96850400
39.12640052,-1.96850400
39.12720052,-1.57480300
39.12800052,-1.57480300
39.12880052,-1.96850400
39.12960052,-1.18110200
39.13040052,-0.78740150
39.13120052,-1.18110200
39.13200052,-1.96850400
39.13280052,-2.36220500
39.13360052,-2.36220500
39.13440052,-1.96850400
39.13520052,-1.57480300
39.13600052,-0.78740150
39.13680052,-0.39370070
39.13760052,0.00000000
39.13840052,-0.39370070
39.13920052,-0.78740150
39.14000052,-1.18110200
39.14080052,-1.57480300
39.14160052,-1.96850400
39.14240052,-1.57480300
39.14320052,-1.18110200
39.14400052,-1.18110200
39.14480052,-0.78740150
39.14560052,-1.18110200
39.14640052,-1.18110200
39.14720052,-0.78740150
39.14800052,-0.39370070
39.14880052,0.00000000
39.14960052,0.39370070
39.15040052,0.00000000
39.15120052,0.00000000
39.15200052,0.78740150
39.15280052,0.00000000
39.15360052,-0.39370070
39.15440052,-0.78740150
39.15520052,-1.18110200
39.15600052,-1.18110200
39.15680052,-1.18110200
39.15760052,-0.39370070
39.15840052,0.39370070
39.15920052,0.78740150
39.16000052,0.78740150
39.16080052,1.18110200
39.16160052,1.96850400
39.16240052,1.96850400
39.16320052,1.57480300
39.16400052,1.57480300
39.16480052,1.18110200
39.16560052,1.18110200
39.16640052,0.39370070
39.16720052,-0.78740150
39.16800052,-1.57480300
39.16880052,-0.78740150
39.16960052,0.39370070
39.17040052,2.36220500
39.17120052,3.54330700
39.17200052,3.54330700
39.17280052,3.54330700
39.17360052,3.14960600
39.17440052,1.96850400
39.17520052,1.57480300
39.17600052,1.57480300
39.17680052,1.96850400
39.17760052,1.96850400
39.17840052,1.96850400
39.17920052,1.96850400
39.18000052,1.57480300
39.18080052,1.96850400
39.18160052,2.75590500
39.18240052,3.54330700
39.18320052,4.33070900
39.18400052,3.54330700
39.18480052,2.75590500
39.18560052,1.96850400
39.18640052,1.57480300
39.18720052,1.57480300
39.18800052,1.57480300
39.18880052,1.18110200
39.18960052,1.57480300
39.19040052,1.57480300
39.19120052,1.57480300
39.19200052,1.96850400
39.19280052,2.36220500
39.19360052,1.96850400
39.19440052,0.78740150
39.19520052,0.78740150
39.19600052,0.39370070
39.19680052,0.78740150
39.19760052,0.39370070
39.19840052,0.78740150
39.19920052,0.39370070
39.20000052,0.00000000
39.20080052,-0.39370070
39.20160052,-0.78740150
39.20240052,-1.18110200
39.20320052,-1.18110200
39.20400052,-1.57480300
39.20480052,-2.36220500
39.20560052,-2.36220500
39.20640052,-2.75590500
39.20720052,-2.75590500
39.20800052,-1.96850400
39.20880052,-1.96850400
39.20960052,-1.57480300
39.21040052,-1.96850400
39.21120052,-2.36220500
39.21200052,-2.75590500
39.21280052,-3.14960600
39.21360052,-3.54330700
39.21440052,-3.14960600
39.21520052,-2.36220500
39.21600052,-2.75590500
39.21680052,-2.36220500
39.21760052,-3.14960600
39.21840052,-3.14960600
39.21920052,-2.75590500
39.22000052,-2.75590500
39.22080052,-3.14960600
39.22160052,-2.36220500
39.22240052,-2.75590500
39.22320052,-3.14960600
39.22400052,-3.14960600
39.22480052,-3.14960600
39.22560052,-1.96850400
39.22640052,-0.78740150
39.22720052,0.00000000
39.22800052,-0.39370070
39.22880052,-0.39370070
39.22960052,-1.18110200
39.23040052,-1.57480300
39.23120052,-1.18110200
39.23200052,-1.57480300
39.23280052,-0.78740150
39.23360052,-0.78740150
39.23440052,-0.39370070
39.23520052,0.00000000
39.23600052,0.39370070
39.23680052,0.78740150
39.23760052,1.18110200
39.23840052,1.96850400
39.23920052,2.36220500
39.24000052,1.96850400
39.24080052,1.18110200
39.24160052,1.18110200
39.24240052,1.18110200
39.24320052,1.57480300
39.24400052,1.57480300
39.24480052,1.57480300
39.24560052,1.96850400
39.24640052,2.36220500
39.24720052,2.36220500
39.24800052,3.54330700
39.24880052,3.54330700
39.24960052,3.14960600
39.25040052,2.75590500
39.25120052,1.96850400
39.25200052,1.96850400
39.25280052,2.75590500
39.25360052,3.14960600
39.25440052,3.14960600
39.25520052,2.36220500
39.25600052,1.96850400
39.25680052,1.57480300
39.25760052,1.57480300
39.25840052,1.96850400
39.25920052,1.96850400
39.26000052,1.96850400
39.26080052,2.36220500
39.26160052,1.18110200
39.26240052,1.57480300
39.26320052,1.57480300
39.26400052,1.96850400
39.26480052,2.36220500
39.26560052,2.36220500
39.26640052,1.18110200
39.26720052,1.18110200
39.26800052,0.00000000
39.26880052,0.00000000
39.26960052,1.18110200
39.27040052,1.96850400
39.27120052,1.18110200
39.27200052,1.18110200
39.27280052,0.78740150
39.27360052,0.00000000
39.27440052,0.00000000
39.27520052,-0.39370070
39.27600052,-0.39370070
39.27680052,-0.39370070
39.27760052,-0.78740150
39.27840052,-1.18110200
39.27920052,-0.39370070
39.28000052,-0.78740150
39.28080052,-0.39370070
39.28160052,-0.39370070
39.28240052,-0.39370070
39.28320052,-0.78740150
39.28400052,-0.78740150
39.28480052,-1.57480300
39.28560052,-1.96850400
39.28640052,-1.57480300
39.28720052,-1.96850400
39.28800052,-1.57480300
39.28880052,-2.36220500
39.28960052,-1.96850400
39.29040052,-1.96850400
39.29120052,-1.18110200
39.29200052,-1.18110200
39.29280052,-1.57480300
39.29360052,-1.57480300
39.29440052,-2.36220500
39.29520052,-3.14960600
39.29600052,-2.75590500
39.29680052,-1.96850400
39.29760052,-1.96850400
39.29840052,-1.96850400
39.29920052,-1.96850400
39.30000052,-1.96850400
39.30080052,-1.57480300
39.30160052,-2.36220500
39.30240052,-2.75590500
39.30320052,-3.14960600
39.30400052,-2.36220500
39.30480052,-2.36220500
39.30560052,-1.57480300
39.30640052,-1.57480300
39.30720052,-1.96850400
39.30800052,-1.96850400
39.30880052,-0.78740150
39.30960052,-0.39370070
39.31040052,0.00000000
39.31120052,-0.78740150
39.31200052,-1.96850400
39.31280052,-2.75590500
39.31360052,-3.54330700
39.31440052,-3.14960600
39.31520052,-1.57480300
39.31600052,-0.78740150
39.31680052,0.39370070
39.31760052,0.78740150
39.31840052,0.78740150
39.31920052,1.18110200
39.32000052,1.57480300
39.32080052,1.96850400
39.32160052,1.57480300
39.32240053,0.78740150
39.32320053,0.00000000
39.32400053,-1.18110200
39.32480053,-1.18110200
39.32560053,-0.78740150
39.32640053,1.18110200
39.32720053,2.36220500
39.32800053,3.14960600
39.32880053,3.14960600
39.32960053,3.93700800
39.33040053,4.33070900
39.33120053,4.33070900
39.33200053,4.33070900
39.33280053,2.75590500
39.33360053,1.57480300
39.33440053,0.78740150
39.33520053,0.78740150
39.33600053,1.96850400
39.33680053,3.14960600
39.33760053,4.72440900
39.33840053,5.11811000
39.33920053,5.51181100
39.34000053,5.51181100
39.34080053,4.72440900
39.34160053,4.72440900
39.34240053,4.72440900
39.34320053,3.54330700
39.34400053,2.75590500
39.34480053,1.57480300
39.34560053,1.18110200
39.34640053,1.96850400
39.34720053,3.14960600
39.34800053,4.33070900
39.34880053,5.11811000
39.34960053,4.72440900
39.35040053,3.54330700
39.35120053,2.75590500
39.35200053,2.36220500
39.35280053,1.96850400
39.35360053,1.57480300
39.35440053,0.78740150
39.35520053,-0.39370070
39.35600053,-1.18110200
39.35680053,-0.78740150
39.35760053,-0.39370070
39.35840053,0.39370070
39.35920053,0.78740150
39.36000053,-0.39370070
39.36080053,-0.78740150
39.36160053,-1.18110200
39.36240053,-1.18110200
39.36320053,-1.18110200
39.36400053,-2.36220500
39.36480053,-3.54330700
39.36560053,-4.33070900
39.36640053,-5.11811000
39.36720053,-5.11811000
39.36800053,-4.72440900
39.36880053,-4.72440900
39.36960053,-4.33070900
39.37040053,-3.93700800
39.37120053,-4.33070900
39.37200053,-3.93700800
39.37280053,-4.72440900
39.37360053,-4.33070900
39.37440053,-5.51181100
39.37520053,-5.51181100
39.37600053,-5.51181100
39.37680053,-5.51181100
39.37760053,-5.51181100
39.37840053,-5.51181100
39.37920053,-5.51181100
39.38000053,-5.51181100
39.38080053,-4.33070900
39.38160053,-3.93700800
39.38240053,-3.14960600
39.38320053,-2.36220500
39.38400053,-2.36220500
39.38480053,-2.36220500
39.38560053,-3.54330700
39.38640053,-3.54330700
39.38720053,-3.14960600
39.38800053,-2.36220500
39.38880053,-1.96850400
39.38960053,-1.57480300
39.39040053,-0.78740150
39.39120053,-0.39370070
39.39200053,0.78740150
39.39280053,1.57480300
39.39360053,1.96850400
39.39440053,2.36220500
39.39520053,2.36220500
39.39600053,1.57480300
39.39680053,1.57480300
39.39760053,1.57480300
39.39840053,1.96850400
39.39920053,3.14960600
39.40000053,4.33070900
39.40080053,4.72440900
39.40160053,5.11811000
39.40240053,5.90551100
39.40320053,6.69291300
39.40400053,7.08661400
39.40480053,7.08661400
39.40560053,6.29921200
39.40640053,5.11811000
39.40720053,3.93700800
39.40800053,3.14960600
39.40880053,4.33070900
39.40960053,5.51181100
39.41040053,6.69291300
39.41120053,6.69291300
39.41200053,7.08661400
39.41280053,6.29921200
39.41360053,6.69291300
39.41440053,6.29921200
39.41520053,5.51181100
39.41600053,4.33070900
39.41680053,3.14960600
39.41760053,1.96850400
39.41840053,1.57480300
39.41920053,2.75590500
39.42000053,3.54330700
39.42080053,3.93700800
39.42160053,4.33070900
39.42240053,3.54330700
39.42320053,3.14960600
39.42400053,1.96850400
39.42480053,0.78740150
39.42560053,0.00000000
39.42640053,-1.18110200
39.42720053,-2.75590500
39.42800053,-3.14960600
39.42880053,-3.93700800
39.42960053,-3.14960600
39.43040053,-2.36220500
39.43120053,-1.18110200
39.43200053,-1.57480300
39.43280053,-1.18110200
39.43360053,-2.36220500
39.43440053,-3.93700800
39.43520053,-5.11811000
39.43600053,-5.51181100
39.43680053,-6.69291300
39.43760053,-7.08661400
39.43840053,-6.69291300
39.43920053,-6.29921200
39.44000053,-5.90551100
39.44080053,-5.51181100
39.44160053,-4.72440900
39.44240053,-4.33070900
39.44320053,-4.33070900
39.44400053,-5.51181100
39.44480053,-5.90551100
39.44560053,-6.29921200
39.44640053,-6.69291300
39.44720053,-6.69291300
39.44800053,-6.29921200
39.44880053,-5.51181100
39.44960053,-4.33070900
39.45040053,-3.93700800
39.45120053,-3.54330700
39.45200053,-3.14960600
39.45280053,-3.14960600
39.45360053,-3.54330700
39.45440053,-3.14960600
39.45520053,-3.14960600
39.45600053,-3.54330700
39.45680053,-3.54330700
39.45760053,-3.14960600
39.45840053,-2.36220500
39.45920053,-0.78740150
39.46000053,0.39370070
39.46080053,1.57480300
39.46160053,1.96850400
39.46240053,1.96850400
39.46320053,1.96850400
39.46400053,1.57480300
39.46480053,1.96850400
39.46560053,1.96850400
39.46640053,2.75590500
39.46720053,3.14960600
39.46800053,2.36220500
39.46880053,2.75590500
39.46960053,3.14960600
39.47040053,4.33070900
39.47120053,5.11811000
39.47200053,5.51181100
39.47280053,5.51181100
39.47360053,4.72440900
39.47440053,5.51181100
39.47520053,5.90551100
39.47600053,6.69291300
39.47680053,6.69291300
39.47760053,6.29921200
39.47840053,5.51181100
39.47920053,5.11811000
39.48000053,4.72440900
39.48080053,5.11811000
39.48160053,5.11811000
39.48240053,5.51181100
39.48320053,5.51181100
39.48400053,5.90551100
39.48480053,5.51181100
39.48560053,5.51181100
39.48640053,5.90551100
39.48720053,5.51181100
39.48800053,5.11811000
39.48880053,4.72440900
39.48960053,3.54330700
39.49040053,2.75590500
39.49120053,1.96850400
39.49200053,1.96850400
39.49280053,1.96850400
39.49360053,1.57480300
39.49440053,1.18110200
39.49520053,0.78740150
39.49600053,1.18110200
39.49680053,0.78740150
39.49760053,1.57480300
39.49840053,1.18110200
39.49920053,0.00000000
39.50000053,-1.18110200
39.50080053,-2.36220500
39.50160053,-3.54330700
39.50240053,-3.54330700
39.50320053,-3.54330700
39.50400053,-3.93700800
39.50480053,-3.54330700
39.50560053,-3.14960600
39.50640053,-3.54330700
39.50720053,-3.54330700
39.50800053,-3.93700800
39.50880053,-4.72440900
39.50960053,-4.72440900
39.51040053,-5.11811000
39.51120053,-5.51181100
39.51200053,-6.29921200
39.51280053,-6.29921200
39.51360053,-6.29921200
39.51440053,-5.51181100
39.51520053,-5.11811000
39.51600053,-4.33070900
39.51680053,-4.33070900
39.51760053,-4.72440900
39.51840053,-5.11811000
39.51920053,-5.51181100
39.52000053,-4.72440900
39.52080053,-5.11811000
39.52160053,-4.33070900
39.52240053,-3.93700800
39.52320053,-3.93700800
39.52400053,-4.33070900
39.52480053,-3.93700800
39.52560053,-3.93700800
39.52640053,-2.75590500
39.52720053,-1.96850400
39.52800053,-1.18110200
39.52880053,-1.57480300
39.52960053,-1.57480300
39.53040053,-1.96850400
39.53120053,-1.18110200
39.53200053,0.00000000
39.53280053,0.39370070
39.53360053,0.39370070
39.53440053,0.39370070
39.53520053,-0.39370070
39.53600053,0.39370070
39.53680053,1.57480300
39.53760053,1.96850400
39.53840053,2.36220500
39.53920053,2.36220500
39.54000053,2.75590500
39.54080053,2.75590500
39.54160053,3.54330700
39.54240053,3.93700800
39.54320053,4.33070900
39.54400053,4.72440900
39.54480053,3.93700800
39.54560053,3.93700800
39.54640053,3.54330700
39.54720053,3.93700800
39.54800053,4.72440900
39.54880053,5.11811000
39.54960053,5.11811000
39.55040053,5.11811000
39.55120053,4.72440900
39.55200053,4.33070900
39.55280053,4.72440900
39.55360053,5.51181100
39.55440053,5.51181100
39.55520053,4.72440900
39.55600053,4.72440900
39.55680053,3.54330700
39.55760053,4.33070900
39.55840053,5.11811000
39.55920053,5.51181100
39.56000053,5.51181100
39.56080053,4.72440900
39.56160053,3.93700800
39.56240053,3.54330700
39.56320053,3.14960600
39.56400053,2.36220500
39.56480053,1.96850400
39.56560053,1.18110200
39.56640053,1.18110200
39.56720053,1.57480300
39.56800053,1.96850400
39.56880053,2.36220500
39.56960053,2.75590500
39.57040053,2.75590500
39.57120053,2.36220500
39.57200053,1.18110200
39.57280053,0.00000000
39.57360053,-1.57480300
39.57440053,-2.75590500
39.57520053,-3.14960600
39.57600053,-3.93700800
39.57680053,-3.54330700
39.57760053,-2.36220500
39.57840053,-1.96850400
39.57920053,-1.18110200
39.58000053,-0.39370070
39.58080053,-1.18110200
39.58160053,-1.96850400
39.58240053,-3.54330700
39.58320053,-4.72440900
39.58400053,-5.51181100
39.58480053,-6.29921200
39.58560053,-7.08661400
39.58640053,-7.08661400
39.58720053,-5.90551100
39.58800053,-5.51181100
39.58880053,-4.33070900
39.58960053,-3.54330700
39.59040053,-3.54330700
39.59120053,-3.93700800
39.59200053,-4.33070900
39.59280053,-5.51181100
39.59360053,-5.90551100
39.59440053,-6.29921200
39.59520053,-6.69291300
39.59600053,-7.08661400
39.59680053,-5.90551100
39.59760053,-5.51181100
39.59840053,-3.93700800
39.59920053,-2.75590500
39.60000053,-2.36220500
39.60080053,-1.96850400
39.60160053,-1.96850400
39.60240053,-2.36220500
39.60320053,-2.75590500
39.60400053,-2.75590500
39.60480053,-3.14960600
39.60560053,-2.75590500
39.60640053,-2.75590500
39.60720053,-1.96850400
39.60800053,-1.18110200
39.60880053,0.78740150
39.60960053,1.57480300
39.61040053,3.14960600
39.61120053,3.54330700
39.61200053,3.14960600
39.61280053,2.75590500
39.61360053,2.36220500
39.61440053,2.75590500
39.61520053,2.75590500
39.61600053,3.14960600
39.61680053,2.36220500
39.61760053,1.96850400
39.61840053,3.14960600
39.61920053,3.93700800
39.62000053,5.51181100
39.62080053,6.69291300
39.62160053,7.48031400
39.62240053,7.48031400
39.62320053,7.87401500
39.62400053,7.87401500
39.62480053,7.87401500
39.62560053,7.87401500
39.62640053,7.08661400
39.62720053,5.51181100
39.62800053,4.33070900
39.62880053,3.54330700
39.62960053,3.54330700
39.63040053,3.93700800
39.63120053,3.93700800
39.63200053,4.72440900
39.63280053,5.51181100
39.63360053,6.69291300
39.63440053,6.29921200
39.63520053,6.69291300
39.63600053,5.90551100
39.63680053,5.90551100
39.63760053,5.11811000
39.63840053,3.93700800
39.63920053,2.36220500
39.64000053,1.57480300
39.64080053,0.78740150
39.64160053,0.39370070
39.64240053,0.39370070
39.64320053,0.00000000
39.64400053,-0.39370070
39.64480053,0.39370070
39.64560053,0.39370070
39.64640053,0.39370070
39.64720053,-0.39370070
39.64800053,-1.57480300
39.64880053,-3.14960600
39.64960053,-3.54330700
39.65040053,-4.33070900
39.65120053,-4.72440900
39.65200053,-4.72440900
39.65280053,-4.72440900
39.65360053,-4.72440900
39.65440053,-4.72440900
39.65520053,-4.72440900
39.65600053,-5.51181100
39.65680053,-5.51181100
39.65760053,-6.29921200
39.65840053,-6.29921200
39.65920053,-6.69291300
39.66000053,-6.29921200
39.66080053,-6.69291300
39.66160053,-6.29921200
39.66240053,-6.29921200
39.66320053,-6.69291300
39.66400053,-6.29921200
39.66480053,-6.29921200
39.66560053,-5.90551100
39.66640053,-5.90551100
39.66720053,-6.29921200
39.66800053,-6.29921200
39.66880053,-6.29921200
39.66960053,-6.69291300
39.67040053,-5.90551100
39.67120053,-4.33070900
39.67200053,-3.54330700
39.67280053,-3.14960600
39.67360053,-3.14960600
39.67440053,-3.54330700
39.67520053,-2.75590500
39.67600053,-2.36220500
39.67680053,-1.18110200
39.67760053,-0.78740150
39.67840053,-0.78740150
39.67920053,-0.78740150
39.68000053,-0.39370070
39.68080053,0.78740150
39.68160053,1.96850400
39.68240053,2.36220500
39.68320053,2.75590500
39.68400053,2.36220500
39.68480053,2.36220500
39.68560053,2.75590500
39.68640053,3.14960600
39.68720053,3.54330700
39.68800053,4.33070900
39.68880053,4.33070900
39.68960053,5.11811000
39.69040053,5.51181100
39.69120053,5.90551100
39.69200053,6.69291300
39.69280053,6.69291300
39.69360053,6.69291300
39.69440053,6.29921200
39.69520053,5.90551100
39.69600053,5.11811000
39.69680053,5.90551100
39.69760053,7.08661400
39.69840053,7.87401500
39.69920053,7.48031400
39.70000053,7.48031400
39.70080053,6.69291300
39.70160053,6.29921200
39.70240053,5.90551100
39.70320053,5.51181100
39.70400053,5.51181100
39.70480053,4.72440900
39.70560053,3.93700800
39.70640053,4.33070900
39.70720053,5.51181100
39.70800053,5.51181100
39.70880053,5.11811000
39.70960053,4.72440900
39.71040053,3.93700800
39.71120053,3.54330700
39.71200053,2.36220500
39.71280053,1.18110200
39.71360053,0.00000000
39.71440053,-0.39370070
39.71520053,-1.18110200
39.71600053,-0.78740150
39.71680053,-0.39370070
39.71760053,-0.78740150
39.71840053,-0.78740150
39.71920053,0.00000000
39.72000053,-0.39370070
39.72080053,-1.57480300
39.72160053,-2.36220500
39.72240053,-3.93700800
39.72320053,-5.11811000
39.72400053,-6.29921200
39.72480053,-6.69291300
39.72560053,-7.48031400
39.72640053,-7.08661400
39.72720053,-6.29921200
39.72800053,-5.51181100
39.72880053,-4.33070900
39.72960053,-3.93700800
39.73040053,-4.33070900
39.73120053,-4.33070900
39.73200053,-4.72440900
39.73280053,-6.69291300
39.73360053,-7.48031400
39.73440053,-7.87401500
39.73520053,-9.05511800
39.73600053,-8.26771600
39.73680053,-7.87401500
39.73760053,-6.69291300
39.73840053,-5.11811000
39.73920053,-4.33070900
39.74000053,-4.33070900
39.74080053,-3.93700800
39.74160053,-4.33070900
39.74240053,-4.72440900
39.74320053,-4.72440900
39.74400053,-4.72440900
39.74480053,-5.11811000
39.74560053,-4.72440900
39.74640053,-3.93700800
39.74720053,-3.14960600
39.74800053,-2.36220500
39.74880053,-1.57480300
39.74960053,-0.78740150
39.75040053,0.00000000
39.75120053,-0.39370070
39.75200053,-0.39370070
39.75280053,0.00000000
39.75360053,0.39370070
39.75440053,1.57480300
39.75520053,1.96850400
39.75600053,2.75590500
39.75680053,2.36220500
39.75760053,2.75590500
39.75840053,3.14960600
39.75920053,3.54330700
39.76000053,4.33070900
39.76080053,4.33070900
39.76160053,3.93700800
39.76240053,4.33070900
39.76320053,4.72440900
39.76400053,5.11811000
39.76480053,5.90551100
39.76560053,5.51181100
39.76640053,5.11811000
39.76720053,5.51181100
39.76800053,5.51181100
39.76880053,5.90551100
39.76960053,6.29921200
39.77040053,5.90551100
39.77120053,5.90551100
39.77200053,5.90551100
39.77280053,6.29921200
39.77360053,5.90551100
39.77440053,6.29921200
39.77520053,6.29921200
39.77600053,5.51181100
39.77680053,5.90551100
39.77760053,5.90551100
39.77840053,5.11811000
39.77920053,4.72440900
39.78000053,4.33070900
39.78080053,3.93700800
39.78160053,4.33070900
39.78240053,3.93700800
39.78320053,3.14960600
39.78400053,2.75590500
39.78480053,3.14960600
39.78560053,3.54330700
39.78640053,4.33070900
39.78720053,3.93700800
39.78800053,3.54330700
39.78880053,2.36220500
39.78960053,1.18110200
39.79040053,0.78740150
39.79120053,-0.39370070
39.79200053,-0.78740150
39.79280053,-1.57480300
39.79360053,-2.36220500
39.79440053,-2.36220500
39.79520053,-3.14960600
39.79600053,-2.75590500
39.79680053,-3.54330700
39.79760053,-3.93700800
39.79840053,-3.54330700
39.79920053,-3.54330700
39.80000053,-3.54330700
39.80080053,-3.93700800
39.80160053,-3.54330700
39.80240053,-3.93700800
39.80320053,-3.54330700
39.80400053,-5.11811000
39.80480053,-5.90551100
39.80560053,-6.69291300
39.80640053,-7.87401500
39.80720053,-8.26771600
39.80800053,-7.87401500
39.80880053,-7.08661400
39.80960053,-6.29921200
39.81040053,-5.11811000
39.81120053,-3.14960600
39.81200053,-2.75590500
39.81280053,-2.75590500
39.81360053,-3.14960600
39.81440053,-4.33070900
39.81520053,-5.11811000
39.81600053,-5.90551100
39.81680053,-6.29921200
39.81760053,-6.69291300
39.81840053,-7.48031400
39.81920053,-7.08661400
39.82000053,-5.90551100
39.82080053,-5.11811000
39.82160053,-3.93700800
39.82240053,-3.14960600
39.82320053,-2.75590500
39.82400053,-2.36220500
39.82480053,-1.96850400
39.82560053,-1.57480300
39.82640053,-1.57480300
39.82720053,-1.57480300
39.82800053,-1.57480300
39.82880053,-0.78740150
39.82960053,0.00000000
39.83040053,0.78740150
39.83120053,1.18110200
39.83200053,0.78740150
39.83280053,1.18110200
39.83360053,0.39370070
39.83440053,0.78740150
39.83520053,0.78740150
39.83600053,1.57480300
39.83680053,3.14960600
39.83760053,4.33070900
39.83840053,5.51181100
39.83920053,6.29921200
39.84000053,6.29921200
39.84080053,6.69291300
39.84160053,7.08661400
39.84240053,7.08661400
39.84320053,5.51181100
39.84400053,3.93700800
39.84480053,2.36220500
39.84560053,1.57480300
39.84640053,2.36220500
39.84720053,3.54330700
39.84800053,5.11811000
39.84880053,7.08661400
39.84960053,8.66141700
39.85040053,9.44881800
39.85120053,9.84251900
39.85200053,9.44881800
39.85280053,8.26771600
39.85360053,7.87401500
39.85440053,6.29921200
39.85520053,4.72440900
39.85600053,3.14960600
39.85680053,3.14960600
39.85760053,2.75590500
39.85840053,3.54330700
39.85920053,4.72440900
39.86000053,6.29921200
39.86080053,7.08661400
39.86160053,7.08661400
39.86240053,5.90551100
39.86320053,4.72440900
39.86400053,3.14960600
39.86480053,1.96850400
39.86560053,0.78740150
39.86640053,-0.39370070
39.86720053,-1.57480300
39.86800053,-1.18110200
39.86880053,-1.18110200
39.86960053,-0.78740150
39.87040053,-0.39370070
39.87120053,-0.39370070
39.87200053,-0.78740150
39.87280053,-1.57480300
39.87360053,-2.75590500
39.87440053,-3.93700800
39.87520053,-4.72440900
39.87600053,-5.11811000
39.87680053,-5.11811000
39.87760053,-5.11811000
39.87840053,-5.11811000
39.87920053,-5.51181100
39.88000053,-5.90551100
39.88080053,-5.90551100
39.88160053,-5.51181100
39.88240053,-5.51181100
39.88320053,-5.51181100
39.88400053,-7.08661400
39.88480053,-8.26771600
39.88560053,-8.66141700
39.88640053,-9.05511800
39.88720053,-9.05511800
39.88800053,-9.05511800
39.88880053,-9.05511800
39.88960053,-8.26771600
39.89040053,-7.48031400
39.89120053,-7.08661400
39.89200053,-5.90551100
39.89280053,-5.51181100
39.89360053,-5.11811000
39.89440053,-4.72440900
39.89520053,-5.11811000
39.89600053,-5.11811000
39.89680053,-5.51181100
39.89760053,-5.51181100
39.89840053,-5.51181100
39.89920053,-5.51181100
39.90000053,-4.72440900
39.90080053,-4.33070900
39.90160053,-3.93700800
39.90240053,-2.75590500
39.90320053,-1.57480300
39.90400053,0.39370070
39.90480053,1.57480300
39.90560053,1.96850400
39.90640053,2.36220500
39.90720053,2.36220500
39.90800053,2.36220500
39.90880053,2.36220500
39.90960053,2.75590500
39.91040053,3.14960600
39.91120053,3.14960600
39.91200053,3.54330700
39.91280053,4.72440900
39.91360053,5.51181100
39.91440053,6.29921200
39.91520053,7.48031400
39.91600053,7.87401500
39.91680053,8.26771600
39.91760053,8.26771600
39.91840053,7.87401500
39.91920053,7.08661400
39.92000053,7.48031400
39.92080053,7.87401500
39.92160053,8.26771600
39.92240053,8.26771600
39.92320053,8.26771600
39.92400053,8.26771600
39.92480053,8.66141700
39.92560053,9.44881800
39.92640053,9.84251900
39.92720053,9.44881800
39.92800053,9.44881800
39.92880053,9.05511800
39.92960053,8.66141700
39.93040053,8.26771600
39.93120053,8.26771600
39.93200053,8.26771600
39.93280053,7.48031400
39.93360053,7.08661400
39.93440053,5.90551100
39.93520053,4.72440900
39.93600053,3.54330700
39.93680053,2.75590500
39.93760053,1.96850400
39.93840053,1.96850400
39.93920053,1.18110200
39.94000053,0.00000000
39.94080053,-1.57480300
39.94160053,-2.36220500
39.94240053,-2.75590500
39.94320053,-2.75590500
39.94400053,-4.33070900
39.94480053,-5.11811000
39.94560053,-6.29921200
39.94640053,-7.48031400
39.94720053,-7.08661400
39.94800053,-6.69291300
39.94880053,-7.08661400
39.94960053,-7.08661400
39.95040053,-7.48031400
39.95120053,-7.87401500
39.95200053,-7.48031400
39.95280053,-7.48031400
39.95360053,-7.08661400
39.95440053,-7.48031400
39.95520053,-8.26771600
39.95600053,-9.05511800
39.95680053,-10.62992000
39.95760053,-11.02362000
39.95840053,-11.41732000
39.95920053,-11.02362000
39.96000053,-10.23622000
39.96080053,-8.66141700
39.96160053,-7.48031400
39.96240053,-7.08661400
39.96320053,-7.08661400
39.96400053,-6.69291300
39.96480053,-5.90551100
39.96560053,-6.29921200
39.96640053,-6.29921200
39.96720053,-6.69291300
39.96800053,-7.08661400
39.96880053,-7.08661400
39.96960053,-5.11811000
39.97040053,-3.93700800
39.97120053,-1.57480300
39.97200053,-0.39370070
39.97280053,1.57480300
39.97360053,2.36220500
39.97440053,3.14960600
39.97520053,3.54330700
39.97600053,3.54330700
39.97680053,4.33070900
39.97760053,3.93700800
39.97840053,4.33070900
39.97920053,3.93700800
39.98000053,3.14960600
39.98080053,3.54330700
39.98160053,4.33070900
39.98240053,5.90551100
39.98320053,7.08661400
39.98400053,8.26771600
39.98480053,7.87401500
39.98560053,8.26771600
39.98640053,8.26771600
39.98720053,7.87401500
39.98800053,7.87401500
39.98880053,7.87401500
39.98960053,7.08661400
39.99040053,5.90551100
39.99120053,5.90551100
39.99200053,5.51181100
39.99280053,5.90551100
39.99360053,6.29921200
39.99440053,6.69291300
39.99520053,7.08661400
39.99600053,7.08661400
39.99680053,6.69291300
39.99760053,5.90551100
39.99840053,5.90551100
39.99920053,5.11811000
40.00000053,4.33070900
40.00080053,3.93700800
40.00160053,1.57480300
40.00240053,1.18110200
40.00320053,1.18110200
40.00400053,1.96850400
40.00480053,3.14960600
40.00560053,4.33070900
40.00640053,3.54330700
40.00720053,3.14960600
40.00800053,2.36220500
40.00880053,1.57480300
40.00960053,1.18110200
40.01040053,0.00000000
40.01120053,-1.57480300
40.01200053,-2.75590500
40.01280053,-3.14960600
40.01360053,-3.54330700
40.01440053,-3.14960600
40.01520053,-1.96850400
40.01600053,-0.78740150
40.01680053,0.00000000
40.01760053,-0.39370070
40.01840053,-2.36220500
40.01920053,-3.14960600
40.02000053,-4.72440900
40.02080053,-5.51181100
40.02160053,-5.90551100
40.02240053,-6.29921200
40.02320053,-7.08661400
40.02400053,-7.08661400
40.02480053,-6.69291300
40.02560053,-6.29921200
40.02640053,-4.33070900
40.02720053,-3.54330700
40.02800053,-3.54330700
40.02880053,-3.93700800
40.02960053,-5.51181100
40.03040053,-6.29921200
40.03120053,-7.08661400
40.03200053,-7.87401500
40.03280053,-8.26771600
40.03360053,-7.87401500
40.03440053,-7.87401500
40.03520053,-7.48031400
40.03600053,-6.69291300
40.03680053,-5.51181100
40.03760053,-3.93700800
40.03840053,-2.36220500
40.03920053,-1.57480300
40.04000053,-2.36220500
40.04080053,-3.14960600
40.04160053,-3.14960600
40.04240053,-3.14960600
40.04320053,-2.75590500
40.04400053,-1.57480300
40.04480053,-1.18110200
40.04560053,-0.78740150
40.04640053,-0.78740150
40.04720053,-0.39370070
40.04800053,0.78740150
40.04880053,2.36220500
40.04960053,2.36220500
40.05040053,3.14960600
40.05120053,3.54330700
40.05200053,3.54330700
40.05280053,3.93700800
40.05360053,3.54330700
40.05440053,3.54330700
40.05520053,3.54330700
40.05600053,3.54330700
40.05680053,3.54330700
40.05760053,3.54330700
40.05840053,3.93700800
40.05920053,4.72440900
40.06000053,5.51181100
40.06080053,7.08661400
40.06160053,7.48031400
40.06240053,7.48031400
40.06320053,6.69291300
40.06400053,6.29921200
40.06480053,5.90551100
40.06560053,5.90551100
40.06640053,5.90551100
40.06720053,5.51181100
40.06800053,5.11811000
40.06880053,5.11811000
40.06960053,5.51181100
40.07040053,7.08661400
40.07120054,7.48031400
40.07200054,7.48031400
40.07280054,7.48031400
40.07360054,6.29921200
40.07440054,5.11811000
40.07520054,3.54330700
40.07600054,1.57480300
40.07680054,0.39370070
40.07760054,0.39370070
40.07840054,0.78740150
40.07920054,1.18110200
40.08000054,1.96850400
40.08080054,1.57480300
40.08160054,2.36220500
40.08240054,3.14960600
40.08320054,2.75590500
40.08400054,0.78740150
40.08480054,-1.18110200
40.08560054,-3.54330700
40.08640054,-5.11811000
40.08720054,-5.90551100
40.08800054,-5.11811000
40.08880054,-3.93700800
40.08960054,-2.75590500
40.09040054,-1.96850400
40.09120054,-0.78740150
40.09200054,-0.78740150
40.09280054,-0.78740150
40.09360054,-0.78740150
40.09440054,-1.96850400
40.09520054,-3.54330700
40.09600054,-4.72440900
40.09680054,-6.29921200
40.09760054,-7.48031400
40.09840054,-7.48031400
40.09920054,-6.29921200
40.10000054,-5.11811000
40.10080054,-3.54330700
40.10160054,-2.75590500
40.10240054,-3.93700800
40.10320054,-4.33070900
40.10400054,-4.33070900
40.10480054,-5.11811000
40.10560054,-5.11811000
40.10640054,-5.11811000
40.10720054,-6.69291300
40.10800054,-7.08661400
40.10880054,-7.08661400
40.10960054,-5.51181100
40.11040054,-3.93700800
40.11120054,-3.14960600
40.11200054,-2.75590500
40.11280054,-2.75590500
40.11360054,-2.75590500
40.11440054,-3.14960600
40.11520054,-3.14960600
40.11600054,-2.36220500
40.11680054,-1.96850400
40.11760054,-1.96850400
40.11840054,-1.18110200
40.11920054,-1.18110200
40.12000054,-0.39370070
40.12080054,0.78740150
40.12160054,1.96850400
40.12240054,2.36220500
40.12320054,2.36220500
40.12400054,1.57480300
40.12480054,1.18110200
40.12560054,0.39370070
40.12640054,0.78740150
40.12720054,1.96850400
40.12800054,3.54330700
40.12880054,4.33070900
40.12960054,4.72440900
40.13040054,5.11811000
40.13120054,4.72440900
40.13200054,4.72440900
40.13280054,4.72440900
40.13360054,5.11811000
40.13440054,4.72440900
40.13520054,4.33070900
40.13600054,4.72440900
40.13680054,4.72440900
40.13760054,5.51181100
40.13840054,5.90551100
40.13920054,6.69291300
40.14000054,7.08661400
40.14080054,7.08661400
40.14160054,6.29921200
40.14240054,5.51181100
40.14320054,5.11811000
40.14400054,4.72440900
40.14480054,5.11811000
40.14560054,4.72440900
40.14640054,4.72440900
40.14720054,5.11811000
40.14800054,5.11811000
40.14880054,5.51181100
40.14960054,5.11811000
40.15040054,4.72440900
40.15120054,3.54330700
40.15200054,2.36220500
40.15280054,1.57480300
40.15360054,0.39370070
40.15440054,0.39370070
40.15520054,0.00000000
40.15600054,-0.39370070
40.15680054,0.00000000
40.15760054,-0.39370070
40.15840054,-0.78740150
40.15920054,-1.57480300
40.16000054,-1.18110200
40.16080054,-1.96850400
40.16160054,-1.96850400
40.16240054,-2.36220500
40.16320054,-3.14960600
40.16400054,-3.54330700
40.16480054,-4.33070900
40.16560054,-4.72440900
40.16640054,-4.33070900
40.16720054,-4.33070900
40.16800054,-4.72440900
40.16880054,-5.11811000
40.16960054,-5.51181100
40.17040054,-5.51181100
40.17120054,-5.51181100
40.17200054,-5.11811000
40.17280054,-5.11811000
40.17360054,-4.72440900
40.17440054,-5.11811000
40.17520054,-5.11811000
40.17600054,-5.51181100
40.17680054,-5.51181100
40.17760054,-6.29921200
40.17840054,-5.11811000
40.17920054,-5.11811000
40.18000054,-5.51181100
40.18080054,-5.11811000
40.18160054,-5.11811000
40.18240054,-4.33070900
40.18320054,-3.14960600
40.18400054,-2.36220500
40.18480054,-1.57480300
40.18560054,-1.18110200
40.18640054,-1.96850400
40.18720054,-1.96850400
40.18800054,-1.18110200
40.18880054,-1.18110200
40.18960054,-0.78740150
40.19040054,-0.78740150
40.19120054,-0.78740150
40.19200054,-0.39370070
40.19280054,0.39370070
40.19360054,1.18110200
40.19440054,2.75590500
40.19520054,2.75590500
40.19600054,2.36220500
40.19680054,1.96850400
40.19760054,1.57480300
40.19840054,1.18110200
40.19920054,1.57480300
40.20000054,2.75590500
40.20080054,3.14960600
40.20160054,3.54330700
40.20240054,3.93700800
40.20320054,3.93700800
40.20400054,4.33070900
40.20480054,4.33070900
40.20560054,5.11811000
40.20640054,4.33070900
40.20720054,3.93700800
40.20800054,3.93700800
40.20880054,3.14960600
40.20960054,3.14960600
40.21040054,3.14960600
40.21120054,3.54330700
40.21200054,3.93700800
40.21280054,3.93700800
40.21360054,3.93700800
40.21440054,4.33070900
40.21520054,3.93700800
40.21600054,3.14960600
40.21680054,3.14960600
40.21760054,3.14960600
40.21840054,2.75590500
40.21920054,3.14960600
40.22000054,3.14960600
40.22080054,2.75590500
40.22160054,2.75590500
40.22240054,3.14960600
40.22320054,2.75590500
40.22400054,2.75590500
40.22480054,1.96850400
40.22560054,1.18110200
40.22640054,1.57480300
40.22720054,1.57480300
40.22800054,1.57480300
40.22880054,1.57480300
40.22960054,1.57480300
40.23040054,1.57480300
40.23120054,1.57480300
40.23200054,0.78740150
40.23280054,0.39370070
40.23360054,-0.78740150
40.23440054,-1.57480300
40.23520054,-1.57480300
40.23600054,-1.96850400
40.23680054,-2.36220500
40.23760054,-1.96850400
40.23840054,-1.96850400
40.23920054,-1.96850400
40.24000054,-0.78740150
40.24080054,-0.39370070
40.24160054,-0.78740150
40.24240054,-1.57480300
40.24320054,-2.36220500
40.24400054,-3.54330700
40.24480054,-4.33070900
40.24560054,-4.72440900
40.24640054,-4.72440900
40.24720054,-4.72440900
40.24800054,-4.33070900
40.24880054,-3.93700800
40.24960054,-3.14960600
40.25040054,-2.75590500
40.25120054,-1.96850400
40.25200054,-2.36220500
40.25280054,-3.54330700
40.25360054,-3.93700800
40.25440054,-5.11811000
40.25520054,-5.90551100
40.25600054,-5.90551100
40.25680054,-5.51181100
40.25760054,-4.33070900
40.25840054,-3.93700800
40.25920054,-2.75590500
40.26000054,-2.36220500
40.26080054,-1.57480300
40.26160054,-1.18110200
40.26240054,-0.78740150
40.26320054,-1.57480300
40.26400054,-2.36220500
40.26480054,-3.14960600
40.26560054,-3.54330700
40.26640054,-3.14960600
40.26720054,-1.96850400
40.26800054,-1.18110200
40.26880054,-0.78740150
40.26960054,0.00000000
40.27040054,0.39370070
40.27120054,0.39370070
40.27200054,0.78740150
40.27280054,0.39370070
40.27360054,0.00000000
40.27440054,0.78740150
40.27520054,0.78740150
40.27600054,1.18110200
40.27680054,1.57480300
40.27760054,2.36220500
40.27840054,3.14960600
40.27920054,3.54330700
40.28000054,3.93700800
40.28080054,3.93700800
40.28160054,3.93700800
40.28240054,3.93700800
40.28320054,3.93700800
40.28400054,3.93700800
40.28480054,3.93700800
40.28560054,3.93700800
40.28640054,3.93700800
40.28720054,3.93700800
40.28800054,4.72440900
40.28880054,5.11811000
40.28960054,5.51181100
40.29040054,5.11811000
40.29120054,5.11811000
40.29200054,5.11811000
40.29280054,4.33070900
40.29360054,5.11811000
40.29440054,4.33070900
40.29520054,4.72440900
40.29600054,3.93700800
40.29680054,3.93700800
40.29760054,3.93700800
40.29840054,3.93700800
40.29920054,4.33070900
40.30000054,3.93700800
40.30080054,3.54330700
40.30160054,3.54330700
40.30240054,3.14960600
40.30320054,3.54330700
40.30400054,3.14960600
40.30480054,2.75590500
40.30560054,2.36220500
40.30640054,1.18110200
40.30720054,0.78740150
40.30800054,0.39370070
40.30880054,0.39370070
40.30960054,0.00000000
40.31040054,-0.39370070
40.31120054,-0.39370070
40.31200054,-0.78740150
40.31280054,-0.78740150
40.31360054,-1.18110200
40.31440054,-1.18110200
40.31520054,-1.18110200
40.31600054,-2.36220500
40.31680054,-3.14960600
40.31760054,-3.93700800
40.31840054,-3.93700800
40.31920054,-4.33070900
40.32000054,-4.33070900
40.32080054,-4.72440900
40.32160054,-5.51181100
40.32240054,-4.33070900
40.32320054,-5.11811000
40.32400054,-5.11811000
40.32480054,-5.51181100
40.32560054,-6.69291300
40.32640054,-7.87401500
40.32720054,-7.87401500
40.32800054,-7.87401500
40.32880054,-7.87401500
40.32960054,-7.08661400
40.33040054,-6.29921200
40.33120054,-5.51181100
40.33200054,-4.72440900
40.33280054,-4.33070900
40.33360054,-4.33070900
40.33440054,-4.72440900
40.33520054,-5.11811000
40.33600054,-5.90551100
40.33680054,-6.69291300
40.33760054,-7.08661400
40.33840054,-7.08661400
40.33920054,-6.29921200
40.34000054,-5.11811000
40.34080054,-3.93700800
40.34160054,-1.96850400
40.34240054,-1.18110200
40.34320054,-0.39370070
40.34400054,0.39370070
40.34480054,0.39370070
40.34560054,0.00000000
40.34640054,-0.78740150
40.34720054,-1.18110200
40.34800054,-1.57480300
40.34880054,-0.78740150
40.34960054,0.00000000
40.35040054,0.78740150
40.35120054,3.14960600
40.35200054,4.72440900
40.35280054,6.29921200
40.35360054,7.08661400
40.35440054,7.08661400
40.35520054,7.08661400
40.35600054,6.69291300
40.35680054,5.90551100
40.35760054,5.51181100
40.35840054,5.51181100
40.35920054,5.11811000
40.36000054,6.29921200
40.36080054,7.48031400
40.36160054,8.66141700
40.36240054,9.44881800
40.36320054,10.23622000
40.36400054,10.23622000
40.36480054,9.44881800
40.36560054,9.05511800
40.36640054,7.87401500
40.36720054,6.69291300
40.36800054,6.29921200
40.36880054,5.90551100
40.36960054,6.29921200
40.37040054,6.69291300
40.37120054,7.48031400
40.37200054,7.48031400
40.37280054,7.87401500
40.37360054,7.87401500
40.37440054,6.69291300
40.37520054,5.51181100
40.37600054,4.33070900
40.37680054,3.14960600
40.37760054,2.36220500
40.37840054,0.78740150
40.37920054,0.00000000
40.38000054,0.39370070
40.38080054,0.78740150
40.38160054,0.00000000
40.38240054,0.00000000
40.38320054,-0.39370070
40.38400054,-0.78740150
40.38480054,-0.78740150
40.38560054,-1.57480300
40.38640054,-1.96850400
40.38720054,-2.36220500
40.38800054,-3.93700800
40.38880054,-5.11811000
40.38960054,-6.29921200
40.39040054,-6.69291300
40.39120054,-7.08661400
40.39200054,-7.48031400
40.39280054,-7.48031400
40.39360054,-7.48031400
40.39440054,-7.48031400
40.39520054,-7.48031400
40.39600054,-7.87401500
40.39680054,-7.08661400
40.39760054,-7.48031400
40.39840054,-7.08661400
40.39920054,-8.26771600
40.40000054,-8.26771600
40.40080054,-9.05511800
40.40160054,-9.05511800
40.40240054,-9.44881800
40.40320054,-9.44881800
40.40400054,-9.05511800
40.40480054,-7.87401500
40.40560054,-7.87401500
40.40640054,-7.48031400
40.40720054,-6.69291300
40.40800054,-5.90551100
40.40880054,-5.11811000
40.40960054,-5.11811000
40.41040054,-5.11811000
40.41120054,-5.11811000
40.41200054,-5.51181100
40.41280054,-5.11811000
40.41360054,-4.33070900
40.41440054,-3.14960600
40.41520054,-1.96850400
40.41600054,-1.18110200
40.41680054,-0.39370070
40.41760054,0.78740150
40.41840054,0.78740150
40.41920054,1.18110200
40.42000054,1.57480300
40.42080054,2.36220500
40.42160054,1.96850400
40.42240054,2.36220500
40.42320054,3.54330700
40.42400054,4.33070900
40.42480054,5.11811000
40.42560054,6.29921200
40.42640054,7.48031400
40.42720054,7.08661400
40.42800054,7.08661400
40.42880054,7.87401500
40.42960054,7.87401500
40.43040054,8.66141700
40.43120054,8.26771600
40.43200054,8.26771600
40.43280054,8.66141700
40.43360054,8.66141700
40.43440054,9.05511800
40.43520054,9.05511800
40.43600054,9.84251900
40.43680054,9.84251900
40.43760054,9.05511800
40.43840054,8.66141700
40.43920054,7.87401500
40.44000054,7.08661400
40.44080054,7.08661400
40.44160054,7.48031400
40.44240054,7.87401500
40.44320054,7.48031400
40.44400054,8.26771600
40.44480054,7.48031400
40.44560054,7.08661400
40.44640054,5.90551100
40.44720054,5.51181100
40.44800054,3.93700800
40.44880054,1.57480300
40.44960054,1.18110200
40.45040054,0.39370070
40.45120054,0.00000000
40.45200054,0.39370070
40.45280054,0.78740150
40.45360054,1.18110200
40.45440054,0.78740150
40.45520054,0.39370070
40.45600054,-0.39370070
40.45680054,-1.96850400
40.45760054,-3.54330700
40.45840054,-5.11811000
40.45920054,-6.69291300
40.46000054,-7.08661400
40.46080054,-7.87401500
40.46160054,-7.87401500
40.46240054,-7.48031400
40.46320054,-6.69291300
40.46400054,-5.90551100
40.46480054,-6.29921200
40.46560054,-6.69291300
40.46640054,-6.69291300
40.46720054,-7.08661400
40.46800054,-8.26771600
40.46880054,-9.05511800
40.46960054,-10.23622000
40.47040054,-10.23622000
40.47120054,-10.23622000
40.47200054,-9.05511800
40.47280054,-7.87401500
40.47360054,-7.08661400
40.47440054,-5.90551100
40.47520054,-5.90551100
40.47600054,-5.90551100
40.47680054,-6.29921200
40.47760054,-6.69291300
40.47840054,-6.69291300
40.47920054,-7.08661400
40.48000054,-7.48031400
40.48080054,-6.69291300
40.48160054,-5.90551100
40.48240054,-4.33070900
40.48320054,-3.14960600
40.48400054,-1.57480300
40.48480054,-1.18110200
40.48560054,-0.39370070
40.48640054,-0.39370070
40.48720054,-1.18110200
40.48800054,-0.78740150
40.48880054,-1.18110200
40.48960054,-0.78740150
40.49040054,-0.39370070
40.49120054,0.78740150
40.49200054,1.57480300
40.49280054,2.75590500
40.49360054,4.33070900
40.49440054,4.72440900
40.49520054,4.72440900
40.49600054,5.11811000
40.49680054,5.90551100
40.49760054,5.51181100
40.49840054,6.29921200
40.49920054,6.29921200
40.50000054,5.90551100
40.50080054,5.90551100
40.50160054,5.90551100
40.50240054,6.29921200
40.50320054,6.29921200
40.50400054,7.08661400
40.50480054,7.48031400
40.50560054,7.48031400
40.50640054,7.48031400
40.50720054,8.26771600
40.50800054,8.66141700
40.50880054,8.66141700
40.50960054,8.66141700
40.51040054,7.87401500
40.51120054,7.48031400
40.51200054,7.08661400
40.51280054,6.69291300
40.51360054,6.29921200
40.51440054,5.90551100
40.51520054,4.72440900
40.51600054,4.33070900
40.51680054,3.93700800
40.51760054,4.33070900
40.51840054,5.11811000
40.51920054,5.11811000
40.52000054,5.11811000
40.52080054,4.72440900
40.52160054,3.54330700
40.52240054,2.75590500
40.52320054,2.36220500
40.52400054,1.18110200
40.52480054,0.78740150
40.52560054,-0.39370070
40.52640054,-1.18110200
40.52720054,-1.96850400
40.52800054,-1.96850400
40.52880054,-1.57480300
40.52960054,-1.18110200
40.53040054,-0.78740150
40.53120054,-1.18110200
40.53200054,-2.36220500
40.53280054,-3.93700800
40.53360054,-4.33070900
40.53440054,-4.72440900
40.53520054,-5.11811000
40.53600054,-5.90551100
40.53680054,-5.90551100
40.53760054,-6.69291300
40.53840054,-6.29921200
40.53920054,-6.29921200
40.54000054,-5.90551100
40.54080054,-5.90551100
40.54160054,-6.69291300
40.54240054,-7.08661400
40.54320054,-7.87401500
40.54400054,-8.26771600
40.54480054,-7.87401500
40.54560054,-7.87401500
40.54640054,-7.08661400
40.54720054,-6.69291300
40.54800054,-6.69291300
40.54880054,-6.29921200
40.54960054,-5.90551100
40.55040054,-6.29921200
40.55120054,-5.11811000
40.55200054,-5.11811000
40.55280054,-5.11811000
40.55360054,-5.51181100
40.55440054,-5.90551100
40.55520054,-5.11811000
40.55600054,-3.93700800
40.55680054,-3.14960600
40.55760054,-2.75590500
40.55840054,-2.36220500
40.55920054,-2.75590500
40.56000054,-1.96850400
40.56080054,-1.57480300
40.56160054,-0.78740150
40.56240054,0.00000000
40.56320054,0.78740150
40.56400054,1.18110200
40.56480054,1.57480300
40.56560054,1.57480300
40.56640054,1.96850400
40.56720054,2.36220500
40.56800054,2.75590500
40.56880054,2.75590500
40.56960054,3.54330700
40.57040054,3.54330700
40.57120054,3.93700800
40.57200054,4.72440900
40.57280054,5.11811000
40.57360054,5.51181100
40.57440054,5.90551100
40.57520054,6.69291300
40.57600054,6.69291300
40.57680054,6.69291300
40.57760054,6.29921200
40.57840054,5.90551100
40.57920054,6.29921200
40.58000054,6.69291300
40.58080054,6.69291300
40.58160054,6.69291300
40.58240054,6.69291300
40.58320054,6.29921200
40.58400054,7.08661400
40.58480054,7.48031400
40.58560054,7.08661400
40.58640054,6.69291300
40.58720054,6.29921200
40.58800054,5.11811000
40.58880054,4.72440900
40.58960054,4.72440900
40.59040054,5.11811000
40.59120054,5.51181100
40.59200054,5.51181100
40.59280054,4.33070900
40.59360054,3.93700800
40.59440054,3.54330700
40.59520054,3.14960600
40.59600054,2.75590500
40.59680054,2.75590500
40.59760054,1.57480300
40.59840054,0.39370070
40.59920054,-0.39370070
40.60000054,-0.39370070
40.60080054,-0.39370070
40.60160054,0.39370070
40.60240054,1.57480300
40.60320054,0.78740150
40.60400054,0.00000000
40.60480054,-1.57480300
40.60560054,-3.14960600
40.60640054,-3.93700800
40.60720054,-4.72440900
40.60800054,-5.11811000
40.60880054,-5.90551100
40.60960054,-6.69291300
40.61040054,-6.69291300
40.61120054,-5.90551100
40.61200054,-5.51181100
40.61280054,-3.93700800
40.61360054,-3.54330700
40.61440054,-3.54330700
40.61520054,-4.72440900
40.61600054,-5.90551100
40.61680054,-6.69291300
40.61760054,-6.69291300
40.61840054,-7.08661400
40.61920054,-7.48031400
40.62000054,-7.87401500
40.62080054,-8.66141700
40.62160054,-8.26771600
40.62240054,-8.26771600
40.62320054,-6.69291300
40.62400054,-6.29921200
40.62480054,-5.51181100
40.62560054,-5.51181100
40.62640054,-5.90551100
40.62720054,-5.90551100
40.62800054,-5.11811000
40.62880054,-4.72440900
40.62960054,-3.54330700
40.63040054,-3.14960600
40.63120054,-2.75590500
40.63200054,-2.75590500
40.63280054,-2.75590500
40.63360054,-2.36220500
40.63440054,-1.57480300
40.63520054,-0.78740150
40.63600054,-0.78740150
40.63680054,-1.18110200
40.63760054,-1.18110200
40.63840054,-1.18110200
40.63920054,-0.39370070
40.64000054,1.57480300
40.64080054,2.75590500
40.64160054,3.54330700
40.64240054,4.33070900
40.64320054,4.72440900
40.64400054,3.93700800
40.64480054,4.33070900
40.64560054,4.72440900
40.64640054,5.11811000
40.64720054,5.90551100
40.64800054,5.51181100
40.64880054,5.90551100
40.64960054,6.29921200
40.65040054,6.69291300
40.65120054,7.87401500
40.65200054,8.26771600
40.65280054,9.05511800
40.65360054,9.05511800
40.65440054,7.87401500
40.65520054,6.29921200
40.65600054,5.11811000
40.65680054,5.90551100
40.65760054,6.29921200
40.65840054,6.29921200
40.65920054,6.69291300
40.66000054,5.90551100
40.66080054,5.90551100
40.66160054,5.90551100
40.66240054,5.51181100
40.66320054,5.90551100
40.66400054,5.51181100
40.66480054,4.72440900
40.66560054,3.54330700
40.66640054,2.36220500
40.66720054,1.96850400
40.66800054,2.36220500
40.66880054,2.75590500
40.66960054,2.75590500
40.67040054,2.36220500
40.67120054,1.57480300
40.67200054,0.39370070
40.67280054,-0.39370070
40.67360054,-0.39370070
40.67440054,-0.39370070
40.67520054,-0.78740150
40.67600054,-2.36220500
40.67680054,-3.93700800
40.67760054,-5.11811000
40.67840054,-5.90551100
40.67920054,-5.90551100
40.68000054,-5.90551100
40.68080054,-5.11811000
40.68160054,-5.51181100
40.68240054,-5.11811000
40.68320054,-4.72440900
40.68400054,-3.93700800
40.68480054,-3.54330700
40.68560054,-3.14960600
40.68640054,-3.54330700
40.68720054,-5.11811000
40.68800054,-6.29921200
40.68880054,-7.48031400
40.68960054,-7.48031400
40.69040054,-7.48031400
40.69120054,-6.29921200
40.69200054,-5.90551100
40.69280054,-4.72440900
40.69360054,-4.33070900
40.69440054,-3.54330700
40.69520054,-3.54330700
40.69600054,-3.14960600
40.69680054,-2.36220500
40.69760054,-3.54330700
40.69840054,-4.72440900
40.69920054,-5.90551100
40.70000054,-6.69291300
40.70080054,-6.29921200
40.70160054,-4.72440900
40.70240054,-2.75590500
40.70320054,-1.18110200
40.70400054,-0.39370070
40.70480054,0.78740150
40.70560054,1.18110200
40.70640054,1.96850400
40.70720054,2.36220500
40.70800054,1.96850400
40.70880054,1.96850400
40.70960054,0.78740150
40.71040054,-1.18110200
40.71120054,-1.96850400
40.71200054,-1.18110200
40.71280054,0.39370070
40.71360054,1.96850400
40.71440054,3.54330700
40.71520054,3.54330700
40.71600054,3.54330700
40.71680054,2.75590500
40.71760054,2.36220500
40.71840054,2.75590500
40.71920054,2.75590500
40.72000054,2.36220500
40.72080054,2.36220500
40.72160054,2.36220500
40.72240054,2.75590500
40.72320054,3.93700800
40.72400054,5.90551100
40.72480054,7.08661400
40.72560054,7.48031400
40.72640054,7.08661400
40.72720054,5.90551100
40.72800054,5.11811000
40.72880054,4.33070900
40.72960054,4.72440900
40.73040054,5.11811000
40.73120054,4.72440900
40.73200054,3.54330700
40.73280054,2.75590500
40.73360054,2.36220500
40.73440054,2.36220500
40.73520054,3.54330700
40.73600054,4.33070900
40.73680054,4.33070900
40.73760054,3.93700800
40.73840054,3.54330700
40.73920054,2.75590500
40.74000054,2.75590500
40.74080054,3.14960600
40.74160054,2.75590500
40.74240054,2.36220500
40.74320054,1.18110200
40.74400054,0.39370070
40.74480054,0.00000000
40.74560054,0.00000000
40.74640054,0.00000000
40.74720054,0.78740150
40.74800054,0.78740150
40.74880054,0.39370070
40.74960054,-0.39370070
40.75040054,-0.39370070
40.75120054,-0.39370070
40.75200054,-0.39370070
40.75280054,-0.39370070
40.75360054,-1.57480300
40.75440054,-3.54330700
40.75520054,-5.11811000
40.75600054,-6.69291300
40.75680054,-6.29921200
40.75760054,-5.11811000
40.75840054,-3.93700800
40.75920054,-3.14960600
40.76000054,-2.75590500
40.76080054,-2.75590500
40.76160054,-2.36220500
40.76240054,-1.96850400
40.76320054,-1.96850400
40.76400054,-3.14960600
40.76480054,-4.33070900
40.76560054,-5.90551100
40.76640054,-7.08661400
40.76720054,-7.48031400
40.76800054,-7.08661400
40.76880054,-5.51181100
40.76960054,-3.54330700
40.77040054,-2.75590500
40.77120054,-2.36220500
40.77200054,-2.36220500
40.77280054,-2.36220500
40.77360054,-2.36220500
40.77440054,-1.96850400
40.77520054,-2.36220500
40.77600054,-2.75590500
40.77680054,-3.93700800
40.77760054,-4.33070900
40.77840054,-5.11811000
40.77920054,-3.54330700
40.78000054,-1.96850400
40.78080054,0.00000000
40.78160054,0.78740150
40.78240054,1.57480300
40.78320054,0.78740150
40.78400054,0.39370070
40.78480054,0.39370070
40.78560054,0.00000000
40.78640054,0.00000000
40.78720054,0.00000000
40.78800054,-0.39370070
40.78880054,-0.39370070
40.78960054,-0.39370070
40.79040054,0.78740150
40.79120054,1.57480300
40.79200054,2.75590500
40.79280054,3.93700800
40.79360054,3.93700800
40.79440054,3.14960600
40.79520054,3.14960600
40.79600054,3.14960600
40.79680054,3.93700800
40.79760054,4.33070900
40.79840054,4.33070900
40.79920054,4.33070900
40.80000054,3.93700800
40.80080054,3.93700800
40.80160054,5.11811000
40.80240054,6.69291300
40.80320054,6.69291300
40.80400054,6.29921200
40.80480054,5.90551100
40.80560054,5.51181100
40.80640054,4.72440900
40.80720054,4.33070900
40.80800054,4.33070900
40.80880054,4.33070900
40.80960054,4.33070900
40.81040054,3.93700800
40.81120054,3.54330700
40.81200054,3.14960600
40.81280054,4.72440900
40.81360054,4.72440900
40.81440054,5.51181100
40.81520054,4.72440900
40.81600054,4.33070900
40.81680054,2.75590500
40.81760054,2.36220500
40.81840054,1.57480300
40.81920054,1.18110200
40.82000055,0.78740150
40.82080055,0.00000000
40.82160055,-0.78740150
40.82240055,-1.57480300
40.82320055,-0.78740150
40.82400055,0.00000000
40.82480055,0.39370070
40.82560055,0.78740150
40.82640055,0.00000000
40.82720055,-1.18110200
40.82800055,-2.36220500
40.82880055,-4.33070900
40.82960055,-4.72440900
40.83040055,-5.11811000
40.83120055,-5.51181100
40.83200055,-5.51181100
40.83280055,-5.51181100
40.83360055,-5.11811000
40.83440055,-4.33070900
40.83520055,-3.54330700
40.83600055,-2.36220500
40.83680055,-2.75590500
40.83760055,-3.93700800
40.83840055,-5.11811000
40.83920055,-6.69291300
40.84000055,-7.48031400
40.84080055,-7.08661400
40.84160055,-6.69291300
40.84240055,-5.51181100
40.84320055,-5.51181100
40.84400055,-4.72440900
40.84480055,-4.33070900
40.84560055,-3.54330700
40.84640055,-3.14960600
40.84720055,-2.75590500
40.84800055,-3.54330700
40.84880055,-4.33070900
40.84960055,-5.11811000
40.85040055,-5.51181100
40.85120055,-5.51181100
40.85200055,-4.72440900
40.85280055,-3.14960600
40.85360055,-0.78740150
40.85440055,-0.39370070
40.85520055,0.78740150
40.85600055,1.18110200
40.85680055,0.39370070
40.85760055,0.39370070
40.85840055,0.39370070
40.85920055,0.39370070
40.86000055,-0.39370070
40.86080055,-0.39370070
40.86160055,0.78740150
40.86240055,1.96850400
40.86320055,3.14960600
40.86400055,3.93700800
40.86480055,4.33070900
40.86560055,5.11811000
40.86640055,4.72440900
40.86720055,3.93700800
40.86800055,3.14960600
40.86880055,2.75590500
40.86960055,2.36220500
40.87040055,3.54330700
40.87120055,4.33070900
40.87200055,4.72440900
40.87280055,5.51181100
40.87360055,6.69291300
40.87440055,7.08661400
40.87520055,7.87401500
40.87600055,6.69291300
40.87680055,6.29921200
40.87760055,5.11811000
40.87840055,4.33070900
40.87920055,3.93700800
40.88000055,4.33070900
40.88080055,5.11811000
40.88160055,5.51181100
40.88240055,6.69291300
40.88320055,7.48031400
40.88400055,6.69291300
40.88480055,6.69291300
40.88560055,5.90551100
40.88640055,4.72440900
40.88720055,3.14960600
40.88800055,2.36220500
40.88880055,1.18110200
40.88960055,0.39370070
40.89040055,0.39370070
40.89120055,0.78740150
40.89200055,1.57480300
40.89280055,1.96850400
40.89360055,2.36220500
40.89440055,2.36220500
40.89520055,1.96850400
40.89600055,1.18110200
40.89680055,0.00000000
40.89760055,-1.18110200
40.89840055,-2.36220500
40.89920055,-3.54330700
40.90000055,-4.33070900
40.90080055,-4.33070900
40.90160055,-4.72440900
40.90240055,-4.33070900
40.90320055,-3.93700800
40.90400055,-3.93700800
40.90480055,-3.54330700
40.90560055,-3.54330700
40.90640055,-3.54330700
40.90720055,-4.72440900
40.90800055,-6.29921200
40.90880055,-7.08661400
40.90960055,-7.08661400
40.91040055,-7.08661400
40.91120055,-6.69291300
40.91200055,-6.69291300
40.91280055,-6.69291300
40.91360055,-5.90551100
40.91440055,-5.51181100
40.91520055,-5.51181100
40.91600055,-5.11811000
40.91680055,-5.11811000
40.91760055,-5.51181100
40.91840055,-5.11811000
40.91920055,-5.51181100
40.92000055,-5.51181100
40.92080055,-4.72440900
40.92160055,-4.72440900
40.92240055,-3.93700800
40.92320055,-3.14960600
40.92400055,-2.75590500
40.92480055,-2.36220500
40.92560055,-2.36220500
40.92640055,-1.96850400
40.92720055,-1.96850400
40.92800055,-1.18110200
40.92880055,-1.18110200
40.92960055,-1.18110200
40.93040055,-0.78740150
40.93120055,-0.39370070
40.93200055,0.39370070
40.93280055,1.18110200
40.93360055,1.96850400
40.93440055,2.36220500
40.93520055,2.75590500
40.93600055,3.14960600
40.93680055,3.14960600
40.93760055,4.33070900
40.93840055,4.72440900
40.93920055,4.72440900
40.94000055,5.11811000
40.94080055,5.11811000
40.94160055,4.33070900
40.94240055,4.33070900
40.94320055,4.33070900
40.94400055,4.72440900
40.94480055,5.11811000
40.94560055,6.29921200
40.94640055,7.08661400
40.94720055,7.08661400
40.94800055,6.69291300
40.94880055,6.29921200
40.94960055,5.90551100
40.95040055,5.90551100
40.95120055,5.51181100
40.95200055,5.51181100
40.95280055,4.72440900
40.95360055,4.72440900
40.95440055,5.11811000
40.95520055,5.51181100
40.95600055,6.69291300
40.95680055,6.69291300
40.95760055,6.29921200
40.95840055,5.90551100
40.95920055,5.11811000
40.96000055,3.93700800
40.96080055,3.54330700
40.96160055,3.14960600
40.96240055,3.14960600
40.96320055,2.36220500
40.96400055,1.57480300
40.96480055,1.57480300
40.96560055,1.57480300
40.96640055,1.96850400
40.96720055,1.57480300
40.96800055,1.57480300
40.96880055,0.78740150
40.96960055,-0.39370070
40.97040055,-1.57480300
40.97120055,-1.96850400
40.97200055,-2.36220500
40.97280055,-2.36220500
40.97360055,-2.75590500
40.97440055,-3.54330700
40.97520055,-3.93700800
40.97600055,-4.33070900
40.97680055,-4.33070900
40.97760055,-3.93700800
40.97840055,-3.54330700
40.97920055,-4.33070900
40.98000055,-4.72440900
40.98080055,-6.29921200
40.98160055,-7.48031400
40.98240055,-7.48031400
40.98320055,-7.08661400
40.98400055,-6.69291300
40.98480055,-6.29921200
40.98560055,-7.48031400
40.98640055,-7.48031400
40.98720055,-7.48031400
40.98800055,-7.48031400
40.98880055,-6.29921200
40.98960055,-5.51181100
40.99040055,-5.11811000
40.99120055,-5.90551100
40.99200055,-6.69291300
40.99280055,-6.29921200
40.99360055,-5.90551100
40.99440055,-5.51181100
40.99520055,-4.72440900
40.99600055,-4.72440900
40.99680055,-4.72440900
40.99760055,-4.33070900
40.99840055,-3.54330700
40.99920055,-3.14960600
41.00000055,-2.36220500
41.00080055,-1.57480300
41.00160055,-1.18110200
41.00240055,-1.18110200
41.00320055,-0.78740150
41.00400055,-1.18110200
41.00480055,-0.39370070
41.00560055,0.00000000
41.00640055,0.78740150
41.00720055,0.78740150
41.00800055,1.18110200
41.00880055,1.57480300
41.00960055,3.14960600
41.01040055,3.93700800
41.01120055,5.51181100
41.01200055,6.29921200
41.01280055,5.90551100
41.01360055,5.90551100
41.01440055,4.72440900
41.01520055,4.72440900
41.01600055,4.33070900
41.01680055,5.11811000
41.01760055,5.51181100
41.01840055,6.29921200
41.01920055,6.69291300
41.02000055,6.29921200
41.02080055,7.08661400
41.02160055,7.08661400
41.02240055,7.87401500
41.02320055,7.48031400
41.02400055,7.48031400
41.02480055,6.29921200
41.02560055,5.11811000
41.02640055,4.72440900
41.02720055,4.72440900
41.02800055,5.11811000
41.02880055,6.29921200
41.02960055,6.69291300
41.03040055,6.29921200
41.03120055,5.90551100
41.03200055,4.72440900
41.03280055,4.33070900
41.03360055,3.93700800
41.03440055,3.93700800
41.03520055,3.54330700
41.03600055,2.75590500
41.03680055,1.18110200
41.03760055,0.39370070
41.03840055,1.18110200
41.03920055,1.57480300
41.04000055,2.36220500
41.04080055,1.96850400
41.04160055,1.57480300
41.04240055,-0.39370070
41.04320055,-1.57480300
41.04400055,-2.36220500
41.04480055,-2.36220500
41.04560055,-2.36220500
41.04640055,-2.36220500
41.04720055,-3.54330700
41.04800055,-4.33070900
41.04880055,-5.11811000
41.04960055,-3.93700800
41.05040055,-3.14960600
41.05120055,-2.75590500
41.05200055,-2.36220500
41.05280055,-4.33070900
41.05360055,-5.51181100
41.05440055,-7.08661400
41.05520055,-6.69291300
41.05600055,-5.51181100
41.05680055,-4.72440900
41.05760055,-4.33070900
41.05840055,-5.11811000
41.05920055,-6.29921200
41.06000055,-7.08661400
41.06080055,-6.69291300
41.06160055,-5.90551100
41.06240055,-4.72440900
41.06320055,-4.72440900
41.06400055,-5.90551100
41.06480055,-6.29921200
41.06560055,-5.90551100
41.06640055,-4.72440900
41.06720055,-3.14960600
41.06800055,-1.96850400
41.06880055,-2.36220500
41.06960055,-2.75590500
41.07040055,-3.93700800
41.07120055,-4.33070900
41.07200055,-3.54330700
41.07280055,-2.75590500
41.07360055,-1.57480300
41.07440055,-1.18110200
41.07520055,-1.18110200
41.07600055,-1.96850400
41.07680055,-0.78740150
41.07760055,0.39370070
41.07840055,1.96850400
41.07920055,2.75590500
41.08000055,1.96850400
41.08080055,0.78740150
41.08160055,-0.39370070
41.08240055,0.00000000
41.08320055,1.18110200
41.08400055,2.75590500
41.08480055,3.14960600
41.08560055,3.54330700
41.08640055,2.75590500
41.08720055,2.75590500
41.08800055,3.14960600
41.08880055,3.93700800
41.08960055,4.72440900
41.09040055,4.72440900
41.09120055,4.72440900
41.09200055,3.54330700
41.09280055,3.54330700
41.09360055,3.54330700
41.09440055,4.33070900
41.09520055,5.51181100
41.09600055,6.69291300
41.09680055,7.08661400
41.09760055,6.29921200
41.09840055,5.51181100
41.09920055,4.72440900
41.10000055,3.93700800
41.10080055,3.93700800
41.10160055,3.93700800
41.10240055,3.93700800
41.10320055,3.93700800
41.10400055,3.14960600
41.10480055,3.14960600
41.10560055,3.54330700
41.10640055,4.72440900
41.10720055,5.11811000
41.10800055,4.72440900
41.10880055,3.93700800
41.10960055,2.36220500
41.11040055,1.57480300
41.11120055,1.57480300
41.11200055,2.36220500
41.11280055,3.14960600
41.11360055,3.14960600
41.11440055,2.75590500
41.11520055,0.78740150
41.11600055,0.00000000
41.11680055,0.00000000
41.11760055,0.39370070
41.11840055,0.78740150
41.11920055,0.39370070
41.12000055,-1.18110200
41.12080055,-1.96850400
41.12160055,-2.36220500
41.12240055,-1.57480300
41.12320055,0.00000000
41.12400055,0.39370070
41.12480055,0.39370070
41.12560055,-1.18110200
41.12640055,-3.54330700
41.12720055,-4.72440900
41.12800055,-4.72440900
41.12880055,-4.72440900
41.12960055,-4.33070900
41.13040055,-5.51181100
41.13120055,-6.69291300
41.13200055,-8.26771600
41.13280055,-7.48031400
41.13360055,-5.11811000
41.13440055,-2.75590500
41.13520055,-1.57480300
41.13600055,-2.36220500
41.13680055,-4.33070900
41.13760055,-5.90551100
41.13840055,-6.69291300
41.13920055,-6.69291300
41.14000055,-5.90551100
41.14080055,-5.90551100
41.14160055,-5.90551100
41.14240055,-7.08661400
41.14320055,-5.90551100
41.14400055,-3.14960600
41.14480055,0.00000000
41.14560055,1.57480300
41.14640055,0.39370070
41.14720055,-1.96850400
41.14800055,-4.72440900
41.14880055,-6.29921200
41.14960055,-6.69291300
41.15040055,-4.72440900
41.15120055,-1.57480300
41.15200055,1.57480300
41.15280055,3.14960600
41.15360055,3.14960600
41.15440055,1.96850400
41.15520055,0.39370070
41.15600055,0.39370070
41.15680055,0.78740150
41.15760055,1.18110200
41.15840055,0.78740150
41.15920055,0.39370070
41.16000055,0.39370070
41.16080055,0.78740150
41.16160055,2.36220500
41.16240055,3.93700800
41.16320055,5.11811000
41.16400055,5.90551100
41.16480055,5.51181100
41.16560055,5.51181100
41.16640055,5.51181100
41.16720055,5.11811000
41.16800055,4.72440900
41.16880055,4.33070900
41.16960055,3.14960600
41.17040055,2.36220500
41.17120055,2.36220500
41.17200055,3.54330700
41.17280055,5.90551100
41.17360055,7.87401500
41.17440055,7.87401500
41.17520055,7.48031400
41.17600055,4.72440900
41.17680055,3.14960600
41.17760055,3.14960600
41.17840055,3.93700800
41.17920055,5.11811000
41.18000055,6.29921200
41.18080055,5.11811000
41.18160055,3.14960600
41.18240055,1.18110200
41.18320055,0.00000000
41.18400055,0.39370070
41.18480055,2.36220500
41.18560055,3.93700800
41.18640055,4.33070900
41.18720055,3.54330700
41.18800055,1.18110200
41.18880055,0.00000000
41.18960055,0.39370070
41.19040055,1.57480300
41.19120055,1.57480300
41.19200055,1.18110200
41.19280055,0.00000000
41.19360055,-2.36220500
41.19440055,-2.75590500
41.19520055,-2.75590500
41.19600055,-2.75590500
41.19680055,-2.36220500
41.19760055,-1.57480300
41.19840055,-2.36220500
41.19920055,-2.36220500
41.20000055,-3.14960600
41.20080055,-3.14960600
41.20160055,-2.75590500
41.20240055,-2.75590500
41.20320055,-3.93700800
41.20400055,-4.72440900
41.20480055,-5.51181100
41.20560055,-5.11811000
41.20640055,-4.33070900
41.20720055,-3.14960600
41.20800055,-3.14960600
41.20880055,-3.93700800
41.20960055,-5.11811000
41.21040055,-6.29921200
41.21120055,-5.90551100
41.21200055,-4.72440900
41.21280055,-3.93700800
41.21360055,-3.54330700
41.21440055,-4.33070900
41.21520055,-4.72440900
41.21600055,-5.11811000
41.21680055,-4.33070900
41.21760055,-2.36220500
41.21840055,-1.57480300
41.21920055,-1.18110200
41.22000055,-3.14960600
41.22080055,-4.72440900
41.22160055,-6.29921200
41.22240055,-5.90551100
41.22320055,-3.93700800
41.22400055,-1.18110200
41.22480055,0.00000000
41.22560055,0.39370070
41.22640055,0.39370070
41.22720055,-0.39370070
41.22800055,-0.39370070
41.22880055,0.39370070
41.22960055,1.18110200
41.23040055,2.36220500
41.23120055,1.57480300
41.23200055,0.39370070
41.23280055,-0.78740150
41.23360055,-0.78740150
41.23440055,0.39370070
41.23520055,2.75590500
41.23600055,4.72440900
41.23680055,4.72440900
41.23760055,3.93700800
41.23840055,3.14960600
41.23920055,3.14960600
41.24000055,3.54330700
41.24080055,4.72440900
41.24160055,5.11811000
41.24240055,5.51181100
41.24320055,4.72440900
41.24400055,3.93700800
41.24480055,3.54330700
41.24560055,5.11811000
41.24640055,5.90551100
41.24720055,6.29921200
41.24800055,5.51181100
41.24880055,4.33070900
41.24960055,3.54330700
41.25040055,3.93700800
41.25120055,4.72440900
41.25200055,5.51181100
41.25280055,5.51181100
41.25360055,5.11811000
41.25440055,4.72440900
41.25520055,4.33070900
41.25600055,3.93700800
41.25680055,4.33070900
41.25760055,4.72440900
41.25840055,3.93700800
41.25920055,2.36220500
41.26000055,0.78740150
41.26080055,0.39370070
41.26160055,1.18110200
41.26240055,2.36220500
41.26320055,3.54330700
41.26400055,3.54330700
41.26480055,1.96850400
41.26560055,0.39370070
41.26640055,0.00000000
41.26720055,-1.18110200
41.26800055,-1.18110200
41.26880055,-1.18110200
41.26960055,-1.18110200
41.27040055,-1.96850400
41.27120055,-2.75590500
41.27200055,-3.14960600
41.27280055,-3.54330700
41.27360055,-1.96850400
41.27440055,-1.96850400
41.27520055,-1.96850400
41.27600055,-3.54330700
41.27680055,-4.72440900
41.27760055,-6.29921200
41.27840055,-6.29921200
41.27920055,-5.90551100
41.28000055,-4.72440900
41.28080055,-4.33070900
41.28160055,-3.93700800
41.28240055,-4.72440900
41.28320055,-4.33070900
41.28400055,-5.11811000
41.28480055,-5.51181100
41.28560055,-4.72440900
41.28640055,-4.72440900
41.28720055,-5.51181100
41.28800055,-5.90551100
41.28880055,-7.08661400
41.28960055,-6.69291300
41.29040055,-5.90551100
41.29120055,-4.33070900
41.29200055,-3.14960600
41.29280055,-2.36220500
41.29360055,-2.75590500
41.29440055,-3.93700800
41.29520055,-3.93700800
41.29600055,-3.93700800
41.29680055,-3.54330700
41.29760055,-2.75590500
41.29840055,-2.75590500
41.29920055,-3.14960600
41.30000055,-3.14960600
41.30080055,-2.36220500
41.30160055,-0.78740150
41.30240055,0.39370070
41.30320055,1.18110200
41.30400055,1.57480300
41.30480055,0.39370070
41.30560055,0.00000000
41.30640055,0.39370070
41.30720055,1.57480300
41.30800055,3.14960600
41.30880055,2.75590500
41.30960055,3.14960600
41.31040055,3.14960600
41.31120055,2.75590500
41.31200055,3.14960600
41.31280055,4.33070900
41.31360055,5.90551100
41.31440055,5.90551100
41.31520055,5.51181100
41.31600055,4.72440900
41.31680055,4.72440900
41.31760055,5.11811000
41.31840055,6.29921200
41.31920055,7.48031400
41.32000055,7.87401500
41.32080055,6.29921200
41.32160055,5.51181100
41.32240055,4.72440900
41.32320055,5.11811000
41.32400055,5.90551100
41.32480055,7.08661400
41.32560055,7.48031400
41.32640055,6.69291300
41.32720055,5.11811000
41.32800055,4.33070900
41.32880055,4.72440900
41.32960055,5.51181100
41.33040055,5.90551100
41.33120055,5.90551100
41.33200055,4.72440900
41.33280055,3.93700800
41.33360055,2.75590500
41.33440055,2.75590500
41.33520055,3.14960600
41.33600055,3.54330700
41.33680055,3.14960600
41.33760055,1.96850400
41.33840055,1.18110200
41.33920055,0.39370070
41.34000055,0.00000000
41.34080055,0.39370070
41.34160055,-0.78740150
41.34240055,-1.18110200
41.34320055,-2.36220500
41.34400055,-2.75590500
41.34480055,-3.93700800
41.34560055,-3.54330700
41.34640055,-3.54330700
41.34720055,-3.54330700
41.34800055,-3.93700800
41.34880055,-4.33070900
41.34960055,-5.51181100
41.35040055,-5.51181100
41.35120055,-5.90551100
41.35200055,-6.29921200
41.35280055,-6.29921200
41.35360055,-6.29921200
41.35440055,-5.90551100
41.35520055,-6.29921200
41.35600055,-6.69291300
41.35680055,-7.08661400
41.35760055,-7.48031400
41.35840055,-7.87401500
41.35920055,-7.87401500
41.36000055,-7.87401500
41.36080055,-7.48031400
41.36160055,-7.48031400
41.36240055,-7.08661400
41.36320055,-6.29921200
41.36400055,-5.11811000
41.36480055,-4.33070900
41.36560055,-3.93700800
41.36640055,-3.54330700
41.36720055,-3.93700800
41.36800055,-4.72440900
41.36880055,-4.72440900
41.36960055,-4.72440900
41.37040055,-3.93700800
41.37120055,-3.54330700
41.37200055,-3.14960600
41.37280055,-3.14960600
41.37360055,-2.36220500
41.37440055,-0.39370070
41.37520055,1.18110200
41.37600055,2.75590500
41.37680055,3.14960600
41.37760055,2.75590500
41.37840055,1.96850400
41.37920055,1.18110200
41.38000055,1.18110200
41.38080055,2.36220500
41.38160055,3.54330700
41.38240055,3.93700800
41.38320055,4.33070900
41.38400055,5.51181100
41.38480055,6.29921200
41.38560055,7.48031400
41.38640055,8.66141700
41.38720055,8.66141700
41.38800055,8.26771600
41.38880055,6.29921200
41.38960055,5.51181100
41.39040055,5.51181100
41.39120055,5.90551100
41.39200055,7.48031400
41.39280055,8.26771600
41.39360055,9.05511800
41.39440055,8.66141700
41.39520055,8.66141700
41.39600055,8.66141700
41.39680055,8.66141700
41.39760055,8.66141700
41.39840055,7.48031400
41.39920055,5.90551100
41.40000055,4.33070900
41.40080055,3.54330700
41.40160055,3.54330700
41.40240055,3.93700800
41.40320055,4.72440900
41.40400055,4.72440900
41.40480055,4.72440900
41.40560055,3.93700800
41.40640055,3.14960600
41.40720055,2.75590500
41.40800055,1.96850400
41.40880055,1.18110200
41.40960055,0.39370070
41.41040055,-0.78740150
41.41120055,-1.96850400
41.41200055,-2.75590500
41.41280055,-3.14960600
41.41360055,-3.14960600
41.41440055,-3.14960600
41.41520055,-2.75590500
41.41600055,-2.75590500
41.41680055,-3.54330700
41.41760055,-3.54330700
41.41840055,-3.93700800
41.41920055,-4.72440900
41.42000055,-5.11811000
41.42080055,-5.51181100
41.42160055,-6.29921200
41.42240055,-7.08661400
41.42320055,-7.08661400
41.42400055,-7.48031400
41.42480055,-7.48031400
41.42560055,-6.69291300
41.42640055,-5.90551100
41.42720055,-5.11811000
41.42800055,-4.72440900
41.42880055,-5.51181100
41.42960055,-6.29921200
41.43040055,-6.69291300
41.43120055,-7.08661400
41.43200055,-6.29921200
41.43280055,-6.29921200
41.43360055,-6.69291300
41.43440055,-6.69291300
41.43520055,-6.29921200
41.43600055,-5.51181100
41.43680055,-4.33070900
41.43760055,-2.75590500
41.43840055,-2.36220500
41.43920055,-1.96850400
41.44000055,-2.36220500
41.44080055,-2.36220500
41.44160055,-2.36220500
41.44240055,-2.75590500
41.44320055,-2.36220500
41.44400055,-2.36220500
41.44480055,-1.57480300
41.44560055,-0.78740150
41.44640055,0.00000000
41.44720055,1.57480300
41.44800055,3.14960600
41.44880055,3.93700800
41.44960055,4.72440900
41.45040055,3.93700800
41.45120055,3.14960600
41.45200055,2.36220500
41.45280055,1.96850400
41.45360055,1.96850400
41.45440055,2.36220500
41.45520055,2.75590500
41.45600055,3.93700800
41.45680055,4.72440900
41.45760055,4.72440900
41.45840055,6.29921200
41.45920055,7.08661400
41.46000055,7.08661400
41.46080055,6.69291300
41.46160055,5.51181100
41.46240055,4.33070900
41.46320055,3.54330700
41.46400055,3.14960600
41.46480055,3.14960600
41.46560055,4.33070900
41.46640055,5.11811000
41.46720055,6.29921200
41.46800055,6.69291300
41.46880055,7.08661400
41.46960055,6.69291300
41.47040055,6.29921200
41.47120055,5.51181100
41.47200055,4.72440900
41.47280055,3.14960600
41.47360055,2.36220500
41.47440055,0.78740150
41.47520055,1.18110200
41.47600055,1.57480300
41.47680055,2.36220500
41.47760055,3.54330700
41.47840055,3.54330700
41.47920055,3.54330700
41.48000055,3.54330700
41.48080055,2.75590500
41.48160055,1.96850400
41.48240055,1.57480300
41.48320055,0.39370070
41.48400055,-1.18110200
41.48480055,-1.57480300
41.48560055,-2.36220500
41.48640055,-2.36220500
41.48720055,-1.96850400
41.48800055,-1.18110200
41.48880055,-0.78740150
41.48960055,-0.78740150
41.49040055,-0.39370070
41.49120055,-0.78740150
41.49200055,-1.57480300
41.49280055,-1.18110200
41.49360055,-2.36220500
41.49440055,-2.75590500
41.49520055,-3.54330700
41.49600055,-4.72440900
41.49680055,-4.72440900
41.49760055,-4.72440900
41.49840055,-3.93700800
41.49920055,-3.93700800
41.50000055,-3.54330700
41.50080055,-3.93700800
41.50160055,-3.93700800
41.50240055,-3.54330700
41.50320055,-3.54330700
41.50400055,-3.14960600
41.50480055,-3.14960600
41.50560055,-3.14960600
41.50640055,-3.93700800
41.50720055,-4.33070900
41.50800055,-5.51181100
41.50880055,-5.90551100
41.50960055,-5.11811000
41.51040055,-5.11811000
41.51120055,-4.72440900
41.51200055,-3.93700800
41.51280055,-3.54330700
41.51360055,-3.14960600
41.51440055,-2.36220500
41.51520055,-2.36220500
41.51600055,-1.96850400
41.51680055,-2.36220500
41.51760055,-3.54330700
41.51840055,-4.33070900
41.51920055,-4.33070900
41.52000055,-3.93700800
41.52080055,-3.54330700
41.52160055,-1.96850400
41.52240055,-1.18110200
41.52320055,0.39370070
41.52400055,0.78740150
41.52480055,1.57480300
41.52560055,1.18110200
41.52640055,1.18110200
41.52720055,0.39370070
41.52800055,0.00000000
41.52880055,0.00000000
41.52960055,0.00000000
41.53040055,0.39370070
41.53120055,1.18110200
41.53200055,1.96850400
41.53280055,4.72440900
41.53360055,5.51181100
41.53440055,5.90551100
41.53520055,5.90551100
41.53600055,5.51181100
41.53680055,4.72440900
41.53760055,4.33070900
41.53840055,4.72440900
41.53920055,4.72440900
41.54000055,4.72440900
41.54080055,4.72440900
41.54160055,4.72440900
41.54240055,5.51181100
41.54320055,6.29921200
41.54400055,7.08661400
41.54480055,7.87401500
41.54560055,7.87401500
41.54640055,7.48031400
41.54720055,6.29921200
41.54800055,5.51181100
41.54880055,4.72440900
41.54960055,4.72440900
41.55040055,4.72440900
41.55120055,4.72440900
41.55200055,4.72440900
41.55280055,4.33070900
41.55360055,3.93700800
41.55440055,4.33070900
41.55520055,3.93700800
41.55600055,4.33070900
41.55680055,3.14960600
41.55760055,2.36220500
41.55840055,1.96850400
41.55920055,1.18110200
41.56000055,1.57480300
41.56080055,1.57480300
41.56160055,1.57480300
41.56240055,1.57480300
41.56320055,0.39370070
41.56400055,-1.18110200
41.56480055,-1.96850400
41.56560055,-2.75590500
41.56640055,-3.54330700
41.56720055,-3.54330700
41.56800055,-3.93700800
41.56880056,-4.33070900
41.56960056,-4.33070900
41.57040056,-4.33070900
41.57120056,-3.93700800
41.57200056,-3.93700800
41.57280056,-3.93700800
41.57360056,-5.11811000
41.57440056,-6.69291300
41.57520056,-7.87401500
41.57600056,-7.87401500
41.57680056,-7.87401500
41.57760056,-7.87401500
41.57840056,-7.87401500
41.57920056,-7.08661400
41.58000056,-7.08661400
41.58080056,-6.69291300
41.58160056,-7.08661400
41.58240056,-6.69291300
41.58320056,-6.69291300
41.58400056,-6.29921200
41.58480056,-7.08661400
41.58560056,-7.08661400
41.58640056,-7.48031400
41.58720056,-7.08661400
41.58800056,-6.29921200
41.58880056,-5.11811000
41.58960056,-4.33070900
41.59040056,-3.54330700
41.59120056,-3.54330700
41.59200056,-3.14960600
41.59280056,-2.75590500
41.59360056,-2.36220500
41.59440056,-1.57480300
41.59520056,-1.18110200
41.59600056,-0.78740150
41.59680056,-1.18110200
41.59760056,-0.39370070
41.59840056,-0.39370070
41.59920056,0.00000000
41.60000056,0.78740150
41.60080056,1.96850400
41.60160056,3.54330700
41.60240056,4.72440900
41.60320056,5.11811000
41.60400056,5.11811000
41.60480056,5.11811000
41.60560056,5.51181100
41.60640056,5.90551100
41.60720056,5.90551100
41.60800056,5.51181100
41.60880056,4.72440900
41.60960056,4.33070900
41.61040056,4.33070900
41.61120056,5.11811000
41.61200056,5.90551100
41.61280056,7.08661400
41.61360056,7.48031400
41.61440056,8.26771600
41.61520056,8.66141700
41.61600056,9.05511800
41.61680056,9.05511800
41.61760056,8.66141700
41.61840056,7.87401500
41.61920056,6.69291300
41.62000056,6.29921200
41.62080056,5.51181100
41.62160056,5.11811000
41.62240056,5.11811000
41.62320056,4.72440900
41.62400056,5.11811000
41.62480056,6.29921200
41.62560056,6.69291300
41.62640056,6.29921200
41.62720056,6.69291300
41.62800056,5.51181100
41.62880056,4.72440900
41.62960056,3.54330700
41.63040056,1.96850400
41.63120056,-0.39370070
41.63200056,-0.78740150
41.63280056,-0.78740150
41.63360056,-0.39370070
41.63440056,0.78740150
41.63520056,0.78740150
41.63600056,0.78740150
41.63680056,0.00000000
41.63760056,0.00000000
41.63840056,-0.78740150
41.63920056,-1.96850400
41.64000056,-3.14960600
41.64080056,-4.72440900
41.64160056,-5.90551100
41.64240056,-7.08661400
41.64320056,-7.48031400
41.64400056,-7.08661400
41.64480056,-6.69291300
41.64560056,-5.51181100
41.64640056,-4.72440900
41.64720056,-4.72440900
41.64800056,-5.51181100
41.64880056,-6.29921200
41.64960056,-7.87401500
41.65040056,-7.87401500
41.65120056,-8.66141700
41.65200056,-8.66141700
41.65280056,-8.66141700
41.65360056,-7.87401500
41.65440056,-7.87401500
41.65520056,-7.48031400
41.65600056,-7.08661400
41.65680056,-6.69291300
41.65760056,-5.51181100
41.65840056,-5.51181100
41.65920056,-5.90551100
41.66000056,-6.29921200
41.66080056,-6.29921200
41.66160056,-6.29921200
41.66240056,-5.90551100
41.66320056,-5.51181100
41.66400056,-5.11811000
41.66480056,-3.93700800
41.66560056,-3.54330700
41.66640056,-3.14960600
41.66720056,-1.96850400
41.66800056,-0.78740150
41.66880056,0.00000000
41.66960056,0.78740150
41.67040056,0.78740150
41.67120056,0.00000000
41.67200056,-0.39370070
41.67280056,0.78740150
41.67360056,1.57480300
41.67440056,1.96850400
41.67520056,2.75590500
41.67600056,2.75590500
41.67680056,3.54330700
41.67760056,3.54330700
41.67840056,3.93700800
41.67920056,3.93700800
41.68000056,5.51181100
41.68080056,5.90551100
41.68160056,6.29921200
41.68240056,6.69291300
41.68320056,6.69291300
41.68400056,6.69291300
41.68480056,7.48031400
41.68560056,7.48031400
41.68640056,7.08661400
41.68720056,6.69291300
41.68800056,6.69291300
41.68880056,6.69291300
41.68960056,7.87401500
41.69040056,8.26771600
41.69120056,9.05511800
41.69200056,9.05511800
41.69280056,8.66141700
41.69360056,8.26771600
41.69440056,7.48031400
41.69520056,6.29921200
41.69600056,5.11811000
41.69680056,4.72440900
41.69760056,4.72440900
41.69840056,4.33070900
41.69920056,4.33070900
41.70000056,4.33070900
41.70080056,4.33070900
41.70160056,4.33070900
41.70240056,3.93700800
41.70320056,3.54330700
41.70400056,3.14960600
41.70480056,2.75590500
41.70560056,1.18110200
41.70640056,0.39370070
41.70720056,0.00000000
41.70800056,-0.39370070
41.70880056,-0.78740150
41.70960056,-1.18110200
41.71040056,-1.96850400
41.71120056,-2.36220500
41.71200056,-3.14960600
41.71280056,-2.75590500
41.71360056,-3.14960600
41.71440056,-3.14960600
41.71520056,-3.93700800
41.71600056,-4.72440900
41.71680056,-5.51181100
41.71760056,-5.90551100
41.71840056,-5.90551100
41.71920056,-6.29921200
41.72000056,-6.29921200
41.72080056,-6.69291300
41.72160056,-7.48031400
41.72240056,-7.87401500
41.72320056,-7.87401500
41.72400056,-7.87401500
41.72480056,-7.48031400
41.72560056,-7.08661400
41.72640056,-6.29921200
41.72720056,-6.69291300
41.72800056,-6.69291300
41.72880056,-6.69291300
41.72960056,-6.69291300
41.73040056,-6.69291300
41.73120056,-7.08661400
41.73200056,-7.48031400
41.73280056,-7.48031400
41.73360056,-7.48031400
41.73440056,-7.08661400
41.73520056,-5.51181100
41.73600056,-4.33070900
41.73680056,-3.14960600
41.73760056,-1.96850400
41.73840056,-1.96850400
41.73920056,-2.75590500
41.74000056,-2.75590500
41.74080056,-3.14960600
41.74160056,-3.14960600
41.74240056,-2.75590500
41.74320056,-2.36220500
41.74400056,-1.18110200
41.74480056,-0.39370070
41.74560056,1.18110200
41.74640056,3.14960600
41.74720056,4.72440900
41.74800056,5.11811000
41.74880056,4.72440900
41.74960056,3.54330700
41.75040056,3.14960600
41.75120056,2.36220500
41.75200056,1.96850400
41.75280056,2.36220500
41.75360056,3.14960600
41.75440056,4.33070900
41.75520056,5.90551100
41.75600056,7.08661400
41.75680056,8.26771600
41.75760056,8.66141700
41.75840056,8.66141700
41.75920056,8.66141700
41.76000056,7.48031400
41.76080056,6.69291300
41.76160056,5.90551100
41.76240056,5.11811000
41.76320056,5.51181100
41.76400056,6.69291300
41.76480056,7.08661400
41.76560056,7.48031400
41.76640056,7.87401500
41.76720056,8.66141700
41.76800056,8.26771600
41.76880056,7.87401500
41.76960056,7.08661400
41.77040056,6.29921200
41.77120056,5.51181100
41.77200056,4.33070900
41.77280056,3.93700800
41.77360056,3.54330700
41.77440056,3.54330700
41.77520056,3.54330700
41.77600056,3.54330700
41.77680056,3.54330700
41.77760056,3.54330700
41.77840056,2.75590500
41.77920056,1.96850400
41.78000056,0.39370070
41.78080056,-0.39370070
41.78160056,-0.78740150
41.78240056,-1.18110200
41.78320056,-1.57480300
41.78400056,-1.96850400
41.78480056,-2.36220500
41.78560056,-2.36220500
41.78640056,-1.96850400
41.78720056,-2.36220500
41.78800056,-3.14960600
41.78880056,-4.33070900
41.78960056,-5.51181100
41.79040056,-6.69291300
41.79120056,-6.69291300
41.79200056,-6.69291300
41.79280056,-6.29921200
41.79360056,-5.90551100
41.79440056,-6.29921200
41.79520056,-6.29921200
41.79600056,-7.08661400
41.79680056,-7.08661400
41.79760056,-6.69291300
41.79840056,-7.08661400
41.79920056,-7.08661400
41.80000056,-7.48031400
41.80080056,-8.26771600
41.80160056,-8.66141700
41.80240056,-7.48031400
41.80320056,-6.29921200
41.80400056,-5.90551100
41.80480056,-5.11811000
41.80560056,-5.11811000
41.80640056,-5.90551100
41.80720056,-5.51181100
41.80800056,-5.51181100
41.80880056,-5.11811000
41.80960056,-4.33070900
41.81040056,-4.33070900
41.81120056,-3.93700800
41.81200056,-3.54330700
41.81280056,-2.75590500
41.81360056,-1.57480300
41.81440056,-0.39370070
41.81520056,0.00000000
41.81600056,0.00000000
41.81680056,-0.39370070
41.81760056,-0.39370070
41.81840056,-0.78740150
41.81920056,0.00000000
41.82000056,1.57480300
41.82080056,2.36220500
41.82160056,3.14960600
41.82240056,3.54330700
41.82320056,3.54330700
41.82400056,3.93700800
41.82480056,5.11811000
41.82560056,5.90551100
41.82640056,6.69291300
41.82720056,5.51181100
41.82800056,5.11811000
41.82880056,4.72440900
41.82960056,5.11811000
41.83040056,5.90551100
41.83120056,6.69291300
41.83200056,8.26771600
41.83280056,7.48031400
41.83360056,7.48031400
41.83440056,7.08661400
41.83520056,7.08661400
41.83600056,7.08661400
41.83680056,7.08661400
41.83760056,6.69291300
41.83840056,6.69291300
41.83920056,6.29921200
41.84000056,5.90551100
41.84080056,5.90551100
41.84160056,6.69291300
41.84240056,6.69291300
41.84320056,6.69291300
41.84400056,5.51181100
41.84480056,4.33070900
41.84560056,3.93700800
41.84640056,3.14960600
41.84720056,3.14960600
41.84800056,3.14960600
41.84880056,3.14960600
41.84960056,2.75590500
41.85040056,1.96850400
41.85120056,1.57480300
41.85200056,0.78740150
41.85280056,0.39370070
41.85360056,-0.39370070
41.85440056,-0.78740150
41.85520056,-0.78740150
41.85600056,-1.18110200
41.85680056,-1.96850400
41.85760056,-2.36220500
41.85840056,-2.75590500
41.85920056,-3.14960600
41.86000056,-3.14960600
41.86080056,-3.54330700
41.86160056,-4.33070900
41.86240056,-5.51181100
41.86320056,-6.29921200
41.86400056,-6.69291300
41.86480056,-6.29921200
41.86560056,-5.51181100
41.86640056,-5.51181100
41.86720056,-4.72440900
41.86800056,-5.11811000
41.86880056,-5.90551100
41.86960056,-6.29921200
41.87040056,-6.29921200
41.87120056,-7.87401500
41.87200056,-7.87401500
41.87280056,-8.26771600
41.87360056,-8.66141700
41.87440056,-8.26771600
41.87520056,-6.69291300
41.87600056,-5.51181100
41.87680056,-3.93700800
41.87760056,-2.75590500
41.87840056,-2.75590500
41.87920056,-3.14960600
41.88000056,-4.33070900
41.88080056,-5.51181100
41.88160056,-5.51181100
41.88240056,-5.51181100
41.88320056,-5.11811000
41.88400056,-5.11811000
41.88480056,-4.33070900
41.88560056,-3.14960600
41.88640056,-0.78740150
41.88720056,1.18110200
41.88800056,3.14960600
41.88880056,3.14960600
41.88960056,2.75590500
41.89040056,0.78740150
41.89120056,0.00000000
41.89200056,-0.78740150
41.89280056,-0.39370070
41.89360056,0.78740150
41.89440056,1.18110200
41.89520056,1.96850400
41.89600056,3.14960600
41.89680056,4.72440900
41.89760056,5.90551100
41.89840056,7.87401500
41.89920056,8.26771600
41.90000056,7.08661400
41.90080056,5.51181100
41.90160056,4.33070900
41.90240056,2.36220500
41.90320056,3.54330700
41.90400056,4.33070900
41.90480056,5.11811000
41.90560056,6.29921200
41.90640056,6.69291300
41.90720056,7.48031400
41.90800056,8.26771600
41.90880056,9.05511800
41.90960056,8.26771600
41.91040056,7.08661400
41.91120056,5.11811000
41.91200056,3.14960600
41.91280056,2.36220500
41.91360056,2.36220500
41.91440056,2.75590500
41.91520056,3.93700800
41.91600056,4.72440900
41.91680056,4.72440900
41.91760056,5.11811000
41.91840056,4.72440900
41.91920056,4.33070900
41.92000056,3.93700800
41.92080056,3.14960600
41.92160056,1.96850400
41.92240056,0.78740150
41.92320056,-0.39370070
41.92400056,-0.78740150
41.92480056,-0.39370070
41.92560056,0.00000000
41.92640056,0.39370070
41.92720056,0.39370070
41.92800056,0.00000000
41.92880056,-0.78740150
41.92960056,-1.18110200
41.93040056,-1.18110200
41.93120056,-2.36220500
41.93200056,-2.75590500
41.93280056,-3.54330700
41.93360056,-4.33070900
41.93440056,-4.33070900
41.93520056,-3.93700800
41.93600056,-3.93700800
41.93680056,-3.54330700
41.93760056,-3.54330700
41.93840056,-3.93700800
41.93920056,-3.93700800
41.94000056,-4.72440900
41.94080056,-5.51181100
41.94160056,-5.90551100
41.94240056,-6.29921200
41.94320056,-6.29921200
41.94400056,-5.90551100
41.94480056,-5.11811000
41.94560056,-4.72440900
41.94640056,-4.33070900
41.94720056,-3.93700800
41.94800056,-4.33070900
41.94880056,-4.33070900
41.94960056,-4.33070900
41.95040056,-4.33070900
41.95120056,-4.33070900
41.95200056,-5.11811000
41.95280056,-5.51181100
41.95360056,-5.11811000
41.95440056,-4.33070900
41.95520056,-3.54330700
41.95600056,-3.14960600
41.95680056,-2.36220500
41.95760056,-1.96850400
41.95840056,-1.96850400
41.95920056,-1.96850400
41.96000056,-1.18110200
41.96080056,0.00000000
41.96160056,0.78740150
41.96240056,0.39370070
41.96320056,-0.78740150
41.96400056,-0.78740150
41.96480056,-0.78740150
41.96560056,0.00000000
41.96640056,1.18110200
41.96720056,1.57480300
41.96800056,1.96850400
41.96880056,1.96850400
41.96960056,1.57480300
41.97040056,2.75590500
41.97120056,3.14960600
41.97200056,3.93700800
41.97280056,4.33070900
41.97360056,4.33070900
41.97440056,3.54330700
41.97520056,3.14960600
41.97600056,3.93700800
41.97680056,4.72440900
41.97760056,5.51181100
41.97840056,5.90551100
41.97920056,5.51181100
41.98000056,5.11811000
41.98080056,5.11811000
41.98160056,4.72440900
41.98240056,5.11811000
41.98320056,5.11811000
41.98400056,4.72440900
41.98480056,3.93700800
41.98560056,3.93700800
41.98640056,4.33070900
41.98720056,5.11811000
41.98800056,5.90551100
41.98880056,5.90551100
41.98960056,5.51181100
41.99040056,5.11811000
41.99120056,4.33070900
41.99200056,4.72440900
41.99280056,3.93700800
41.99360056,3.54330700
41.99440056,1.96850400
41.99520056,1.57480300
41.99600056,1.57480300
41.99680056,1.96850400
41.99760056,2.36220500
41.99840056,3.14960600
41.99920056,2.75590500
42.00000056,1.96850400
42.00080056,1.57480300
42.00160056,0.78740150
42.00240056,0.00000000
42.00320056,0.00000000
42.00400056,-0.78740150
42.00480056,-1.18110200
42.00560056,-1.96850400
42.00640056,-2.75590500
42.00720056,-2.36220500
42.00800056,-2.36220500
42.00880056,-1.96850400
42.00960056,-2.36220500
42.01040056,-2.75590500
42.01120056,-3.14960600
42.01200056,-3.14960600
42.01280056,-3.54330700
42.01360056,-4.33070900
42.01440056,-4.72440900
42.01520056,-5.51181100
42.01600056,-5.51181100
42.01680056,-5.51181100
42.01760056,-5.51181100
42.01840056,-5.11811000
42.01920056,-4.33070900
42.02000056,-5.51181100
42.02080056,-5.51181100
42.02160056,-5.90551100
42.02240056,-6.69291300
42.02320056,-6.29921200
42.02400056,-6.29921200
42.02480056,-5.90551100
42.02560056,-5.11811000
42.02640056,-5.11811000
42.02720056,-5.11811000
42.02800056,-4.72440900
42.02880056,-3.93700800
42.02960056,-3.93700800
42.03040056,-3.54330700
42.03120056,-4.33070900
42.03200056,-4.72440900
42.03280056,-4.33070900
42.03360056,-3.14960600
42.03440056,-1.96850400
42.03520056,-1.18110200
42.03600056,-0.39370070
42.03680056,-1.18110200
42.03760056,-1.57480300
42.03840056,-1.57480300
42.03920056,-0.78740150
42.04000056,-0.39370070
42.04080056,0.39370070
42.04160056,0.78740150
42.04240056,1.57480300
42.04320056,2.36220500
42.04400056,3.14960600
42.04480056,4.33070900
42.04560056,4.33070900
42.04640056,4.33070900
42.04720056,3.93700800
42.04800056,3.14960600
42.04880056,3.14960600
42.04960056,3.54330700
42.05040056,4.72440900
42.05120056,5.11811000
42.05200056,6.29921200
42.05280056,6.29921200
42.05360056,6.29921200
42.05440056,6.69291300
42.05520056,7.08661400
42.05600056,7.48031400
42.05680056,7.48031400
42.05760056,7.48031400
42.05840056,6.29921200
42.05920056,5.51181100
42.06000056,5.51181100
42.06080056,5.11811000
42.06160056,5.51181100
42.06240056,6.29921200
42.06320056,6.29921200
42.06400056,6.29921200
42.06480056,6.29921200
42.06560056,5.90551100
42.06640056,5.51181100
42.06720056,4.72440900
42.06800056,3.93700800
42.06880056,3.14960600
42.06960056,1.96850400
42.07040056,2.36220500
42.07120056,2.36220500
42.07200056,1.96850400
42.07280056,1.96850400
42.07360056,1.96850400
42.07440056,1.96850400
42.07520056,1.57480300
42.07600056,0.78740150
42.07680056,-0.39370070
42.07760056,-1.57480300
42.07840056,-2.36220500
42.07920056,-3.54330700
42.08000056,-3.93700800
42.08080056,-3.54330700
42.08160056,-2.75590500
42.08240056,-2.36220500
42.08320056,-2.36220500
42.08400056,-3.14960600
42.08480056,-3.93700800
42.08560056,-4.72440900
42.08640056,-5.11811000
42.08720056,-5.90551100
42.08800056,-6.29921200
42.08880056,-6.69291300
42.08960056,-7.48031400
42.09040056,-7.48031400
42.09120056,-6.69291300
42.09200056,-5.90551100
42.09280056,-5.51181100
42.09360056,-5.90551100
42.09440056,-6.69291300
42.09520056,-6.69291300
42.09600056,-5.90551100
42.09680056,-6.29921200
42.09760056,-5.90551100
42.09840056,-5.51181100
42.09920056,-6.29921200
42.10000056,-6.69291300
42.10080056,-7.08661400
42.10160056,-6.69291300
42.10240056,-5.90551100
42.10320056,-5.11811000
42.10400056,-4.33070900
42.10480056,-3.93700800
42.10560056,-2.75590500
42.10640056,-1.57480300
42.10720056,-0.78740150
42.10800056,0.00000000
42.10880056,0.39370070
42.10960056,-0.39370070
42.11040056,-0.39370070
42.11120056,-1.57480300
42.11200056,-1.57480300
42.11280056,-0.39370070
42.11360056,1.18110200
42.11440056,1.96850400
42.11520056,3.14960600
42.11600056,3.14960600
42.11680056,3.54330700
42.11760056,4.72440900
42.11840056,5.11811000
42.11920056,6.29921200
42.12000056,5.90551100
42.12080056,4.33070900
42.12160056,3.14960600
42.12240056,3.14960600
42.12320056,3.14960600
42.12400056,4.33070900
42.12480056,5.51181100
42.12560056,7.08661400
42.12640056,7.87401500
42.12720056,8.26771600
42.12800056,8.66141700
42.12880056,9.05511800
42.12960056,9.05511800
42.13040056,8.66141700
42.13120056,7.48031400
42.13200056,5.90551100
42.13280056,4.72440900
42.13360056,3.54330700
42.13440056,4.33070900
42.13520056,4.72440900
42.13600056,5.90551100
42.13680056,5.90551100
42.13760056,5.11811000
42.13840056,4.33070900
42.13920056,3.93700800
42.14000056,3.54330700
42.14080056,2.36220500
42.14160056,1.18110200
42.14240056,0.39370070
42.14320056,-0.78740150
42.14400056,-0.78740150
42.14480056,-0.78740150
42.14560056,0.39370070
42.14640056,1.18110200
42.14720056,0.78740150
42.14800056,0.78740150
42.14880056,-1.18110200
42.14960056,-2.36220500
42.15040056,-3.93700800
42.15120056,-4.33070900
42.15200056,-5.51181100
42.15280056,-6.29921200
42.15360056,-5.90551100
42.15440056,-5.51181100
42.15520056,-4.72440900
42.15600056,-2.75590500
42.15680056,-1.57480300
42.15760056,-0.78740150
42.15840056,-0.78740150
42.15920056,-1.96850400
42.16000056,-3.93700800
42.16080056,-5.90551100
42.16160056,-7.08661400
42.16240056,-7.87401500
42.16320056,-7.87401500
42.16400056,-7.08661400
42.16480056,-5.90551100
42.16560056,-4.33070900
42.16640056,-3.14960600
42.16720056,-1.57480300
42.16800056,-0.39370070
42.16880056,-0.39370070
42.16960056,0.00000000
42.17040056,0.00000000
42.17120056,-1.57480300
42.17200056,-3.54330700
42.17280056,-5.11811000
42.17360056,-5.51181100
42.17440056,-4.72440900
42.17520056,-3.14960600
42.17600056,-1.57480300
42.17680056,-0.39370070
42.17760056,0.78740150
42.17840056,0.78740150
42.17920056,1.57480300
42.18000056,1.96850400
42.18080056,2.75590500
42.18160056,2.36220500
42.18240056,1.57480300
42.18320056,-0.39370070
42.18400056,-1.18110200
42.18480056,-1.57480300
42.18560056,-0.39370070
42.18640056,0.78740150
42.18720056,1.96850400
42.18800056,2.75590500
42.18880056,1.96850400
42.18960056,1.57480300
42.19040056,1.96850400
42.19120056,2.75590500
42.19200056,4.33070900
42.19280056,3.93700800
42.19360056,3.14960600
42.19440056,1.18110200
42.19520056,0.00000000
42.19600056,0.39370070
42.19680056,0.78740150
42.19760056,1.57480300
42.19840056,1.57480300
42.19920056,1.96850400
42.20000056,1.57480300
42.20080056,1.57480300
42.20160056,3.14960600
42.20240056,3.54330700
42.20320056,3.54330700
42.20400056,3.14960600
42.20480056,1.57480300
42.20560056,0.39370070
42.20640056,-0.39370070
42.20720056,0.00000000
42.20800056,0.78740150
42.20880056,1.18110200
42.20960056,1.18110200
42.21040056,0.39370070
42.21120056,0.00000000
42.21200056,0.39370070
42.21280056,1.96850400
42.21360056,4.33070900
42.21440056,5.11811000
42.21520056,4.33070900
42.21600056,2.75590500
42.21680056,0.78740150
42.21760056,-0.39370070
42.21840056,0.00000000
42.21920056,0.39370070
42.22000056,0.39370070
42.22080056,0.39370070
42.22160056,-0.39370070
42.22240056,0.00000000
42.22320056,1.18110200
42.22400056,1.96850400
42.22480056,2.75590500
42.22560056,3.14960600
42.22640056,2.36220500
42.22720056,1.57480300
42.22800056,1.18110200
42.22880056,0.78740150
42.22960056,1.18110200
42.23040056,1.57480300
42.23120056,0.78740150
42.23200056,-0.78740150
42.23280056,-1.18110200
42.23360056,-1.57480300
42.23440056,-1.96850400
42.23520056,-0.78740150
42.23600056,0.00000000
42.23680056,0.39370070
42.23760056,0.39370070
42.23840056,0.00000000
42.23920056,-0.78740150
42.24000056,-0.78740150
42.24080056,-1.18110200
42.24160056,-1.96850400
42.24240056,-2.36220500
42.24320056,-2.75590500
42.24400056,-3.14960600
42.24480056,-3.14960600
42.24560056,-3.14960600
42.24640056,-3.14960600
42.24720056,-2.36220500
42.24800056,-1.57480300
42.24880056,-0.78740150
42.24960056,-0.39370070
42.25040056,-0.78740150
42.25120056,-1.96850400
42.25200056,-2.36220500
42.25280056,-3.14960600
42.25360056,-3.93700800
42.25440056,-4.33070900
42.25520056,-4.72440900
42.25600056,-5.51181100
42.25680056,-5.11811000
42.25760056,-4.33070900
42.25840056,-3.54330700
42.25920056,-2.36220500
42.26000056,-1.57480300
42.26080056,-1.57480300
42.26160056,-2.36220500
42.26240056,-3.14960600
42.26320056,-3.14960600
42.26400056,-3.14960600
42.26480056,-2.75590500
42.26560056,-1.96850400
42.26640056,-2.36220500
42.26720056,-2.36220500
42.26800056,-2.36220500
42.26880056,-0.78740150
42.26960056,1.18110200
42.27040056,1.96850400
42.27120056,2.75590500
42.27200056,1.57480300
42.27280056,-0.39370070
42.27360056,-0.78740150
42.27440056,-0.78740150
42.27520056,0.78740150
42.27600056,2.36220500
42.27680056,3.54330700
42.27760056,3.14960600
42.27840056,3.14960600
42.27920056,2.75590500
42.28000056,3.54330700
42.28080056,4.72440900
42.28160056,5.51181100
42.28240056,5.11811000
42.28320056,4.72440900
42.28400056,3.93700800
42.28480056,3.54330700
42.28560056,4.72440900
42.28640056,5.51181100
42.28720056,5.90551100
42.28800056,5.51181100
42.28880056,5.11811000
42.28960056,3.54330700
42.29040056,3.54330700
42.29120056,4.33070900
42.29200056,5.11811000
42.29280056,5.51181100
42.29360056,5.11811000
42.29440056,3.93700800
42.29520056,3.14960600
42.29600056,3.14960600
42.29680056,3.54330700
42.29760056,4.33070900
42.29840056,3.93700800
42.29920056,2.75590500
42.30000056,1.57480300
42.30080056,0.78740150
42.30160056,0.39370070
42.30240056,1.57480300
42.30320056,2.36220500
42.30400056,2.75590500
42.30480056,2.36220500
42.30560056,1.18110200
42.30640056,0.78740150
42.30720056,0.78740150
42.30800056,0.39370070
42.30880056,0.00000000
42.30960056,-1.57480300
42.31040056,-3.14960600
42.31120056,-5.11811000
42.31200056,-5.11811000
42.31280056,-5.51181100
42.31360056,-4.33070900
42.31440056,-3.14960600
42.31520056,-3.14960600
42.31600056,-3.54330700
42.31680056,-4.33070900
42.31760057,-4.33070900
42.31840057,-5.11811000
42.31920057,-5.11811000
42.32000057,-5.51181100
42.32080057,-6.29921200
42.32160057,-6.29921200
42.32240057,-6.69291300
42.32320057,-6.69291300
42.32400057,-5.90551100
42.32480057,-4.72440900
42.32560057,-3.93700800
42.32640057,-3.93700800
42.32720057,-3.54330700
42.32800057,-3.93700800
42.32880057,-4.33070900
42.32960057,-5.11811000
42.33040057,-4.72440900
42.33120057,-4.33070900
42.33200057,-4.72440900
42.33280057,-5.51181100
42.33360057,-6.29921200
42.33440057,-5.90551100
42.33520057,-4.72440900
42.33600057,-2.36220500
42.33680057,-0.39370070
42.33760057,0.39370070
42.33840057,1.18110200
42.33920057,0.39370070
42.34000057,-1.18110200
42.34080057,-1.57480300
42.34160057,-1.57480300
42.34240057,-0.39370070
42.34320057,1.18110200
42.34400057,2.36220500
42.34480057,3.54330700
42.34560057,3.93700800
42.34640057,4.72440900
42.34720057,5.11811000
42.34800057,6.29921200
42.34880057,6.69291300
42.34960057,6.29921200
42.35040057,5.90551100
42.35120057,5.51181100
42.35200057,4.72440900
42.35280057,5.11811000
42.35360057,6.29921200
42.35440057,6.69291300
42.35520057,6.69291300
42.35600057,7.48031400
42.35680057,7.08661400
42.35760057,8.26771600
42.35840057,9.05511800
42.35920057,9.84251900
42.36000057,10.23622000
42.36080057,9.05511800
42.36160057,7.08661400
42.36240057,5.90551100
42.36320057,5.11811000
42.36400057,5.11811000
42.36480057,5.51181100
42.36560057,5.90551100
42.36640057,5.11811000
42.36720057,4.33070900
42.36800057,3.14960600
42.36880057,2.75590500
42.36960057,3.93700800
42.37040057,4.72440900
42.37120057,4.33070900
42.37200057,3.54330700
42.37280057,0.78740150
42.37360057,-1.96850400
42.37440057,-2.75590500
42.37520057,-2.36220500
42.37600057,-1.57480300
42.37680057,-1.57480300
42.37760057,-2.36220500
42.37840057,-2.75590500
42.37920057,-3.14960600
42.38000057,-3.14960600
42.38080057,-2.36220500
42.38160057,-2.75590500
42.38240057,-3.54330700
42.38320057,-5.11811000
42.38400057,-6.69291300
42.38480057,-7.87401500
42.38560057,-8.66141700
42.38640057,-8.26771600
42.38720057,-7.87401500
42.38800057,-7.48031400
42.38880057,-7.48031400
42.38960057,-7.87401500
42.39040057,-7.87401500
42.39120057,-7.08661400
42.39200057,-6.69291300
42.39280057,-7.08661400
42.39360057,-7.48031400
42.39440057,-8.26771600
42.39520057,-9.44881800
42.39600057,-9.44881800
42.39680057,-8.26771600
42.39760057,-6.29921200
42.39840057,-5.11811000
42.39920057,-4.72440900
42.40000057,-4.33070900
42.40080057,-4.72440900
42.40160057,-4.33070900
42.40240057,-3.93700800
42.40320057,-3.93700800
42.40400057,-3.54330700
42.40480057,-3.93700800
42.40560057,-3.54330700
42.40640057,-3.54330700
42.40720057,-2.75590500
42.40800057,-1.57480300
42.40880057,0.00000000
42.40960057,1.18110200
42.41040057,1.57480300
42.41120057,1.96850400
42.41200057,1.96850400
42.41280057,1.96850400
42.41360057,3.14960600
42.41440057,3.14960600
42.41520057,4.33070900
42.41600057,4.72440900
42.41680057,4.72440900
42.41760057,5.11811000
42.41840057,5.51181100
42.41920057,5.90551100
42.42000057,6.69291300
42.42080057,7.48031400
42.42160057,7.87401500
42.42240057,8.26771600
42.42320057,7.87401500
42.42400057,7.48031400
42.42480057,7.48031400
42.42560057,7.87401500
42.42640057,7.87401500
42.42720057,8.66141700
42.42800057,8.26771600
42.42880057,7.48031400
42.42960057,6.29921200
42.43040057,5.90551100
42.43120057,6.29921200
42.43200057,6.69291300
42.43280057,7.08661400
42.43360057,7.08661400
42.43440057,6.69291300
42.43520057,5.90551100
42.43600057,5.11811000
42.43680057,5.11811000
42.43760057,5.51181100
42.43840057,4.72440900
42.43920057,4.33070900
42.44000057,3.14960600
42.44080057,1.57480300
42.44160057,1.18110200
42.44240057,0.78740150
42.44320057,0.78740150
42.44400057,0.78740150
42.44480057,0.39370070
42.44560057,-0.39370070
42.44640057,-1.57480300
42.44720057,-2.36220500
42.44800057,-2.36220500
42.44880057,-2.36220500
42.44960057,-2.36220500
42.45040057,-3.54330700
42.45120057,-4.33070900
42.45200057,-5.51181100
42.45280057,-5.90551100
42.45360057,-5.11811000
42.45440057,-4.72440900
42.45520057,-5.11811000
42.45600057,-5.90551100
42.45680057,-7.08661400
42.45760057,-7.48031400
42.45840057,-7.48031400
42.45920057,-6.69291300
42.46000057,-5.90551100
42.46080057,-5.90551100
42.46160057,-6.29921200
42.46240057,-7.48031400
42.46320057,-7.87401500
42.46400057,-7.87401500
42.46480057,-7.87401500
42.46560057,-7.08661400
42.46640057,-7.08661400
42.46720057,-7.08661400
42.46800057,-7.48031400
42.46880057,-7.48031400
42.46960057,-5.90551100
42.47040057,-4.72440900
42.47120057,-3.14960600
42.47200057,-3.14960600
42.47280057,-3.54330700
42.47360057,-3.54330700
42.47440057,-4.33070900
42.47520057,-3.93700800
42.47600057,-3.54330700
42.47680057,-3.14960600
42.47760057,-2.36220500
42.47840057,-1.57480300
42.47920057,-1.18110200
42.48000057,0.78740150
42.48080057,1.57480300
42.48160057,2.75590500
42.48240057,3.14960600
42.48320057,3.14960600
42.48400057,1.96850400
42.48480057,1.96850400
42.48560057,1.57480300
42.48640057,1.57480300
42.48720057,2.75590500
42.48800057,3.54330700
42.48880057,4.33070900
42.48960057,5.11811000
42.49040057,5.90551100
42.49120057,7.08661400
42.49200057,7.87401500
42.49280057,8.66141700
42.49360057,8.26771600
42.49440057,7.08661400
42.49520057,5.90551100
42.49600057,4.72440900
42.49680057,4.33070900
42.49760057,5.90551100
42.49840057,6.69291300
42.49920057,7.48031400
42.50000057,8.26771600
42.50080057,8.26771600
42.50160057,8.66141700
42.50240057,8.26771600
42.50320057,7.87401500
42.50400057,6.29921200
42.50480057,5.90551100
42.50560057,4.33070900
42.50640057,3.93700800
42.50720057,3.54330700
42.50800057,3.14960600
42.50880057,3.54330700
42.50960057,4.72440900
42.51040057,5.51181100
42.51120057,5.90551100
42.51200057,4.72440900
42.51280057,3.93700800
42.51360057,1.96850400
42.51440057,1.57480300
42.51520057,0.78740150
42.51600057,0.00000000
42.51680057,-0.39370070
42.51760057,-1.18110200
42.51840057,-1.96850400
42.51920057,-1.96850400
42.52000057,-1.96850400
42.52080057,-0.78740150
42.52160057,-0.78740150
42.52240057,-0.78740150
42.52320057,-1.18110200
42.52400057,-2.36220500
42.52480057,-4.33070900
42.52560057,-5.51181100
42.52640057,-6.29921200
42.52720057,-5.90551100
42.52800057,-5.90551100
42.52880057,-6.29921200
42.52960057,-6.69291300
42.53040057,-6.69291300
42.53120057,-6.69291300
42.53200057,-5.51181100
42.53280057,-5.11811000
42.53360057,-4.72440900
42.53440057,-5.51181100
42.53520057,-6.29921200
42.53600057,-7.08661400
42.53680057,-6.69291300
42.53760057,-6.29921200
42.53840057,-5.51181100
42.53920057,-5.51181100
42.54000057,-5.90551100
42.54080057,-5.90551100
42.54160057,-6.29921200
42.54240057,-5.90551100
42.54320057,-5.11811000
42.54400057,-4.33070900
42.54480057,-3.93700800
42.54560057,-3.93700800
42.54640057,-4.33070900
42.54720057,-4.33070900
42.54800057,-3.54330700
42.54880057,-2.36220500
42.54960057,-1.96850400
42.55040057,-1.57480300
42.55120057,-1.96850400
42.55200057,-1.96850400
42.55280057,-1.96850400
42.55360057,-0.39370070
42.55440057,1.18110200
42.55520057,2.36220500
42.55600057,2.36220500
42.55680057,1.96850400
42.55760057,1.57480300
42.55840057,1.96850400
42.55920057,1.96850400
42.56000057,2.75590500
42.56080057,2.75590500
42.56160057,2.75590500
42.56240057,3.14960600
42.56320057,3.54330700
42.56400057,3.93700800
42.56480057,5.11811000
42.56560057,5.51181100
42.56640057,6.29921200
42.56720057,6.69291300
42.56800057,6.69291300
42.56880057,5.51181100
42.56960057,5.11811000
42.57040057,5.51181100
42.57120057,5.51181100
42.57200057,5.90551100
42.57280057,5.51181100
42.57360057,5.11811000
42.57440057,5.51181100
42.57520057,5.90551100
42.57600057,7.08661400
42.57680057,7.48031400
42.57760057,7.48031400
42.57840057,6.69291300
42.57920057,5.51181100
42.58000057,4.33070900
42.58080057,3.54330700
42.58160057,3.54330700
42.58240057,3.14960600
42.58320057,3.54330700
42.58400057,3.93700800
42.58480057,3.93700800
42.58560057,3.14960600
42.58640057,3.14960600
42.58720057,2.75590500
42.58800057,2.36220500
42.58880057,1.96850400
42.58960057,0.78740150
42.59040057,0.00000000
42.59120057,-1.18110200
42.59200057,-1.96850400
42.59280057,-1.57480300
42.59360057,-0.39370070
42.59440057,-0.39370070
42.59520057,0.00000000
42.59600057,-0.39370070
42.59680057,-1.57480300
42.59760057,-2.36220500
42.59840057,-3.14960600
42.59920057,-4.33070900
42.60000057,-5.11811000
42.60080057,-5.51181100
42.60160057,-5.90551100
42.60240057,-5.90551100
42.60320057,-6.29921200
42.60400057,-6.29921200
42.60480057,-5.51181100
42.60560057,-5.11811000
42.60640057,-4.72440900
42.60720057,-4.72440900
42.60800057,-5.51181100
42.60880057,-6.29921200
42.60960057,-5.90551100
42.61040057,-5.51181100
42.61120057,-5.90551100
42.61200057,-6.29921200
42.61280057,-7.48031400
42.61360057,-7.87401500
42.61440057,-7.08661400
42.61520057,-5.90551100
42.61600057,-4.72440900
42.61680057,-3.93700800
42.61760057,-3.14960600
42.61840057,-3.93700800
42.61920057,-3.93700800
42.62000057,-3.54330700
42.62080057,-3.14960600
42.62160057,-3.54330700
42.62240057,-3.14960600
42.62320057,-3.14960600
42.62400057,-3.14960600
42.62480057,-3.14960600
42.62560057,-2.36220500
42.62640057,-0.78740150
42.62720057,0.39370070
42.62800057,1.96850400
42.62880057,1.96850400
42.62960057,1.96850400
42.63040057,1.57480300
42.63120057,1.57480300
42.63200057,1.96850400
42.63280057,2.36220500
42.63360057,2.75590500
42.63440057,3.14960600
42.63520057,2.75590500
42.63600057,3.14960600
42.63680057,4.33070900
42.63760057,4.72440900
42.63840057,6.29921200
42.63920057,6.69291300
42.64000057,7.08661400
42.64080057,5.90551100
42.64160057,6.29921200
42.64240057,5.51181100
42.64320057,5.11811000
42.64400057,5.11811000
42.64480057,5.11811000
42.64560057,5.11811000
42.64640057,5.11811000
42.64720057,5.90551100
42.64800057,6.69291300
42.64880057,7.08661400
42.64960057,8.26771600
42.65040057,8.26771600
42.65120057,7.48031400
42.65200057,5.90551100
42.65280057,4.33070900
42.65360057,3.93700800
42.65440057,3.14960600
42.65520057,3.14960600
42.65600057,3.54330700
42.65680057,3.14960600
42.65760057,3.14960600
42.65840057,3.14960600
42.65920057,3.54330700
42.66000057,3.54330700
42.66080057,3.93700800
42.66160057,2.75590500
42.66240057,1.96850400
42.66320057,0.78740150
42.66400057,-0.78740150
42.66480057,-1.57480300
42.66560057,-1.18110200
42.66640057,-1.18110200
42.66720057,-0.78740150
42.66800057,-0.78740150
42.66880057,-1.18110200
42.66960057,-1.57480300
42.67040057,-1.96850400
42.67120057,-2.75590500
42.67200057,-3.14960600
42.67280057,-3.54330700
42.67360057,-4.72440900
42.67440057,-5.51181100
42.67520057,-5.51181100
42.67600057,-5.11811000
42.67680057,-4.72440900
42.67760057,-3.54330700
42.67840057,-3.54330700
42.67920057,-3.93700800
42.68000057,-4.72440900
42.68080057,-5.51181100
42.68160057,-6.69291300
42.68240057,-7.08661400
42.68320057,-7.08661400
42.68400057,-6.69291300
42.68480057,-5.90551100
42.68560057,-5.90551100
42.68640057,-5.51181100
42.68720057,-5.11811000
42.68800057,-4.72440900
42.68880057,-3.54330700
42.68960057,-3.14960600
42.69040057,-3.54330700
42.69120057,-4.72440900
42.69200057,-5.11811000
42.69280057,-5.11811000
42.69360057,-4.72440900
42.69440057,-3.54330700
42.69520057,-2.75590500
42.69600057,-2.36220500
42.69680057,-1.96850400
42.69760057,-1.57480300
42.69840057,-1.18110200
42.69920057,-0.39370070
42.70000057,0.00000000
42.70080057,0.00000000
42.70160057,0.00000000
42.70240057,0.00000000
42.70320057,0.00000000
42.70400057,0.00000000
42.70480057,0.39370070
42.70560057,1.96850400
42.70640057,3.14960600
42.70720057,3.93700800
42.70800057,3.93700800
42.70880057,3.93700800
42.70960057,4.33070900
42.71040057,3.93700800
42.71120057,4.33070900
42.71200057,4.33070900
42.71280057,4.33070900
42.71360057,3.93700800
42.71440057,3.54330700
42.71520057,4.33070900
42.71600057,5.11811000
42.71680057,5.51181100
42.71760057,5.11811000
42.71840057,5.11811000
42.71920057,5.51181100
42.72000057,6.29921200
42.72080057,6.69291300
42.72160057,6.69291300
42.72240057,6.69291300
42.72320057,6.29921200
42.72400057,5.11811000
42.72480057,4.72440900
42.72560057,3.54330700
42.72640057,3.14960600
42.72720057,3.14960600
42.72800057,3.54330700
42.72880057,3.93700800
42.72960057,4.72440900
42.73040057,5.11811000
42.73120057,5.11811000
42.73200057,4.72440900
42.73280057,4.72440900
42.73360057,3.93700800
42.73440057,2.36220500
42.73520057,1.57480300
42.73600057,-0.39370070
42.73680057,-1.57480300
42.73760057,-1.57480300
42.73840057,-0.78740150
42.73920057,-0.39370070
42.74000057,0.39370070
42.74080057,0.78740150
42.74160057,0.78740150
42.74240057,0.39370070
42.74320057,-0.39370070
42.74400057,-1.18110200
42.74480057,-2.36220500
42.74560057,-3.54330700
42.74640057,-4.33070900
42.74720057,-5.51181100
42.74800057,-6.29921200
42.74880057,-5.90551100
42.74960057,-4.72440900
42.75040057,-3.14960600
42.75120057,-2.75590500
42.75200057,-2.75590500
42.75280057,-3.54330700
42.75360057,-4.72440900
42.75440057,-5.51181100
42.75520057,-6.69291300
42.75600057,-7.08661400
42.75680057,-7.87401500
42.75760057,-7.87401500
42.75840057,-7.87401500
42.75920057,-6.69291300
42.76000057,-5.51181100
42.76080057,-4.33070900
42.76160057,-2.75590500
42.76240057,-2.36220500
42.76320057,-2.75590500
42.76400057,-3.14960600
42.76480057,-4.72440900
42.76560057,-5.90551100
42.76640057,-6.29921200
42.76720057,-5.90551100
42.76800057,-5.11811000
42.76880057,-4.33070900
42.76960057,-3.14960600
42.77040057,-2.75590500
42.77120057,-1.18110200
42.77200057,-0.39370070
42.77280057,0.00000000
42.77360057,0.39370070
42.77440057,-0.39370070
42.77520057,-0.78740150
42.77600057,-0.78740150
42.77680057,-0.39370070
42.77760057,0.39370070
42.77840057,1.18110200
42.77920057,1.57480300
42.78000057,1.57480300
42.78080057,1.96850400
42.78160057,2.75590500
42.78240057,3.14960600
42.78320057,3.14960600
42.78400057,4.33070900
42.78480057,3.93700800
42.78560057,3.93700800
42.78640057,4.33070900
42.78720057,4.72440900
42.78800057,5.51181100
42.78880057,6.29921200
42.78960057,6.29921200
42.79040057,6.69291300
42.79120057,6.29921200
42.79200057,5.51181100
42.79280057,5.11811000
42.79360057,5.51181100
42.79440057,5.90551100
42.79520057,5.90551100
42.79600057,6.29921200
42.79680057,6.29921200
42.79760057,6.69291300
42.79840057,6.69291300
42.79920057,7.08661400
42.80000057,6.29921200
42.80080057,5.51181100
42.80160057,4.33070900
42.80240057,3.93700800
42.80320057,3.54330700
42.80400057,3.14960600
42.80480057,3.54330700
42.80560057,3.54330700
42.80640057,3.93700800
42.80720057,4.72440900
42.80800057,4.33070900
42.80880057,3.54330700
42.80960057,3.14960600
42.81040057,2.36220500
42.81120057,0.78740150
42.81200057,0.00000000
42.81280057,-1.18110200
42.81360057,-2.36220500
42.81440057,-2.36220500
42.81520057,-1.96850400
42.81600057,-1.18110200
42.81680057,-0.39370070
42.81760057,-0.39370070
42.81840057,-1.18110200
42.81920057,-1.18110200
42.82000057,-1.96850400
42.82080057,-3.54330700
42.82160057,-4.72440900
42.82240057,-5.51181100
42.82320057,-6.69291300
42.82400057,-7.08661400
42.82480057,-7.08661400
42.82560057,-6.29921200
42.82640057,-5.90551100
42.82720057,-5.11811000
42.82800057,-5.11811000
42.82880057,-3.93700800
42.82960057,-4.72440900
42.83040057,-5.51181100
42.83120057,-7.08661400
42.83200057,-7.87401500
42.83280057,-8.26771600
42.83360057,-7.87401500
42.83440057,-7.08661400
42.83520057,-6.69291300
42.83600057,-5.90551100
42.83680057,-5.11811000
42.83760057,-4.72440900
42.83840057,-4.33070900
42.83920057,-3.93700800
42.84000057,-4.33070900
42.84080057,-4.33070900
42.84160057,-4.33070900
42.84240057,-4.72440900
42.84320057,-4.33070900
42.84400057,-3.93700800
42.84480057,-3.14960600
42.84560057,-2.36220500
42.84640057,-1.18110200
42.84720057,-1.18110200
42.84800057,-0.78740150
42.84880057,-0.78740150
42.84960057,0.00000000
42.85040057,0.78740150
42.85120057,1.96850400
42.85200057,1.57480300
42.85280057,1.96850400
42.85360057,1.96850400
42.85440057,1.57480300
42.85520057,2.75590500
42.85600057,3.54330700
42.85680057,3.93700800
42.85760057,3.93700800
42.85840057,4.33070900
42.85920057,5.11811000
42.86000057,5.51181100
42.86080057,6.29921200
42.86160057,6.29921200
42.86240057,6.29921200
42.86320057,5.90551100
42.86400057,6.29921200
42.86480057,5.90551100
42.86560057,6.29921200
42.86640057,5.90551100
42.86720057,6.29921200
42.86800057,6.29921200
42.86880057,5.90551100
42.86960057,5.90551100
42.87040057,5.90551100
42.87120057,5.90551100
42.87200057,5.90551100
42.87280057,5.51181100
42.87360057,5.51181100
42.87440057,4.72440900
42.87520057,4.33070900
42.87600057,3.54330700
42.87680057,3.54330700
42.87760057,3.54330700
42.87840057,3.14960600
42.87920057,2.36220500
42.88000057,2.36220500
42.88080057,1.96850400
42.88160057,1.96850400
42.88240057,1.96850400
42.88320057,1.18110200
42.88400057,0.00000000
42.88480057,-0.78740150
42.88560057,-2.36220500
42.88640057,-2.75590500
42.88720057,-3.14960600
42.88800057,-3.54330700
42.88880057,-3.14960600
42.88960057,-2.75590500
42.89040057,-2.75590500
42.89120057,-2.75590500
42.89200057,-3.14960600
42.89280057,-4.33070900
42.89360057,-5.11811000
42.89440057,-6.29921200
42.89520057,-6.69291300
42.89600057,-7.87401500
42.89680057,-8.26771600
42.89760057,-7.87401500
42.89840057,-7.48031400
42.89920057,-6.69291300
42.90000057,-6.29921200
42.90080057,-5.90551100
42.90160057,-6.69291300
42.90240057,-6.69291300
42.90320057,-6.69291300
42.90400057,-7.08661400
42.90480057,-7.87401500
42.90560057,-8.26771600
42.90640057,-8.26771600
42.90720057,-7.87401500
42.90800057,-7.48031400
42.90880057,-6.29921200
42.90960057,-5.51181100
42.91040057,-4.72440900
42.91120057,-3.93700800
42.91200057,-4.33070900
42.91280057,-3.93700800
42.91360057,-4.33070900
42.91440057,-4.72440900
42.91520057,-4.72440900
42.91600057,-4.72440900
42.91680057,-3.93700800
42.91760057,-3.54330700
42.91840057,-2.36220500
42.91920057,-1.57480300
42.92000057,0.00000000
42.92080057,1.18110200
42.92160057,1.96850400
42.92240057,1.96850400
42.92320057,1.18110200
42.92400057,0.39370070
42.92480057,0.39370070
42.92560057,0.39370070
42.92640057,0.39370070
42.92720057,0.78740150
42.92800057,1.96850400
42.92880057,3.54330700
42.92960057,4.72440900
42.93040057,5.51181100
42.93120057,6.29921200
42.93200057,5.90551100
42.93280057,5.90551100
42.93360057,5.90551100
42.93440057,5.11811000
42.93520057,4.72440900
42.93600057,3.93700800
42.93680057,3.93700800
42.93760057,4.72440900
42.93840057,5.11811000
42.93920057,5.51181100
42.94000057,6.69291300
42.94080057,6.69291300
42.94160057,6.29921200
42.94240057,6.29921200
42.94320057,5.90551100
42.94400057,5.90551100
42.94480057,5.51181100
42.94560057,4.33070900
42.94640057,4.33070900
42.94720057,4.72440900
42.94800057,4.72440900
42.94880057,4.72440900
42.94960057,4.72440900
42.95040057,4.33070900
42.95120057,3.93700800
42.95200057,3.14960600
42.95280057,2.75590500
42.95360057,2.36220500
42.95440057,1.96850400
42.95520057,1.96850400
42.95600057,1.57480300
42.95680057,1.57480300
42.95760057,0.78740150
42.95840057,0.39370070
42.95920057,0.78740150
42.96000057,0.78740150
42.96080057,0.78740150
42.96160057,0.00000000
42.96240057,-0.78740150
42.96320057,-1.57480300
42.96400057,-1.18110200
42.96480057,-1.18110200
42.96560057,-1.18110200
42.96640057,-0.78740150
42.96720057,-1.57480300
42.96800057,-1.96850400
42.96880057,-2.36220500
42.96960057,-2.36220500
42.97040057,-1.96850400
42.97120057,-1.96850400
42.97200057,-2.36220500
42.97280057,-1.96850400
42.97360057,-1.96850400
42.97440057,-1.96850400
42.97520057,-1.96850400
42.97600057,-1.96850400
42.97680057,-1.57480300
42.97760057,-1.18110200
42.97840057,-1.18110200
42.97920057,-1.96850400
42.98000057,-1.57480300
42.98080057,-1.57480300
42.98160057,-0.78740150
42.98240057,0.39370070
42.98320057,0.39370070
42.98400057,0.39370070
42.98480057,0.00000000
42.98560057,-0.39370070
42.98640057,0.00000000
42.98720057,0.39370070
42.98800057,1.18110200
42.98880057,1.18110200
42.98960057,1.18110200
42.99040057,1.57480300
42.99120057,1.96850400
42.99200057,2.36220500
42.99280057,3.54330700
42.99360057,3.54330700
42.99440057,3.54330700
42.99520057,3.14960600
42.99600057,2.75590500
42.99680057,1.96850400
42.99760057,2.36220500
42.99840057,2.36220500
42.99920057,3.54330700
43.00000057,4.33070900
43.00080057,4.33070900
43.00160057,4.33070900
43.00240057,4.72440900
43.00320057,5.51181100
43.00400057,5.51181100
43.00480057,5.90551100
43.00560057,4.33070900
43.00640057,3.14960600
43.00720057,2.36220500
43.00800057,1.96850400
43.00880057,1.57480300
43.00960057,2.36220500
43.01040057,2.75590500
43.01120057,2.75590500
43.01200057,3.54330700
43.01280057,3.14960600
43.01360057,3.54330700
43.01440057,3.14960600
43.01520057,2.36220500
43.01600057,1.57480300
43.01680057,0.39370070
43.01760057,-0.78740150
43.01840057,-1.18110200
43.01920057,-0.78740150
43.02000057,-0.78740150
43.02080057,0.39370070
43.02160057,0.78740150
43.02240057,0.39370070
43.02320057,-0.39370070
43.02400057,-0.78740150
43.02480057,-1.57480300
43.02560057,-1.18110200
43.02640057,-1.96850400
43.02720057,-2.75590500
43.02800057,-3.54330700
43.02880057,-3.93700800
43.02960057,-3.93700800
43.03040057,-3.54330700
43.03120057,-3.14960600
43.03200057,-3.54330700
43.03280057,-4.33070900
43.03360057,-3.93700800
43.03440057,-3.93700800
43.03520057,-4.33070900
43.03600057,-4.72440900
43.03680057,-4.72440900
43.03760057,-4.72440900
43.03840057,-3.14960600
43.03920057,-2.75590500
43.04000057,-2.36220500
43.04080057,-2.75590500
43.04160057,-2.75590500
43.04240057,-2.75590500
43.04320057,-2.75590500
43.04400057,-3.14960600
43.04480057,-2.36220500
43.04560057,-2.75590500
43.04640057,-3.14960600
43.04720057,-2.75590500
43.04800057,-2.36220500
43.04880057,-1.96850400
43.04960057,-1.57480300
43.05040057,-1.18110200
43.05120057,-0.39370070
43.05200057,0.00000000
43.05280057,0.39370070
43.05360057,0.39370070
43.05440057,0.39370070
43.05520057,1.18110200
43.05600057,1.57480300
43.05680057,1.96850400
43.05760057,2.36220500
43.05840057,2.75590500
43.05920057,3.54330700
43.06000057,4.33070900
43.06080057,5.11811000
43.06160057,4.72440900
43.06240057,3.93700800
43.06320057,3.14960600
43.06400057,2.75590500
43.06480057,3.14960600
43.06560057,3.93700800
43.06640057,4.72440900
43.06720058,5.11811000
43.06800058,5.11811000
43.06880058,4.72440900
43.06960058,5.11811000
43.07040058,5.11811000
43.07120058,3.54330700
43.07200058,3.14960600
43.07280058,2.75590500
43.07360058,1.96850400
43.07440058,1.57480300
43.07520058,2.36220500
43.07600058,2.36220500
43.07680058,4.33070900
43.07760058,5.11811000
43.07840058,5.90551100
43.07920058,4.72440900
43.08000058,3.54330700
43.08080058,1.96850400
43.08160058,1.57480300
43.08240058,0.78740150
43.08320058,0.00000000
43.08400058,-0.78740150
43.08480058,-1.57480300
43.08560058,-1.57480300
43.08640058,-0.78740150
43.08720058,0.00000000
43.08800058,0.78740150
43.08880058,0.78740150
43.08960058,-0.39370070
43.09040058,-1.96850400
43.09120058,-2.36220500
43.09200058,-3.14960600
43.09280058,-3.54330700
43.09360058,-3.54330700
43.09440058,-3.54330700
43.09520058,-3.54330700
43.09600058,-3.54330700
43.09680058,-3.93700800
43.09760058,-3.93700800
43.09840058,-2.36220500
43.09920058,-2.36220500
43.10000058,-1.96850400
43.10080058,-1.96850400
43.10160058,-3.14960600
43.10240058,-4.33070900
43.10320058,-5.11811000
43.10400058,-5.11811000
43.10480058,-4.72440900
43.10560058,-4.72440900
43.10640058,-4.72440900
43.10720058,-4.33070900
43.10800058,-4.33070900
43.10880058,-3.14960600
43.10960058,-3.14960600
43.11040058,-2.75590500
43.11120058,-1.96850400
43.11200058,-1.18110200
43.11280058,-0.78740150
43.11360058,-1.18110200
43.11440058,-0.78740150
43.11520058,-0.39370070
43.11600058,-0.39370070
43.11680058,0.00000000
43.11760058,0.39370070
43.11840058,-0.39370070
43.11920058,0.00000000
43.12000058,-0.39370070
43.12080058,0.78740150
43.12160058,1.96850400
43.12240058,3.14960600
43.12320058,3.54330700
43.12400058,3.14960600
43.12480058,2.75590500
43.12560058,2.75590500
43.12640058,2.75590500
43.12720058,2.75590500
43.12800058,2.75590500
43.12880058,1.57480300
43.12960058,1.96850400
43.13040058,1.57480300
43.13120058,2.75590500
43.13200058,3.14960600
43.13280058,4.33070900
43.13360058,4.72440900
43.13440058,4.72440900
43.13520058,4.33070900
43.13600058,3.54330700
43.13680058,2.75590500
43.13760058,2.36220500
43.13840058,2.36220500
43.13920058,2.36220500
43.14000058,1.96850400
43.14080058,1.18110200
43.14160058,0.78740150
43.14240058,0.78740150
43.14320058,1.18110200
43.14400058,1.57480300
43.14480058,1.57480300
43.14560058,0.78740150
43.14640058,0.00000000
43.14720058,-0.78740150
43.14800058,-0.78740150
43.14880058,-0.78740150
43.14960058,-0.78740150
43.15040058,-0.78740150
43.15120058,-0.39370070
43.15200058,-1.18110200
43.15280058,-1.96850400
43.15360058,-2.36220500
43.15440058,-2.75590500
43.15520058,-3.54330700
43.15600058,-3.54330700
43.15680058,-3.54330700
43.15760058,-3.14960600
43.15840058,-2.75590500
43.15920058,-1.96850400
43.16000058,-1.57480300
43.16080058,-1.18110200
43.16160058,-0.78740150
43.16240058,-1.18110200
43.16320058,-1.57480300
43.16400058,-2.36220500
43.16480058,-2.75590500
43.16560058,-3.14960600
43.16640058,-2.36220500
43.16720058,-1.96850400
43.16800058,-1.57480300
43.16880058,-1.18110200
43.16960058,-0.39370070
43.17040058,0.00000000
43.17120058,0.00000000
43.17200058,0.39370070
43.17280058,0.00000000
43.17360058,-0.39370070
43.17440058,-0.78740150
43.17520058,-0.39370070
43.17600058,-0.39370070
43.17680058,0.00000000
43.17760058,0.78740150
43.17840058,1.96850400
43.17920058,2.75590500
43.18000058,2.75590500
43.18080058,1.96850400
43.18160058,1.96850400
43.18240058,1.57480300
43.18320058,0.78740150
43.18400058,0.39370070
43.18480058,-0.78740150
43.18560058,-1.18110200
43.18640058,-1.18110200
43.18720058,0.00000000
43.18800058,1.18110200
43.18880058,2.36220500
43.18960058,3.14960600
43.19040058,2.75590500
43.19120058,1.96850400
43.19200058,0.78740150
43.19280058,-0.39370070
43.19360058,-1.57480300
43.19440058,-1.96850400
43.19520058,-2.36220500
43.19600058,-1.96850400
43.19680058,-1.96850400
43.19760058,-0.78740150
43.19840058,0.39370070
43.19920058,1.18110200
43.20000058,2.36220500
43.20080058,2.75590500
43.20160058,2.36220500
43.20240058,0.78740150
43.20320058,-0.78740150
43.20400058,-2.75590500
43.20480058,-3.54330700
43.20560058,-4.33070900
43.20640058,-4.72440900
43.20720058,-3.54330700
43.20800058,-3.14960600
43.20880058,-1.96850400
43.20960058,-0.39370070
43.21040058,0.00000000
43.21120058,0.00000000
43.21200058,0.39370070
43.21280058,-0.39370070
43.21360058,-1.18110200
43.21440058,-1.18110200
43.21520058,-1.96850400
43.21600058,-2.36220500
43.21680058,-1.96850400
43.21760058,-1.18110200
43.21840058,-0.78740150
43.21920058,0.00000000
43.22000058,0.39370070
43.22080058,0.78740150
43.22160058,0.78740150
43.22240058,-0.39370070
43.22320058,-1.18110200
43.22400058,-1.18110200
43.22480058,-3.14960600
43.22560058,-3.54330700
43.22640058,-3.14960600
43.22720058,-2.36220500
43.22800058,-1.18110200
43.22880058,-0.39370070
43.22960058,0.39370070
43.23040058,1.96850400
43.23120058,2.75590500
43.23200058,2.36220500
43.23280058,2.75590500
43.23360058,2.75590500
43.23440058,2.75590500
43.23520058,1.96850400
43.23600058,1.96850400
43.23680058,1.57480300
43.23760058,0.78740150
43.23840058,0.39370070
43.23920058,1.18110200
43.24000058,2.75590500
43.24080058,3.14960600
43.24160058,3.54330700
43.24240058,3.54330700
43.24320058,4.33070900
43.24400058,3.93700800
43.24480058,3.93700800
43.24560058,3.93700800
43.24640058,3.93700800
43.24720058,3.54330700
43.24800058,2.75590500
43.24880058,1.96850400
43.24960058,1.96850400
43.25040058,1.96850400
43.25120058,1.57480300
43.25200058,1.57480300
43.25280058,1.57480300
43.25360058,1.96850400
43.25440058,1.96850400
43.25520058,2.36220500
43.25600058,1.96850400
43.25680058,1.96850400
43.25760058,1.18110200
43.25840058,-0.39370070
43.25920058,-1.18110200
43.26000058,-1.57480300
43.26080058,-1.57480300
43.26160058,-1.18110200
43.26240058,-0.78740150
43.26320058,0.39370070
43.26400058,0.39370070
43.26480058,0.00000000
43.26560058,-0.39370070
43.26640058,-1.18110200
43.26720058,-1.57480300
43.26800058,-3.14960600
43.26880058,-3.93700800
43.26960058,-4.33070900
43.27040058,-4.33070900
43.27120058,-3.54330700
43.27200058,-3.54330700
43.27280058,-3.93700800
43.27360058,-3.93700800
43.27440058,-4.33070900
43.27520058,-4.72440900
43.27600058,-5.11811000
43.27680058,-5.51181100
43.27760058,-5.90551100
43.27840058,-5.90551100
43.27920058,-5.90551100
43.28000058,-6.29921200
43.28080058,-5.90551100
43.28160058,-5.51181100
43.28240058,-4.72440900
43.28320058,-3.14960600
43.28400058,-2.75590500
43.28480058,-2.36220500
43.28560058,-3.14960600
43.28640058,-3.14960600
43.28720058,-3.54330700
43.28800058,-3.54330700
43.28880058,-2.75590500
43.28960058,-2.75590500
43.29040058,-2.36220500
43.29120058,-1.96850400
43.29200058,-1.18110200
43.29280058,-1.18110200
43.29360058,-0.78740150
43.29440058,0.00000000
43.29520058,0.00000000
43.29600058,0.00000000
43.29680058,0.39370070
43.29760058,0.78740150
43.29840058,1.18110200
43.29920058,1.57480300
43.30000058,1.96850400
43.30080058,2.75590500
43.30160058,3.54330700
43.30240058,3.54330700
43.30320058,3.93700800
43.30400058,4.33070900
43.30480058,4.33070900
43.30560058,5.11811000
43.30640058,5.11811000
43.30720058,5.51181100
43.30800058,5.90551100
43.30880058,6.69291300
43.30960058,7.48031400
43.31040058,8.66141700
43.31120058,8.26771600
43.31200058,8.26771600
43.31280058,7.48031400
43.31360058,7.48031400
43.31440058,7.48031400
43.31520058,7.48031400
43.31600058,6.29921200
43.31680058,6.69291300
43.31760058,7.08661400
43.31840058,7.08661400
43.31920058,6.69291300
43.32000058,7.08661400
43.32080058,5.90551100
43.32160058,4.72440900
43.32240058,3.54330700
43.32320058,1.96850400
43.32400058,0.39370070
43.32480058,0.00000000
43.32560058,-1.18110200
43.32640058,-1.57480300
43.32720058,-1.96850400
43.32800058,-1.18110200
43.32880058,-0.39370070
43.32960058,0.39370070
43.33040058,0.78740150
43.33120058,0.78740150
43.33200058,-0.39370070
43.33280058,-1.96850400
43.33360058,-3.93700800
43.33440058,-5.11811000
43.33520058,-6.29921200
43.33600058,-7.48031400
43.33680058,-7.48031400
43.33760058,-7.48031400
43.33840058,-7.48031400
43.33920058,-5.90551100
43.34000058,-5.11811000
43.34080058,-4.33070900
43.34160058,-3.93700800
43.34240058,-4.72440900
43.34320058,-5.11811000
43.34400058,-5.90551100
43.34480058,-6.69291300
43.34560058,-6.69291300
43.34640058,-7.08661400
43.34720058,-7.87401500
43.34800058,-7.48031400
43.34880058,-7.08661400
43.34960058,-6.69291300
43.35040058,-5.90551100
43.35120058,-5.51181100
43.35200058,-4.72440900
43.35280058,-3.54330700
43.35360058,-3.14960600
43.35440058,-2.36220500
43.35520058,-2.36220500
43.35600058,-1.96850400
43.35680058,-2.36220500
43.35760058,-2.36220500
43.35840058,-2.75590500
43.35920058,-3.14960600
43.36000058,-3.14960600
43.36080058,-2.36220500
43.36160058,-1.57480300
43.36240058,-0.78740150
43.36320058,0.39370070
43.36400058,1.18110200
43.36480058,1.96850400
43.36560058,2.36220500
43.36640058,3.14960600
43.36720058,3.14960600
43.36800058,3.54330700
43.36880058,3.54330700
43.36960058,3.93700800
43.37040058,3.93700800
43.37120058,3.93700800
43.37200058,3.54330700
43.37280058,3.14960600
43.37360058,2.75590500
43.37440058,3.14960600
43.37520058,3.54330700
43.37600058,3.93700800
43.37680058,3.93700800
43.37760058,3.93700800
43.37840058,4.33070900
43.37920058,4.33070900
43.38000058,4.72440900
43.38080058,4.33070900
43.38160058,3.93700800
43.38240058,3.93700800
43.38320058,3.54330700
43.38400058,3.54330700
43.38480058,3.54330700
43.38560058,3.14960600
43.38640058,4.33070900
43.38720058,4.72440900
43.38800058,5.11811000
43.38880058,5.51181100
43.38960058,5.51181100
43.39040058,5.90551100
43.39120058,5.11811000
43.39200058,4.72440900
43.39280058,4.33070900
43.39360058,3.54330700
43.39440058,1.96850400
43.39520058,1.18110200
43.39600058,0.00000000
43.39680058,0.39370070
43.39760058,0.78740150
43.39840058,1.57480300
43.39920058,2.75590500
43.40000058,3.54330700
43.40080058,4.33070900
43.40160058,3.93700800
43.40240058,3.93700800
43.40320058,3.14960600
43.40400058,1.96850400
43.40480058,-0.39370070
43.40560058,-1.96850400
43.40640058,-3.14960600
43.40720058,-3.54330700
43.40800058,-3.54330700
43.40880058,-2.75590500
43.40960058,-1.96850400
43.41040058,-1.57480300
43.41120058,-0.78740150
43.41200058,-1.57480300
43.41280058,-2.75590500
43.41360058,-3.14960600
43.41440058,-4.72440900
43.41520058,-6.29921200
43.41600058,-7.87401500
43.41680058,-9.05511800
43.41760058,-9.84251900
43.41840058,-9.44881800
43.41920058,-9.05511800
43.42000058,-7.48031400
43.42080058,-5.90551100
43.42160058,-5.51181100
43.42240058,-5.51181100
43.42320058,-5.51181100
43.42400058,-5.11811000
43.42480058,-5.51181100
43.42560058,-5.11811000
43.42640058,-5.11811000
43.42720058,-5.11811000
43.42800058,-4.72440900
43.42880058,-4.33070900
43.42960058,-3.54330700
43.43040058,-2.75590500
43.43120058,-1.96850400
43.43200058,-1.57480300
43.43280058,-1.18110200
43.43360058,-1.57480300
43.43440058,-1.57480300
43.43520058,-1.96850400
43.43600058,-1.96850400
43.43680058,-1.57480300
43.43760058,-1.57480300
43.43840058,-0.39370070
43.43920058,0.39370070
43.44000058,1.96850400
43.44080058,2.75590500
43.44160058,3.14960600
43.44240058,3.54330700
43.44320058,2.75590500
43.44400058,2.75590500
43.44480058,2.75590500
43.44560058,2.75590500
43.44640058,3.14960600
43.44720058,3.93700800
43.44800058,4.33070900
43.44880058,4.72440900
43.44960058,5.90551100
43.45040058,5.90551100
43.45120058,6.29921200
43.45200058,6.69291300
43.45280058,6.69291300
43.45360058,6.69291300
43.45440058,6.29921200
43.45520058,6.29921200
43.45600058,4.72440900
43.45680058,3.54330700
43.45760058,3.54330700
43.45840058,4.33070900
43.45920058,5.51181100
43.46000058,7.08661400
43.46080058,7.08661400
43.46160058,7.08661400
43.46240058,5.51181100
43.46320058,4.72440900
43.46400058,3.54330700
43.46480058,3.54330700
43.46560058,3.14960600
43.46640058,3.54330700
43.46720058,2.75590500
43.46800058,1.96850400
43.46880058,0.78740150
43.46960058,1.18110200
43.47040058,1.18110200
43.47120058,1.57480300
43.47200058,1.96850400
43.47280058,1.18110200
43.47360058,0.39370070
43.47440058,0.00000000
43.47520058,-0.78740150
43.47600058,-0.78740150
43.47680058,-0.78740150
43.47760058,-1.96850400
43.47840058,-1.96850400
43.47920058,-3.14960600
43.48000058,-3.14960600
43.48080058,-2.36220500
43.48160058,-1.57480300
43.48240058,-1.57480300
43.48320058,-1.18110200
43.48400058,-1.96850400
43.48480058,-2.36220500
43.48560058,-2.75590500
43.48640058,-3.14960600
43.48720058,-3.14960600
43.48800058,-3.54330700
43.48880058,-4.33070900
43.48960058,-5.51181100
43.49040058,-6.69291300
43.49120058,-6.69291300
43.49200058,-6.29921200
43.49280058,-5.90551100
43.49360058,-5.11811000
43.49440058,-4.72440900
43.49520058,-5.11811000
43.49600058,-5.11811000
43.49680058,-5.51181100
43.49760058,-5.51181100
43.49840058,-5.90551100
43.49920058,-5.90551100
43.50000058,-6.69291300
43.50080058,-7.87401500
43.50160058,-8.26771600
43.50240058,-7.87401500
43.50320058,-6.29921200
43.50400058,-5.11811000
43.50480058,-3.54330700
43.50560058,-2.75590500
43.50640058,-3.14960600
43.50720058,-3.14960600
43.50800058,-3.54330700
43.50880058,-3.54330700
43.50960058,-2.36220500
43.51040058,-1.96850400
43.51120058,-2.36220500
43.51200058,-1.96850400
43.51280058,-0.78740150
43.51360058,0.39370070
43.51440058,1.18110200
43.51520058,3.14960600
43.51600058,4.72440900
43.51680058,5.51181100
43.51760058,5.90551100
43.51840058,5.11811000
43.51920058,5.51181100
43.52000058,5.90551100
43.52080058,6.29921200
43.52160058,7.08661400
43.52240058,7.08661400
43.52320058,7.48031400
43.52400058,7.48031400
43.52480058,7.87401500
43.52560058,7.87401500
43.52640058,7.87401500
43.52720058,7.48031400
43.52800058,7.08661400
43.52880058,6.69291300
43.52960058,5.90551100
43.53040058,5.90551100
43.53120058,7.08661400
43.53200058,7.87401500
43.53280058,8.26771600
43.53360058,8.66141700
43.53440058,7.87401500
43.53520058,7.08661400
43.53600058,6.29921200
43.53680058,5.90551100
43.53760058,5.90551100
43.53840058,5.51181100
43.53920058,5.11811000
43.54000058,3.54330700
43.54080058,3.54330700
43.54160058,3.14960600
43.54240058,3.54330700
43.54320058,3.93700800
43.54400058,3.54330700
43.54480058,2.36220500
43.54560058,0.78740150
43.54640058,-1.57480300
43.54720058,-3.54330700
43.54800058,-3.93700800
43.54880058,-4.72440900
43.54960058,-4.72440900
43.55040058,-4.72440900
43.55120058,-5.51181100
43.55200058,-5.51181100
43.55280058,-5.90551100
43.55360058,-5.51181100
43.55440058,-5.11811000
43.55520058,-4.33070900
43.55600058,-5.11811000
43.55680058,-6.29921200
43.55760058,-7.08661400
43.55840058,-7.48031400
43.55920058,-8.26771600
43.56000058,-7.48031400
43.56080058,-7.48031400
43.56160058,-6.69291300
43.56240058,-6.69291300
43.56320058,-7.08661400
43.56400058,-6.69291300
43.56480058,-6.69291300
43.56560058,-5.11811000
43.56640058,-4.72440900
43.56720058,-3.93700800
43.56800058,-4.72440900
43.56880058,-5.90551100
43.56960058,-6.29921200
43.57040058,-5.51181100
43.57120058,-5.51181100
43.57200058,-4.33070900
43.57280058,-4.72440900
43.57360058,-5.11811000
43.57440058,-5.11811000
43.57520058,-3.93700800
43.57600058,-3.54330700
43.57680058,-0.78740150
43.57760058,0.78740150
43.57840058,1.96850400
43.57920058,2.36220500
43.58000058,2.36220500
43.58080058,2.36220500
43.58160058,2.75590500
43.58240058,3.54330700
43.58320058,3.14960600
43.58400058,3.14960600
43.58480058,2.75590500
43.58560058,1.96850400
43.58640058,3.14960600
43.58720058,4.72440900
43.58800058,5.90551100
43.58880058,7.48031400
43.58960058,8.26771600
43.59040058,7.87401500
43.59120058,6.69291300
43.59200058,5.90551100
43.59280058,5.11811000
43.59360058,5.11811000
43.59440058,5.11811000
43.59520058,4.33070900
43.59600058,3.93700800
43.59680058,3.54330700
43.59760058,3.54330700
43.59840058,5.11811000
43.59920058,5.90551100
43.60000058,6.69291300
43.60080058,6.29921200
43.60160058,5.11811000
43.60240058,3.93700800
43.60320058,2.75590500
43.60400058,2.75590500
43.60480058,2.75590500
43.60560058,2.36220500
43.60640058,2.36220500
43.60720058,1.57480300
43.60800058,1.96850400
43.60880058,2.36220500
43.60960058,3.14960600
43.61040058,3.54330700
43.61120058,3.14960600
43.61200058,1.96850400
43.61280058,0.78740150
43.61360058,-0.78740150
43.61440058,-1.18110200
43.61520058,-1.57480300
43.61600058,-0.78740150
43.61680058,-1.57480300
43.61760058,-1.18110200
43.61840058,-2.36220500
43.61920058,-2.75590500
43.62000058,-2.75590500
43.62080058,-2.75590500
43.62160058,-2.75590500
43.62240058,-3.54330700
43.62320058,-4.33070900
43.62400058,-5.51181100
43.62480058,-6.29921200
43.62560058,-5.90551100
43.62640058,-5.51181100
43.62720058,-4.72440900
43.62800058,-4.33070900
43.62880058,-3.54330700
43.62960058,-3.93700800
43.63040058,-3.93700800
43.63120058,-3.93700800
43.63200058,-3.93700800
43.63280058,-2.75590500
43.63360058,-2.36220500
43.63440058,-2.36220500
43.63520058,-3.14960600
43.63600058,-3.54330700
43.63680058,-3.14960600
43.63760058,-2.75590500
43.63840058,-1.96850400
43.63920058,-1.18110200
43.64000058,-0.78740150
43.64080058,-1.18110200
43.64160058,-1.57480300
43.64240058,-1.96850400
43.64320058,-1.18110200
43.64400058,-1.18110200
43.64480058,-0.39370070
43.64560058,0.00000000
43.64640058,-0.39370070
43.64720058,-0.78740150
43.64800058,-1.18110200
43.64880058,-0.39370070
43.64960058,1.57480300
43.65040058,2.36220500
43.65120058,3.14960600
43.65200058,2.75590500
43.65280058,1.96850400
43.65360058,1.18110200
43.65440058,1.57480300
43.65520058,1.57480300
43.65600058,2.36220500
43.65680058,2.75590500
43.65760058,2.36220500
43.65840058,2.36220500
43.65920058,3.14960600
43.66000058,4.33070900
43.66080058,5.11811000
43.66160058,6.29921200
43.66240058,5.90551100
43.66320058,4.72440900
43.66400058,3.14960600
43.66480058,1.96850400
43.66560058,1.96850400
43.66640058,1.57480300
43.66720058,1.18110200
43.66800058,1.18110200
43.66880058,1.18110200
43.66960058,0.00000000
43.67040058,1.18110200
43.67120058,3.14960600
43.67200058,4.72440900
43.67280058,4.72440900
43.67360058,4.33070900
43.67440058,2.75590500
43.67520058,0.78740150
43.67600058,-0.39370070
43.67680058,-0.39370070
43.67760058,-0.39370070
43.67840058,-0.78740150
43.67920058,-1.57480300
43.68000058,-2.36220500
43.68080058,-1.57480300
43.68160058,-1.18110200
43.68240058,0.00000000
43.68320058,1.57480300
43.68400058,1.96850400
43.68480058,1.57480300
43.68560058,0.00000000
43.68640058,-0.78740150
43.68720058,-1.18110200
43.68800058,-0.78740150
43.68880058,-0.78740150
43.68960058,-0.39370070
43.69040058,0.00000000
43.69120058,0.00000000
43.69200058,0.39370070
43.69280058,0.39370070
43.69360058,0.78740150
43.69440058,-0.39370070
43.69520058,-0.78740150
43.69600058,-1.57480300
43.69680058,-2.36220500
43.69760058,-2.36220500
43.69840058,-1.96850400
43.69920058,-0.39370070
43.70000058,1.18110200
43.70080058,1.96850400
43.70160058,1.57480300
43.70240058,1.96850400
43.70320058,0.39370070
43.70400058,0.00000000
43.70480058,-0.39370070
43.70560058,-1.18110200
43.70640058,-1.96850400
43.70720058,-2.36220500
43.70800058,-3.14960600
43.70880058,-3.14960600
43.70960058,-2.75590500
43.71040058,-1.96850400
43.71120058,-0.78740150
43.71200058,0.00000000
43.71280058,-0.39370070
43.71360058,-0.78740150
43.71440058,-1.96850400
43.71520058,-2.36220500
43.71600058,-2.36220500
43.71680058,-1.96850400
43.71760058,-1.96850400
43.71840058,-1.96850400
43.71920058,-1.96850400
43.72000058,-2.75590500
43.72080058,-1.96850400
43.72160058,-1.57480300
43.72240058,-0.78740150
43.72320058,-1.18110200
43.72400058,-0.78740150
43.72480058,-1.96850400
43.72560058,-2.36220500
43.72640058,-2.36220500
43.72720058,-2.36220500
43.72800058,-1.57480300
43.72880058,-0.78740150
43.72960058,0.39370070
43.73040058,0.00000000
43.73120058,0.39370070
43.73200058,0.78740150
43.73280058,1.57480300
43.73360058,1.96850400
43.73440058,2.36220500
43.73520058,1.96850400
43.73600058,1.18110200
43.73680058,0.39370070
43.73760058,0.39370070
43.73840058,1.57480300
43.73920058,1.57480300
43.74000058,3.14960600
43.74080058,3.14960600
43.74160058,2.75590500
43.74240058,2.36220500
43.74320058,2.36220500
43.74400058,3.14960600
43.74480058,3.93700800
43.74560058,3.93700800
43.74640058,3.93700800
43.74720058,3.54330700
43.74800058,2.75590500
43.74880058,1.57480300
43.74960058,1.57480300
43.75040058,1.57480300
43.75120058,1.57480300
43.75200058,1.18110200
43.75280058,1.18110200
43.75360058,1.96850400
43.75440058,3.14960600
43.75520058,4.72440900
43.75600058,5.11811000
43.75680058,4.33070900
43.75760058,3.54330700
43.75840058,1.57480300
43.75920058,1.18110200
43.76000058,0.00000000
43.76080058,0.39370070
43.76160058,1.57480300
43.76240058,1.57480300
43.76320058,1.18110200
43.76400058,1.18110200
43.76480058,0.78740150
43.76560058,0.00000000
43.76640058,-0.39370070
43.76720058,0.00000000
43.76800058,-0.39370070
43.76880058,-0.78740150
43.76960058,-1.57480300
43.77040058,-2.36220500
43.77120058,-1.96850400
43.77200058,-1.57480300
43.77280058,-0.78740150
43.77360058,-0.39370070
43.77440058,0.39370070
43.77520058,0.78740150
43.77600058,0.00000000
43.77680058,0.00000000
43.77760058,0.00000000
43.77840058,0.00000000
43.77920058,0.00000000
43.78000058,-0.78740150
43.78080058,-1.57480300
43.78160058,-1.57480300
43.78240058,-0.78740150
43.78320058,0.39370070
43.78400058,1.57480300
43.78480058,1.57480300
43.78560058,0.39370070
43.78640058,-0.39370070
43.78720058,-1.57480300
43.78800058,-2.36220500
43.78880058,-3.14960600
43.78960058,-3.54330700
43.79040058,-3.14960600
43.79120058,-3.14960600
43.79200058,-3.54330700
43.79280058,-2.75590500
43.79360058,-2.75590500
43.79440058,-2.36220500
43.79520058,-2.36220500
43.79600058,-1.96850400
43.79680058,-2.75590500
43.79760058,-3.54330700
43.79840058,-3.93700800
43.79920058,-4.72440900
43.80000058,-3.93700800
43.80080058,-3.93700800
43.80160058,-3.14960600
43.80240058,-3.54330700
43.80320058,-3.14960600
43.80400058,-3.14960600
43.80480058,-3.14960600
43.80560058,-3.14960600
43.80640058,-3.54330700
43.80720058,-3.54330700
43.80800058,-3.93700800
43.80880058,-3.54330700
43.80960058,-2.75590500
43.81040058,-0.39370070
43.81120058,1.18110200
43.81200058,2.75590500
43.81280058,4.33070900
43.81360058,3.93700800
43.81440058,3.54330700
43.81520058,3.14960600
43.81600059,2.36220500
43.81680059,1.57480300
43.81760059,1.18110200
43.81840059,1.18110200
43.81920059,0.78740150
43.82000059,1.96850400
43.82080059,2.75590500
43.82160059,4.33070900
43.82240059,6.29921200
43.82320059,7.08661400
43.82400059,8.26771600
43.82480059,7.87401500
43.82560059,6.69291300
43.82640059,5.90551100
43.82720059,4.72440900
43.82800059,3.93700800
43.82880059,3.14960600
43.82960059,2.75590500
43.83040059,3.93700800
43.83120059,4.72440900
43.83200059,5.11811000
43.83280059,5.51181100
43.83360059,5.51181100
43.83440059,5.90551100
43.83520059,5.11811000
43.83600059,3.93700800
43.83680059,3.14960600
43.83760059,2.36220500
43.83840059,1.18110200
43.83920059,0.78740150
43.84000059,0.78740150
43.84080059,0.39370070
43.84160059,0.78740150
43.84240059,0.39370070
43.84320059,-0.39370070
43.84400059,-0.39370070
43.84480059,-0.78740150
43.84560059,-1.18110200
43.84640059,-0.78740150
43.84720059,-1.18110200
43.84800059,-1.96850400
43.84880059,-1.96850400
43.84960059,-2.36220500
43.85040059,-1.96850400
43.85120059,-1.96850400
43.85200059,-1.18110200
43.85280059,-0.78740150
43.85360059,-0.78740150
43.85440059,-1.18110200
43.85520059,-1.96850400
43.85600059,-1.96850400
43.85680059,-2.36220500
43.85760059,-2.75590500
43.85840059,-3.14960600
43.85920059,-3.93700800
43.86000059,-3.93700800
43.86080059,-3.93700800
43.86160059,-3.54330700
43.86240059,-3.54330700
43.86320059,-2.75590500
43.86400059,-2.75590500
43.86480059,-2.75590500
43.86560059,-2.36220500
43.86640059,-2.36220500
43.86720059,-1.96850400
43.86800059,-1.57480300
43.86880059,-1.96850400
43.86960059,-2.36220500
43.87040059,-3.54330700
43.87120059,-3.54330700
43.87200059,-3.54330700
43.87280059,-3.54330700
43.87360059,-3.14960600
43.87440059,-2.36220500
43.87520059,-1.57480300
43.87600059,-0.39370070
43.87680059,-0.39370070
43.87760059,0.78740150
43.87840059,0.39370070
43.87920059,0.00000000
43.88000059,-0.78740150
43.88080059,-1.57480300
43.88160059,-1.96850400
43.88240059,-1.96850400
43.88320059,-2.36220500
43.88400059,-2.75590500
43.88480059,-2.36220500
43.88560059,-1.96850400
43.88640059,-1.18110200
43.88720059,0.00000000
43.88800059,1.18110200
43.88880059,1.57480300
43.88960059,2.36220500
43.89040059,1.96850400
43.89120059,1.57480300
43.89200059,1.57480300
43.89280059,1.57480300
43.89360059,1.18110200
43.89440059,0.78740150
43.89520059,0.39370070
43.89600059,0.78740150
43.89680059,1.18110200
43.89760059,2.75590500
43.89840059,3.93700800
43.89920059,4.72440900
43.90000059,4.72440900
43.90080059,5.11811000
43.90160059,5.11811000
43.90240059,4.72440900
43.90320059,5.11811000
43.90400059,5.11811000
43.90480059,4.72440900
43.90560059,4.33070900
43.90640059,4.33070900
43.90720059,3.93700800
43.90800059,3.93700800
43.90880059,3.93700800
43.90960059,4.72440900
43.91040059,4.72440900
43.91120059,5.51181100
43.91200059,5.11811000
43.91280059,3.93700800
43.91360059,4.33070900
43.91440059,3.54330700
43.91520059,2.75590500
43.91600059,1.96850400
43.91680059,0.00000000
43.91760059,-1.18110200
43.91840059,-1.96850400
43.91920059,-0.78740150
43.92000059,0.00000000
43.92080059,1.18110200
43.92160059,1.96850400
43.92240059,1.96850400
43.92320059,1.96850400
43.92400059,1.96850400
43.92480059,1.57480300
43.92560059,0.39370070
43.92640059,-1.18110200
43.92720059,-2.75590500
43.92800059,-5.11811000
43.92880059,-6.29921200
43.92960059,-6.29921200
43.93040059,-4.72440900
43.93120059,-3.14960600
43.93200059,-1.96850400
43.93280059,-0.39370070
43.93360059,0.00000000
43.93440059,-0.78740150
43.93520059,-1.18110200
43.93600059,-2.75590500
43.93680059,-3.93700800
43.93760059,-4.72440900
43.93840059,-6.29921200
43.93920059,-7.08661400
43.94000059,-6.69291300
43.94080059,-5.90551100
43.94160059,-4.33070900
43.94240059,-3.14960600
43.94320059,-1.57480300
43.94400059,-1.18110200
43.94480059,-1.18110200
43.94560059,-1.96850400
43.94640059,-3.14960600
43.94720059,-4.33070900
43.94800059,-5.51181100
43.94880059,-6.29921200
43.94960059,-6.69291300
43.95040059,-6.69291300
43.95120059,-5.90551100
43.95200059,-4.33070900
43.95280059,-2.75590500
43.95360059,-0.78740150
43.95440059,0.00000000
43.95520059,0.78740150
43.95600059,0.39370070
43.95680059,-0.78740150
43.95760059,-1.57480300
43.95840059,-2.36220500
43.95920059,-2.36220500
43.96000059,-1.96850400
43.96080059,-1.57480300
43.96160059,-1.18110200
43.96240059,-1.18110200
43.96320059,-0.78740150
43.96400059,1.18110200
43.96480059,2.36220500
43.96560059,2.75590500
43.96640059,2.75590500
43.96720059,2.75590500
43.96800059,1.18110200
43.96880059,1.18110200
43.96960059,0.78740150
43.97040059,1.57480300
43.97120059,2.75590500
43.97200059,3.54330700
43.97280059,3.93700800
43.97360059,3.93700800
43.97440059,3.93700800
43.97520059,4.33070900
43.97600059,4.72440900
43.97680059,5.90551100
43.97760059,5.90551100
43.97840059,5.51181100
43.97920059,4.72440900
43.98000059,4.72440900
43.98080059,5.51181100
43.98160059,7.08661400
43.98240059,7.48031400
43.98320059,7.48031400
43.98400059,7.48031400
43.98480059,5.90551100
43.98560059,5.11811000
43.98640059,4.72440900
43.98720059,4.33070900
43.98800059,4.72440900
43.98880059,4.72440900
43.98960059,3.93700800
43.99040059,3.54330700
43.99120059,2.36220500
43.99200059,2.36220500
43.99280059,2.75590500
43.99360059,3.54330700
43.99440059,3.14960600
43.99520059,2.75590500
43.99600059,1.57480300
43.99680059,0.78740150
43.99760059,0.39370070
43.99840059,0.78740150
43.99920059,0.39370070
44.00000059,-0.78740150
44.00080059,-1.57480300
44.00160059,-2.75590500
44.00240059,-3.54330700
44.00320059,-2.36220500
44.00400059,-1.57480300
44.00480059,-1.18110200
44.00560059,-1.18110200
44.00640059,-3.14960600
44.00720059,-4.72440900
44.00800059,-5.90551100
44.00880059,-6.69291300
44.00960059,-6.29921200
44.01040059,-5.11811000
44.01120059,-5.51181100
44.01200059,-5.90551100
44.01280059,-7.08661400
44.01360059,-7.08661400
44.01440059,-5.90551100
44.01520059,-5.11811000
44.01600059,-4.72440900
44.01680059,-4.72440900
44.01760059,-5.51181100
44.01840059,-7.08661400
44.01920059,-7.08661400
44.02000059,-7.08661400
44.02080059,-6.69291300
44.02160059,-6.29921200
44.02240059,-6.29921200
44.02320059,-6.69291300
44.02400059,-6.69291300
44.02480059,-6.29921200
44.02560059,-4.72440900
44.02640059,-2.75590500
44.02720059,-2.36220500
44.02800059,-2.36220500
44.02880059,-3.14960600
44.02960059,-3.54330700
44.03040059,-3.93700800
44.03120059,-2.75590500
44.03200059,-1.57480300
44.03280059,-0.39370070
44.03360059,0.39370070
44.03440059,0.78740150
44.03520059,0.78740150
44.03600059,1.18110200
44.03680059,2.75590500
44.03760059,3.93700800
44.03840059,3.93700800
44.03920059,3.54330700
44.04000059,2.75590500
44.04080059,2.75590500
44.04160059,2.75590500
44.04240059,3.54330700
44.04320059,4.72440900
44.04400059,5.11811000
44.04480059,5.51181100
44.04560059,5.51181100
44.04640059,5.11811000
44.04720059,5.11811000
44.04800059,5.11811000
44.04880059,5.51181100
44.04960059,5.90551100
44.05040059,5.51181100
44.05120059,5.51181100
44.05200059,5.11811000
44.05280059,5.11811000
44.05360059,5.90551100
44.05440059,6.69291300
44.05520059,7.08661400
44.05600059,7.08661400
44.05680059,5.90551100
44.05760059,5.51181100
44.05840059,4.72440900
44.05920059,3.93700800
44.06000059,4.33070900
44.06080059,4.72440900
44.06160059,4.72440900
44.06240059,3.93700800
44.06320059,3.14960600
44.06400059,2.75590500
44.06480059,2.36220500
44.06560059,2.75590500
44.06640059,3.14960600
44.06720059,2.75590500
44.06800059,2.36220500
44.06880059,0.78740150
44.06960059,0.00000000
44.07040059,0.39370070
44.07120059,1.18110200
44.07200059,1.57480300
44.07280059,1.18110200
44.07360059,-0.39370070
44.07440059,-1.57480300
44.07520059,-2.75590500
44.07600059,-3.14960600
44.07680059,-2.36220500
44.07760059,-1.18110200
44.07840059,-2.75590500
44.07920059,-3.54330700
44.08000059,-4.72440900
44.08080059,-5.11811000
44.08160059,-4.33070900
44.08240059,-3.14960600
44.08320059,-3.93700800
44.08400059,-4.72440900
44.08480059,-6.29921200
44.08560059,-8.26771600
44.08640059,-9.05511800
44.08720059,-7.87401500
44.08800059,-6.69291300
44.08880059,-5.90551100
44.08960059,-5.90551100
44.09040059,-6.29921200
44.09120059,-6.69291300
44.09200059,-7.08661400
44.09280059,-6.69291300
44.09360059,-5.51181100
44.09440059,-5.11811000
44.09520059,-5.90551100
44.09600059,-6.69291300
44.09680059,-7.08661400
44.09760059,-6.69291300
44.09840059,-4.72440900
44.09920059,-2.75590500
44.10000059,-1.96850400
44.10080059,-2.36220500
44.10160059,-3.54330700
44.10240059,-3.93700800
44.10320059,-4.33070900
44.10400059,-3.54330700
44.10480059,-2.75590500
44.10560059,-2.36220500
44.10640059,-2.36220500
44.10720059,-2.36220500
44.10800059,-1.57480300
44.10880059,0.00000000
44.10960059,1.57480300
44.11040059,3.14960600
44.11120059,4.33070900
44.11200059,3.54330700
44.11280059,2.36220500
44.11360059,1.57480300
44.11440059,1.57480300
44.11520059,2.36220500
44.11600059,3.54330700
44.11680059,4.33070900
44.11760059,4.33070900
44.11840059,5.11811000
44.11920059,5.90551100
44.12000059,6.69291300
44.12080059,7.87401500
44.12160059,8.26771600
44.12240059,8.26771600
44.12320059,7.48031400
44.12400059,6.29921200
44.12480059,5.51181100
44.12560059,5.90551100
44.12640059,6.69291300
44.12720059,7.08661400
44.12800059,8.26771600
44.12880059,8.26771600
44.12960059,8.26771600
44.13040059,8.26771600
44.13120059,7.87401500
44.13200059,7.87401500
44.13280059,7.87401500
44.13360059,7.08661400
44.13440059,5.90551100
44.13520059,4.72440900
44.13600059,3.54330700
44.13680059,3.54330700
44.13760059,4.33070900
44.13840059,4.72440900
44.13920059,4.72440900
44.14000059,4.72440900
44.14080059,3.93700800
44.14160059,2.75590500
44.14240059,1.96850400
44.14320059,1.18110200
44.14400059,0.78740150
44.14480059,0.39370070
44.14560059,-0.78740150
44.14640059,-1.57480300
44.14720059,-2.36220500
44.14800059,-3.54330700
44.14880059,-3.54330700
44.14960059,-3.14960600
44.15040059,-3.14960600
44.15120059,-3.14960600
44.15200059,-3.54330700
44.15280059,-4.33070900
44.15360059,-5.11811000
44.15440059,-4.72440900
44.15520059,-4.72440900
44.15600059,-5.11811000
44.15680059,-6.29921200
44.15760059,-8.66141700
44.15840059,-9.44881800
44.15920059,-10.23622000
44.16000059,-10.23622000
44.16080059,-9.05511800
44.16160059,-8.66141700
44.16240059,-7.87401500
44.16320059,-8.26771600
44.16400059,-7.87401500
44.16480059,-7.87401500
44.16560059,-7.48031400
44.16640059,-6.69291300
44.16720059,-7.08661400
44.16800059,-8.26771600
44.16880059,-9.44881800
44.16960059,-9.44881800
44.17040059,-9.44881800
44.17120059,-7.87401500
44.17200059,-5.90551100
44.17280059,-3.93700800
44.17360059,-3.14960600
44.17440059,-3.14960600
44.17520059,-3.54330700
44.17600059,-2.75590500
44.17680059,-2.36220500
44.17760059,-2.36220500
44.17840059,-1.96850400
44.17920059,-3.14960600
44.18000059,-3.14960600
44.18080059,-2.75590500
44.18160059,-1.18110200
44.18240059,1.57480300
44.18320059,4.33070900
44.18400059,5.90551100
44.18480059,5.90551100
44.18560059,5.51181100
44.18640059,4.72440900
44.18720059,4.33070900
44.18800059,4.33070900
44.18880059,3.93700800
44.18960059,4.72440900
44.19040059,4.72440900
44.19120059,5.51181100
44.19200059,6.69291300
44.19280059,8.66141700
44.19360059,11.02362000
44.19440059,12.59842000
44.19520059,13.38583000
44.19600059,11.41732000
44.19680059,9.84251900
44.19760059,8.26771600
44.19840059,7.08661400
44.19920059,6.69291300
44.20000059,7.08661400
44.20080059,7.08661400
44.20160059,7.48031400
44.20240059,8.66141700
44.20320059,9.84251900
44.20400059,10.62992000
44.20480059,11.02362000
44.20560059,10.62992000
44.20640059,9.05511800
44.20720059,7.48031400
44.20800059,5.90551100
44.20880059,4.33070900
44.20960059,3.54330700
44.21040059,3.14960600
44.21120059,3.54330700
44.21200059,3.54330700
44.21280059,3.54330700
44.21360059,3.54330700
44.21440059,2.36220500
44.21520059,1.96850400
44.21600059,1.57480300
44.21680059,0.00000000
44.21760059,-0.78740150
44.21840059,-2.36220500
44.21920059,-3.54330700
44.22000059,-3.93700800
44.22080059,-4.33070900
44.22160059,-4.33070900
44.22240059,-4.72440900
44.22320059,-5.11811000
44.22400059,-5.51181100
44.22480059,-6.69291300
44.22560059,-7.08661400
44.22640059,-8.26771600
44.22720059,-8.66141700
44.22800059,-9.84251900
44.22880059,-9.84251900
44.22960059,-9.05511800
44.23040059,-9.44881800
44.23120059,-8.66141700
44.23200059,-9.44881800
44.23280059,-9.44881800
44.23360059,-9.44881800
44.23440059,-9.44881800
44.23520059,-9.84251900
44.23600059,-10.62992000
44.23680059,-10.62992000
44.23760059,-10.62992000
44.23840059,-9.84251900
44.23920059,-9.44881800
44.24000059,-8.66141700
44.24080059,-7.87401500
44.24160059,-7.08661400
44.24240059,-7.48031400
44.24320059,-6.69291300
44.24400059,-6.29921200
44.24480059,-5.51181100
44.24560059,-5.11811000
44.24640059,-4.33070900
44.24720059,-3.93700800
44.24800059,-3.54330700
44.24880059,-2.75590500
44.24960059,-1.18110200
44.25040059,0.39370070
44.25120059,1.57480300
44.25200059,1.96850400
44.25280059,2.36220500
44.25360059,1.57480300
44.25440059,1.57480300
44.25520059,1.96850400
44.25600059,3.14960600
44.25680059,3.93700800
44.25760059,4.72440900
44.25840059,5.51181100
44.25920059,5.90551100
44.26000059,6.69291300
44.26080059,8.26771600
44.26160059,8.66141700
44.26240059,9.05511800
44.26320059,9.44881800
44.26400059,9.05511800
44.26480059,9.05511800
44.26560059,9.44881800
44.26640059,9.44881800
44.26720059,9.84251900
44.26800059,10.23622000
44.26880059,9.84251900
44.26960059,9.84251900
44.27040059,9.84251900
44.27120059,9.84251900
44.27200059,9.84251900
44.27280059,10.23622000
44.27360059,10.23622000
44.27440059,9.84251900
44.27520059,9.05511800
44.27600059,8.26771600
44.27680059,8.26771600
44.27760059,8.66141700
44.27840059,7.48031400
44.27920059,6.69291300
44.28000059,4.72440900
44.28080059,3.54330700
44.28160059,3.54330700
44.28240059,3.54330700
44.28320059,3.54330700
44.28400059,3.14960600
44.28480059,3.14960600
44.28560059,1.96850400
44.28640059,1.57480300
44.28720059,1.18110200
44.28800059,0.39370070
44.28880059,-0.78740150
44.28960059,-2.36220500
44.29040059,-3.93700800
44.29120059,-5.11811000
44.29200059,-5.51181100
44.29280059,-5.51181100
44.29360059,-5.90551100
44.29440059,-5.90551100
44.29520059,-5.90551100
44.29600059,-5.51181100
44.29680059,-6.29921200
44.29760059,-6.69291300
44.29840059,-7.08661400
44.29920059,-7.87401500
44.30000059,-9.44881800
44.30080059,-10.23622000
44.30160059,-11.41732000
44.30240059,-11.41732000
44.30320059,-11.02362000
44.30400059,-9.84251900
44.30480059,-9.44881800
44.30560059,-9.05511800
44.30640059,-8.66141700
44.30720059,-8.66141700
44.30800059,-8.66141700
44.30880059,-8.26771600
44.30960059,-8.66141700
44.31040059,-9.05511800
44.31120059,-9.84251900
44.31200059,-9.84251900
44.31280059,-8.66141700
44.31360059,-7.08661400
44.31440059,-5.90551100
44.31520059,-4.33070900
44.31600059,-3.54330700
44.31680059,-3.14960600
44.31760059,-2.75590500
44.31840059,-1.96850400
44.31920059,-2.36220500
44.32000059,-2.36220500
44.32080059,-1.96850400
44.32160059,-2.36220500
44.32240059,-0.78740150
44.32320059,0.00000000
44.32400059,1.57480300
44.32480059,3.14960600
44.32560059,4.72440900
44.32640059,5.11811000
44.32720059,5.51181100
44.32800059,5.11811000
44.32880059,5.11811000
44.32960059,5.51181100
44.33040059,6.29921200
44.33120059,6.69291300
44.33200059,7.48031400
44.33280059,7.08661400
44.33360059,7.48031400
44.33440059,8.26771600
44.33520059,8.66141700
44.33600059,8.26771600
44.33680059,7.48031400
44.33760059,7.08661400
44.33840059,7.08661400
44.33920059,7.87401500
44.34000059,8.66141700
44.34080059,9.05511800
44.34160059,10.23622000
44.34240059,10.23622000
44.34320059,9.84251900
44.34400059,9.84251900
44.34480059,9.05511800
44.34560059,8.26771600
44.34640059,6.69291300
44.34720059,5.51181100
44.34800059,5.51181100
44.34880059,7.08661400
44.34960059,8.66141700
44.35040059,9.05511800
44.35120059,8.66141700
44.35200059,6.29921200
44.35280059,4.72440900
44.35360059,3.54330700
44.35440059,2.75590500
44.35520059,1.57480300
44.35600059,1.57480300
44.35680059,1.96850400
44.35760059,2.36220500
44.35840059,1.96850400
44.35920059,1.18110200
44.36000059,-0.39370070
44.36080059,-1.57480300
44.36160059,-2.75590500
44.36240059,-3.14960600
44.36320059,-3.54330700
44.36400059,-3.93700800
44.36480059,-4.33070900
44.36560059,-4.33070900
44.36640059,-5.51181100
44.36720059,-6.69291300
44.36800059,-7.87401500
44.36880059,-7.87401500
44.36960059,-7.08661400
44.37040059,-5.11811000
44.37120059,-4.72440900
44.37200059,-5.51181100
44.37280059,-7.08661400
44.37360059,-8.66141700
44.37440059,-10.62992000
44.37520059,-11.81102000
44.37600059,-11.02362000
44.37680059,-10.62992000
44.37760059,-9.44881800
44.37840059,-7.87401500
44.37920059,-7.87401500
44.38000059,-8.26771600
44.38080059,-7.87401500
44.38160059,-7.48031400
44.38240059,-7.87401500
44.38320059,-7.08661400
44.38400059,-7.08661400
44.38480059,-5.90551100
44.38560059,-5.51181100
44.38640059,-5.51181100
44.38720059,-5.51181100
44.38800059,-6.29921200
44.38880059,-7.08661400
44.38960059,-6.29921200
44.39040059,-4.33070900
44.39120059,-2.75590500
44.39200059,-1.57480300
44.39280059,-0.39370070
44.39360059,-0.39370070
44.39440059,-0.78740150
44.39520059,-0.39370070
44.39600059,0.00000000
44.39680059,1.57480300
44.39760059,2.75590500
44.39840059,3.54330700
44.39920059,3.54330700
44.40000059,2.75590500
44.40080059,1.57480300
44.40160059,1.18110200
44.40240059,2.75590500
44.40320059,3.93700800
44.40400059,6.29921200
44.40480059,8.26771600
44.40560059,7.87401500
44.40640059,7.87401500
44.40720059,7.48031400
44.40800059,7.48031400
44.40880059,8.26771600
44.40960059,9.05511800
44.41040059,8.66141700
44.41120059,8.66141700
44.41200059,7.87401500
44.41280059,6.69291300
44.41360059,6.69291300
44.41440059,7.48031400
44.41520059,9.05511800
44.41600059,9.44881800
44.41680059,9.44881800
44.41760059,8.66141700
44.41840059,8.26771600
44.41920059,7.48031400
44.42000059,7.08661400
44.42080059,7.08661400
44.42160059,7.08661400
44.42240059,7.08661400
44.42320059,6.69291300
44.42400059,6.29921200
44.42480059,5.51181100
44.42560059,5.51181100
44.42640059,5.11811000
44.42720059,4.72440900
44.42800059,3.93700800
44.42880059,2.75590500
44.42960059,2.36220500
44.43040059,1.18110200
44.43120059,0.78740150
44.43200059,0.00000000
44.43280059,-0.78740150
44.43360059,-1.18110200
44.43440059,-0.78740150
44.43520059,-0.39370070
44.43600059,-0.78740150
44.43680059,-1.18110200
44.43760059,-2.75590500
44.43840059,-3.93700800
44.43920059,-5.51181100
44.44000059,-6.69291300
44.44080059,-6.29921200
44.44160059,-6.69291300
44.44240059,-6.69291300
44.44320059,-5.90551100
44.44400059,-5.90551100
44.44480059,-6.69291300
44.44560059,-7.87401500
44.44640059,-9.05511800
44.44720059,-9.05511800
44.44800059,-8.66141700
44.44880059,-9.44881800
44.44960059,-10.23622000
44.45040059,-10.62992000
44.45120059,-10.23622000
44.45200059,-9.44881800
44.45280059,-7.48031400
44.45360059,-5.51181100
44.45440059,-3.93700800
44.45520059,-3.54330700
44.45600059,-4.72440900
44.45680059,-6.29921200
44.45760059,-7.87401500
44.45840059,-9.44881800
44.45920059,-9.84251900
44.46000059,-9.05511800
44.46080059,-7.87401500
44.46160059,-6.69291300
44.46240059,-5.11811000
44.46320059,-4.72440900
44.46400059,-3.14960600
44.46480059,-0.78740150
44.46560059,1.18110200
44.46640059,2.36220500
44.46720059,3.14960600
44.46800059,2.36220500
44.46880059,1.18110200
44.46960059,0.39370070
44.47040059,0.00000000
44.47120059,0.00000000
44.47200059,1.18110200
44.47280059,0.78740150
44.47360059,2.36220500
44.47440059,3.93700800
44.47520059,5.51181100
44.47600059,7.08661400
44.47680059,7.87401500
44.47760059,8.26771600
44.47840059,7.87401500
44.47920059,7.87401500
44.48000059,7.48031400
44.48080059,7.48031400
44.48160059,7.87401500
44.48240059,7.87401500
44.48320059,7.48031400
44.48400059,6.69291300
44.48480059,5.51181100
44.48560059,5.51181100
44.48640059,6.29921200
44.48720059,6.69291300
44.48800059,7.87401500
44.48880059,8.26771600
44.48960059,7.87401500
44.49040059,8.26771600
44.49120059,8.26771600
44.49200059,8.66141700
44.49280059,8.66141700
44.49360059,7.48031400
44.49440059,5.51181100
44.49520059,3.14960600
44.49600059,0.78740150
44.49680059,0.00000000
44.49760059,1.18110200
44.49840059,2.75590500
44.49920059,3.54330700
44.50000059,3.93700800
44.50080059,3.54330700
44.50160059,2.36220500
44.50240059,1.57480300
44.50320059,0.78740150
44.50400059,0.78740150
44.50480059,0.00000000
44.50560059,-1.18110200
44.50640059,-3.14960600
44.50720059,-4.72440900
44.50800059,-5.11811000
44.50880059,-5.11811000
44.50960059,-4.33070900
44.51040059,-2.75590500
44.51120059,-3.14960600
44.51200059,-3.14960600
44.51280059,-3.93700800
44.51360059,-5.11811000
44.51440059,-4.72440900
44.51520059,-5.51181100
44.51600059,-5.90551100
44.51680059,-6.69291300
44.51760059,-6.69291300
44.51840059,-7.48031400
44.51920059,-7.08661400
44.52000059,-6.69291300
44.52080059,-6.29921200
44.52160059,-5.90551100
44.52240059,-5.11811000
44.52320059,-5.51181100
44.52400059,-5.90551100
44.52480059,-5.51181100
44.52560059,-5.51181100
44.52640059,-5.11811000
44.52720059,-4.72440900
44.52800059,-3.93700800
44.52880059,-3.93700800
44.52960059,-4.72440900
44.53040059,-4.72440900
44.53120059,-4.72440900
44.53200059,-4.33070900
44.53280059,-4.33070900
44.53360059,-3.54330700
44.53440059,-2.75590500
44.53520059,-1.96850400
44.53600059,-0.39370070
44.53680059,0.39370070
44.53760059,1.18110200
44.53840059,1.96850400
44.53920059,1.96850400
44.54000059,1.18110200
44.54080059,0.00000000
44.54160059,-1.18110200
44.54240059,-1.57480300
44.54320059,-1.57480300
44.54400059,0.00000000
44.54480059,1.57480300
44.54560059,3.54330700
44.54640059,4.33070900
44.54720059,5.11811000
44.54800059,5.51181100
44.54880059,6.29921200
44.54960059,6.29921200
44.55040059,5.51181100
44.55120059,4.33070900
44.55200059,2.36220500
44.55280059,1.57480300
44.55360059,0.78740150
44.55440059,1.57480300
44.55520059,3.14960600
44.55600059,5.11811000
44.55680059,5.90551100
44.55760059,6.69291300
44.55840059,6.69291300
44.55920059,6.29921200
44.56000059,6.69291300
44.56080059,6.69291300
44.56160059,5.90551100
44.56240059,5.11811000
44.56320059,3.93700800
44.56400059,2.36220500
44.56480060,2.36220500
44.56560060,2.75590500
44.56640060,3.93700800
44.56720060,4.33070900
44.56800060,4.33070900
44.56880060,3.54330700
44.56960060,3.14960600
44.57040060,3.54330700
44.57120060,3.54330700
44.57200060,3.54330700
44.57280060,3.14960600
44.57360060,2.36220500
44.57440060,0.78740150
44.57520060,-0.39370070
44.57600060,-0.39370070
44.57680060,-0.78740150
44.57760060,-0.78740150
44.57840060,-1.96850400
44.57920060,-2.36220500
44.58000060,-3.14960600
44.58080060,-3.54330700
44.58160060,-2.75590500
44.58240060,-1.18110200
44.58320060,0.00000000
44.58400060,0.00000000
44.58480060,-0.78740150
44.58560060,-1.96850400
44.58640060,-2.75590500
44.58720060,-2.36220500
44.58800060,-2.36220500
44.58880060,-2.75590500
44.58960060,-2.75590500
44.59040060,-3.93700800
44.59120060,-5.11811000
44.59200060,-4.72440900
44.59280060,-4.33070900
44.59360060,-3.54330700
44.59440060,-2.36220500
44.59520060,-2.36220500
44.59600060,-2.36220500
44.59680060,-3.14960600
44.59760060,-3.54330700
44.59840060,-3.54330700
44.59920060,-3.54330700
44.60000060,-3.93700800
44.60080060,-3.54330700
44.60160060,-3.14960600
44.60240060,-3.14960600
44.60320060,-3.14960600
44.60400060,-3.54330700
44.60480060,-3.14960600
44.60560060,-3.14960600
44.60640060,-3.14960600
44.60720060,-3.14960600
44.60800060,-3.54330700
44.60880060,-3.93700800
44.60960060,-3.54330700
44.61040060,-2.36220500
44.61120060,-1.18110200
44.61200060,0.00000000
44.61280060,0.39370070
44.61360060,0.00000000
44.61440060,-1.18110200
44.61520060,-1.96850400
44.61600060,-2.36220500
44.61680060,-2.36220500
44.61760060,-1.96850400
44.61840060,-1.57480300
44.61920060,-1.57480300
44.62000060,-1.18110200
44.62080060,-0.39370070
44.62160060,0.78740150
44.62240060,1.96850400
44.62320060,2.36220500
44.62400060,2.75590500
44.62480060,1.96850400
44.62560060,1.57480300
44.62640060,0.78740150
44.62720060,1.57480300
44.62800060,3.14960600
44.62880060,3.54330700
44.62960060,4.72440900
44.63040060,4.72440900
44.63120060,5.11811000
44.63200060,5.51181100
44.63280060,6.29921200
44.63360060,6.69291300
44.63440060,6.29921200
44.63520060,5.90551100
44.63600060,3.93700800
44.63680060,3.93700800
44.63760060,3.93700800
44.63840060,4.72440900
44.63920060,5.90551100
44.64000060,7.48031400
44.64080060,7.48031400
44.64160060,8.26771600
44.64240060,7.87401500
44.64320060,7.48031400
44.64400060,6.69291300
44.64480060,6.69291300
44.64560060,5.51181100
44.64640060,3.54330700
44.64720060,1.57480300
44.64800060,-0.78740150
44.64880060,-0.78740150
44.64960060,0.39370070
44.65040060,1.96850400
44.65120060,3.14960600
44.65200060,3.14960600
44.65280060,2.36220500
44.65360060,1.18110200
44.65440060,0.78740150
44.65520060,0.39370070
44.65600060,-0.39370070
44.65680060,-1.57480300
44.65760060,-3.14960600
44.65840060,-5.11811000
44.65920060,-6.29921200
44.66000060,-6.69291300
44.66080060,-6.29921200
44.66160060,-5.90551100
44.66240060,-5.11811000
44.66320060,-4.33070900
44.66400060,-4.72440900
44.66480060,-5.11811000
44.66560060,-5.51181100
44.66640060,-5.90551100
44.66720060,-5.90551100
44.66800060,-6.69291300
44.66880060,-7.48031400
44.66960060,-9.05511800
44.67040060,-10.23622000
44.67120060,-9.84251900
44.67200060,-9.44881800
44.67280060,-8.26771600
44.67360060,-6.69291300
44.67440060,-6.29921200
44.67520060,-5.90551100
44.67600060,-6.29921200
44.67680060,-5.51181100
44.67760060,-5.11811000
44.67840060,-4.72440900
44.67920060,-3.54330700
44.68000060,-3.93700800
44.68080060,-3.93700800
44.68160060,-4.33070900
44.68240060,-3.54330700
44.68320060,-1.96850400
44.68400060,0.00000000
44.68480060,1.57480300
44.68560060,1.96850400
44.68640060,1.96850400
44.68720060,0.78740150
44.68800060,0.78740150
44.68880060,1.18110200
44.68960060,2.36220500
44.69040060,3.14960600
44.69120060,3.54330700
44.69200060,3.14960600
44.69280060,3.54330700
44.69360060,3.93700800
44.69440060,5.51181100
44.69520060,7.08661400
44.69600060,7.87401500
44.69680060,7.48031400
44.69760060,6.69291300
44.69840060,5.11811000
44.69920060,4.33070900
44.70000060,4.72440900
44.70080060,5.11811000
44.70160060,6.29921200
44.70240060,6.69291300
44.70320060,6.29921200
44.70400060,5.90551100
44.70480060,6.69291300
44.70560060,7.08661400
44.70640060,7.48031400
44.70720060,7.87401500
44.70800060,6.69291300
44.70880060,4.72440900
44.70960060,3.14960600
44.71040060,2.36220500
44.71120060,2.75590500
44.71200060,3.54330700
44.71280060,4.33070900
44.71360060,4.72440900
44.71440060,3.93700800
44.71520060,3.14960600
44.71600060,1.96850400
44.71680060,2.75590500
44.71760060,1.96850400
44.71840060,2.36220500
44.71920060,0.39370070
44.72000060,-0.78740150
44.72080060,-1.96850400
44.72160060,-1.96850400
44.72240060,-0.78740150
44.72320060,0.00000000
44.72400060,1.18110200
44.72480060,0.78740150
44.72560060,-1.18110200
44.72640060,-2.36220500
44.72720060,-3.93700800
44.72800060,-4.72440900
44.72880060,-4.33070900
44.72960060,-4.33070900
44.73040060,-5.51181100
44.73120060,-5.11811000
44.73200060,-5.11811000
44.73280060,-4.33070900
44.73360060,-2.75590500
44.73440060,-1.96850400
44.73520060,-1.57480300
44.73600060,-1.96850400
44.73680060,-3.14960600
44.73760060,-5.11811000
44.73840060,-5.51181100
44.73920060,-5.11811000
44.74000060,-4.72440900
44.74080060,-4.33070900
44.74160060,-3.14960600
44.74240060,-3.54330700
44.74320060,-3.54330700
44.74400060,-3.14960600
44.74480060,-2.36220500
44.74560060,-1.18110200
44.74640060,-0.78740150
44.74720060,-1.57480300
44.74800060,-3.14960600
44.74880060,-4.72440900
44.74960060,-4.72440900
44.75040060,-3.54330700
44.75120060,-1.57480300
44.75200060,-0.78740150
44.75280060,-0.39370070
44.75360060,-0.78740150
44.75440060,-1.18110200
44.75520060,-1.18110200
44.75600060,0.00000000
44.75680060,1.18110200
44.75760060,1.18110200
44.75840060,0.39370070
44.75920060,0.00000000
44.76000060,-1.18110200
44.76080060,-1.18110200
44.76160060,-0.39370070
44.76240060,1.18110200
44.76320060,2.36220500
44.76400060,2.36220500
44.76480060,1.18110200
44.76560060,0.78740150
44.76640060,0.39370070
44.76720060,1.18110200
44.76800060,1.96850400
44.76880060,1.96850400
44.76960060,1.96850400
44.77040060,1.57480300
44.77120060,0.00000000
44.77200060,0.00000000
44.77280060,0.78740150
44.77360060,1.96850400
44.77440060,3.14960600
44.77520060,2.75590500
44.77600060,2.36220500
44.77680060,1.18110200
44.77760060,1.57480300
44.77840060,2.75590500
44.77920060,3.54330700
44.78000060,3.54330700
44.78080060,2.75590500
44.78160060,1.57480300
44.78240060,0.39370070
44.78320060,-0.39370070
44.78400060,0.78740150
44.78480060,1.96850400
44.78560060,2.75590500
44.78640060,3.14960600
44.78720060,2.75590500
44.78800060,2.75590500
44.78880060,3.14960600
44.78960060,3.54330700
44.79040060,3.93700800
44.79120060,3.54330700
44.79200060,2.36220500
44.79280060,1.57480300
44.79360060,0.78740150
44.79440060,0.78740150
44.79520060,1.57480300
44.79600060,3.14960600
44.79680060,3.54330700
44.79760060,3.93700800
44.79840060,3.93700800
44.79920060,3.14960600
44.80000060,2.75590500
44.80080060,2.75590500
44.80160060,2.36220500
44.80240060,2.36220500
44.80320060,1.18110200
44.80400060,0.00000000
44.80480060,-1.57480300
44.80560060,-1.18110200
44.80640060,-0.39370070
44.80720060,1.18110200
44.80800060,2.36220500
44.80880060,1.96850400
44.80960060,0.78740150
44.81040060,-0.39370070
44.81120060,-1.18110200
44.81200060,-1.96850400
44.81280060,-1.57480300
44.81360060,-2.36220500
44.81440060,-2.75590500
44.81520060,-3.54330700
44.81600060,-3.54330700
44.81680060,-2.75590500
44.81760060,-1.96850400
44.81840060,-1.18110200
44.81920060,-1.96850400
44.82000060,-2.75590500
44.82080060,-4.72440900
44.82160060,-5.90551100
44.82240060,-6.69291300
44.82320060,-6.69291300
44.82400060,-5.90551100
44.82480060,-5.51181100
44.82560060,-5.11811000
44.82640060,-5.90551100
44.82720060,-5.51181100
44.82800060,-4.33070900
44.82880060,-3.93700800
44.82960060,-3.93700800
44.83040060,-3.54330700
44.83120060,-4.72440900
44.83200060,-6.29921200
44.83280060,-6.69291300
44.83360060,-6.29921200
44.83440060,-4.72440900
44.83520060,-3.14960600
44.83600060,-2.36220500
44.83680060,-2.75590500
44.83760060,-2.75590500
44.83840060,-3.54330700
44.83920060,-2.75590500
44.84000060,-1.57480300
44.84080060,-0.39370070
44.84160060,0.39370070
44.84240060,0.00000000
44.84320060,-0.39370070
44.84400060,-0.78740150
44.84480060,-0.39370070
44.84560060,0.78740150
44.84640060,2.36220500
44.84720060,2.36220500
44.84800060,1.57480300
44.84880060,0.78740150
44.84960060,1.18110200
44.85040060,1.57480300
44.85120060,3.14960600
44.85200060,5.11811000
44.85280060,5.51181100
44.85360060,6.29921200
44.85440060,5.51181100
44.85520060,5.90551100
44.85600060,5.51181100
44.85680060,5.90551100
44.85760060,5.51181100
44.85840060,4.72440900
44.85920060,4.33070900
44.86000060,3.54330700
44.86080060,3.93700800
44.86160060,5.90551100
44.86240060,7.08661400
44.86320060,8.66141700
44.86400060,9.05511800
44.86480060,8.26771600
44.86560060,7.48031400
44.86640060,6.69291300
44.86720060,6.29921200
44.86800060,5.90551100
44.86880060,6.29921200
44.86960060,5.90551100
44.87040060,5.51181100
44.87120060,5.11811000
44.87200060,4.72440900
44.87280060,5.90551100
44.87360060,6.69291300
44.87440060,7.48031400
44.87520060,6.69291300
44.87600060,5.11811000
44.87680060,3.14960600
44.87760060,1.57480300
44.87840060,0.78740150
44.87920060,0.00000000
44.88000060,0.39370070
44.88080060,0.39370070
44.88160060,0.39370070
44.88240060,-0.39370070
44.88320060,-0.78740150
44.88400060,-1.18110200
44.88480060,-1.18110200
44.88560060,-1.57480300
44.88640060,-2.75590500
44.88720060,-4.72440900
44.88800060,-6.29921200
44.88880060,-7.87401500
44.88960060,-8.26771600
44.89040060,-7.48031400
44.89120060,-7.08661400
44.89200060,-6.69291300
44.89280060,-7.08661400
44.89360060,-8.26771600
44.89440060,-8.66141700
44.89520060,-8.26771600
44.89600060,-8.26771600
44.89680060,-8.26771600
44.89760060,-9.05511800
44.89840060,-10.23622000
44.89920060,-11.02362000
44.90000060,-11.02362000
44.90080060,-10.62992000
44.90160060,-9.84251900
44.90240060,-9.05511800
44.90320060,-9.05511800
44.90400060,-9.05511800
44.90480060,-8.26771600
44.90560060,-7.48031400
44.90640060,-6.69291300
44.90720060,-5.11811000
44.90800060,-4.33070900
44.90880060,-3.93700800
44.90960060,-3.93700800
44.91040060,-5.11811000
44.91120060,-5.11811000
44.91200060,-4.33070900
44.91280060,-3.54330700
44.91360060,-1.96850400
44.91440060,-0.78740150
44.91520060,-0.39370070
44.91600060,0.00000000
44.91680060,1.18110200
44.91760060,2.75590500
44.91840060,4.33070900
44.91920060,5.51181100
44.92000060,5.51181100
44.92080060,5.11811000
44.92160060,4.72440900
44.92240060,4.33070900
44.92320060,4.72440900
44.92400060,6.29921200
44.92480060,7.08661400
44.92560060,7.48031400
44.92640060,8.26771600
44.92720060,8.66141700
44.92800060,9.84251900
44.92880060,11.02362000
44.92960060,11.81102000
44.93040060,11.41732000
44.93120060,11.02362000
44.93200060,9.05511800
44.93280060,8.26771600
44.93360060,7.87401500
44.93440060,8.26771600
44.93520060,8.66141700
44.93600060,9.44881800
44.93680060,9.05511800
44.93760060,9.44881800
44.93840060,9.44881800
44.93920060,9.05511800
44.94000060,8.66141700
44.94080060,7.87401500
44.94160060,6.69291300
44.94240060,4.72440900
44.94320060,3.14960600
44.94400060,1.57480300
44.94480060,1.18110200
44.94560060,1.57480300
44.94640060,2.36220500
44.94720060,2.75590500
44.94800060,2.75590500
44.94880060,1.57480300
44.94960060,0.78740150
44.95040060,-0.78740150
44.95120060,-1.96850400
44.95200060,-2.75590500
44.95280060,-3.54330700
44.95360060,-4.72440900
44.95440060,-5.51181100
44.95520060,-5.90551100
44.95600060,-6.29921200
44.95680060,-5.51181100
44.95760060,-5.51181100
44.95840060,-5.90551100
44.95920060,-6.69291300
44.96000060,-7.87401500
44.96080060,-7.87401500
44.96160060,-8.26771600
44.96240060,-7.87401500
44.96320060,-8.26771600
44.96400060,-8.26771600
44.96480060,-8.66141700
44.96560060,-9.44881800
44.96640060,-9.44881800
44.96720060,-9.05511800
44.96800060,-8.26771600
44.96880060,-7.87401500
44.96960060,-7.48031400
44.97040060,-7.48031400
44.97120060,-7.87401500
44.97200060,-7.87401500
44.97280060,-6.69291300
44.97360060,-5.51181100
44.97440060,-5.11811000
44.97520060,-4.72440900
44.97600060,-4.33070900
44.97680060,-3.93700800
44.97760060,-3.93700800
44.97840060,-3.93700800
44.97920060,-3.54330700
44.98000060,-2.75590500
44.98080060,-2.36220500
44.98160060,-1.96850400
44.98240060,-1.18110200
44.98320060,0.39370070
44.98400060,2.36220500
44.98480060,3.14960600
44.98560060,3.93700800
44.98640060,3.54330700
44.98720060,2.75590500
44.98800060,3.14960600
44.98880060,3.14960600
44.98960060,3.14960600
44.99040060,3.54330700
44.99120060,3.93700800
44.99200060,3.93700800
44.99280060,5.11811000
44.99360060,5.90551100
44.99440060,7.48031400
44.99520060,8.66141700
44.99600060,9.05511800
44.99680060,8.26771600
44.99760060,7.48031400
44.99840060,6.29921200
44.99920060,5.51181100
45.00000060,5.11811000
45.00080060,5.11811000
45.00160060,5.51181100
45.00240060,5.51181100
45.00320060,6.29921200
45.00400060,7.08661400
45.00480060,7.08661400
45.00560060,7.48031400
45.00640060,7.48031400
45.00720060,7.08661400
45.00800060,5.90551100
45.00880060,4.33070900
45.00960060,3.14960600
45.01040060,2.75590500
45.01120060,2.75590500
45.01200060,2.36220500
45.01280060,2.36220500
45.01360060,2.75590500
45.01440060,2.36220500
45.01520060,2.36220500
45.01600060,2.36220500
45.01680060,2.36220500
45.01760060,1.96850400
45.01840060,1.18110200
45.01920060,-0.39370070
45.02000060,-1.57480300
45.02080060,-2.36220500
45.02160060,-3.54330700
45.02240060,-3.14960600
45.02320060,-2.75590500
45.02400060,-3.14960600
45.02480060,-2.36220500
45.02560060,-1.96850400
45.02640060,-2.36220500
45.02720060,-1.96850400
45.02800060,-1.96850400
45.02880060,-1.96850400
45.02960060,-2.36220500
45.03040060,-3.14960600
45.03120060,-4.33070900
45.03200060,-5.11811000
45.03280060,-5.90551100
45.03360060,-5.90551100
45.03440060,-5.51181100
45.03520060,-5.11811000
45.03600060,-4.33070900
45.03680060,-3.93700800
45.03760060,-3.54330700
45.03840060,-3.54330700
45.03920060,-3.54330700
45.04000060,-2.75590500
45.04080060,-3.54330700
45.04160060,-3.54330700
45.04240060,-4.33070900
45.04320060,-5.51181100
45.04400060,-5.51181100
45.04480060,-5.51181100
45.04560060,-4.33070900
45.04640060,-3.14960600
45.04720060,-2.36220500
45.04800060,-2.75590500
45.04880060,-1.96850400
45.04960060,-1.96850400
45.05040060,-0.78740150
45.05120060,-0.39370070
45.05200060,-0.39370070
45.05280060,-1.96850400
45.05360060,-2.75590500
45.05440060,-3.14960600
45.05520060,-2.75590500
45.05600060,-1.18110200
45.05680060,0.00000000
45.05760060,0.39370070
45.05840060,0.39370070
45.05920060,0.39370070
45.06000060,0.39370070
45.06080060,1.18110200
45.06160060,1.96850400
45.06240060,2.75590500
45.06320060,1.57480300
45.06400060,0.39370070
45.06480060,-0.39370070
45.06560060,0.39370070
45.06640060,0.39370070
45.06720060,2.36220500
45.06800060,3.14960600
45.06880060,4.33070900
45.06960060,3.14960600
45.07040060,3.14960600
45.07120060,2.75590500
45.07200060,3.14960600
45.07280060,3.93700800
45.07360060,3.93700800
45.07440060,3.93700800
45.07520060,3.54330700
45.07600060,2.75590500
45.07680060,3.14960600
45.07760060,3.93700800
45.07840060,4.72440900
45.07920060,5.11811000
45.08000060,4.72440900
45.08080060,3.93700800
45.08160060,3.54330700
45.08240060,3.93700800
45.08320060,4.72440900
45.08400060,5.51181100
45.08480060,5.90551100
45.08560060,5.11811000
45.08640060,4.33070900
45.08720060,3.14960600
45.08800060,2.75590500
45.08880060,3.54330700
45.08960060,3.54330700
45.09040060,4.33070900
45.09120060,2.75590500
45.09200060,2.36220500
45.09280060,1.96850400
45.09360060,2.36220500
45.09440060,3.54330700
45.09520060,3.93700800
45.09600060,3.93700800
45.09680060,2.75590500
45.09760060,1.18110200
45.09840060,0.00000000
45.09920060,-0.78740150
45.10000060,-0.39370070
45.10080060,-0.39370070
45.10160060,0.00000000
45.10240060,-1.18110200
45.10320060,-1.96850400
45.10400060,-1.96850400
45.10480060,-1.96850400
45.10560060,-1.18110200
45.10640060,-0.78740150
45.10720060,-1.18110200
45.10800060,-2.36220500
45.10880060,-4.33070900
45.10960060,-5.11811000
45.11040060,-5.90551100
45.11120060,-6.29921200
45.11200060,-5.51181100
45.11280060,-5.11811000
45.11360060,-5.11811000
45.11440060,-5.11811000
45.11520060,-5.51181100
45.11600060,-5.51181100
45.11680060,-5.11811000
45.11760060,-5.51181100
45.11840060,-5.51181100
45.11920060,-5.90551100
45.12000060,-7.08661400
45.12080060,-8.26771600
45.12160060,-7.48031400
45.12240060,-6.69291300
45.12320060,-5.11811000
45.12400060,-3.93700800
45.12480060,-3.93700800
45.12560060,-4.33070900
45.12640060,-4.72440900
45.12720060,-4.72440900
45.12800060,-3.93700800
45.12880060,-3.14960600
45.12960060,-2.36220500
45.13040060,-1.96850400
45.13120060,-3.14960600
45.13200060,-3.14960600
45.13280060,-2.75590500
45.13360060,-1.18110200
45.13440060,0.39370070
45.13520060,1.18110200
45.13600060,1.57480300
45.13680060,0.00000000
45.13760060,0.00000000
45.13840060,0.78740150
45.13920060,1.96850400
45.14000060,3.14960600
45.14080060,4.72440900
45.14160060,4.72440900
45.14240060,3.93700800
45.14320060,3.54330700
45.14400060,4.33070900
45.14480060,5.90551100
45.14560060,6.29921200
45.14640060,7.08661400
45.14720060,5.90551100
45.14800060,5.11811000
45.14880060,4.33070900
45.14960060,5.11811000
45.15040060,7.08661400
45.15120060,8.26771600
45.15200060,9.05511800
45.15280060,8.26771600
45.15360060,7.08661400
45.15440060,6.69291300
45.15520060,6.69291300
45.15600060,7.08661400
45.15680060,7.48031400
45.15760060,7.87401500
45.15840060,5.90551100
45.15920060,4.33070900
45.16000060,3.54330700
45.16080060,4.33070900
45.16160060,5.90551100
45.16240060,7.08661400
45.16320060,6.69291300
45.16400060,5.11811000
45.16480060,3.54330700
45.16560060,1.57480300
45.16640060,1.57480300
45.16720060,2.36220500
45.16800060,2.75590500
45.16880060,1.96850400
45.16960060,0.39370070
45.17040060,-0.78740150
45.17120060,-1.18110200
45.17200060,-1.57480300
45.17280060,-0.78740150
45.17360060,0.00000000
45.17440060,-1.18110200
45.17520060,-2.75590500
45.17600060,-4.33070900
45.17680060,-4.72440900
45.17760060,-4.33070900
45.17840060,-3.93700800
45.17920060,-3.93700800
45.18000060,-4.72440900
45.18080060,-6.29921200
45.18160060,-7.48031400
45.18240060,-7.87401500
45.18320060,-7.08661400
45.18400060,-5.51181100
45.18480060,-4.72440900
45.18560060,-4.72440900
45.18640060,-5.51181100
45.18720060,-7.08661400
45.18800060,-7.48031400
45.18880060,-7.87401500
45.18960060,-6.69291300
45.19040060,-6.69291300
45.19120060,-6.69291300
45.19200060,-7.48031400
45.19280060,-8.26771600
45.19360060,-7.87401500
45.19440060,-5.90551100
45.19520060,-4.33070900
45.19600060,-2.75590500
45.19680060,-2.36220500
45.19760060,-2.75590500
45.19840060,-3.54330700
45.19920060,-4.33070900
45.20000060,-3.93700800
45.20080060,-3.54330700
45.20160060,-3.54330700
45.20240060,-3.14960600
45.20320060,-3.14960600
45.20400060,-3.14960600
45.20480060,-1.96850400
45.20560060,0.39370070
45.20640060,2.36220500
45.20720060,4.72440900
45.20800060,5.11811000
45.20880060,3.93700800
45.20960060,2.36220500
45.21040060,1.57480300
45.21120060,0.78740150
45.21200060,1.57480300
45.21280060,3.14960600
45.21360060,3.54330700
45.21440060,3.93700800
45.21520060,3.93700800
45.21600060,5.11811000
45.21680060,6.29921200
45.21760060,8.26771600
45.21840060,9.44881800
45.21920060,9.05511800
45.22000060,7.08661400
45.22080060,4.33070900
45.22160060,2.36220500
45.22240060,2.75590500
45.22320060,3.93700800
45.22400060,5.51181100
45.22480060,6.69291300
45.22560060,7.08661400
45.22640060,6.69291300
45.22720060,6.69291300
45.22800060,7.48031400
45.22880060,8.26771600
45.22960060,7.48031400
45.23040060,5.51181100
45.23120060,3.14960600
45.23200060,0.78740150
45.23280060,-0.78740150
45.23360060,0.39370070
45.23440060,2.75590500
45.23520060,4.33070900
45.23600060,4.72440900
45.23680060,3.93700800
45.23760060,2.36220500
45.23840060,1.57480300
45.23920060,1.57480300
45.24000060,1.18110200
45.24080060,0.39370070
45.24160060,-0.39370070
45.24240060,-2.75590500
45.24320060,-3.54330700
45.24400060,-3.14960600
45.24480060,-1.96850400
45.24560060,0.00000000
45.24640060,1.18110200
45.24720060,0.78740150
45.24800060,-0.78740150
45.24880060,-2.75590500
45.24960060,-4.33070900
45.25040060,-4.72440900
45.25120060,-4.33070900
45.25200060,-4.33070900
45.25280060,-4.72440900
45.25360060,-4.72440900
45.25440060,-5.11811000
45.25520060,-4.72440900
45.25600060,-3.14960600
45.25680060,-1.96850400
45.25760060,-1.57480300
45.25840060,-2.36220500
45.25920060,-4.33070900
45.26000060,-5.90551100
45.26080060,-6.69291300
45.26160060,-5.51181100
45.26240060,-4.72440900
45.26320060,-3.54330700
45.26400060,-3.54330700
45.26480060,-3.54330700
45.26560060,-3.54330700
45.26640060,-3.54330700
45.26720060,-3.54330700
45.26800060,-2.36220500
45.26880060,-2.36220500
45.26960060,-3.14960600
45.27040060,-3.93700800
45.27120060,-5.51181100
45.27200060,-5.11811000
45.27280060,-3.54330700
45.27360060,-2.36220500
45.27440060,-0.78740150
45.27520060,-0.39370070
45.27600060,-1.18110200
45.27680060,-1.18110200
45.27760060,-1.57480300
45.27840060,-1.18110200
45.27920060,-0.39370070
45.28000060,-0.39370070
45.28080060,-1.18110200
45.28160060,-2.36220500
45.28240060,-2.36220500
45.28320060,-2.75590500
45.28400060,-1.18110200
45.28480060,0.78740150
45.28560060,2.75590500
45.28640060,2.75590500
45.28720060,2.36220500
45.28800060,1.57480300
45.28880060,1.57480300
45.28960060,2.36220500
45.29040060,2.75590500
45.29120060,3.14960600
45.29200060,2.75590500
45.29280060,0.78740150
45.29360060,0.78740150
45.29440060,1.18110200
45.29520060,2.36220500
45.29600060,3.93700800
45.29680060,5.51181100
45.29760060,5.11811000
45.29840060,5.11811000
45.29920060,4.72440900
45.30000060,4.72440900
45.30080060,4.72440900
45.30160060,5.11811000
45.30240060,4.33070900
45.30320060,3.54330700
45.30400060,2.75590500
45.30480060,1.96850400
45.30560060,2.36220500
45.30640060,3.93700800
45.30720060,5.51181100
45.30800060,6.29921200
45.30880060,6.29921200
45.30960060,5.51181100
45.31040060,4.72440900
45.31120060,4.72440900
45.31200060,4.33070900
45.31280060,4.33070900
45.31360061,3.93700800
45.31440061,2.75590500
45.31520061,1.57480300
45.31600061,0.78740150
45.31680061,1.57480300
45.31760061,2.36220500
45.31840061,3.93700800
45.31920061,3.93700800
45.32000061,3.93700800
45.32080061,2.36220500
45.32160061,0.78740150
45.32240061,0.00000000
45.32320061,0.00000000
45.32400061,-0.39370070
45.32480061,-1.18110200
45.32560061,-1.18110200
45.32640061,-2.36220500
45.32720061,-2.75590500
45.32800061,-1.96850400
45.32880061,-0.78740150
45.32960061,0.00000000
45.33040061,0.00000000
45.33120061,-0.39370070
45.33200061,-2.75590500
45.33280061,-3.93700800
45.33360061,-5.11811000
45.33440061,-5.51181100
45.33520061,-4.72440900
45.33600061,-5.11811000
45.33680061,-5.51181100
45.33760061,-5.90551100
45.33840061,-7.08661400
45.33920061,-6.29921200
45.34000061,-5.51181100
45.34080061,-4.33070900
45.34160061,-3.93700800
45.34240061,-4.72440900
45.34320061,-5.51181100
45.34400061,-6.69291300
45.34480061,-6.29921200
45.34560061,-6.29921200
45.34640061,-4.72440900
45.34720061,-4.72440900
45.34800061,-5.11811000
45.34880061,-6.29921200
45.34960061,-6.69291300
45.35040061,-6.69291300
45.35120061,-5.51181100
45.35200061,-4.33070900
45.35280061,-3.14960600
45.35360061,-3.14960600
45.35440061,-3.14960600
45.35520061,-3.54330700
45.35600061,-2.36220500
45.35680061,-1.57480300
45.35760061,-0.78740150
45.35840061,-0.78740150
45.35920061,-0.78740150
45.36000061,-1.18110200
45.36080061,-1.18110200
45.36160061,-0.78740150
45.36240061,0.78740150
45.36320061,1.57480300
45.36400061,3.14960600
45.36480061,3.54330700
45.36560061,3.14960600
45.36640061,3.14960600
45.36720061,3.54330700
45.36800061,4.72440900
45.36880061,5.11811000
45.36960061,5.11811000
45.37040061,5.11811000
45.37120061,5.11811000
45.37200061,4.72440900
45.37280061,5.51181100
45.37360061,6.69291300
45.37440061,7.08661400
45.37520061,7.08661400
45.37600061,7.48031400
45.37680061,7.08661400
45.37760061,6.69291300
45.37840061,6.69291300
45.37920061,6.29921200
45.38000061,5.90551100
45.38080061,6.69291300
45.38160061,5.90551100
45.38240061,5.90551100
45.38320061,5.90551100
45.38400061,5.90551100
45.38480061,6.69291300
45.38560061,7.08661400
45.38640061,7.08661400
45.38720061,5.90551100
45.38800061,4.72440900
45.38880061,3.54330700
45.38960061,2.75590500
45.39040061,1.96850400
45.39120061,1.57480300
45.39200061,1.18110200
45.39280061,1.18110200
45.39360061,0.39370070
45.39440061,0.00000000
45.39520061,0.00000000
45.39600061,-0.39370070
45.39680061,0.00000000
45.39760061,-0.39370070
45.39840061,-0.78740150
45.39920061,-1.96850400
45.40000061,-3.14960600
45.40080061,-3.93700800
45.40160061,-4.72440900
45.40240061,-3.93700800
45.40320061,-4.33070900
45.40400061,-5.11811000
45.40480061,-5.51181100
45.40560061,-5.90551100
45.40640061,-6.29921200
45.40720061,-6.29921200
45.40800061,-5.51181100
45.40880061,-5.51181100
45.40960061,-6.69291300
45.41040061,-6.69291300
45.41120061,-7.08661400
45.41200061,-7.08661400
45.41280061,-7.08661400
45.41360061,-6.29921200
45.41440061,-6.69291300
45.41520061,-6.69291300
45.41600061,-7.08661400
45.41680061,-7.08661400
45.41760061,-6.29921200
45.41840061,-5.11811000
45.41920061,-4.33070900
45.42000061,-4.33070900
45.42080061,-3.93700800
45.42160061,-4.33070900
45.42240061,-4.33070900
45.42320061,-4.72440900
45.42400061,-3.54330700
45.42480061,-3.14960600
45.42560061,-2.75590500
45.42640061,-1.96850400
45.42720061,-1.57480300
45.42800061,-1.57480300
45.42880061,-0.78740150
45.42960061,0.00000000
45.43040061,1.57480300
45.43120061,1.57480300
45.43200061,1.18110200
45.43280061,1.18110200
45.43360061,1.18110200
45.43440061,1.57480300
45.43520061,3.14960600
45.43600061,3.54330700
45.43680061,4.33070900
45.43760061,4.72440900
45.43840061,5.51181100
45.43920061,5.51181100
45.44000061,5.51181100
45.44080061,5.90551100
45.44160061,5.51181100
45.44240061,5.11811000
45.44320061,5.11811000
45.44400061,4.72440900
45.44480061,4.72440900
45.44560061,4.72440900
45.44640061,5.90551100
45.44720061,6.29921200
45.44800061,6.69291300
45.44880061,6.69291300
45.44960061,6.29921200
45.45040061,5.90551100
45.45120061,5.51181100
45.45200061,5.11811000
45.45280061,4.33070900
45.45360061,4.33070900
45.45440061,4.33070900
45.45520061,4.33070900
45.45600061,4.33070900
45.45680061,4.33070900
45.45760061,4.72440900
45.45840061,4.72440900
45.45920061,3.54330700
45.46000061,3.14960600
45.46080061,2.36220500
45.46160061,0.78740150
45.46240061,0.00000000
45.46320061,-1.18110200
45.46400061,-1.57480300
45.46480061,-0.39370070
45.46560061,0.39370070
45.46640061,0.78740150
45.46720061,0.39370070
45.46800061,0.00000000
45.46880061,-0.78740150
45.46960061,-1.18110200
45.47040061,-1.96850400
45.47120061,-2.36220500
45.47200061,-3.93700800
45.47280061,-5.11811000
45.47360061,-5.90551100
45.47440061,-5.51181100
45.47520061,-5.11811000
45.47600061,-3.54330700
45.47680061,-1.96850400
45.47760061,-1.96850400
45.47840061,-2.36220500
45.47920061,-3.14960600
45.48000061,-4.33070900
45.48080061,-5.11811000
45.48160061,-5.11811000
45.48240061,-5.11811000
45.48320061,-6.29921200
45.48400061,-6.29921200
45.48480061,-6.29921200
45.48560061,-5.11811000
45.48640061,-3.54330700
45.48720061,-3.14960600
45.48800061,-2.36220500
45.48880061,-2.75590500
45.48960061,-3.54330700
45.49040061,-3.93700800
45.49120061,-4.33070900
45.49200061,-4.33070900
45.49280061,-3.93700800
45.49360061,-4.33070900
45.49440061,-3.54330700
45.49520061,-3.14960600
45.49600061,-2.36220500
45.49680061,-0.78740150
45.49760061,-0.39370070
45.49840061,0.78740150
45.49920061,0.39370070
45.50000061,-0.39370070
45.50080061,-0.78740150
45.50160061,-1.18110200
45.50240061,-1.57480300
45.50320061,-1.18110200
45.50400061,-0.39370070
45.50480061,0.39370070
45.50560061,1.18110200
45.50640061,2.36220500
45.50720061,2.36220500
45.50800061,3.14960600
45.50880061,3.14960600
45.50960061,3.14960600
45.51040061,3.14960600
45.51120061,3.14960600
45.51200061,2.75590500
45.51280061,2.75590500
45.51360061,1.96850400
45.51440061,1.96850400
45.51520061,2.75590500
45.51600061,4.33070900
45.51680061,3.93700800
45.51760061,4.72440900
45.51840061,4.72440900
45.51920061,4.72440900
45.52000061,4.72440900
45.52080061,5.11811000
45.52160061,5.90551100
45.52240061,6.29921200
45.52320061,5.11811000
45.52400061,3.93700800
45.52480061,2.75590500
45.52560061,2.36220500
45.52640061,2.36220500
45.52720061,3.54330700
45.52800061,3.54330700
45.52880061,4.33070900
45.52960061,4.33070900
45.53040061,4.72440900
45.53120061,4.72440900
45.53200061,5.11811000
45.53280061,5.51181100
45.53360061,4.33070900
45.53440061,3.14960600
45.53520061,0.78740150
45.53600061,0.00000000
45.53680061,-0.39370070
45.53760061,0.39370070
45.53840061,1.57480300
45.53920061,1.57480300
45.54000061,1.96850400
45.54080061,0.39370070
45.54160061,-0.39370070
45.54240061,-0.78740150
45.54320061,-0.78740150
45.54400061,-0.39370070
45.54480061,-1.57480300
45.54560061,-2.75590500
45.54640061,-3.54330700
45.54720061,-4.33070900
45.54800061,-4.33070900
45.54880061,-3.54330700
45.54960061,-2.75590500
45.55040061,-3.14960600
45.55120061,-3.14960600
45.55200061,-3.14960600
45.55280061,-2.75590500
45.55360061,-2.36220500
45.55440061,-3.14960600
45.55520061,-3.93700800
45.55600061,-4.72440900
45.55680061,-6.69291300
45.55760061,-7.08661400
45.55840061,-7.08661400
45.55920061,-5.90551100
45.56000061,-4.72440900
45.56080061,-3.54330700
45.56160061,-3.14960600
45.56240061,-3.14960600
45.56320061,-3.14960600
45.56400061,-3.93700800
45.56480061,-4.33070900
45.56560061,-4.72440900
45.56640061,-4.72440900
45.56720061,-4.33070900
45.56800061,-5.11811000
45.56880061,-5.11811000
45.56960061,-4.72440900
45.57040061,-3.93700800
45.57120061,-3.54330700
45.57200061,-2.36220500
45.57280061,-1.18110200
45.57360061,-0.39370070
45.57440061,-0.78740150
45.57520061,-0.78740150
45.57600061,-1.18110200
45.57680061,-1.57480300
45.57760061,-0.39370070
45.57840061,0.00000000
45.57920061,0.78740150
45.58000061,0.78740150
45.58080061,1.18110200
45.58160061,1.18110200
45.58240061,1.96850400
45.58320061,2.75590500
45.58400061,3.54330700
45.58480061,3.93700800
45.58560061,3.54330700
45.58640061,3.54330700
45.58720061,3.14960600
45.58800061,3.93700800
45.58880061,4.72440900
45.58960061,5.90551100
45.59040061,4.72440900
45.59120061,4.33070900
45.59200061,3.93700800
45.59280061,4.72440900
45.59360061,6.29921200
45.59440061,7.87401500
45.59520061,8.26771600
45.59600061,7.48031400
45.59680061,5.90551100
45.59760061,5.11811000
45.59840061,4.72440900
45.59920061,5.51181100
45.60000061,6.29921200
45.60080061,5.51181100
45.60160061,4.33070900
45.60240061,3.14960600
45.60320061,3.14960600
45.60400061,3.54330700
45.60480061,5.11811000
45.60560061,6.69291300
45.60640061,6.69291300
45.60720061,6.69291300
45.60800061,5.11811000
45.60880061,3.93700800
45.60960061,3.14960600
45.61040061,2.75590500
45.61120061,1.96850400
45.61200061,0.00000000
45.61280061,-1.18110200
45.61360061,-1.57480300
45.61440061,-1.18110200
45.61520061,-0.78740150
45.61600061,0.39370070
45.61680061,1.57480300
45.61760061,1.18110200
45.61840061,0.00000000
45.61920061,-0.39370070
45.62000061,-1.96850400
45.62080061,-2.75590500
45.62160061,-3.93700800
45.62240061,-5.51181100
45.62320061,-6.69291300
45.62400061,-7.87401500
45.62480061,-8.26771600
45.62560061,-7.08661400
45.62640061,-5.11811000
45.62720061,-4.33070900
45.62800061,-3.93700800
45.62880061,-4.33070900
45.62960061,-5.11811000
45.63040061,-5.51181100
45.63120061,-6.29921200
45.63200061,-7.08661400
45.63280061,-7.08661400
45.63360061,-7.48031400
45.63440061,-7.87401500
45.63520061,-7.48031400
45.63600061,-7.48031400
45.63680061,-7.08661400
45.63760061,-6.29921200
45.63840061,-5.51181100
45.63920061,-5.11811000
45.64000061,-5.11811000
45.64080061,-5.51181100
45.64160061,-5.51181100
45.64240061,-5.11811000
45.64320061,-4.33070900
45.64400061,-3.54330700
45.64480061,-2.36220500
45.64560061,-2.36220500
45.64640061,-2.36220500
45.64720061,-2.36220500
45.64800061,-2.36220500
45.64880061,-1.57480300
45.64960061,-0.78740150
45.65040061,0.39370070
45.65120061,0.78740150
45.65200061,0.78740150
45.65280061,1.18110200
45.65360061,1.57480300
45.65440061,2.75590500
45.65520061,4.33070900
45.65600061,5.51181100
45.65680061,5.51181100
45.65760061,5.11811000
45.65840061,3.93700800
45.65920061,3.54330700
45.66000061,3.93700800
45.66080061,5.11811000
45.66160061,5.90551100
45.66240061,6.69291300
45.66320061,6.69291300
45.66400061,6.29921200
45.66480061,6.29921200
45.66560061,7.08661400
45.66640061,8.26771600
45.66720061,8.66141700
45.66800061,7.87401500
45.66880061,7.08661400
45.66960061,6.29921200
45.67040061,5.90551100
45.67120061,6.29921200
45.67200061,7.08661400
45.67280061,7.48031400
45.67360061,7.48031400
45.67440061,7.08661400
45.67520061,6.29921200
45.67600061,6.29921200
45.67680061,5.90551100
45.67760061,5.51181100
45.67840061,5.11811000
45.67920061,4.33070900
45.68000061,2.75590500
45.68080061,1.96850400
45.68160061,1.57480300
45.68240061,1.57480300
45.68320061,2.75590500
45.68400061,2.36220500
45.68480061,1.57480300
45.68560061,0.78740150
45.68640061,0.00000000
45.68720061,-1.18110200
45.68800061,-1.57480300
45.68880061,-1.18110200
45.68960061,-1.96850400
45.69040061,-2.75590500
45.69120061,-3.54330700
45.69200061,-4.72440900
45.69280061,-5.11811000
45.69360061,-5.11811000
45.69440061,-5.11811000
45.69520061,-5.11811000
45.69600061,-5.51181100
45.69680061,-6.29921200
45.69760061,-7.08661400
45.69840061,-6.69291300
45.69920061,-6.69291300
45.70000061,-5.90551100
45.70080061,-5.51181100
45.70160061,-6.69291300
45.70240061,-7.48031400
45.70320061,-7.87401500
45.70400061,-9.05511800
45.70480061,-9.05511800
45.70560061,-8.66141700
45.70640061,-7.08661400
45.70720061,-6.69291300
45.70800061,-6.29921200
45.70880061,-6.29921200
45.70960061,-5.51181100
45.71040061,-5.51181100
45.71120061,-5.11811000
45.71200061,-4.72440900
45.71280061,-5.11811000
45.71360061,-5.51181100
45.71440061,-5.90551100
45.71520061,-5.11811000
45.71600061,-4.72440900
45.71680061,-3.14960600
45.71760061,-1.57480300
45.71840061,-0.39370070
45.71920061,0.00000000
45.72000061,0.00000000
45.72080061,-0.39370070
45.72160061,-0.78740150
45.72240061,-0.39370070
45.72320061,-0.39370070
45.72400061,0.39370070
45.72480061,1.57480300
45.72560061,1.96850400
45.72640061,2.75590500
45.72720061,4.33070900
45.72800061,5.51181100
45.72880061,6.69291300
45.72960061,6.69291300
45.73040061,6.29921200
45.73120061,4.72440900
45.73200061,4.33070900
45.73280061,3.54330700
45.73360061,3.93700800
45.73440061,3.93700800
45.73520061,4.72440900
45.73600061,5.11811000
45.73680061,5.90551100
45.73760061,7.48031400
45.73840061,9.05511800
45.73920061,9.84251900
45.74000061,8.66141700
45.74080061,7.48031400
45.74160061,6.69291300
45.74240061,5.11811000
45.74320061,3.93700800
45.74400061,3.93700800
45.74480061,3.93700800
45.74560061,4.72440900
45.74640061,6.29921200
45.74720061,7.48031400
45.74800061,9.44881800
45.74880061,10.23622000
45.74960061,9.44881800
45.75040061,8.26771600
45.75120061,6.29921200
45.75200061,3.93700800
45.75280061,2.36220500
45.75360061,1.57480300
45.75440061,1.96850400
45.75520061,2.75590500
45.75600061,3.14960600
45.75680061,2.36220500
45.75760061,1.57480300
45.75840061,0.78740150
45.75920061,0.78740150
45.76000061,0.00000000
45.76080061,-0.78740150
45.76160061,-2.36220500
45.76240061,-3.93700800
45.76320061,-4.72440900
45.76400061,-4.72440900
45.76480061,-4.33070900
45.76560061,-2.75590500
45.76640061,-2.36220500
45.76720061,-2.75590500
45.76800061,-1.96850400
45.76880061,-3.14960600
45.76960061,-4.33070900
45.77040061,-5.90551100
45.77120061,-6.69291300
45.77200061,-7.08661400
45.77280061,-7.87401500
45.77360061,-8.26771600
45.77440061,-8.26771600
45.77520061,-7.48031400
45.77600061,-6.69291300
45.77680061,-5.90551100
45.77760061,-5.51181100
45.77840061,-5.11811000
45.77920061,-5.90551100
45.78000061,-6.29921200
45.78080061,-6.69291300
45.78160061,-6.29921200
45.78240061,-6.29921200
45.78320061,-5.51181100
45.78400061,-5.51181100
45.78480061,-5.51181100
45.78560061,-5.51181100
45.78640061,-5.11811000
45.78720061,-5.11811000
45.78800061,-5.51181100
45.78880061,-5.51181100
45.78960061,-4.33070900
45.79040061,-3.54330700
45.79120061,-2.75590500
45.79200061,-1.18110200
45.79280061,-0.39370070
45.79360061,0.00000000
45.79440061,0.00000000
45.79520061,0.00000000
45.79600061,-0.39370070
45.79680061,-0.78740150
45.79760061,-1.57480300
45.79840061,-1.57480300
45.79920061,-0.39370070
45.80000061,0.39370070
45.80080061,1.96850400
45.80160061,3.54330700
45.80240061,3.93700800
45.80320061,4.33070900
45.80400061,4.72440900
45.80480061,5.11811000
45.80560061,5.51181100
45.80640061,5.51181100
45.80720061,5.11811000
45.80800061,5.11811000
45.80880061,5.90551100
45.80960061,6.69291300
45.81040061,6.29921200
45.81120061,6.69291300
45.81200061,5.90551100
45.81280061,6.29921200
45.81360061,6.69291300
45.81440061,7.08661400
45.81520061,7.08661400
45.81600061,7.48031400
45.81680061,6.69291300
45.81760061,6.29921200
45.81840061,5.90551100
45.81920061,6.29921200
45.82000061,6.69291300
45.82080061,7.48031400
45.82160061,7.48031400
45.82240061,5.90551100
45.82320061,4.72440900
45.82400061,3.14960600
45.82480061,3.14960600
45.82560061,3.14960600
45.82640061,3.54330700
45.82720061,3.93700800
45.82800061,3.93700800
45.82880061,3.14960600
45.82960061,3.14960600
45.83040061,3.54330700
45.83120061,3.54330700
45.83200061,3.14960600
45.83280061,1.57480300
45.83360061,0.39370070
45.83440061,-0.78740150
45.83520061,-0.39370070
45.83600061,0.39370070
45.83680061,0.39370070
45.83760061,0.78740150
45.83840061,0.78740150
45.83920061,1.18110200
45.84000061,1.57480300
45.84080061,1.96850400
45.84160061,2.36220500
45.84240061,2.75590500
45.84320061,1.18110200
45.84400061,0.39370070
45.84480061,0.78740150
45.84560061,0.78740150
45.84640061,1.96850400
45.84720061,2.75590500
45.84800061,3.93700800
45.84880061,3.93700800
45.84960061,4.33070900
45.85040061,4.33070900
45.85120061,4.72440900
45.85200061,5.51181100
45.85280061,6.29921200
45.85360061,5.11811000
45.85440061,3.54330700
45.85520061,2.36220500
45.85600061,1.96850400
45.85680061,2.36220500
45.85760061,3.54330700
45.85840061,4.33070900
45.85920061,5.11811000
45.86000061,5.11811000
45.86080061,3.93700800
45.86160061,3.14960600
45.86240061,2.75590500
45.86320061,1.96850400
45.86400061,1.96850400
45.86480061,0.78740150
45.86560061,-0.78740150
45.86640061,-1.96850400
45.86720061,-2.75590500
45.86800061,-3.14960600
45.86880061,-2.75590500
45.86960061,-2.36220500
45.87040061,-2.75590500
45.87120061,-3.54330700
45.87200061,-4.72440900
45.87280061,-5.90551100
45.87360061,-6.69291300
45.87440061,-6.69291300
45.87520061,-7.08661400
45.87600061,-7.08661400
45.87680061,-7.48031400
45.87760061,-7.87401500
45.87840061,-7.87401500
45.87920061,-8.26771600
45.88000061,-7.87401500
45.88080061,-7.08661400
45.88160061,-6.29921200
45.88240061,-5.51181100
45.88320061,-5.51181100
45.88400061,-6.29921200
45.88480061,-6.69291300
45.88560061,-6.29921200
45.88640061,-5.90551100
45.88720061,-4.72440900
45.88800061,-3.93700800
45.88880061,-4.72440900
45.88960061,-5.11811000
45.89040061,-5.11811000
45.89120061,-5.51181100
45.89200061,-3.93700800
45.89280061,-3.14960600
45.89360061,-2.75590500
45.89440061,-3.14960600
45.89520061,-3.93700800
45.89600061,-4.72440900
45.89680061,-5.11811000
45.89760061,-3.54330700
45.89840061,-2.75590500
45.89920061,-3.14960600
45.90000061,-4.33070900
45.90080061,-6.29921200
45.90160061,-7.08661400
45.90240061,-5.90551100
45.90320061,-4.72440900
45.90400061,-4.33070900
45.90480061,-4.33070900
45.90560061,-4.72440900
45.90640061,-5.51181100
45.90720061,-6.69291300
45.90800061,-7.08661400
45.90880061,-5.90551100
45.90960061,-5.11811000
45.91040061,-5.51181100
45.91120061,-5.51181100
45.91200061,-5.11811000
45.91280061,-4.33070900
45.91360061,-3.14960600
45.91440061,-1.96850400
45.91520061,-1.57480300
45.91600061,-1.96850400
45.91680061,-3.14960600
45.91760061,-4.72440900
45.91840061,-4.72440900
45.91920061,-3.54330700
45.92000061,-2.36220500
45.92080061,-1.18110200
45.92160061,-0.39370070
45.92240061,0.00000000
45.92320061,1.18110200
45.92400061,1.96850400
45.92480061,3.14960600
45.92560061,4.33070900
45.92640061,4.33070900
45.92720061,4.33070900
45.92800061,1.96850400
45.92880061,0.78740150
45.92960061,0.00000000
45.93040061,0.00000000
45.93120061,0.78740150
45.93200061,1.57480300
45.93280061,3.14960600
45.93360061,4.33070900
45.93440061,5.51181100
45.93520061,7.08661400
45.93600061,8.26771600
45.93680061,8.66141700
45.93760061,8.66141700
45.93840061,7.87401500
45.93920061,7.08661400
45.94000061,5.51181100
45.94080061,4.33070900
45.94160061,4.33070900
45.94240061,3.93700800
45.94320061,4.72440900
45.94400061,5.11811000
45.94480061,4.72440900
45.94560061,5.11811000
45.94640061,6.29921200
45.94720061,7.08661400
45.94800061,7.87401500
45.94880061,7.48031400
45.94960061,6.29921200
45.95040061,3.93700800
45.95120061,1.57480300
45.95200061,0.00000000
45.95280061,-0.39370070
45.95360061,-0.39370070
45.95440061,-0.39370070
45.95520061,-1.18110200
45.95600061,-1.96850400
45.95680061,-2.36220500
45.95760061,-2.36220500
45.95840061,-1.57480300
45.95920061,-0.39370070
45.96000061,0.78740150
45.96080061,0.78740150
45.96160061,-1.18110200
45.96240061,-2.36220500
45.96320061,-3.54330700
45.96400061,-4.33070900
45.96480061,-3.54330700
45.96560061,-3.54330700
45.96640061,-3.54330700
45.96720061,-3.54330700
45.96800061,-3.54330700
45.96880061,-3.14960600
45.96960061,-1.96850400
45.97040061,0.00000000
45.97120061,0.39370070
45.97200061,0.00000000
45.97280061,-1.18110200
45.97360061,-3.14960600
45.97440061,-3.14960600
45.97520061,-3.14960600
45.97600061,-1.96850400
45.97680061,-1.18110200
45.97760061,-1.18110200
45.97840061,-0.78740150
45.97920061,-1.18110200
45.98000061,0.00000000
45.98080061,0.39370070
45.98160061,1.18110200
45.98240061,1.57480300
45.98320061,0.00000000
45.98400061,-1.96850400
45.98480061,-3.14960600
45.98560061,-4.72440900
45.98640061,-4.33070900
45.98720061,-3.93700800
45.98800061,-2.75590500
45.98880061,-1.96850400
45.98960061,-1.57480300
45.99040061,-1.57480300
45.99120061,-1.18110200
45.99200061,-0.78740150
45.99280061,-0.78740150
45.99360061,-1.18110200
45.99440061,-2.36220500
45.99520061,-3.93700800
45.99600061,-4.72440900
45.99680061,-4.72440900
45.99760061,-3.54330700
45.99840061,-1.96850400
45.99920061,-0.78740150
46.00000061,-0.78740150
46.00080061,-0.78740150
46.00160061,-1.18110200
46.00240061,-1.57480300
46.00320061,-1.18110200
46.00400061,-0.39370070
46.00480061,0.00000000
46.00560061,-0.39370070
46.00640061,-1.18110200
46.00720061,-1.96850400
46.00800061,-1.57480300
46.00880061,-0.39370070
46.00960061,0.00000000
46.01040061,1.57480300
46.01120061,1.18110200
46.01200061,0.00000000
46.01280061,-0.78740150
46.01360061,-1.18110200
46.01440061,-0.78740150
46.01520061,0.39370070
46.01600061,1.57480300
46.01680061,1.96850400
46.01760061,1.96850400
46.01840061,1.96850400
46.01920061,2.36220500
46.02000061,2.75590500
46.02080061,3.93700800
46.02160061,4.72440900
46.02240061,3.93700800
46.02320061,2.75590500
46.02400061,1.57480300
46.02480061,1.57480300
46.02560061,2.75590500
46.02640061,3.93700800
46.02720061,5.11811000
46.02800061,5.11811000
46.02880061,4.33070900
46.02960061,3.93700800
46.03040061,4.33070900
46.03120061,4.72440900
46.03200061,5.11811000
46.03280061,5.11811000
46.03360061,4.33070900
46.03440061,3.14960600
46.03520061,1.96850400
46.03600061,1.57480300
46.03680061,2.36220500
46.03760061,2.75590500
46.03840061,2.75590500
46.03920061,2.36220500
46.04000061,1.57480300
46.04080061,0.39370070
46.04160061,0.78740150
46.04240061,1.57480300
46.04320061,1.96850400
46.04400061,2.75590500
46.04480061,1.57480300
46.04560061,0.00000000
46.04640061,-1.18110200
46.04720061,-1.18110200
46.04800061,-0.39370070
46.04880061,0.00000000
46.04960061,0.39370070
46.05040061,-0.39370070
46.05120061,-0.39370070
46.05200061,-0.39370070
46.05280061,-0.78740150
46.05360061,0.39370070
46.05440061,0.78740150
46.05520061,0.00000000
46.05600061,-1.18110200
46.05680061,-1.96850400
46.05760061,-3.14960600
46.05840061,-2.36220500
46.05920061,-1.96850400
46.06000061,-1.18110200
46.06080061,-1.18110200
46.06160061,-1.18110200
46.06240061,-1.57480300
46.06320062,-1.57480300
46.06400062,-1.96850400
46.06480062,-2.75590500
46.06560062,-2.36220500
46.06640062,-2.36220500
46.06720062,-3.54330700
46.06800062,-3.93700800
46.06880062,-4.33070900
46.06960062,-4.33070900
46.07040062,-3.14960600
46.07120062,-2.36220500
46.07200062,-1.57480300
46.07280062,-0.39370070
46.07360062,-0.78740150
46.07440062,-1.96850400
46.07520062,-1.96850400
46.07600062,-1.96850400
46.07680062,-1.96850400
46.07760062,-1.96850400
46.07840062,-2.36220500
46.07920062,-3.14960600
46.08000062,-3.93700800
46.08080062,-2.75590500
46.08160062,-1.57480300
46.08240062,-0.39370070
46.08320062,0.39370070
46.08400062,0.39370070
46.08480062,-0.39370070
46.08560062,-1.18110200
46.08640062,-1.57480300
46.08720062,-0.39370070
46.08800062,1.18110200
46.08880062,1.18110200
46.08960062,1.18110200
46.09040062,0.00000000
46.09120062,-0.39370070
46.09200062,-0.39370070
46.09280062,0.78740150
46.09360062,1.96850400
46.09440062,2.75590500
46.09520062,2.36220500
46.09600062,1.57480300
46.09680062,0.78740150
46.09760062,1.57480300
46.09840062,2.36220500
46.09920062,3.54330700
46.10000062,4.33070900
46.10080062,3.54330700
46.10160062,2.36220500
46.10240062,1.96850400
46.10320062,1.96850400
46.10400062,3.14960600
46.10480062,3.93700800
46.10560062,4.72440900
46.10640062,3.93700800
46.10720062,3.54330700
46.10800062,3.14960600
46.10880062,3.54330700
46.10960062,3.93700800
46.11040062,4.33070900
46.11120062,4.33070900
46.11200062,3.14960600
46.11280062,1.57480300
46.11360062,1.18110200
46.11440062,1.57480300
46.11520062,2.75590500
46.11600062,3.14960600
46.11680062,3.14960600
46.11760062,2.36220500
46.11840062,1.96850400
46.11920062,2.36220500
46.12000062,1.57480300
46.12080062,1.96850400
46.12160062,1.96850400
46.12240062,0.78740150
46.12320062,-0.39370070
46.12400062,-1.57480300
46.12480062,-1.96850400
46.12560062,-1.57480300
46.12640062,-0.78740150
46.12720062,0.00000000
46.12800062,0.39370070
46.12880062,0.39370070
46.12960062,-0.39370070
46.13040062,-0.39370070
46.13120062,-1.18110200
46.13200062,-1.57480300
46.13280062,-1.96850400
46.13360062,-1.96850400
46.13440062,-1.96850400
46.13520062,-3.14960600
46.13600062,-2.75590500
46.13680062,-2.75590500
46.13760062,-2.36220500
46.13840062,-1.18110200
46.13920062,-1.18110200
46.14000062,-1.57480300
46.14080062,-1.96850400
46.14160062,-3.14960600
46.14240062,-3.14960600
46.14320062,-2.75590500
46.14400062,-1.96850400
46.14480062,-1.96850400
46.14560062,-0.78740150
46.14640062,-1.57480300
46.14720062,-1.96850400
46.14800062,-1.57480300
46.14880062,-1.57480300
46.14960062,-1.18110200
46.15040062,-1.57480300
46.15120062,-2.36220500
46.15200062,-2.75590500
46.15280062,-3.14960600
46.15360062,-2.36220500
46.15440062,-1.18110200
46.15520062,0.39370070
46.15600062,1.18110200
46.15680062,0.78740150
46.15760062,0.00000000
46.15840062,-0.39370070
46.15920062,-0.78740150
46.16000062,-0.39370070
46.16080062,0.00000000
46.16160062,0.39370070
46.16240062,-0.39370070
46.16320062,-0.39370070
46.16400062,0.00000000
46.16480062,1.18110200
46.16560062,2.36220500
46.16640062,3.54330700
46.16720062,3.54330700
46.16800062,2.75590500
46.16880062,1.18110200
46.16960062,0.39370070
46.17040062,0.39370070
46.17120062,0.39370070
46.17200062,1.57480300
46.17280062,1.18110200
46.17360062,1.18110200
46.17440062,1.57480300
46.17520062,1.96850400
46.17600062,3.54330700
46.17680062,4.33070900
46.17760062,4.72440900
46.17840062,3.54330700
46.17920062,2.36220500
46.18000062,0.78740150
46.18080062,0.00000000
46.18160062,0.39370070
46.18240062,0.78740150
46.18320062,1.18110200
46.18400062,1.96850400
46.18480062,1.96850400
46.18560062,1.96850400
46.18640062,2.75590500
46.18720062,3.14960600
46.18800062,2.75590500
46.18880062,1.96850400
46.18960062,1.18110200
46.19040062,0.39370070
46.19120062,-0.39370070
46.19200062,-0.78740150
46.19280062,-0.39370070
46.19360062,0.39370070
46.19440062,0.00000000
46.19520062,0.78740150
46.19600062,0.78740150
46.19680062,0.78740150
46.19760062,0.39370070
46.19840062,0.78740150
46.19920062,0.78740150
46.20000062,0.78740150
46.20080062,0.00000000
46.20160062,-0.78740150
46.20240062,-1.18110200
46.20320062,-1.57480300
46.20400062,-1.96850400
46.20480062,-1.96850400
46.20560062,-0.78740150
46.20640062,-0.78740150
46.20720062,-0.39370070
46.20800062,0.00000000
46.20880062,-0.39370070
46.20960062,-0.39370070
46.21040062,0.39370070
46.21120062,0.78740150
46.21200062,0.39370070
46.21280062,-0.39370070
46.21360062,-1.57480300
46.21440062,-2.36220500
46.21520062,-2.75590500
46.21600062,-2.75590500
46.21680062,-1.96850400
46.21760062,-0.78740150
46.21840062,0.00000000
46.21920062,0.00000000
46.22000062,0.39370070
46.22080062,1.18110200
46.22160062,1.18110200
46.22240062,1.18110200
46.22320062,0.00000000
46.22400062,-0.78740150
46.22480062,-2.36220500
46.22560062,-2.75590500
46.22640062,-2.75590500
46.22720062,-1.96850400
46.22800062,-0.39370070
46.22880062,0.78740150
46.22960062,1.57480300
46.23040062,1.57480300
46.23120062,1.57480300
46.23200062,2.36220500
46.23280062,1.96850400
46.23360062,0.78740150
46.23440062,-1.18110200
46.23520062,-2.36220500
46.23600062,-3.54330700
46.23680062,-3.54330700
46.23760062,-2.75590500
46.23840062,-1.18110200
46.23920062,0.00000000
46.24000062,1.57480300
46.24080062,1.57480300
46.24160062,1.96850400
46.24240062,1.57480300
46.24320062,0.78740150
46.24400062,0.00000000
46.24480062,-1.18110200
46.24560062,-2.36220500
46.24640062,-2.75590500
46.24720062,-2.75590500
46.24800062,-2.36220500
46.24880062,-0.39370070
46.24960062,0.78740150
46.25040062,1.96850400
46.25120062,2.75590500
46.25200062,2.36220500
46.25280062,1.57480300
46.25360062,0.39370070
46.25440062,-0.39370070
46.25520062,-1.96850400
46.25600062,-1.96850400
46.25680062,-1.96850400
46.25760062,-1.18110200
46.25840062,0.00000000
46.25920062,0.78740150
46.26000062,1.57480300
46.26080062,2.75590500
46.26160062,3.54330700
46.26240062,2.75590500
46.26320062,2.36220500
46.26400062,1.18110200
46.26480062,0.00000000
46.26560062,0.00000000
46.26640062,0.00000000
46.26720062,0.78740150
46.26800062,1.96850400
46.26880062,3.14960600
46.26960062,3.93700800
46.27040062,3.93700800
46.27120062,3.54330700
46.27200062,3.14960600
46.27280062,2.36220500
46.27360062,1.96850400
46.27440062,1.57480300
46.27520062,1.18110200
46.27600062,1.18110200
46.27680062,1.18110200
46.27760062,2.36220500
46.27840062,3.14960600
46.27920062,3.54330700
46.28000062,3.93700800
46.28080062,3.54330700
46.28160062,2.36220500
46.28240062,1.96850400
46.28320062,1.18110200
46.28400062,0.78740150
46.28480062,0.78740150
46.28560062,0.00000000
46.28640062,-0.78740150
46.28720062,-0.78740150
46.28800062,-0.78740150
46.28880062,0.00000000
46.28960062,1.18110200
46.29040062,1.18110200
46.29120062,0.39370070
46.29200062,-0.39370070
46.29280062,-1.57480300
46.29360062,-3.14960600
46.29440062,-2.75590500
46.29520062,-3.54330700
46.29600062,-3.54330700
46.29680062,-3.14960600
46.29760062,-3.54330700
46.29840062,-3.14960600
46.29920062,-2.75590500
46.30000062,-2.75590500
46.30080062,-2.75590500
46.30160062,-2.75590500
46.30240062,-3.14960600
46.30320062,-3.93700800
46.30400062,-4.33070900
46.30480062,-5.11811000
46.30560062,-4.72440900
46.30640062,-4.72440900
46.30720062,-5.51181100
46.30800062,-5.51181100
46.30880062,-5.11811000
46.30960062,-3.93700800
46.31040062,-3.54330700
46.31120062,-2.36220500
46.31200062,-1.96850400
46.31280062,-2.75590500
46.31360062,-2.75590500
46.31440062,-3.54330700
46.31520062,-3.14960600
46.31600062,-3.14960600
46.31680062,-2.75590500
46.31760062,-2.36220500
46.31840062,-1.57480300
46.31920062,-1.18110200
46.32000062,-0.78740150
46.32080062,0.39370070
46.32160062,1.18110200
46.32240062,1.57480300
46.32320062,1.96850400
46.32400062,1.96850400
46.32480062,1.96850400
46.32560062,1.57480300
46.32640062,1.57480300
46.32720062,1.57480300
46.32800062,2.36220500
46.32880062,2.75590500
46.32960062,3.54330700
46.33040062,3.93700800
46.33120062,5.11811000
46.33200062,5.51181100
46.33280062,5.51181100
46.33360062,5.51181100
46.33440062,5.51181100
46.33520062,5.51181100
46.33600062,5.51181100
46.33680062,5.11811000
46.33760062,5.51181100
46.33840062,5.11811000
46.33920062,5.51181100
46.34000062,5.51181100
46.34080062,6.29921200
46.34160062,6.29921200
46.34240062,6.29921200
46.34320062,5.90551100
46.34400062,5.11811000
46.34480062,4.33070900
46.34560062,3.93700800
46.34640062,3.93700800
46.34720062,3.93700800
46.34800062,3.93700800
46.34880062,3.54330700
46.34960062,3.54330700
46.35040062,2.75590500
46.35120062,2.36220500
46.35200062,1.96850400
46.35280062,1.57480300
46.35360062,0.78740150
46.35440062,0.00000000
46.35520062,-0.39370070
46.35600062,-1.57480300
46.35680062,-1.57480300
46.35760062,-1.96850400
46.35840062,-2.36220500
46.35920062,-1.96850400
46.36000062,-2.75590500
46.36080062,-2.75590500
46.36160062,-2.75590500
46.36240062,-2.75590500
46.36320062,-3.93700800
46.36400062,-4.72440900
46.36480062,-5.90551100
46.36560062,-6.69291300
46.36640062,-7.08661400
46.36720062,-7.48031400
46.36800062,-7.48031400
46.36880062,-6.29921200
46.36960062,-5.90551100
46.37040062,-5.11811000
46.37120062,-4.72440900
46.37200062,-4.72440900
46.37280062,-5.11811000
46.37360062,-5.51181100
46.37440062,-5.90551100
46.37520062,-7.48031400
46.37600062,-7.48031400
46.37680062,-7.48031400
46.37760062,-7.87401500
46.37840062,-6.69291300
46.37920062,-5.11811000
46.38000062,-4.33070900
46.38080062,-2.75590500
46.38160062,-3.14960600
46.38240062,-3.54330700
46.38320062,-3.14960600
46.38400062,-2.36220500
46.38480062,-2.75590500
46.38560062,-2.36220500
46.38640062,-2.36220500
46.38720062,-2.36220500
46.38800062,-1.57480300
46.38880062,0.00000000
46.38960062,0.78740150
46.39040062,1.96850400
46.39120062,3.14960600
46.39200062,3.14960600
46.39280062,3.54330700
46.39360062,3.93700800
46.39440062,3.93700800
46.39520062,3.54330700
46.39600062,3.93700800
46.39680062,4.72440900
46.39760062,5.11811000
46.39840062,5.90551100
46.39920062,6.69291300
46.40000062,7.87401500
46.40080062,8.26771600
46.40160062,9.05511800
46.40240062,9.44881800
46.40320062,9.05511800
46.40400062,7.87401500
46.40480062,7.08661400
46.40560062,6.69291300
46.40640062,6.29921200
46.40720062,6.69291300
46.40800062,6.29921200
46.40880062,6.29921200
46.40960062,6.29921200
46.41040062,5.90551100
46.41120062,5.51181100
46.41200062,6.69291300
46.41280062,6.69291300
46.41360062,6.69291300
46.41440062,6.29921200
46.41520062,5.51181100
46.41600062,4.72440900
46.41680062,4.33070900
46.41760062,3.93700800
46.41840062,3.14960600
46.41920062,2.36220500
46.42000062,1.57480300
46.42080062,-0.39370070
46.42160062,-1.18110200
46.42240062,-1.96850400
46.42320062,-1.96850400
46.42400062,-1.18110200
46.42480062,-1.18110200
46.42560062,-1.57480300
46.42640062,-1.57480300
46.42720062,-2.36220500
46.42800062,-2.75590500
46.42880062,-3.14960600
46.42960062,-3.93700800
46.43040062,-4.72440900
46.43120062,-5.51181100
46.43200062,-5.90551100
46.43280062,-5.90551100
46.43360062,-5.90551100
46.43440062,-6.69291300
46.43520062,-7.08661400
46.43600062,-6.29921200
46.43680062,-5.90551100
46.43760062,-5.11811000
46.43840062,-5.11811000
46.43920062,-5.90551100
46.44000062,-5.90551100
46.44080062,-6.69291300
46.44160062,-6.69291300
46.44240062,-7.08661400
46.44320062,-7.08661400
46.44400062,-7.08661400
46.44480062,-6.69291300
46.44560062,-5.90551100
46.44640062,-4.33070900
46.44720062,-3.54330700
46.44800062,-3.14960600
46.44880062,-3.14960600
46.44960062,-2.75590500
46.45040062,-3.14960600
46.45120062,-3.14960600
46.45200062,-3.54330700
46.45280062,-3.14960600
46.45360062,-2.75590500
46.45440062,-1.96850400
46.45520062,-1.96850400
46.45600062,-0.78740150
46.45680062,-0.39370070
46.45760062,0.78740150
46.45840062,1.18110200
46.45920062,1.57480300
46.46000062,1.96850400
46.46080062,1.96850400
46.46160062,1.18110200
46.46240062,1.57480300
46.46320062,1.18110200
46.46400062,1.57480300
46.46480062,1.57480300
46.46560062,1.57480300
46.46640062,1.57480300
46.46720062,1.96850400
46.46800062,3.14960600
46.46880062,3.93700800
46.46960062,4.33070900
46.47040062,4.72440900
46.47120062,4.72440900
46.47200062,4.72440900
46.47280062,4.33070900
46.47360062,4.33070900
46.47440062,3.93700800
46.47520062,2.75590500
46.47600062,1.96850400
46.47680062,1.57480300
46.47760062,2.75590500
46.47840062,2.75590500
46.47920062,3.93700800
46.48000062,4.72440900
46.48080062,4.72440900
46.48160062,4.33070900
46.48240062,4.33070900
46.48320062,3.54330700
46.48400062,3.93700800
46.48480062,3.54330700
46.48560062,2.36220500
46.48640062,1.57480300
46.48720062,0.78740150
46.48800062,0.39370070
46.48880062,0.78740150
46.48960062,2.36220500
46.49040062,3.14960600
46.49120062,3.93700800
46.49200062,3.93700800
46.49280062,2.75590500
46.49360062,2.36220500
46.49440062,1.57480300
46.49520062,0.78740150
46.49600062,0.39370070
46.49680062,0.39370070
46.49760062,0.00000000
46.49840062,0.39370070
46.49920062,0.78740150
46.50000062,1.18110200
46.50080062,1.96850400
46.50160062,1.57480300
46.50240062,0.78740150
46.50320062,-0.39370070
46.50400062,-1.18110200
46.50480062,-1.96850400
46.50560062,-1.57480300
46.50640062,-1.96850400
46.50720062,-1.57480300
46.50800062,-1.96850400
46.50880062,-1.57480300
46.50960062,-1.18110200
46.51040062,0.00000000
46.51120062,0.78740150
46.51200062,0.00000000
46.51280062,-0.78740150
46.51360062,-1.57480300
46.51440062,-2.75590500
46.51520062,-2.36220500
46.51600062,-3.14960600
46.51680062,-2.75590500
46.51760062,-3.14960600
46.51840062,-3.14960600
46.51920062,-3.14960600
46.52000062,-2.75590500
46.52080062,-2.75590500
46.52160062,-2.36220500
46.52240062,-2.36220500
46.52320062,-2.75590500
46.52400062,-3.54330700
46.52480062,-3.54330700
46.52560062,-3.54330700
46.52640062,-3.54330700
46.52720062,-2.75590500
46.52800062,-1.96850400
46.52880062,-2.36220500
46.52960062,-2.36220500
46.53040062,-2.75590500
46.53120062,-3.54330700
46.53200062,-3.54330700
46.53280062,-3.93700800
46.53360062,-4.72440900
46.53440062,-4.33070900
46.53520062,-3.54330700
46.53600062,-3.54330700
46.53680062,-2.75590500
46.53760062,-1.96850400
46.53840062,-1.18110200
46.53920062,-0.39370070
46.54000062,-0.78740150
46.54080062,-1.18110200
46.54160062,-1.18110200
46.54240062,-1.96850400
46.54320062,-2.36220500
46.54400062,-2.36220500
46.54480062,-1.96850400
46.54560062,-1.18110200
46.54640062,0.00000000
46.54720062,1.18110200
46.54800062,1.96850400
46.54880062,1.96850400
46.54960062,1.96850400
46.55040062,2.36220500
46.55120062,2.75590500
46.55200062,2.36220500
46.55280062,2.36220500
46.55360062,1.96850400
46.55440062,1.96850400
46.55520062,1.96850400
46.55600062,2.36220500
46.55680062,3.54330700
46.55760062,4.33070900
46.55840062,5.51181100
46.55920062,5.51181100
46.56000062,5.90551100
46.56080062,5.11811000
46.56160062,5.51181100
46.56240062,5.90551100
46.56320062,6.29921200
46.56400062,5.90551100
46.56480062,5.11811000
46.56560062,4.33070900
46.56640062,4.72440900
46.56720062,5.11811000
46.56800062,5.90551100
46.56880062,6.29921200
46.56960062,5.90551100
46.57040062,5.11811000
46.57120062,5.11811000
46.57200062,4.72440900
46.57280062,5.11811000
46.57360062,5.11811000
46.57440062,4.33070900
46.57520062,3.14960600
46.57600062,2.36220500
46.57680062,0.39370070
46.57760062,0.39370070
46.57840062,1.57480300
46.57920062,1.18110200
46.58000062,1.18110200
46.58080062,1.57480300
46.58160062,0.39370070
46.58240062,0.39370070
46.58320062,0.00000000
46.58400062,-0.39370070
46.58480062,-1.18110200
46.58560062,-1.57480300
46.58640062,-3.54330700
46.58720062,-5.11811000
46.58800062,-6.29921200
46.58880062,-6.29921200
46.58960062,-5.90551100
46.59040062,-5.51181100
46.59120062,-5.51181100
46.59200062,-5.51181100
46.59280062,-4.72440900
46.59360062,-4.33070900
46.59440062,-3.93700800
46.59520062,-4.72440900
46.59600062,-5.11811000
46.59680062,-7.08661400
46.59760062,-8.26771600
46.59840062,-9.44881800
46.59920062,-9.44881800
46.60000062,-8.66141700
46.60080062,-7.87401500
46.60160062,-7.08661400
46.60240062,-5.90551100
46.60320062,-5.51181100
46.60400062,-4.72440900
46.60480062,-3.54330700
46.60560062,-3.93700800
46.60640062,-3.54330700
46.60720062,-3.93700800
46.60800062,-5.11811000
46.60880062,-5.51181100
46.60960062,-5.51181100
46.61040062,-4.72440900
46.61120062,-3.93700800
46.61200062,-1.57480300
46.61280062,0.00000000
46.61360062,0.78740150
46.61440062,1.18110200
46.61520062,1.18110200
46.61600062,1.57480300
46.61680062,1.96850400
46.61760062,2.75590500
46.61840062,2.36220500
46.61920062,2.36220500
46.62000062,2.36220500
46.62080062,2.36220500
46.62160062,3.14960600
46.62240062,3.93700800
46.62320062,4.72440900
46.62400062,6.29921200
46.62480062,6.69291300
46.62560062,7.48031400
46.62640062,7.48031400
46.62720062,7.08661400
46.62800062,6.29921200
46.62880062,6.69291300
46.62960062,5.90551100
46.63040062,5.51181100
46.63120062,5.11811000
46.63200062,5.11811000
46.63280062,5.51181100
46.63360062,5.51181100
46.63440062,6.29921200
46.63520062,7.08661400
46.63600062,7.87401500
46.63680062,7.87401500
46.63760062,7.48031400
46.63840062,7.08661400
46.63920062,5.90551100
46.64000062,4.72440900
46.64080062,3.93700800
46.64160062,3.14960600
46.64240062,2.36220500
46.64320062,0.78740150
46.64400062,0.00000000
46.64480062,0.00000000
46.64560062,0.78740150
46.64640062,1.57480300
46.64720062,1.96850400
46.64800062,1.96850400
46.64880062,1.18110200
46.64960062,0.78740150
46.65040062,0.39370070
46.65120062,-0.78740150
46.65200062,-1.96850400
46.65280062,-3.93700800
46.65360062,-5.51181100
46.65440062,-7.08661400
46.65520062,-7.08661400
46.65600062,-5.90551100
46.65680062,-4.33070900
46.65760062,-2.36220500
46.65840062,-1.96850400
46.65920062,-1.96850400
46.66000062,-3.14960600
46.66080062,-4.72440900
46.66160062,-5.51181100
46.66240062,-6.69291300
46.66320062,-7.08661400
46.66400062,-8.26771600
46.66480062,-9.44881800
46.66560062,-9.44881800
46.66640062,-8.66141700
46.66720062,-5.90551100
46.66800062,-4.33070900
46.66880062,-3.14960600
46.66960062,-2.75590500
46.67040062,-4.33070900
46.67120062,-5.11811000
46.67200062,-6.29921200
46.67280062,-5.90551100
46.67360062,-5.51181100
46.67440062,-5.11811000
46.67520062,-5.11811000
46.67600062,-5.51181100
46.67680062,-3.93700800
46.67760062,-2.36220500
46.67840062,-0.78740150
46.67920062,0.78740150
46.68000062,1.18110200
46.68080062,0.00000000
46.68160062,0.00000000
46.68240062,-1.96850400
46.68320062,-1.96850400
46.68400062,-1.18110200
46.68480062,0.00000000
46.68560062,0.39370070
46.68640062,0.78740150
46.68720062,0.78740150
46.68800062,1.18110200
46.68880062,2.36220500
46.68960062,3.93700800
46.69040062,5.11811000
46.69120062,5.11811000
46.69200062,4.72440900
46.69280062,3.93700800
46.69360062,3.54330700
46.69440062,3.54330700
46.69520062,3.93700800
46.69600062,3.93700800
46.69680062,3.54330700
46.69760062,4.33070900
46.69840062,5.11811000
46.69920062,5.90551100
46.70000062,6.69291300
46.70080062,6.69291300
46.70160062,7.08661400
46.70240062,5.51181100
46.70320062,4.72440900
46.70400062,3.54330700
46.70480062,3.14960600
46.70560062,3.54330700
46.70640062,3.54330700
46.70720062,3.54330700
46.70800062,3.54330700
46.70880062,3.54330700
46.70960062,3.93700800
46.71040062,4.33070900
46.71120062,4.33070900
46.71200062,3.14960600
46.71280062,2.75590500
46.71360062,1.57480300
46.71440062,0.78740150
46.71520062,0.00000000
46.71600062,-0.78740150
46.71680062,-1.18110200
46.71760062,-0.39370070
46.71840062,-0.78740150
46.71920062,-0.39370070
46.72000062,-0.39370070
46.72080062,0.00000000
46.72160062,0.00000000
46.72240062,0.00000000
46.72320062,-0.39370070
46.72400062,-0.78740150
46.72480062,-0.78740150
46.72560062,-1.57480300
46.72640062,-2.75590500
46.72720062,-3.54330700
46.72800062,-4.72440900
46.72880062,-4.33070900
46.72960062,-3.14960600
46.73040062,-2.75590500
46.73120062,-2.75590500
46.73200062,-2.75590500
46.73280062,-3.14960600
46.73360062,-3.54330700
46.73440062,-3.14960600
46.73520062,-3.14960600
46.73600062,-3.14960600
46.73680062,-3.14960600
46.73760062,-3.93700800
46.73840062,-4.72440900
46.73920062,-4.72440900
46.74000062,-4.33070900
46.74080062,-2.75590500
46.74160062,-1.57480300
46.74240062,-1.57480300
46.74320062,-1.96850400
46.74400062,-3.14960600
46.74480062,-3.54330700
46.74560062,-3.54330700
46.74640062,-2.75590500
46.74720062,-2.36220500
46.74800062,-2.75590500
46.74880062,-3.14960600
46.74960062,-3.54330700
46.75040062,-2.75590500
46.75120062,-1.57480300
46.75200062,-0.78740150
46.75280062,-0.39370070
46.75360062,-0.78740150
46.75440062,-1.96850400
46.75520062,-2.75590500
46.75600062,-2.36220500
46.75680062,-1.18110200
46.75760062,0.00000000
46.75840062,1.18110200
46.75920062,1.57480300
46.76000062,1.18110200
46.76080062,1.96850400
46.76160062,1.96850400
46.76240062,2.36220500
46.76320062,1.96850400
46.76400062,0.78740150
46.76480062,-0.39370070
46.76560062,-1.18110200
46.76640062,-1.18110200
46.76720062,-0.39370070
46.76800062,1.57480300
46.76880062,2.75590500
46.76960062,3.14960600
46.77040062,3.93700800
46.77120062,3.93700800
46.77200062,3.93700800
46.77280062,4.33070900
46.77360062,3.93700800
46.77440062,3.93700800
46.77520062,2.36220500
46.77600062,1.57480300
46.77680062,1.57480300
46.77760062,1.96850400
46.77840062,3.54330700
46.77920062,4.33070900
46.78000062,5.90551100
46.78080062,5.51181100
46.78160062,5.51181100
46.78240062,4.72440900
46.78320062,4.33070900
46.78400062,3.93700800
46.78480062,3.14960600
46.78560062,2.75590500
46.78640062,1.18110200
46.78720062,0.78740150
46.78800062,0.78740150
46.78880062,1.96850400
46.78960062,3.54330700
46.79040062,4.33070900
46.79120062,4.33070900
46.79200062,4.33070900
46.79280062,3.93700800
46.79360062,3.14960600
46.79440062,2.36220500
46.79520062,0.78740150
46.79600062,-0.78740150
46.79680062,-1.96850400
46.79760062,-2.36220500
46.79840062,-1.96850400
46.79920062,-1.57480300
46.80000062,-0.78740150
46.80080062,-0.78740150
46.80160062,-0.78740150
46.80240062,-0.78740150
46.80320062,-0.78740150
46.80400062,-1.18110200
46.80480062,-1.96850400
46.80560062,-3.14960600
46.80640062,-3.93700800
46.80720062,-4.72440900
46.80800062,-5.11811000
46.80880062,-4.72440900
46.80960062,-4.33070900
46.81040062,-4.33070900
46.81120062,-3.54330700
46.81200063,-3.93700800
46.81280063,-4.33070900
46.81360063,-3.54330700
46.81440063,-3.14960600
46.81520063,-2.75590500
46.81600063,-3.14960600
46.81680063,-3.54330700
46.81760063,-3.93700800
46.81840063,-3.93700800
46.81920063,-4.33070900
46.82000063,-5.11811000
46.82080063,-4.72440900
46.82160063,-5.51181100
46.82240063,-5.90551100
46.82320063,-5.90551100
46.82400063,-4.72440900
46.82480063,-3.93700800
46.82560063,-2.36220500
46.82640063,-2.36220500
46.82720063,-2.75590500
46.82800063,-2.75590500
46.82880063,-2.36220500
46.82960063,-2.36220500
46.83040063,-0.78740150
46.83120063,-0.39370070
46.83200063,0.00000000
46.83280063,0.78740150
46.83360063,1.57480300
46.83440063,1.96850400
46.83520063,2.36220500
46.83600063,2.36220500
46.83680063,1.57480300
46.83760063,1.96850400
46.83840063,1.18110200
46.83920063,1.18110200
46.84000063,1.57480300
46.84080063,1.96850400
46.84160063,3.54330700
46.84240063,4.72440900
46.84320063,5.51181100
46.84400063,5.90551100
46.84480063,5.51181100
46.84560063,5.51181100
46.84640063,5.90551100
46.84720063,5.51181100
46.84800063,3.93700800
46.84880063,3.14960600
46.84960063,2.36220500
46.85040063,2.75590500
46.85120063,3.93700800
46.85200063,5.11811000
46.85280063,6.69291300
46.85360063,7.08661400
46.85440063,7.48031400
46.85520063,7.48031400
46.85600063,7.08661400
46.85680063,6.69291300
46.85760063,5.51181100
46.85840063,4.33070900
46.85920063,2.75590500
46.86000063,2.36220500
46.86080063,1.96850400
46.86160063,2.36220500
46.86240063,2.75590500
46.86320063,2.75590500
46.86400063,2.75590500
46.86480063,2.75590500
46.86560063,1.96850400
46.86640063,1.57480300
46.86720063,0.78740150
46.86800063,-0.39370070
46.86880063,-1.18110200
46.86960063,-1.57480300
46.87040063,-1.96850400
46.87120063,-1.57480300
46.87200063,-1.18110200
46.87280063,-0.39370070
46.87360063,-0.39370070
46.87440063,-0.78740150
46.87520063,-2.75590500
46.87600063,-3.14960600
46.87680063,-3.54330700
46.87760063,-4.33070900
46.87840063,-4.33070900
46.87920063,-5.11811000
46.88000063,-5.51181100
46.88080063,-5.51181100
46.88160063,-4.72440900
46.88240063,-4.33070900
46.88320063,-3.93700800
46.88400063,-3.93700800
46.88480063,-4.72440900
46.88560063,-5.11811000
46.88640063,-5.90551100
46.88720063,-6.29921200
46.88800063,-5.51181100
46.88880063,-4.72440900
46.88960063,-4.33070900
46.89040063,-3.54330700
46.89120063,-3.93700800
46.89200063,-3.14960600
46.89280063,-2.75590500
46.89360063,-2.75590500
46.89440063,-3.54330700
46.89520063,-3.54330700
46.89600063,-3.93700800
46.89680063,-4.72440900
46.89760063,-3.93700800
46.89840063,-2.75590500
46.89920063,-1.96850400
46.90000063,-0.39370070
46.90080063,0.00000000
46.90160063,-0.39370070
46.90240063,0.00000000
46.90320063,-0.39370070
46.90400063,0.39370070
46.90480063,-0.39370070
46.90560063,-0.39370070
46.90640063,0.00000000
46.90720063,0.39370070
46.90800063,1.57480300
46.90880063,2.36220500
46.90960063,3.54330700
46.91040063,3.54330700
46.91120063,3.54330700
46.91200063,3.14960600
46.91280063,3.14960600
46.91360063,2.75590500
46.91440063,2.36220500
46.91520063,2.75590500
46.91600063,1.96850400
46.91680063,2.75590500
46.91760063,3.54330700
46.91840063,3.14960600
46.91920063,3.93700800
46.92000063,3.93700800
46.92080063,4.72440900
46.92160063,3.93700800
46.92240063,3.54330700
46.92320063,3.14960600
46.92400063,3.14960600
46.92480063,3.14960600
46.92560063,3.54330700
46.92640063,3.93700800
46.92720063,4.72440900
46.92800063,4.33070900
46.92880063,4.72440900
46.92960063,4.72440900
46.93040063,4.72440900
46.93120063,4.72440900
46.93200063,3.93700800
46.93280063,2.75590500
46.93360063,2.36220500
46.93440063,1.57480300
46.93520063,1.18110200
46.93600063,0.78740150
46.93680063,1.18110200
46.93760063,1.57480300
46.93840063,2.36220500
46.93920063,2.75590500
46.94000063,2.36220500
46.94080063,2.36220500
46.94160063,2.36220500
46.94240063,0.78740150
46.94320063,0.39370070
46.94400063,0.00000000
46.94480063,-0.78740150
46.94560063,-0.39370070
46.94640063,0.39370070
46.94720063,0.78740150
46.94800063,0.78740150
46.94880063,0.00000000
46.94960063,0.00000000
46.95040063,0.00000000
46.95120063,0.00000000
46.95200063,-0.39370070
46.95280063,-1.18110200
46.95360063,-0.78740150
46.95440063,-1.18110200
46.95520063,-1.18110200
46.95600063,-0.78740150
46.95680063,-1.18110200
46.95760063,-1.96850400
46.95840063,-1.96850400
46.95920063,-3.14960600
46.96000063,-3.14960600
46.96080063,-2.36220500
46.96160063,-2.75590500
46.96240063,-2.75590500
46.96320063,-3.14960600
46.96400063,-3.14960600
46.96480063,-2.75590500
46.96560063,-2.36220500
46.96640063,-2.36220500
46.96720063,-2.36220500
46.96800063,-2.75590500
46.96880063,-3.93700800
46.96960063,-3.93700800
46.97040063,-4.72440900
46.97120063,-4.33070900
46.97200063,-3.54330700
46.97280063,-2.75590500
46.97360063,-3.14960600
46.97440063,-3.14960600
46.97520063,-3.54330700
46.97600063,-3.93700800
46.97680063,-3.54330700
46.97760063,-3.14960600
46.97840063,-2.36220500
46.97920063,-3.54330700
46.98000063,-3.93700800
46.98080063,-4.33070900
46.98160063,-3.93700800
46.98240063,-2.36220500
46.98320063,-1.57480300
46.98400063,-0.39370070
46.98480063,-0.39370070
46.98560063,-1.18110200
46.98640063,-1.18110200
46.98720063,-1.57480300
46.98800063,-1.57480300
46.98880063,-1.18110200
46.98960063,-1.57480300
46.99040063,-1.57480300
46.99120063,-1.57480300
46.99200063,-0.78740150
46.99280063,0.78740150
46.99360063,2.36220500
46.99440063,3.54330700
46.99520063,3.54330700
46.99600063,3.54330700
46.99680063,2.75590500
46.99760063,1.96850400
46.99840063,2.36220500
46.99920063,2.75590500
47.00000063,3.54330700
47.00080063,3.54330700
47.00160063,3.93700800
47.00240063,3.54330700
47.00320063,4.33070900
47.00400063,5.51181100
47.00480063,6.29921200
47.00560063,6.69291300
47.00640063,6.29921200
47.00720063,5.51181100
47.00800063,5.90551100
47.00880063,6.29921200
47.00960063,6.29921200
47.01040063,6.29921200
47.01120063,7.08661400
47.01200063,7.08661400
47.01280063,7.08661400
47.01360063,6.69291300
47.01440063,5.90551100
47.01520063,5.51181100
47.01600063,5.51181100
47.01680063,4.72440900
47.01760063,4.72440900
47.01840063,4.72440900
47.01920063,4.72440900
47.02000063,4.72440900
47.02080063,5.11811000
47.02160063,5.11811000
47.02240063,4.72440900
47.02320063,5.11811000
47.02400063,3.93700800
47.02480063,2.75590500
47.02560063,1.96850400
47.02640063,0.78740150
47.02720063,0.00000000
47.02800063,-0.39370070
47.02880063,-0.78740150
47.02960063,-0.78740150
47.03040063,-1.18110200
47.03120063,-1.57480300
47.03200063,-1.96850400
47.03280063,-1.96850400
47.03360063,-2.75590500
47.03440063,-2.75590500
47.03520063,-3.54330700
47.03600063,-5.11811000
47.03680063,-6.29921200
47.03760063,-7.48031400
47.03840063,-7.08661400
47.03920063,-6.69291300
47.04000063,-5.90551100
47.04080063,-6.29921200
47.04160063,-6.69291300
47.04240063,-7.48031400
47.04320063,-8.26771600
47.04400063,-8.26771600
47.04480063,-8.26771600
47.04560063,-8.66141700
47.04640063,-9.44881800
47.04720063,-9.84251900
47.04800063,-10.23622000
47.04880063,-9.84251900
47.04960063,-8.66141700
47.05040063,-7.08661400
47.05120063,-5.90551100
47.05200063,-5.51181100
47.05280063,-5.90551100
47.05360063,-7.08661400
47.05440063,-7.48031400
47.05520063,-7.08661400
47.05600063,-6.29921200
47.05680063,-5.51181100
47.05760063,-5.11811000
47.05840063,-5.51181100
47.05920063,-4.72440900
47.06000063,-4.33070900
47.06080063,-2.75590500
47.06160063,-0.78740150
47.06240063,0.00000000
47.06320063,0.39370070
47.06400063,0.00000000
47.06480063,0.00000000
47.06560063,0.78740150
47.06640063,1.96850400
47.06720063,3.14960600
47.06800063,3.54330700
47.06880063,4.72440900
47.06960063,3.93700800
47.07040063,5.11811000
47.07120063,6.29921200
47.07200063,7.48031400
47.07280063,8.66141700
47.07360063,8.66141700
47.07440063,8.66141700
47.07520063,8.26771600
47.07600063,8.26771600
47.07680063,8.66141700
47.07760063,9.84251900
47.07840063,11.02362000
47.07920063,10.62992000
47.08000063,9.84251900
47.08080063,9.84251900
47.08160063,9.84251900
47.08240063,10.62992000
47.08320063,11.41732000
47.08400063,11.02362000
47.08480063,10.62992000
47.08560063,9.44881800
47.08640063,8.26771600
47.08720063,7.87401500
47.08800063,7.87401500
47.08880063,7.08661400
47.08960063,6.69291300
47.09040063,6.69291300
47.09120063,5.90551100
47.09200063,5.51181100
47.09280063,5.51181100
47.09360063,5.11811000
47.09440063,5.11811000
47.09520063,5.11811000
47.09600063,3.93700800
47.09680063,1.96850400
47.09760063,0.39370070
47.09840063,-1.18110200
47.09920063,-2.36220500
47.10000063,-2.75590500
47.10080063,-3.14960600
47.10160063,-3.93700800
47.10240063,-3.93700800
47.10320063,-4.33070900
47.10400063,-4.72440900
47.10480063,-4.72440900
47.10560063,-5.11811000
47.10640063,-5.51181100
47.10720063,-6.29921200
47.10800063,-7.48031400
47.10880063,-9.44881800
47.10960063,-10.62992000
47.11040063,-11.41732000
47.11120063,-11.41732000
47.11200063,-10.62992000
47.11280063,-10.23622000
47.11360063,-9.84251900
47.11440063,-10.23622000
47.11520063,-10.23622000
47.11600063,-10.62992000
47.11680063,-10.23622000
47.11760063,-10.23622000
47.11840063,-9.84251900
47.11920063,-9.44881800
47.12000063,-9.84251900
47.12080063,-9.84251900
47.12160063,-9.05511800
47.12240063,-7.87401500
47.12320063,-6.69291300
47.12400063,-6.29921200
47.12480063,-5.90551100
47.12560063,-6.29921200
47.12640063,-6.29921200
47.12720063,-6.29921200
47.12800063,-6.29921200
47.12880063,-4.72440900
47.12960063,-3.54330700
47.13040063,-1.96850400
47.13120063,-1.18110200
47.13200063,-0.39370070
47.13280063,0.78740150
47.13360063,1.96850400
47.13440063,3.54330700
47.13520063,3.93700800
47.13600063,3.93700800
47.13680063,3.14960600
47.13760063,2.36220500
47.13840063,2.75590500
47.13920063,4.33070900
47.14000063,6.29921200
47.14080063,7.48031400
47.14160063,7.08661400
47.14240063,7.08661400
47.14320063,7.87401500
47.14400063,8.26771600
47.14480063,9.44881800
47.14560063,10.23622000
47.14640063,10.23622000
47.14720063,9.44881800
47.14800063,9.44881800
47.14880063,9.44881800
47.14960063,10.23622000
47.15040063,11.41732000
47.15120063,11.41732000
47.15200063,11.41732000
47.15280063,10.62992000
47.15360063,9.05511800
47.15440063,7.48031400
47.15520063,7.08661400
47.15600063,7.08661400
47.15680063,7.08661400
47.15760063,7.48031400
47.15840063,7.48031400
47.15920063,6.69291300
47.16000063,7.08661400
47.16080063,7.08661400
47.16160063,7.08661400
47.16240063,6.69291300
47.16320063,5.51181100
47.16400063,3.54330700
47.16480063,1.96850400
47.16560063,0.39370070
47.16640063,-0.39370070
47.16720063,-0.39370070
47.16800063,-0.39370070
47.16880063,-0.39370070
47.16960063,-0.39370070
47.17040063,-1.18110200
47.17120063,-1.96850400
47.17200063,-2.36220500
47.17280063,-3.14960600
47.17360063,-5.11811000
47.17440063,-5.90551100
47.17520063,-7.87401500
47.17600063,-8.26771600
47.17680063,-9.05511800
47.17760063,-8.26771600
47.17840063,-7.87401500
47.17920063,-6.69291300
47.18000063,-6.69291300
47.18080063,-7.48031400
47.18160063,-8.26771600
47.18240063,-8.66141700
47.18320063,-9.84251900
47.18400063,-9.84251900
47.18480063,-10.62992000
47.18560063,-10.62992000
47.18640063,-10.23622000
47.18720063,-10.23622000
47.18800063,-9.44881800
47.18880063,-8.66141700
47.18960063,-7.87401500
47.19040063,-7.08661400
47.19120063,-6.69291300
47.19200063,-7.08661400
47.19280063,-7.87401500
47.19360063,-8.66141700
47.19440063,-8.26771600
47.19520063,-9.05511800
47.19600063,-7.48031400
47.19680063,-7.08661400
47.19760063,-5.90551100
47.19840063,-4.72440900
47.19920063,-3.93700800
47.20000063,-2.75590500
47.20080063,-1.18110200
47.20160063,0.00000000
47.20240063,0.78740150
47.20320063,0.78740150
47.20400063,0.39370070
47.20480063,0.00000000
47.20560063,0.78740150
47.20640063,1.18110200
47.20720063,2.75590500
47.20800063,3.54330700
47.20880063,4.33070900
47.20960063,5.11811000
47.21040063,5.11811000
47.21120063,5.11811000
47.21200063,5.11811000
47.21280063,5.90551100
47.21360063,6.69291300
47.21440063,7.87401500
47.21520063,7.87401500
47.21600063,7.48031400
47.21680063,7.48031400
47.21760063,8.26771600
47.21840063,9.84251900
47.21920063,9.84251900
47.22000063,9.84251900
47.22080063,9.05511800
47.22160063,8.26771600
47.22240063,8.26771600
47.22320063,8.26771600
47.22400063,8.66141700
47.22480063,9.05511800
47.22560063,8.66141700
47.22640063,8.66141700
47.22720063,8.26771600
47.22800063,7.48031400
47.22880063,7.87401500
47.22960063,8.26771600
47.23040063,7.87401500
47.23120063,7.08661400
47.23200063,5.51181100
47.23280063,4.33070900
47.23360063,3.93700800
47.23440063,4.33070900
47.23520063,4.72440900
47.23600063,3.54330700
47.23680063,2.75590500
47.23760063,1.96850400
47.23840063,0.39370070
47.23920063,0.39370070
47.24000063,0.39370070
47.24080063,0.39370070
47.24160063,0.39370070
47.24240063,-0.78740150
47.24320063,-1.96850400
47.24400063,-1.96850400
47.24480063,-2.75590500
47.24560063,-3.54330700
47.24640063,-3.93700800
47.24720063,-5.11811000
47.24800063,-6.69291300
47.24880063,-7.48031400
47.24960063,-8.26771600
47.25040063,-8.26771600
47.25120063,-7.87401500
47.25200063,-7.48031400
47.25280063,-7.48031400
47.25360063,-7.48031400
47.25440063,-8.26771600
47.25520063,-8.66141700
47.25600063,-9.05511800
47.25680063,-9.05511800
47.25760063,-9.44881800
47.25840063,-9.84251900
47.25920063,-10.23622000
47.26000063,-10.23622000
47.26080063,-9.44881800
47.26160063,-8.66141700
47.26240063,-7.87401500
47.26320063,-7.08661400
47.26400063,-7.48031400
47.26480063,-7.48031400
47.26560063,-8.26771600
47.26640063,-9.05511800
47.26720063,-9.05511800
47.26800063,-9.05511800
47.26880063,-9.05511800
47.26960063,-7.87401500
47.27040063,-6.29921200
47.27120063,-4.72440900
47.27200063,-3.14960600
47.27280063,-1.96850400
47.27360063,-1.18110200
47.27440063,-0.78740150
47.27520063,-0.39370070
47.27600063,-0.78740150
47.27680063,-1.96850400
47.27760063,-1.96850400
47.27840063,-1.57480300
47.27920063,-0.78740150
47.28000063,1.18110200
47.28080063,2.75590500
47.28160063,4.33070900
47.28240063,5.90551100
47.28320063,7.08661400
47.28400063,6.69291300
47.28480063,7.08661400
47.28560063,6.69291300
47.28640063,7.08661400
47.28720063,6.29921200
47.28800063,5.51181100
47.28880063,5.51181100
47.28960063,6.29921200
47.29040063,8.26771600
47.29120063,10.23622000
47.29200063,12.99213000
47.29280063,13.38583000
47.29360063,12.99213000
47.29440063,11.81102000
47.29520063,10.62992000
47.29600063,9.05511800
47.29680063,9.05511800
47.29760063,9.05511800
47.29840063,8.26771600
47.29920063,7.87401500
47.30000063,7.87401500
47.30080063,8.66141700
47.30160063,10.23622000
47.30240063,11.81102000
47.30320063,11.81102000
47.30400063,11.41732000
47.30480063,9.05511800
47.30560063,6.69291300
47.30640063,4.72440900
47.30720063,2.75590500
47.30800063,1.96850400
47.30880063,1.57480300
47.30960063,1.18110200
47.31040063,0.39370070
47.31120063,0.78740150
47.31200063,0.78740150
47.31280063,1.96850400
47.31360063,3.14960600
47.31440063,2.75590500
47.31520063,1.18110200
47.31600063,-1.18110200
47.31680063,-3.54330700
47.31760063,-5.51181100
47.31840063,-6.29921200
47.31920063,-7.48031400
47.32000063,-8.26771600
47.32080063,-8.66141700
47.32160063,-9.44881800
47.32240063,-9.84251900
47.32320063,-9.05511800
47.32400063,-7.87401500
47.32480063,-7.08661400
47.32560063,-6.69291300
47.32640063,-7.48031400
47.32720063,-9.05511800
47.32800063,-11.02362000
47.32880063,-11.41732000
47.32960063,-12.59842000
47.33040063,-12.20472000
47.33120063,-12.20472000
47.33200063,-12.59842000
47.33280063,-12.20472000
47.33360063,-11.41732000
47.33440063,-10.62992000
47.33520063,-8.26771600
47.33600063,-6.69291300
47.33680063,-6.29921200
47.33760063,-6.29921200
47.33840063,-7.87401500
47.33920063,-8.66141700
47.34000063,-9.05511800
47.34080063,-9.05511800
47.34160063,-8.66141700
47.34240063,-7.48031400
47.34320063,-6.69291300
47.34400063,-5.11811000
47.34480063,-3.14960600
47.34560063,-1.57480300
47.34640063,0.00000000
47.34720063,0.78740150
47.34800063,1.57480300
47.34880063,1.57480300
47.34960063,1.18110200
47.35040063,0.78740150
47.35120063,0.00000000
47.35200063,1.18110200
47.35280063,1.96850400
47.35360063,3.54330700
47.35440063,5.11811000
47.35520063,7.08661400
47.35600063,7.87401500
47.35680063,9.84251900
47.35760063,10.62992000
47.35840063,11.02362000
47.35920063,10.62992000
47.36000063,9.44881800
47.36080063,9.05511800
47.36160063,8.26771600
47.36240063,7.87401500
47.36320063,7.48031400
47.36400063,8.66141700
47.36480063,9.84251900
47.36560063,11.41732000
47.36640063,12.20472000
47.36720063,11.81102000
47.36800063,11.41732000
47.36880063,11.41732000
47.36960063,11.41732000
47.37040063,11.41732000
47.37120063,10.62992000
47.37200063,9.44881800
47.37280063,7.48031400
47.37360063,7.08661400
47.37440063,6.69291300
47.37520063,7.08661400
47.37600063,7.87401500
47.37680063,7.87401500
47.37760063,6.29921200
47.37840063,4.72440900
47.37920063,4.33070900
47.38000063,3.93700800
47.38080063,3.14960600
47.38160063,2.75590500
47.38240063,1.96850400
47.38320063,0.78740150
47.38400063,-0.78740150
47.38480063,-1.57480300
47.38560063,-1.96850400
47.38640063,-2.36220500
47.38720063,-2.75590500
47.38800063,-3.93700800
47.38880063,-5.11811000
47.38960063,-6.29921200
47.39040063,-6.69291300
47.39120063,-7.08661400
47.39200063,-6.69291300
47.39280063,-6.29921200
47.39360063,-6.69291300
47.39440063,-7.87401500
47.39520063,-8.66141700
47.39600063,-8.66141700
47.39680063,-9.05511800
47.39760063,-9.05511800
47.39840063,-9.84251900
47.39920063,-11.02362000
47.40000063,-11.41732000
47.40080063,-11.41732000
47.40160063,-10.62992000
47.40240063,-9.44881800
47.40320063,-8.26771600
47.40400063,-8.26771600
47.40480063,-8.66141700
47.40560063,-8.66141700
47.40640063,-9.44881800
47.40720063,-9.44881800
47.40800063,-8.66141700
47.40880063,-8.26771600
47.40960063,-7.48031400
47.41040063,-6.69291300
47.41120063,-5.90551100
47.41200063,-5.11811000
47.41280063,-4.33070900
47.41360063,-2.75590500
47.41440063,-1.96850400
47.41520063,-1.18110200
47.41600063,-1.57480300
47.41680063,-1.96850400
47.41760063,-1.96850400
47.41840063,-1.96850400
47.41920063,-0.78740150
47.42000063,0.78740150
47.42080063,1.18110200
47.42160063,1.57480300
47.42240063,2.75590500
47.42320063,3.54330700
47.42400063,3.54330700
47.42480063,4.72440900
47.42560063,5.11811000
47.42640063,4.72440900
47.42720063,5.51181100
47.42800063,5.51181100
47.42880063,5.51181100
47.42960063,5.90551100
47.43040063,5.90551100
47.43120063,7.48031400
47.43200063,8.66141700
47.43280063,9.05511800
47.43360063,8.66141700
47.43440063,8.26771600
47.43520063,7.48031400
47.43600063,7.87401500
47.43680063,8.26771600
47.43760063,8.66141700
47.43840063,8.66141700
47.43920063,7.87401500
47.44000063,7.08661400
47.44080063,7.08661400
47.44160063,7.08661400
47.44240063,6.69291300
47.44320063,7.08661400
47.44400063,6.69291300
47.44480063,5.90551100
47.44560063,5.11811000
47.44640063,4.33070900
47.44720063,4.33070900
47.44800063,4.72440900
47.44880063,5.11811000
47.44960063,5.11811000
47.45040063,4.72440900
47.45120063,3.54330700
47.45200063,2.75590500
47.45280063,2.36220500
47.45360063,3.14960600
47.45440063,2.36220500
47.45520063,0.78740150
47.45600063,0.00000000
47.45680063,-1.57480300
47.45760063,-1.57480300
47.45840063,-1.18110200
47.45920063,-0.39370070
47.46000063,-0.39370070
47.46080063,-0.78740150
47.46160063,-1.96850400
47.46240063,-3.54330700
47.46320063,-3.93700800
47.46400063,-4.33070900
47.46480063,-3.93700800
47.46560063,-4.33070900
47.46640063,-4.33070900
47.46720063,-5.51181100
47.46800063,-6.29921200
47.46880063,-6.29921200
47.46960063,-5.90551100
47.47040063,-5.11811000
47.47120063,-5.11811000
47.47200063,-5.11811000
47.47280063,-5.90551100
47.47360063,-6.29921200
47.47440063,-6.69291300
47.47520063,-5.11811000
47.47600063,-5.51181100
47.47680063,-5.51181100
47.47760063,-6.29921200
47.47840063,-6.69291300
47.47920063,-7.08661400
47.48000063,-6.29921200
47.48080063,-6.29921200
47.48160063,-5.11811000
47.48240063,-5.11811000
47.48320063,-5.51181100
47.48400063,-5.11811000
47.48480063,-3.93700800
47.48560063,-4.33070900
47.48640063,-3.54330700
47.48720063,-2.75590500
47.48800063,-3.54330700
47.48880063,-3.54330700
47.48960063,-4.33070900
47.49040063,-3.54330700
47.49120063,-3.14960600
47.49200063,-1.57480300
47.49280063,-0.39370070
47.49360063,0.39370070
47.49440063,0.00000000
47.49520063,0.00000000
47.49600063,0.00000000
47.49680063,-0.39370070
47.49760063,0.00000000
47.49840063,0.78740150
47.49920063,0.78740150
47.50000063,0.39370070
47.50080063,0.78740150
47.50160063,1.96850400
47.50240063,2.75590500
47.50320063,4.33070900
47.50400063,5.11811000
47.50480063,5.51181100
47.50560063,5.90551100
47.50640063,5.90551100
47.50720063,5.11811000
47.50800063,4.72440900
47.50880063,4.33070900
47.50960063,3.93700800
47.51040063,4.33070900
47.51120063,4.72440900
47.51200063,4.72440900
47.51280063,5.51181100
47.51360063,6.29921200
47.51440063,7.08661400
47.51520063,7.87401500
47.51600063,8.66141700
47.51680063,7.87401500
47.51760063,6.69291300
47.51840063,5.51181100
47.51920063,4.72440900
47.52000063,4.33070900
47.52080063,4.33070900
47.52160063,4.33070900
47.52240063,5.11811000
47.52320063,5.51181100
47.52400063,5.11811000
47.52480063,5.51181100
47.52560063,5.51181100
47.52640063,5.51181100
47.52720063,4.72440900
47.52800063,3.54330700
47.52880063,1.96850400
47.52960063,1.57480300
47.53040063,1.18110200
47.53120063,1.18110200
47.53200063,1.96850400
47.53280063,2.75590500
47.53360063,1.96850400
47.53440063,1.18110200
47.53520063,0.00000000
47.53600063,-0.39370070
47.53680063,-0.78740150
47.53760063,-0.78740150
47.53840063,-1.18110200
47.53920063,-2.75590500
47.54000063,-3.54330700
47.54080063,-3.54330700
47.54160063,-3.14960600
47.54240063,-3.14960600
47.54320063,-2.75590500
47.54400063,-2.75590500
47.54480063,-3.14960600
47.54560063,-4.33070900
47.54640063,-5.51181100
47.54720063,-6.69291300
47.54800063,-7.87401500
47.54880063,-8.66141700
47.54960063,-8.66141700
47.55040063,-9.44881800
47.55120063,-7.87401500
47.55200063,-7.48031400
47.55280063,-7.08661400
47.55360063,-5.90551100
47.55440063,-4.72440900
47.55520063,-4.72440900
47.55600063,-5.51181100
47.55680063,-6.69291300
47.55760063,-7.87401500
47.55840063,-8.26771600
47.55920063,-7.87401500
47.56000063,-7.48031400
47.56080064,-5.90551100
47.56160064,-3.14960600
47.56240064,-0.78740150
47.56320064,-0.39370070
47.56400064,-1.18110200
47.56480064,-2.36220500
47.56560064,-3.93700800
47.56640064,-4.33070900
47.56720064,-4.72440900
47.56800064,-4.33070900
47.56880064,-1.96850400
47.56960064,0.39370070
47.57040064,3.14960600
47.57120064,4.72440900
47.57200064,3.93700800
47.57280064,2.75590500
47.57360064,1.57480300
47.57440064,0.78740150
47.57520064,1.18110200
47.57600064,2.75590500
47.57680064,3.54330700
47.57760064,4.72440900
47.57840064,4.72440900
47.57920064,4.72440900
47.58000064,4.72440900
47.58080064,5.90551100
47.58160064,6.69291300
47.58240064,8.26771600
47.58320064,8.66141700
47.58400064,8.66141700
47.58480064,7.48031400
47.58560064,6.69291300
47.58640064,5.51181100
47.58720064,5.11811000
47.58800064,5.90551100
47.58880064,6.29921200
47.58960064,7.48031400
47.59040064,7.87401500
47.59120064,7.48031400
47.59200064,6.69291300
47.59280064,5.90551100
47.59360064,5.11811000
47.59440064,4.72440900
47.59520064,3.93700800
47.59600064,4.33070900
47.59680064,5.11811000
47.59760064,6.29921200
47.59840064,5.90551100
47.59920064,4.72440900
47.60000064,3.14960600
47.60080064,0.78740150
47.60160064,0.00000000
47.60240064,0.78740150
47.60320064,0.78740150
47.60400064,0.78740150
47.60480064,0.39370070
47.60560064,-0.78740150
47.60640064,-1.18110200
47.60720064,-0.39370070
47.60800064,-0.39370070
47.60880064,-0.78740150
47.60960064,-1.18110200
47.61040064,-2.36220500
47.61120064,-3.14960600
47.61200064,-3.93700800
47.61280064,-6.29921200
47.61360064,-7.48031400
47.61440064,-7.48031400
47.61520064,-6.69291300
47.61600064,-5.11811000
47.61680064,-3.54330700
47.61760064,-3.14960600
47.61840064,-3.14960600
47.61920064,-4.33070900
47.62000064,-5.51181100
47.62080064,-6.29921200
47.62160064,-6.29921200
47.62240064,-6.29921200
47.62320064,-5.90551100
47.62400064,-5.90551100
47.62480064,-6.69291300
47.62560064,-7.08661400
47.62640064,-6.69291300
47.62720064,-5.90551100
47.62800064,-4.72440900
47.62880064,-3.54330700
47.62960064,-3.54330700
47.63040064,-3.93700800
47.63120064,-4.33070900
47.63200064,-4.33070900
47.63280064,-3.93700800
47.63360064,-1.96850400
47.63440064,-1.96850400
47.63520064,-1.57480300
47.63600064,-1.96850400
47.63680064,-2.36220500
47.63760064,-2.36220500
47.63840064,-1.96850400
47.63920064,-2.36220500
47.64000064,-1.57480300
47.64080064,-0.78740150
47.64160064,0.00000000
47.64240064,1.18110200
47.64320064,2.36220500
47.64400064,2.75590500
47.64480064,3.54330700
47.64560064,3.14960600
47.64640064,2.75590500
47.64720064,1.96850400
47.64800064,2.36220500
47.64880064,2.36220500
47.64960064,1.96850400
47.65040064,1.96850400
47.65120064,1.96850400
47.65200064,2.36220500
47.65280064,3.93700800
47.65360064,5.51181100
47.65440064,6.69291300
47.65520064,7.08661400
47.65600064,6.29921200
47.65680064,4.72440900
47.65760064,4.72440900
47.65840064,4.33070900
47.65920064,4.72440900
47.66000064,4.72440900
47.66080064,3.93700800
47.66160064,3.93700800
47.66240064,3.93700800
47.66320064,4.72440900
47.66400064,5.51181100
47.66480064,6.69291300
47.66560064,6.29921200
47.66640064,5.51181100
47.66720064,4.33070900
47.66800064,3.54330700
47.66880064,2.75590500
47.66960064,2.36220500
47.67040064,1.96850400
47.67120064,2.36220500
47.67200064,2.36220500
47.67280064,3.54330700
47.67360064,3.93700800
47.67440064,4.33070900
47.67520064,4.33070900
47.67600064,3.14960600
47.67680064,2.75590500
47.67760064,0.78740150
47.67840064,-0.39370070
47.67920064,-0.39370070
47.68000064,-0.78740150
47.68080064,0.00000000
47.68160064,0.39370070
47.68240064,-0.39370070
47.68320064,-1.18110200
47.68400064,-1.18110200
47.68480064,-0.39370070
47.68560064,-0.78740150
47.68640064,-0.78740150
47.68720064,-1.57480300
47.68800064,-3.14960600
47.68880064,-3.54330700
47.68960064,-3.54330700
47.69040064,-2.36220500
47.69120064,-1.57480300
47.69200064,-2.36220500
47.69280064,-3.14960600
47.69360064,-3.93700800
47.69440064,-4.33070900
47.69520064,-5.11811000
47.69600064,-5.51181100
47.69680064,-5.51181100
47.69760064,-5.11811000
47.69840064,-4.72440900
47.69920064,-4.72440900
47.70000064,-4.33070900
47.70080064,-3.54330700
47.70160064,-3.93700800
47.70240064,-3.54330700
47.70320064,-3.93700800
47.70400064,-4.72440900
47.70480064,-5.90551100
47.70560064,-6.29921200
47.70640064,-5.90551100
47.70720064,-6.29921200
47.70800064,-6.69291300
47.70880064,-5.90551100
47.70960064,-5.11811000
47.71040064,-3.93700800
47.71120064,-2.36220500
47.71200064,-1.57480300
47.71280064,-1.18110200
47.71360064,-1.96850400
47.71440064,-2.75590500
47.71520064,-3.93700800
47.71600064,-3.93700800
47.71680064,-3.54330700
47.71760064,-3.14960600
47.71840064,-2.75590500
47.71920064,-2.75590500
47.72000064,-1.57480300
47.72080064,-0.39370070
47.72160064,0.78740150
47.72240064,1.96850400
47.72320064,2.75590500
47.72400064,3.14960600
47.72480064,3.54330700
47.72560064,2.75590500
47.72640064,2.36220500
47.72720064,2.75590500
47.72800064,2.75590500
47.72880064,2.75590500
47.72960064,3.54330700
47.73040064,4.72440900
47.73120064,5.11811000
47.73200064,6.29921200
47.73280064,6.69291300
47.73360064,7.08661400
47.73440064,7.08661400
47.73520064,6.29921200
47.73600064,6.29921200
47.73680064,6.69291300
47.73760064,7.08661400
47.73840064,7.08661400
47.73920064,7.08661400
47.74000064,7.08661400
47.74080064,7.08661400
47.74160064,7.87401500
47.74240064,8.66141700
47.74320064,8.26771600
47.74400064,7.48031400
47.74480064,6.29921200
47.74560064,5.11811000
47.74640064,5.11811000
47.74720064,5.11811000
47.74800064,5.51181100
47.74880064,5.11811000
47.74960064,4.33070900
47.75040064,3.54330700
47.75120064,3.14960600
47.75200064,3.93700800
47.75280064,3.93700800
47.75360064,4.33070900
47.75440064,3.93700800
47.75520064,2.75590500
47.75600064,0.78740150
47.75680064,-0.39370070
47.75760064,-1.18110200
47.75840064,-1.96850400
47.75920064,-2.75590500
47.76000064,-3.14960600
47.76080064,-3.93700800
47.76160064,-3.93700800
47.76240064,-3.54330700
47.76320064,-3.14960600
47.76400064,-2.36220500
47.76480064,-2.75590500
47.76560064,-4.33070900
47.76640064,-6.29921200
47.76720064,-8.66141700
47.76800064,-9.05511800
47.76880064,-9.05511800
47.76960064,-9.05511800
47.77040064,-8.66141700
47.77120064,-8.66141700
47.77200064,-8.66141700
47.77280064,-7.87401500
47.77360064,-7.08661400
47.77440064,-6.69291300
47.77520064,-6.29921200
47.77600064,-7.08661400
47.77680064,-8.26771600
47.77760064,-9.05511800
47.77840064,-10.23622000
47.77920064,-10.23622000
47.78000064,-9.84251900
47.78080064,-8.66141700
47.78160064,-7.87401500
47.78240064,-6.69291300
47.78320064,-5.51181100
47.78400064,-4.33070900
47.78480064,-2.75590500
47.78560064,-1.57480300
47.78640064,-1.57480300
47.78720064,-2.36220500
47.78800064,-4.33070900
47.78880064,-4.72440900
47.78960064,-5.11811000
47.79040064,-3.93700800
47.79120064,-2.36220500
47.79200064,-0.39370070
47.79280064,1.57480300
47.79360064,3.14960600
47.79440064,4.72440900
47.79520064,5.11811000
47.79600064,5.51181100
47.79680064,5.90551100
47.79760064,5.51181100
47.79840064,5.11811000
47.79920064,4.33070900
47.80000064,4.33070900
47.80080064,4.33070900
47.80160064,4.72440900
47.80240064,6.29921200
47.80320064,7.48031400
47.80400064,8.26771600
47.80480064,9.44881800
47.80560064,9.84251900
47.80640064,9.84251900
47.80720064,10.23622000
47.80800064,9.44881800
47.80880064,9.44881800
47.80960064,9.44881800
47.81040064,9.05511800
47.81120064,8.66141700
47.81200064,8.26771600
47.81280064,7.87401500
47.81360064,7.48031400
47.81440064,7.87401500
47.81520064,8.26771600
47.81600064,7.87401500
47.81680064,7.48031400
47.81760064,6.69291300
47.81840064,6.29921200
47.81920064,5.51181100
47.82000064,5.11811000
47.82080064,5.11811000
47.82160064,3.93700800
47.82240064,2.75590500
47.82320064,2.36220500
47.82400064,1.18110200
47.82480064,1.18110200
47.82560064,1.18110200
47.82640064,1.18110200
47.82720064,-0.39370070
47.82800064,-1.57480300
47.82880064,-2.75590500
47.82960064,-3.54330700
47.83040064,-3.54330700
47.83120064,-3.54330700
47.83200064,-3.93700800
47.83280064,-4.72440900
47.83360064,-5.51181100
47.83440064,-7.08661400
47.83520064,-6.69291300
47.83600064,-6.69291300
47.83680064,-6.69291300
47.83760064,-6.69291300
47.83840064,-6.69291300
47.83920064,-7.87401500
47.84000064,-8.66141700
47.84080064,-8.26771600
47.84160064,-7.87401500
47.84240064,-7.87401500
47.84320064,-7.87401500
47.84400064,-8.66141700
47.84480064,-9.44881800
47.84560064,-9.44881800
47.84640064,-9.05511800
47.84720064,-7.08661400
47.84800064,-5.51181100
47.84880064,-5.51181100
47.84960064,-5.90551100
47.85040064,-6.69291300
47.85120064,-6.69291300
47.85200064,-6.29921200
47.85280064,-5.51181100
47.85360064,-5.51181100
47.85440064,-4.72440900
47.85520064,-4.72440900
47.85600064,-4.72440900
47.85680064,-4.33070900
47.85760064,-3.54330700
47.85840064,-1.96850400
47.85920064,-1.57480300
47.86000064,-1.18110200
47.86080064,-1.18110200
47.86160064,-0.78740150
47.86240064,0.00000000
47.86320064,1.18110200
47.86400064,2.75590500
47.86480064,3.93700800
47.86560064,4.33070900
47.86640064,3.93700800
47.86720064,3.54330700
47.86800064,3.14960600
47.86880064,3.54330700
47.86960064,3.93700800
47.87040064,3.14960600
47.87120064,3.54330700
47.87200064,3.54330700
47.87280064,3.93700800
47.87360064,5.11811000
47.87440064,6.29921200
47.87520064,7.87401500
47.87600064,9.05511800
47.87680064,9.44881800
47.87760064,9.44881800
47.87840064,9.05511800
47.87920064,8.26771600
47.88000064,6.69291300
47.88080064,6.29921200
47.88160064,4.72440900
47.88240064,3.93700800
47.88320064,3.54330700
47.88400064,3.54330700
47.88480064,4.33070900
47.88560064,5.90551100
47.88640064,7.08661400
47.88720064,7.87401500
47.88800064,8.26771600
47.88880064,7.08661400
47.88960064,6.29921200
47.89040064,5.11811000
47.89120064,3.93700800
47.89200064,3.14960600
47.89280064,3.14960600
47.89360064,1.96850400
47.89440064,0.78740150
47.89520064,0.78740150
47.89600064,0.78740150
47.89680064,1.57480300
47.89760064,1.96850400
47.89840064,2.75590500
47.89920064,2.36220500
47.90000064,1.57480300
47.90080064,0.39370070
47.90160064,-0.39370070
47.90240064,-1.18110200
47.90320064,-0.78740150
47.90400064,-0.78740150
47.90480064,-1.18110200
47.90560064,-1.57480300
47.90640064,-2.36220500
47.90720064,-3.54330700
47.90800064,-5.11811000
47.90880064,-5.90551100
47.90960064,-6.29921200
47.91040064,-6.69291300
47.91120064,-7.08661400
47.91200064,-7.48031400
47.91280064,-7.48031400
47.91360064,-6.69291300
47.91440064,-6.69291300
47.91520064,-5.51181100
47.91600064,-5.51181100
47.91680064,-5.11811000
47.91760064,-5.90551100
47.91840064,-5.90551100
47.91920064,-5.51181100
47.92000064,-5.11811000
47.92080064,-5.90551100
47.92160064,-5.90551100
47.92240064,-6.29921200
47.92320064,-7.48031400
47.92400064,-7.87401500
47.92480064,-7.08661400
47.92560064,-6.29921200
47.92640064,-5.11811000
47.92720064,-4.33070900
47.92800064,-3.14960600
47.92880064,-3.14960600
47.92960064,-2.75590500
47.93040064,-1.96850400
47.93120064,-1.18110200
47.93200064,-0.39370070
47.93280064,-0.39370070
47.93360064,-0.78740150
47.93440064,-1.57480300
47.93520064,-3.14960600
47.93600064,-3.54330700
47.93680064,-3.14960600
47.93760064,-2.36220500
47.93840064,-1.57480300
47.93920064,-0.39370070
47.94000064,0.39370070
47.94080064,1.96850400
47.94160064,3.14960600
47.94240064,3.93700800
47.94320064,4.72440900
47.94400064,4.72440900
47.94480064,3.93700800
47.94560064,3.54330700
47.94640064,3.93700800
47.94720064,4.33070900
47.94800064,4.72440900
47.94880064,4.72440900
47.94960064,3.93700800
47.95040064,3.93700800
47.95120064,3.93700800
47.95200064,5.11811000
47.95280064,6.69291300
47.95360064,8.26771600
47.95440064,8.66141700
47.95520064,8.26771600
47.95600064,7.87401500
47.95680064,7.08661400
47.95760064,7.08661400
47.95840064,7.87401500
47.95920064,7.87401500
47.96000064,7.48031400
47.96080064,6.69291300
47.96160064,5.11811000
47.96240064,4.33070900
47.96320064,3.54330700
47.96400064,3.93700800
47.96480064,3.93700800
47.96560064,3.54330700
47.96640064,3.54330700
47.96720064,3.14960600
47.96800064,3.93700800
47.96880064,4.72440900
47.96960064,5.51181100
47.97040064,6.29921200
47.97120064,5.51181100
47.97200064,5.11811000
47.97280064,3.93700800
47.97360064,1.96850400
47.97440064,0.78740150
47.97520064,-1.18110200
47.97600064,-2.36220500
47.97680064,-2.36220500
47.97760064,-3.54330700
47.97840064,-2.75590500
47.97920064,-2.36220500
47.98000064,-1.96850400
47.98080064,-1.18110200
47.98160064,-0.78740150
47.98240064,-0.39370070
47.98320064,-1.96850400
47.98400064,-2.75590500
47.98480064,-4.33070900
47.98560064,-5.90551100
47.98640064,-7.08661400
47.98720064,-7.87401500
47.98800064,-8.66141700
47.98880064,-8.66141700
47.98960064,-7.87401500
47.99040064,-7.48031400
47.99120064,-6.29921200
47.99200064,-5.51181100
47.99280064,-5.51181100
47.99360064,-5.11811000
47.99440064,-5.11811000
47.99520064,-5.90551100
47.99600064,-6.29921200
47.99680064,-6.69291300
47.99760064,-7.48031400
47.99840064,-7.87401500
47.99920064,-7.48031400
48.00000064,-7.08661400
48.00080064,-6.29921200
48.00160064,-6.29921200
48.00240064,-5.90551100
48.00320064,-5.90551100
48.00400064,-4.72440900
48.00480064,-3.93700800
48.00560064,-3.14960600
48.00640064,-3.14960600
48.00720064,-3.14960600
48.00800064,-3.14960600
48.00880064,-2.75590500
48.00960064,-2.36220500
48.01040064,-1.18110200
48.01120064,0.00000000
48.01200064,0.39370070
48.01280064,0.00000000
48.01360064,0.39370070
48.01440064,1.18110200
48.01520064,1.96850400
48.01600064,1.96850400
48.01680064,2.36220500
48.01760064,1.96850400
48.01840064,2.36220500
48.01920064,1.96850400
48.02000064,2.75590500
48.02080064,3.93700800
48.02160064,4.72440900
48.02240064,5.51181100
48.02320064,5.90551100
48.02400064,5.90551100
48.02480064,5.90551100
48.02560064,7.08661400
48.02640064,7.48031400
48.02720064,7.48031400
48.02800064,6.29921200
48.02880064,5.11811000
48.02960064,4.72440900
48.03040064,5.51181100
48.03120064,5.90551100
48.03200064,7.08661400
48.03280064,7.48031400
48.03360064,7.08661400
48.03440064,6.69291300
48.03520064,6.69291300
48.03600064,6.69291300
48.03680064,7.08661400
48.03760064,6.69291300
48.03840064,6.29921200
48.03920064,4.72440900
48.04000064,4.33070900
48.04080064,4.33070900
48.04160064,4.72440900
48.04240064,5.90551100
48.04320064,6.29921200
48.04400064,6.69291300
48.04480064,6.29921200
48.04560064,5.90551100
48.04640064,5.11811000
48.04720064,4.72440900
48.04800064,3.54330700
48.04880064,2.36220500
48.04960064,1.18110200
48.05040064,0.39370070
48.05120064,0.00000000
48.05200064,0.00000000
48.05280064,0.00000000
48.05360064,0.39370070
48.05440064,-0.39370070
48.05520064,-0.78740150
48.05600064,-1.96850400
48.05680064,-2.75590500
48.05760064,-3.93700800
48.05840064,-4.72440900
48.05920064,-6.29921200
48.06000064,-7.48031400
48.06080064,-8.66141700
48.06160064,-8.66141700
48.06240064,-8.66141700
48.06320064,-7.87401500
48.06400064,-7.48031400
48.06480064,-6.69291300
48.06560064,-6.29921200
48.06640064,-5.51181100
48.06720064,-6.29921200
48.06800064,-5.90551100
48.06880064,-7.08661400
48.06960064,-7.87401500
48.07040064,-9.05511800
48.07120064,-8.66141700
48.07200064,-9.44881800
48.07280064,-9.05511800
48.07360064,-9.05511800
48.07440064,-8.26771600
48.07520064,-7.87401500
48.07600064,-7.87401500
48.07680064,-7.08661400
48.07760064,-6.29921200
48.07840064,-5.90551100
48.07920064,-6.29921200
48.08000064,-6.29921200
48.08080064,-6.69291300
48.08160064,-6.29921200
48.08240064,-5.51181100
48.08320064,-4.33070900
48.08400064,-3.54330700
48.08480064,-2.75590500
48.08560064,-2.36220500
48.08640064,-1.96850400
48.08720064,-0.78740150
48.08800064,0.78740150
48.08880064,2.36220500
48.08960064,3.54330700
48.09040064,3.54330700
48.09120064,3.54330700
48.09200064,3.54330700
48.09280064,4.33070900
48.09360064,4.33070900
48.09440064,5.11811000
48.09520064,5.51181100
48.09600064,5.90551100
48.09680064,6.29921200
48.09760064,7.48031400
48.09840064,8.66141700
48.09920064,9.44881800
48.10000064,10.23622000
48.10080064,10.62992000
48.10160064,9.84251900
48.10240064,9.05511800
48.10320064,7.87401500
48.10400064,7.48031400
48.10480064,7.08661400
48.10560064,7.48031400
48.10640064,7.87401500
48.10720064,7.87401500
48.10800064,8.26771600
48.10880064,8.26771600
48.10960064,9.05511800
48.11040064,9.05511800
48.11120064,9.05511800
48.11200064,7.48031400
48.11280064,6.69291300
48.11360064,5.51181100
48.11440064,5.11811000
48.11520064,3.93700800
48.11600064,3.54330700
48.11680064,3.14960600
48.11760064,2.75590500
48.11840064,2.36220500
48.11920064,2.36220500
48.12000064,2.75590500
48.12080064,2.75590500
48.12160064,2.75590500
48.12240064,1.96850400
48.12320064,1.18110200
48.12400064,0.39370070
48.12480064,-0.39370070
48.12560064,-1.18110200
48.12640064,-1.57480300
48.12720064,-2.75590500
48.12800064,-2.75590500
48.12880064,-3.54330700
48.12960064,-4.33070900
48.13040064,-5.11811000
48.13120064,-5.90551100
48.13200064,-5.90551100
48.13280064,-6.29921200
48.13360064,-6.69291300
48.13440064,-6.69291300
48.13520064,-7.08661400
48.13600064,-7.08661400
48.13680064,-7.48031400
48.13760064,-7.48031400
48.13840064,-7.87401500
48.13920064,-8.66141700
48.14000064,-8.66141700
48.14080064,-9.05511800
48.14160064,-8.66141700
48.14240064,-9.05511800
48.14320064,-8.66141700
48.14400064,-7.87401500
48.14480064,-7.87401500
48.14560064,-6.69291300
48.14640064,-6.69291300
48.14720064,-7.08661400
48.14800064,-7.48031400
48.14880064,-7.87401500
48.14960064,-8.26771600
48.15040064,-8.26771600
48.15120064,-7.48031400
48.15200064,-6.69291300
48.15280064,-5.11811000
48.15360064,-3.93700800
48.15440064,-3.14960600
48.15520064,-1.96850400
48.15600064,-0.78740150
48.15680064,0.00000000
48.15760064,0.39370070
48.15840064,0.00000000
48.15920064,-0.78740150
48.16000064,-1.18110200
48.16080064,-0.39370070
48.16160064,0.39370070
48.16240064,1.96850400
48.16320064,2.75590500
48.16400064,3.54330700
48.16480064,5.51181100
48.16560064,6.29921200
48.16640064,7.48031400
48.16720064,8.26771600
48.16800064,7.87401500
48.16880064,7.08661400
48.16960064,6.29921200
48.17040064,5.90551100
48.17120064,5.51181100
48.17200064,5.51181100
48.17280064,6.29921200
48.17360064,7.08661400
48.17440064,7.87401500
48.17520064,8.26771600
48.17600064,8.26771600
48.17680064,8.66141700
48.17760064,9.05511800
48.17840064,8.66141700
48.17920064,8.26771600
48.18000064,7.87401500
48.18080064,7.08661400
48.18160064,6.69291300
48.18240064,7.08661400
48.18320064,7.87401500
48.18400064,7.87401500
48.18480064,7.48031400
48.18560064,7.48031400
48.18640064,6.29921200
48.18720064,5.11811000
48.18800064,4.33070900
48.18880064,3.54330700
48.18960064,3.14960600
48.19040064,2.36220500
48.19120064,1.96850400
48.19200064,1.96850400
48.19280064,1.57480300
48.19360064,1.57480300
48.19440064,1.18110200
48.19520064,0.39370070
48.19600064,-0.78740150
48.19680064,-1.96850400
48.19760064,-3.14960600
48.19840064,-4.33070900
48.19920064,-5.11811000
48.20000064,-4.72440900
48.20080064,-4.33070900
48.20160064,-3.93700800
48.20240064,-3.54330700
48.20320064,-4.33070900
48.20400064,-4.72440900
48.20480064,-5.51181100
48.20560064,-5.90551100
48.20640064,-6.69291300
48.20720064,-7.48031400
48.20800064,-7.87401500
48.20880064,-8.66141700
48.20960064,-7.87401500
48.21040064,-7.08661400
48.21120064,-5.51181100
48.21200064,-4.33070900
48.21280064,-3.54330700
48.21360064,-3.54330700
48.21440064,-4.33070900
48.21520064,-5.51181100
48.21600064,-6.29921200
48.21680064,-7.87401500
48.21760064,-7.87401500
48.21840064,-7.48031400
48.21920064,-7.48031400
48.22000064,-6.69291300
48.22080064,-5.90551100
48.22160064,-4.72440900
48.22240064,-2.75590500
48.22320064,-1.57480300
48.22400064,-1.18110200
48.22480064,-1.96850400
48.22560064,-3.14960600
48.22640064,-3.54330700
48.22720064,-3.93700800
48.22800064,-3.93700800
48.22880064,-3.93700800
48.22960064,-3.14960600
48.23040064,-2.36220500
48.23120064,-0.78740150
48.23200064,0.78740150
48.23280064,1.18110200
48.23360064,3.54330700
48.23440064,3.93700800
48.23520064,4.72440900
48.23600064,3.93700800
48.23680064,3.54330700
48.23760064,3.14960600
48.23840064,3.14960600
48.23920064,3.14960600
48.24000064,3.14960600
48.24080064,3.54330700
48.24160064,3.93700800
48.24240064,4.72440900
48.24320064,5.11811000
48.24400064,5.90551100
48.24480064,6.69291300
48.24560064,6.69291300
48.24640064,6.29921200
48.24720064,6.29921200
48.24800064,5.90551100
48.24880064,5.51181100
48.24960064,5.51181100
48.25040064,4.72440900
48.25120064,5.11811000
48.25200064,5.11811000
48.25280064,5.51181100
48.25360064,5.90551100
48.25440064,6.29921200
48.25520064,6.69291300
48.25600064,7.08661400
48.25680064,7.48031400
48.25760064,6.69291300
48.25840064,6.29921200
48.25920064,4.72440900
48.26000064,3.54330700
48.26080064,2.36220500
48.26160064,1.57480300
48.26240064,1.57480300
48.26320064,1.96850400
48.26400064,2.36220500
48.26480064,2.75590500
48.26560064,3.14960600
48.26640064,3.54330700
48.26720064,3.54330700
48.26800064,3.14960600
48.26880064,2.36220500
48.26960064,0.78740150
48.27040064,-1.18110200
48.27120064,-2.75590500
48.27200064,-3.93700800
48.27280064,-4.72440900
48.27360064,-4.33070900
48.27440064,-3.93700800
48.27520064,-3.14960600
48.27600064,-3.14960600
48.27680064,-2.75590500
48.27760064,-2.36220500
48.27840064,-1.96850400
48.27920064,-2.75590500
48.28000064,-3.93700800
48.28080064,-5.51181100
48.28160064,-7.08661400
48.28240064,-7.87401500
48.28320064,-7.87401500
48.28400064,-7.08661400
48.28480064,-5.90551100
48.28560064,-5.51181100
48.28640064,-5.51181100
48.28720064,-4.72440900
48.28800064,-5.11811000
48.28880064,-5.11811000
48.28960064,-4.72440900
48.29040064,-5.11811000
48.29120064,-5.51181100
48.29200064,-6.69291300
48.29280064,-7.08661400
48.29360064,-7.08661400
48.29440064,-6.69291300
48.29520064,-4.72440900
48.29600064,-3.54330700
48.29680064,-2.75590500
48.29760064,-2.75590500
48.29840064,-3.14960600
48.29920064,-3.14960600
48.30000064,-3.54330700
48.30080064,-3.93700800
48.30160064,-3.54330700
48.30240064,-3.54330700
48.30320064,-3.14960600
48.30400064,-1.57480300
48.30480064,-0.39370070
48.30560064,1.18110200
48.30640064,2.36220500
48.30720064,2.36220500
48.30800064,2.36220500
48.30880064,1.96850400
48.30960065,1.57480300
48.31040065,1.57480300
48.31120065,1.57480300
48.31200065,2.36220500
48.31280065,2.75590500
48.31360065,3.14960600
48.31440065,3.93700800
48.31520065,4.33070900
48.31600065,4.72440900
48.31680065,5.11811000
48.31760065,5.11811000
48.31840065,5.51181100
48.31920065,4.72440900
48.32000065,4.33070900
48.32080065,4.33070900
48.32160065,4.72440900
48.32240065,5.11811000
48.32320065,5.90551100
48.32400065,6.29921200
48.32480065,6.69291300
48.32560065,7.08661400
48.32640065,6.29921200
48.32720065,5.90551100
48.32800065,5.11811000
48.32880065,4.72440900
48.32960065,3.93700800
48.33040065,3.93700800
48.33120065,3.54330700
48.33200065,3.93700800
48.33280065,4.33070900
48.33360065,4.72440900
48.33440065,5.51181100
48.33520065,5.90551100
48.33600065,5.90551100
48.33680065,4.72440900
48.33760065,3.93700800
48.33840065,2.36220500
48.33920065,1.18110200
48.34000065,0.39370070
48.34080065,0.78740150
48.34160065,0.39370070
48.34240065,0.39370070
48.34320065,0.00000000
48.34400065,0.00000000
48.34480065,0.78740150
48.34560065,1.18110200
48.34640065,0.78740150
48.34720065,0.00000000
48.34800065,-0.78740150
48.34880065,-1.96850400
48.34960065,-3.14960600
48.35040065,-3.14960600
48.35120065,-3.54330700
48.35200065,-3.14960600
48.35280065,-3.54330700
48.35360065,-4.33070900
48.35440065,-4.33070900
48.35520065,-4.33070900
48.35600065,-3.93700800
48.35680065,-3.54330700
48.35760065,-3.93700800
48.35840065,-4.72440900
48.35920065,-5.51181100
48.36000065,-6.69291300
48.36080065,-7.08661400
48.36160065,-7.08661400
48.36240065,-5.90551100
48.36320065,-5.90551100
48.36400065,-5.90551100
48.36480065,-6.69291300
48.36560065,-6.29921200
48.36640065,-6.29921200
48.36720065,-5.11811000
48.36800065,-3.93700800
48.36880065,-3.93700800
48.36960065,-4.33070900
48.37040065,-4.72440900
48.37120065,-5.51181100
48.37200065,-5.51181100
48.37280065,-5.51181100
48.37360065,-4.33070900
48.37440065,-3.14960600
48.37520065,-2.75590500
48.37600065,-2.36220500
48.37680065,-1.96850400
48.37760065,-1.18110200
48.37840065,-0.39370070
48.37920065,1.18110200
48.38000065,0.78740150
48.38080065,0.00000000
48.38160065,-0.39370070
48.38240065,-1.57480300
48.38320065,-1.57480300
48.38400065,-0.78740150
48.38480065,0.78740150
48.38560065,1.96850400
48.38640065,2.75590500
48.38720065,3.54330700
48.38800065,4.33070900
48.38880065,5.51181100
48.38960065,5.90551100
48.39040065,5.90551100
48.39120065,5.51181100
48.39200065,4.72440900
48.39280065,3.93700800
48.39360065,3.54330700
48.39440065,3.93700800
48.39520065,4.33070900
48.39600065,5.51181100
48.39680065,6.69291300
48.39760065,6.69291300
48.39840065,6.69291300
48.39920065,7.08661400
48.40000065,7.08661400
48.40080065,7.08661400
48.40160065,6.29921200
48.40240065,5.11811000
48.40320065,4.33070900
48.40400065,3.54330700
48.40480065,3.54330700
48.40560065,4.33070900
48.40640065,5.11811000
48.40720065,5.51181100
48.40800065,5.90551100
48.40880065,5.90551100
48.40960065,5.51181100
48.41040065,4.72440900
48.41120065,3.54330700
48.41200065,2.36220500
48.41280065,1.18110200
48.41360065,0.78740150
48.41440065,0.39370070
48.41520065,0.39370070
48.41600065,0.39370070
48.41680065,0.78740150
48.41760065,1.57480300
48.41840065,1.96850400
48.41920065,1.96850400
48.42000065,1.18110200
48.42080065,0.00000000
48.42160065,-1.18110200
48.42240065,-2.75590500
48.42320065,-2.75590500
48.42400065,-3.14960600
48.42480065,-3.14960600
48.42560065,-2.75590500
48.42640065,-2.75590500
48.42720065,-2.36220500
48.42800065,-2.36220500
48.42880065,-2.36220500
48.42960065,-2.36220500
48.43040065,-3.14960600
48.43120065,-3.54330700
48.43200065,-4.33070900
48.43280065,-5.11811000
48.43360065,-5.11811000
48.43440065,-5.11811000
48.43520065,-5.11811000
48.43600065,-5.51181100
48.43680065,-5.51181100
48.43760065,-5.90551100
48.43840065,-6.29921200
48.43920065,-5.90551100
48.44000065,-5.11811000
48.44080065,-4.72440900
48.44160065,-4.72440900
48.44240065,-4.72440900
48.44320065,-5.11811000
48.44400065,-4.72440900
48.44480065,-4.33070900
48.44560065,-4.33070900
48.44640065,-3.93700800
48.44720065,-3.93700800
48.44800065,-4.33070900
48.44880065,-4.33070900
48.44960065,-4.33070900
48.45040065,-3.54330700
48.45120065,-2.75590500
48.45200065,-1.57480300
48.45280065,-1.57480300
48.45360065,-1.57480300
48.45440065,-1.57480300
48.45520065,-1.57480300
48.45600065,-1.57480300
48.45680065,-1.18110200
48.45760065,-0.39370070
48.45840065,0.00000000
48.45920065,0.00000000
48.46000065,0.00000000
48.46080065,0.39370070
48.46160065,1.57480300
48.46240065,3.14960600
48.46320065,4.33070900
48.46400065,4.33070900
48.46480065,4.33070900
48.46560065,3.93700800
48.46640065,3.93700800
48.46720065,3.54330700
48.46800065,3.93700800
48.46880065,3.54330700
48.46960065,3.93700800
48.47040065,3.93700800
48.47120065,4.72440900
48.47200065,5.51181100
48.47280065,6.69291300
48.47360065,7.48031400
48.47440065,7.48031400
48.47520065,7.48031400
48.47600065,6.69291300
48.47680065,6.29921200
48.47760065,5.51181100
48.47840065,4.33070900
48.47920065,4.72440900
48.48000065,4.72440900
48.48080065,5.11811000
48.48160065,4.72440900
48.48240065,5.11811000
48.48320065,5.51181100
48.48400065,6.29921200
48.48480065,6.69291300
48.48560065,6.29921200
48.48640065,5.11811000
48.48720065,4.33070900
48.48800065,2.36220500
48.48880065,1.57480300
48.48960065,1.57480300
48.49040065,1.96850400
48.49120065,2.36220500
48.49200065,1.57480300
48.49280065,1.18110200
48.49360065,0.78740150
48.49440065,0.39370070
48.49520065,0.39370070
48.49600065,0.39370070
48.49680065,0.78740150
48.49760065,-0.39370070
48.49840065,-1.96850400
48.49920065,-3.14960600
48.50000065,-3.54330700
48.50080065,-3.54330700
48.50160065,-3.54330700
48.50240065,-3.14960600
48.50320065,-3.93700800
48.50400065,-4.72440900
48.50480065,-5.11811000
48.50560065,-5.11811000
48.50640065,-4.33070900
48.50720065,-3.93700800
48.50800065,-3.93700800
48.50880065,-4.72440900
48.50960065,-6.29921200
48.51040065,-6.29921200
48.51120065,-6.69291300
48.51200065,-7.08661400
48.51280065,-7.08661400
48.51360065,-6.69291300
48.51440065,-6.69291300
48.51520065,-7.08661400
48.51600065,-6.69291300
48.51680065,-5.90551100
48.51760065,-5.11811000
48.51840065,-4.33070900
48.51920065,-4.33070900
48.52000065,-4.72440900
48.52080065,-5.90551100
48.52160065,-7.08661400
48.52240065,-7.08661400
48.52320065,-6.29921200
48.52400065,-5.11811000
48.52480065,-4.72440900
48.52560065,-3.93700800
48.52640065,-3.14960600
48.52720065,-2.75590500
48.52800065,-2.36220500
48.52880065,-1.96850400
48.52960065,-1.57480300
48.53040065,-1.18110200
48.53120065,-1.18110200
48.53200065,-1.18110200
48.53280065,-0.39370070
48.53360065,-0.39370070
48.53440065,0.39370070
48.53520065,2.36220500
48.53600065,3.54330700
48.53680065,4.33070900
48.53760065,3.93700800
48.53840065,4.33070900
48.53920065,3.93700800
48.54000065,3.54330700
48.54080065,3.54330700
48.54160065,3.54330700
48.54240065,3.54330700
48.54320065,3.93700800
48.54400065,4.33070900
48.54480065,5.90551100
48.54560065,7.08661400
48.54640065,8.66141700
48.54720065,9.84251900
48.54800065,9.84251900
48.54880065,9.05511800
48.54960065,8.26771600
48.55040065,7.48031400
48.55120065,7.48031400
48.55200065,7.48031400
48.55280065,7.48031400
48.55360065,8.26771600
48.55440065,8.26771600
48.55520065,7.48031400
48.55600065,7.08661400
48.55680065,6.69291300
48.55760065,6.69291300
48.55840065,6.29921200
48.55920065,5.90551100
48.56000065,4.33070900
48.56080065,3.14960600
48.56160065,2.75590500
48.56240065,3.93700800
48.56320065,5.11811000
48.56400065,6.29921200
48.56480065,5.51181100
48.56560065,4.72440900
48.56640065,3.14960600
48.56720065,1.57480300
48.56800065,0.78740150
48.56880065,-0.39370070
48.56960065,-1.57480300
48.57040065,-3.54330700
48.57120065,-5.51181100
48.57200065,-5.90551100
48.57280065,-5.90551100
48.57360065,-5.11811000
48.57440065,-3.14960600
48.57520065,-2.36220500
48.57600065,-3.54330700
48.57680065,-4.33070900
48.57760065,-6.69291300
48.57840065,-7.48031400
48.57920065,-8.66141700
48.58000065,-9.84251900
48.58080065,-10.23622000
48.58160065,-10.62992000
48.58240065,-10.62992000
48.58320065,-9.84251900
48.58400065,-8.26771600
48.58480065,-6.69291300
48.58560065,-5.51181100
48.58640065,-5.51181100
48.58720065,-6.29921200
48.58800065,-7.08661400
48.58880065,-7.87401500
48.58960065,-7.87401500
48.59040065,-8.66141700
48.59120065,-8.66141700
48.59200065,-9.05511800
48.59280065,-8.26771600
48.59360065,-8.26771600
48.59440065,-6.69291300
48.59520065,-5.51181100
48.59600065,-3.93700800
48.59680065,-3.54330700
48.59760065,-3.14960600
48.59840065,-3.54330700
48.59920065,-3.93700800
48.60000065,-3.54330700
48.60080065,-2.75590500
48.60160065,-0.78740150
48.60240065,0.00000000
48.60320065,1.18110200
48.60400065,1.96850400
48.60480065,2.75590500
48.60560065,3.14960600
48.60640065,3.93700800
48.60720065,4.72440900
48.60800065,4.33070900
48.60880065,3.93700800
48.60960065,4.33070900
48.61040065,4.33070900
48.61120065,4.72440900
48.61200065,4.72440900
48.61280065,5.11811000
48.61360065,6.29921200
48.61440065,7.08661400
48.61520065,7.08661400
48.61600065,8.26771600
48.61680065,8.26771600
48.61760065,8.26771600
48.61840065,9.05511800
48.61920065,9.84251900
48.62000065,10.23622000
48.62080065,10.62992000
48.62160065,9.84251900
48.62240065,9.05511800
48.62320065,8.26771600
48.62400065,8.26771600
48.62480065,8.26771600
48.62560065,8.26771600
48.62640065,8.26771600
48.62720065,7.87401500
48.62800065,7.08661400
48.62880065,7.08661400
48.62960065,7.48031400
48.63040065,7.48031400
48.63120065,7.48031400
48.63200065,6.69291300
48.63280065,5.11811000
48.63360065,3.14960600
48.63440065,1.57480300
48.63520065,0.39370070
48.63600065,0.39370070
48.63680065,0.00000000
48.63760065,0.39370070
48.63840065,-0.39370070
48.63920065,-0.78740150
48.64000065,-0.78740150
48.64080065,0.00000000
48.64160065,0.39370070
48.64240065,0.00000000
48.64320065,-1.18110200
48.64400065,-3.14960600
48.64480065,-5.90551100
48.64560065,-6.69291300
48.64640065,-7.87401500
48.64720065,-7.48031400
48.64800065,-7.87401500
48.64880065,-7.87401500
48.64960065,-9.05511800
48.65040065,-9.05511800
48.65120065,-9.05511800
48.65200065,-9.44881800
48.65280065,-9.44881800
48.65360065,-9.84251900
48.65440065,-10.62992000
48.65520065,-11.41732000
48.65600065,-11.81102000
48.65680065,-10.62992000
48.65760065,-9.44881800
48.65840065,-7.48031400
48.65920065,-6.69291300
48.66000065,-6.69291300
48.66080065,-7.08661400
48.66160065,-7.48031400
48.66240065,-7.48031400
48.66320065,-6.69291300
48.66400065,-6.29921200
48.66480065,-6.69291300
48.66560065,-6.29921200
48.66640065,-6.29921200
48.66720065,-5.11811000
48.66800065,-3.93700800
48.66880065,-2.75590500
48.66960065,-1.96850400
48.67040065,-1.96850400
48.67120065,-2.36220500
48.67200065,-2.75590500
48.67280065,-1.96850400
48.67360065,-1.18110200
48.67440065,-0.39370070
48.67520065,1.57480300
48.67600065,2.75590500
48.67680065,3.14960600
48.67760065,4.33070900
48.67840065,5.11811000
48.67920065,6.29921200
48.68000065,6.69291300
48.68080065,6.69291300
48.68160065,6.69291300
48.68240065,6.69291300
48.68320065,7.08661400
48.68400065,7.48031400
48.68480065,8.26771600
48.68560065,9.05511800
48.68640065,9.44881800
48.68720065,9.84251900
48.68800065,9.84251900
48.68880065,9.44881800
48.68960065,8.66141700
48.69040065,7.87401500
48.69120065,7.08661400
48.69200065,6.69291300
48.69280065,6.29921200
48.69360065,7.08661400
48.69440065,7.48031400
48.69520065,7.48031400
48.69600065,8.26771600
48.69680065,8.26771600
48.69760065,8.26771600
48.69840065,8.66141700
48.69920065,7.87401500
48.70000065,6.69291300
48.70080065,5.11811000
48.70160065,3.93700800
48.70240065,3.14960600
48.70320065,2.75590500
48.70400065,2.36220500
48.70480065,1.96850400
48.70560065,1.57480300
48.70640065,1.57480300
48.70720065,1.18110200
48.70800065,0.00000000
48.70880065,0.39370070
48.70960065,-0.39370070
48.71040065,-0.39370070
48.71120065,-1.96850400
48.71200065,-2.75590500
48.71280065,-3.54330700
48.71360065,-3.14960600
48.71440065,-2.75590500
48.71520065,-2.36220500
48.71600065,-2.36220500
48.71680065,-3.54330700
48.71760065,-5.11811000
48.71840065,-6.29921200
48.71920065,-7.08661400
48.72000065,-7.08661400
48.72080065,-7.08661400
48.72160065,-7.48031400
48.72240065,-7.48031400
48.72320065,-7.08661400
48.72400065,-6.69291300
48.72480065,-5.51181100
48.72560065,-5.11811000
48.72640065,-5.51181100
48.72720065,-6.69291300
48.72800065,-8.26771600
48.72880065,-9.05511800
48.72960065,-9.84251900
48.73040065,-9.44881800
48.73120065,-8.66141700
48.73200065,-7.48031400
48.73280065,-6.69291300
48.73360065,-5.51181100
48.73440065,-4.72440900
48.73520065,-3.93700800
48.73600065,-3.14960600
48.73680065,-2.75590500
48.73760065,-2.36220500
48.73840065,-2.75590500
48.73920065,-3.93700800
48.74000065,-4.33070900
48.74080065,-4.72440900
48.74160065,-4.33070900
48.74240065,-3.54330700
48.74320065,-3.14960600
48.74400065,-2.36220500
48.74480065,-0.78740150
48.74560065,0.00000000
48.74640065,1.18110200
48.74720065,1.57480300
48.74800065,1.57480300
48.74880065,1.18110200
48.74960065,1.57480300
48.75040065,1.18110200
48.75120065,1.18110200
48.75200065,1.57480300
48.75280065,2.75590500
48.75360065,3.93700800
48.75440065,5.11811000
48.75520065,6.29921200
48.75600065,7.08661400
48.75680065,7.08661400
48.75760065,7.08661400
48.75840065,7.08661400
48.75920065,7.08661400
48.76000065,6.29921200
48.76080065,5.51181100
48.76160065,4.33070900
48.76240065,4.72440900
48.76320065,5.11811000
48.76400065,5.51181100
48.76480065,5.90551100
48.76560065,6.29921200
48.76640065,5.90551100
48.76720065,6.29921200
48.76800065,6.69291300
48.76880065,6.69291300
48.76960065,7.08661400
48.77040065,7.48031400
48.77120065,7.87401500
48.77200065,7.08661400
48.77280065,5.51181100
48.77360065,3.93700800
48.77440065,1.96850400
48.77520065,2.36220500
48.77600065,3.93700800
48.77680065,5.11811000
48.77760065,6.69291300
48.77840065,6.69291300
48.77920065,5.90551100
48.78000065,4.72440900
48.78080065,3.93700800
48.78160065,2.75590500
48.78240065,1.18110200
48.78320065,0.00000000
48.78400065,-0.78740150
48.78480065,-1.96850400
48.78560065,-2.36220500
48.78640065,-1.96850400
48.78720065,-1.96850400
48.78800065,-1.57480300
48.78880065,-0.78740150
48.78960065,-0.78740150
48.79040065,-1.57480300
48.79120065,-2.36220500
48.79200065,-3.54330700
48.79280065,-4.72440900
48.79360065,-5.11811000
48.79440065,-5.51181100
48.79520065,-5.90551100
48.79600065,-6.29921200
48.79680065,-6.29921200
48.79760065,-5.51181100
48.79840065,-4.72440900
48.79920065,-4.33070900
48.80000065,-4.33070900
48.80080065,-5.90551100
48.80160065,-7.87401500
48.80240065,-9.05511800
48.80320065,-9.44881800
48.80400065,-9.44881800
48.80480065,-8.26771600
48.80560065,-6.69291300
48.80640065,-5.51181100
48.80720065,-5.51181100
48.80800065,-4.72440900
48.80880065,-5.11811000
48.80960065,-5.11811000
48.81040065,-4.33070900
48.81120065,-4.33070900
48.81200065,-5.11811000
48.81280065,-5.51181100
48.81360065,-6.69291300
48.81440065,-6.69291300
48.81520065,-5.11811000
48.81600065,-2.75590500
48.81680065,-0.39370070
48.81760065,0.78740150
48.81840065,0.78740150
48.81920065,0.00000000
48.82000065,-0.78740150
48.82080065,-1.57480300
48.82160065,-0.78740150
48.82240065,-0.39370070
48.82320065,0.39370070
48.82400065,0.39370070
48.82480065,1.18110200
48.82560065,1.96850400
48.82640065,3.14960600
48.82720065,3.93700800
48.82800065,4.72440900
48.82880065,5.51181100
48.82960065,5.11811000
48.83040065,3.93700800
48.83120065,3.93700800
48.83200065,4.33070900
48.83280065,5.11811000
48.83360065,5.51181100
48.83440065,5.51181100
48.83520065,5.51181100
48.83600065,6.29921200
48.83680065,6.69291300
48.83760065,6.69291300
48.83840065,6.69291300
48.83920065,5.90551100
48.84000065,4.72440900
48.84080065,3.93700800
48.84160065,4.33070900
48.84240065,5.11811000
48.84320065,5.90551100
48.84400065,5.90551100
48.84480065,5.51181100
48.84560065,5.11811000
48.84640065,5.11811000
48.84720065,5.11811000
48.84800065,5.51181100
48.84880065,5.90551100
48.84960065,5.51181100
48.85040065,4.33070900
48.85120065,3.54330700
48.85200065,2.36220500
48.85280065,2.36220500
48.85360065,2.36220500
48.85440065,2.75590500
48.85520065,3.14960600
48.85600065,3.14960600
48.85680065,2.75590500
48.85760065,2.36220500
48.85840065,1.18110200
48.85920065,1.18110200
48.86000065,0.39370070
48.86080065,0.00000000
48.86160065,-0.78740150
48.86240065,-1.57480300
48.86320065,-2.75590500
48.86400065,-2.75590500
48.86480065,-2.75590500
48.86560065,-2.75590500
48.86640065,-2.36220500
48.86720065,-1.96850400
48.86800065,-2.36220500
48.86880065,-2.36220500
48.86960065,-3.54330700
48.87040065,-5.11811000
48.87120065,-5.90551100
48.87200065,-5.90551100
48.87280065,-5.11811000
48.87360065,-5.11811000
48.87440065,-5.11811000
48.87520065,-5.90551100
48.87600065,-5.51181100
48.87680065,-5.51181100
48.87760065,-4.72440900
48.87840065,-3.93700800
48.87920065,-3.54330700
48.88000065,-4.33070900
48.88080065,-5.51181100
48.88160065,-6.29921200
48.88240065,-5.90551100
48.88320065,-6.29921200
48.88400065,-5.90551100
48.88480065,-6.29921200
48.88560065,-6.69291300
48.88640065,-6.69291300
48.88720065,-6.69291300
48.88800065,-5.51181100
48.88880065,-2.75590500
48.88960065,-1.18110200
48.89040065,0.00000000
48.89120065,-0.39370070
48.89200065,-1.96850400
48.89280065,-2.75590500
48.89360065,-2.75590500
48.89440065,-2.36220500
48.89520065,-2.36220500
48.89600065,-3.14960600
48.89680065,-3.54330700
48.89760065,-3.14960600
48.89840065,-0.78740150
48.89920065,1.96850400
48.90000065,4.72440900
48.90080065,5.51181100
48.90160065,5.51181100
48.90240065,4.33070900
48.90320065,2.75590500
48.90400065,2.75590500
48.90480065,2.75590500
48.90560065,3.14960600
48.90640065,3.14960600
48.90720065,2.36220500
48.90800065,2.75590500
48.90880065,3.93700800
48.90960065,5.11811000
48.91040065,7.08661400
48.91120065,8.26771600
48.91200065,8.26771600
48.91280065,7.08661400
48.91360065,5.11811000
48.91440065,4.33070900
48.91520065,4.33070900
48.91600065,4.72440900
48.91680065,5.11811000
48.91760065,4.72440900
48.91840065,4.72440900
48.91920065,4.33070900
48.92000065,5.11811000
48.92080065,5.90551100
48.92160065,6.69291300
48.92240065,6.69291300
48.92320065,5.51181100
48.92400065,4.33070900
48.92480065,3.14960600
48.92560065,2.75590500
48.92640065,1.96850400
48.92720065,1.96850400
48.92800065,1.96850400
48.92880065,1.96850400
48.92960065,2.36220500
48.93040065,2.75590500
48.93120065,2.36220500
48.93200065,1.96850400
48.93280065,1.18110200
48.93360065,0.78740150
48.93440065,0.78740150
48.93520065,0.39370070
48.93600065,-0.39370070
48.93680065,-1.57480300
48.93760065,-2.36220500
48.93840065,-1.96850400
48.93920065,-2.36220500
48.94000065,-2.36220500
48.94080065,-2.75590500
48.94160065,-3.14960600
48.94240065,-3.93700800
48.94320065,-4.72440900
48.94400065,-4.72440900
48.94480065,-3.93700800
48.94560065,-3.54330700
48.94640065,-2.75590500
48.94720065,-3.54330700
48.94800065,-4.72440900
48.94880065,-5.90551100
48.94960065,-6.69291300
48.95040065,-6.29921200
48.95120065,-5.90551100
48.95200065,-5.51181100
48.95280065,-6.69291300
48.95360065,-7.08661400
48.95440065,-6.69291300
48.95520065,-5.51181100
48.95600065,-3.54330700
48.95680065,-2.36220500
48.95760065,-2.36220500
48.95840065,-3.93700800
48.95920065,-5.51181100
48.96000065,-6.29921200
48.96080065,-6.29921200
48.96160065,-5.11811000
48.96240065,-3.93700800
48.96320065,-3.93700800
48.96400065,-3.93700800
48.96480065,-3.54330700
48.96560065,-3.14960600
48.96640065,-1.18110200
48.96720065,0.00000000
48.96800065,0.39370070
48.96880065,0.39370070
48.96960065,-0.39370070
48.97040065,-1.18110200
48.97120065,-1.57480300
48.97200065,-0.78740150
48.97280065,0.78740150
48.97360065,1.96850400
48.97440065,1.96850400
48.97520065,1.57480300
48.97600065,1.57480300
48.97680065,2.75590500
48.97760065,3.93700800
48.97840065,5.11811000
48.97920065,5.51181100
48.98000065,4.33070900
48.98080065,3.54330700
48.98160065,3.14960600
48.98240065,3.54330700
48.98320065,5.11811000
48.98400065,5.90551100
48.98480065,6.29921200
48.98560065,5.90551100
48.98640065,5.51181100
48.98720065,5.11811000
48.98800065,5.51181100
48.98880065,6.29921200
48.98960065,7.08661400
48.99040065,7.08661400
48.99120065,6.29921200
48.99200065,5.11811000
48.99280065,4.72440900
48.99360065,5.11811000
48.99440065,6.29921200
48.99520065,6.29921200
48.99600065,6.29921200
48.99680065,5.11811000
48.99760065,4.72440900
48.99840065,3.93700800
48.99920065,4.33070900
49.00000065,4.33070900
49.00080065,3.93700800
49.00160065,3.54330700
49.00240065,3.54330700
49.00320065,3.14960600
49.00400065,2.75590500
49.00480065,1.96850400
49.00560065,1.57480300
49.00640065,1.18110200
49.00720065,0.39370070
49.00800065,0.00000000
49.00880065,-0.78740150
49.00960065,-1.57480300
49.01040065,-1.96850400
49.01120065,-1.57480300
49.01200065,-0.78740150
49.01280065,-0.39370070
49.01360065,-1.18110200
49.01440065,-2.75590500
49.01520065,-4.33070900
49.01600065,-5.90551100
49.01680065,-5.90551100
49.01760065,-5.90551100
49.01840065,-5.90551100
49.01920065,-5.51181100
49.02000065,-6.29921200
49.02080065,-6.69291300
49.02160065,-6.29921200
49.02240065,-5.90551100
49.02320065,-5.51181100
49.02400065,-5.11811000
49.02480065,-6.29921200
49.02560065,-7.08661400
49.02640065,-8.66141700
49.02720065,-9.44881800
49.02800065,-9.05511800
49.02880065,-8.26771600
49.02960065,-7.08661400
49.03040065,-7.08661400
49.03120065,-6.69291300
49.03200065,-6.69291300
49.03280065,-6.69291300
49.03360065,-5.51181100
49.03440065,-5.11811000
49.03520065,-4.33070900
49.03600065,-4.33070900
49.03680065,-5.51181100
49.03760065,-5.90551100
49.03840065,-5.90551100
49.03920065,-4.33070900
49.04000065,-2.75590500
49.04080065,-2.36220500
49.04160065,-1.96850400
49.04240065,-1.96850400
49.04320065,-1.18110200
49.04400065,0.00000000
49.04480065,1.18110200
49.04560065,2.36220500
49.04640065,2.75590500
49.04720065,3.14960600
49.04800065,1.96850400
49.04880065,1.96850400
49.04960065,2.75590500
49.05040065,3.93700800
49.05120065,5.51181100
49.05200065,6.29921200
49.05280065,6.69291300
49.05360065,6.29921200
49.05440065,6.29921200
49.05520065,7.08661400
49.05600065,8.66141700
49.05680065,9.44881800
49.05760065,10.23622000
49.05840065,9.44881800
49.05920066,8.26771600
49.06000066,8.26771600
49.06080066,7.87401500
49.06160066,8.26771600
49.06240066,8.26771600
49.06320066,8.66141700
49.06400066,7.87401500
49.06480066,7.87401500
49.06560066,8.26771600
49.06640066,8.66141700
49.06720066,9.05511800
49.06800066,9.05511800
49.06880066,8.26771600
49.06960066,7.08661400
49.07040066,5.11811000
49.07120066,3.54330700
49.07200066,2.36220500
49.07280066,2.75590500
49.07360066,2.75590500
49.07440066,3.14960600
49.07520066,2.75590500
49.07600066,2.36220500
49.07680066,2.36220500
49.07760066,1.96850400
49.07840066,1.57480300
49.07920066,1.18110200
49.08000066,-0.39370070
49.08080066,-2.75590500
49.08160066,-4.72440900
49.08240066,-5.51181100
49.08320066,-5.51181100
49.08400066,-5.51181100
49.08480066,-4.72440900
49.08560066,-4.72440900
49.08640066,-4.33070900
49.08720066,-4.72440900
49.08800066,-5.51181100
49.08880066,-5.90551100
49.08960066,-7.08661400
49.09040066,-7.08661400
49.09120066,-7.87401500
49.09200066,-9.05511800
49.09280066,-10.62992000
49.09360066,-10.62992000
49.09440066,-10.62992000
49.09520066,-9.05511800
49.09600066,-7.08661400
49.09680066,-5.90551100
49.09760066,-6.29921200
49.09840066,-7.08661400
49.09920066,-7.48031400
49.10000066,-7.87401500
49.10080066,-7.48031400
49.10160066,-7.87401500
49.10240066,-8.26771600
49.10320066,-8.26771600
49.10400066,-7.87401500
49.10480066,-7.48031400
49.10560066,-5.90551100
49.10640066,-4.33070900
49.10720066,-3.14960600
49.10800066,-2.36220500
49.10880066,-1.96850400
49.10960066,-2.36220500
49.11040066,-1.96850400
49.11120066,-1.18110200
49.11200066,-0.78740150
49.11280066,-0.39370070
49.11360066,0.39370070
49.11440066,0.39370070
49.11520066,0.78740150
49.11600066,1.96850400
49.11680066,2.75590500
49.11760066,3.54330700
49.11840066,4.72440900
49.11920066,5.51181100
49.12000066,5.51181100
49.12080066,4.72440900
49.12160066,4.33070900
49.12240066,5.51181100
49.12320066,5.90551100
49.12400066,5.90551100
49.12480066,6.69291300
49.12560066,6.69291300
49.12640066,6.69291300
49.12720066,7.08661400
49.12800066,7.08661400
49.12880066,7.48031400
49.12960066,8.26771600
49.13040066,9.05511800
49.13120066,9.05511800
49.13200066,8.66141700
49.13280066,7.48031400
49.13360066,7.48031400
49.13440066,7.48031400
49.13520066,7.87401500
49.13600066,7.87401500
49.13680066,7.87401500
49.13760066,6.29921200
49.13840066,6.29921200
49.13920066,6.29921200
49.14000066,7.08661400
49.14080066,7.48031400
49.14160066,7.48031400
49.14240066,6.69291300
49.14320066,5.11811000
49.14400066,3.54330700
49.14480066,2.75590500
49.14560066,2.36220500
49.14640066,1.96850400
49.14720066,1.57480300
49.14800066,0.39370070
49.14880066,-0.39370070
49.14960066,-0.78740150
49.15040066,-0.78740150
49.15120066,-0.39370070
49.15200066,-0.39370070
49.15280066,-1.18110200
49.15360066,-2.75590500
49.15440066,-4.72440900
49.15520066,-5.90551100
49.15600066,-6.29921200
49.15680066,-6.69291300
49.15760066,-6.29921200
49.15840066,-6.29921200
49.15920066,-6.69291300
49.16000066,-7.48031400
49.16080066,-7.48031400
49.16160066,-7.08661400
49.16240066,-6.29921200
49.16320066,-6.29921200
49.16400066,-7.08661400
49.16480066,-8.26771600
49.16560066,-9.05511800
49.16640066,-9.05511800
49.16720066,-9.05511800
49.16800066,-8.26771600
49.16880066,-7.87401500
49.16960066,-7.48031400
49.17040066,-7.48031400
49.17120066,-7.48031400
49.17200066,-7.08661400
49.17280066,-6.69291300
49.17360066,-6.29921200
49.17440066,-6.29921200
49.17520066,-6.29921200
49.17600066,-7.08661400
49.17680066,-6.69291300
49.17760066,-5.90551100
49.17840066,-5.11811000
49.17920066,-4.33070900
49.18000066,-3.54330700
49.18080066,-3.14960600
49.18160066,-2.36220500
49.18240066,-1.96850400
49.18320066,-0.78740150
49.18400066,-0.39370070
49.18480066,0.39370070
49.18560066,0.39370070
49.18640066,1.18110200
49.18720066,1.96850400
49.18800066,2.75590500
49.18880066,2.36220500
49.18960066,3.14960600
49.19040066,3.93700800
49.19120066,4.72440900
49.19200066,5.11811000
49.19280066,5.90551100
49.19360066,6.69291300
49.19440066,6.29921200
49.19520066,7.08661400
49.19600066,7.08661400
49.19680066,7.08661400
49.19760066,7.87401500
49.19840066,7.48031400
49.19920066,7.87401500
49.20000066,7.48031400
49.20080066,7.08661400
49.20160066,7.87401500
49.20240066,8.26771600
49.20320066,9.05511800
49.20400066,8.66141700
49.20480066,9.05511800
49.20560066,9.05511800
49.20640066,8.26771600
49.20720066,7.48031400
49.20800066,7.08661400
49.20880066,6.69291300
49.20960066,6.69291300
49.21040066,5.51181100
49.21120066,4.72440900
49.21200066,3.93700800
49.21280066,3.93700800
49.21360066,4.72440900
49.21440066,4.72440900
49.21520066,4.72440900
49.21600066,3.54330700
49.21680066,3.14960600
49.21760066,2.75590500
49.21840066,2.36220500
49.21920066,1.57480300
49.22000066,0.00000000
49.22080066,-1.18110200
49.22160066,-2.36220500
49.22240066,-3.54330700
49.22320066,-3.14960600
49.22400066,-2.75590500
49.22480066,-2.75590500
49.22560066,-1.96850400
49.22640066,-1.96850400
49.22720066,-2.36220500
49.22800066,-3.14960600
49.22880066,-4.33070900
49.22960066,-5.11811000
49.23040066,-5.90551100
49.23120066,-7.08661400
49.23200066,-7.87401500
49.23280066,-8.66141700
49.23360066,-8.66141700
49.23440066,-8.26771600
49.23520066,-6.29921200
49.23600066,-6.29921200
49.23680066,-5.90551100
49.23760066,-5.90551100
49.23840066,-6.29921200
49.23920066,-6.69291300
49.24000066,-7.08661400
49.24080066,-7.48031400
49.24160066,-7.87401500
49.24240066,-7.87401500
49.24320066,-8.26771600
49.24400066,-7.48031400
49.24480066,-5.90551100
49.24560066,-5.11811000
49.24640066,-4.33070900
49.24720066,-4.33070900
49.24800066,-4.72440900
49.24880066,-4.33070900
49.24960066,-4.33070900
49.25040066,-3.54330700
49.25120066,-3.14960600
49.25200066,-3.14960600
49.25280066,-2.75590500
49.25360066,-2.36220500
49.25440066,-1.57480300
49.25520066,-1.18110200
49.25600066,0.39370070
49.25680066,1.57480300
49.25760066,1.18110200
49.25840066,1.57480300
49.25920066,1.57480300
49.26000066,1.96850400
49.26080066,2.36220500
49.26160066,3.54330700
49.26240066,3.93700800
49.26320066,3.14960600
49.26400066,3.93700800
49.26480066,4.33070900
49.26560066,5.11811000
49.26640066,5.90551100
49.26720066,6.29921200
49.26800066,5.51181100
49.26880066,5.11811000
49.26960066,5.11811000
49.27040066,5.51181100
49.27120066,5.90551100
49.27200066,6.69291300
49.27280066,6.69291300
49.27360066,5.90551100
49.27440066,5.90551100
49.27520066,5.90551100
49.27600066,5.90551100
49.27680066,6.69291300
49.27760066,6.69291300
49.27840066,6.69291300
49.27920066,6.69291300
49.28000066,5.51181100
49.28080066,5.90551100
49.28160066,5.90551100
49.28240066,6.29921200
49.28320066,5.51181100
49.28400066,5.51181100
49.28480066,4.72440900
49.28560066,3.54330700
49.28640066,3.14960600
49.28720066,3.54330700
49.28800066,3.14960600
49.28880066,3.54330700
49.28960066,2.75590500
49.29040066,2.36220500
49.29120066,1.96850400
49.29200066,1.96850400
49.29280066,1.18110200
49.29360066,0.39370070
49.29440066,-0.78740150
49.29520066,-1.96850400
49.29600066,-2.36220500
49.29680066,-2.75590500
49.29760066,-1.96850400
49.29840066,-1.96850400
49.29920066,-1.96850400
49.30000066,-1.96850400
49.30080066,-2.36220500
49.30160066,-3.14960600
49.30240066,-3.54330700
49.30320066,-4.33070900
49.30400066,-4.33070900
49.30480066,-5.11811000
49.30560066,-5.11811000
49.30640066,-5.51181100
49.30720066,-5.11811000
49.30800066,-4.72440900
49.30880066,-4.33070900
49.30960066,-3.93700800
49.31040066,-3.54330700
49.31120066,-3.93700800
49.31200066,-4.72440900
49.31280066,-5.90551100
49.31360066,-6.29921200
49.31440066,-6.69291300
49.31520066,-7.08661400
49.31600066,-6.29921200
49.31680066,-5.90551100
49.31760066,-3.93700800
49.31840066,-3.54330700
49.31920066,-3.14960600
49.32000066,-2.75590500
49.32080066,-3.14960600
49.32160066,-3.54330700
49.32240066,-3.93700800
49.32320066,-3.93700800
49.32400066,-5.11811000
49.32480066,-5.90551100
49.32560066,-5.90551100
49.32640066,-5.11811000
49.32720066,-3.14960600
49.32800066,-0.78740150
49.32880066,0.39370070
49.32960066,1.18110200
49.33040066,0.78740150
49.33120066,0.00000000
49.33200066,0.00000000
49.33280066,-0.39370070
49.33360066,-1.18110200
49.33440066,-0.78740150
49.33520066,-0.78740150
49.33600066,-0.39370070
49.33680066,0.78740150
49.33760066,2.36220500
49.33840066,3.93700800
49.33920066,5.51181100
49.34000066,6.29921200
49.34080066,6.29921200
49.34160066,5.51181100
49.34240066,3.93700800
49.34320066,3.54330700
49.34400066,3.14960600
49.34480066,3.14960600
49.34560066,3.54330700
49.34640066,3.14960600
49.34720066,3.54330700
49.34800066,3.93700800
49.34880066,5.51181100
49.34960066,7.08661400
49.35040066,7.48031400
49.35120066,7.48031400
49.35200066,5.90551100
49.35280066,5.11811000
49.35360066,4.33070900
49.35440066,3.54330700
49.35520066,3.93700800
49.35600066,4.33070900
49.35680066,3.93700800
49.35760066,3.14960600
49.35840066,3.14960600
49.35920066,3.14960600
49.36000066,3.54330700
49.36080066,4.33070900
49.36160066,4.72440900
49.36240066,4.33070900
49.36320066,3.54330700
49.36400066,1.96850400
49.36480066,1.18110200
49.36560066,0.78740150
49.36640066,0.39370070
49.36720066,0.39370070
49.36800066,-0.39370070
49.36880066,-0.39370070
49.36960066,-0.39370070
49.37040066,0.39370070
49.37120066,0.78740150
49.37200066,1.18110200
49.37280066,1.18110200
49.37360066,0.00000000
49.37440066,-1.57480300
49.37520066,-2.36220500
49.37600066,-2.75590500
49.37680066,-2.75590500
49.37760066,-2.36220500
49.37840066,-2.75590500
49.37920066,-2.36220500
49.38000066,-2.36220500
49.38080066,-3.14960600
49.38160066,-3.14960600
49.38240066,-1.96850400
49.38320066,-1.57480300
49.38400066,-1.57480300
49.38480066,-2.36220500
49.38560066,-3.54330700
49.38640066,-4.72440900
49.38720066,-5.11811000
49.38800066,-5.11811000
49.38880066,-4.33070900
49.38960066,-3.54330700
49.39040066,-3.14960600
49.39120066,-3.14960600
49.39200066,-2.75590500
49.39280066,-2.75590500
49.39360066,-2.36220500
49.39440066,-1.96850400
49.39520066,-1.57480300
49.39600066,-1.96850400
49.39680066,-2.75590500
49.39760066,-3.54330700
49.39840066,-4.33070900
49.39920066,-3.93700800
49.40000066,-3.54330700
49.40080066,-3.14960600
49.40160066,-1.96850400
49.40240066,-1.96850400
49.40320066,-1.57480300
49.40400066,-1.96850400
49.40480066,-1.57480300
49.40560066,-0.78740150
49.40640066,-0.39370070
49.40720066,-1.18110200
49.40800066,-1.96850400
49.40880066,-2.36220500
49.40960066,-2.36220500
49.41040066,-1.57480300
49.41120066,-0.39370070
49.41200066,0.00000000
49.41280066,0.78740150
49.41360066,0.00000000
49.41440066,0.00000000
49.41520066,-0.39370070
49.41600066,0.00000000
49.41680066,0.78740150
49.41760066,1.57480300
49.41840066,1.57480300
49.41920066,1.57480300
49.42000066,1.57480300
49.42080066,1.57480300
49.42160066,1.57480300
49.42240066,2.75590500
49.42320066,3.14960600
49.42400066,3.54330700
49.42480066,3.14960600
49.42560066,2.36220500
49.42640066,1.96850400
49.42720066,3.14960600
49.42800066,4.33070900
49.42880066,5.11811000
49.42960066,5.11811000
49.43040066,4.72440900
49.43120066,4.33070900
49.43200066,4.33070900
49.43280066,5.11811000
49.43360066,5.51181100
49.43440066,5.11811000
49.43520066,4.33070900
49.43600066,3.54330700
49.43680066,3.14960600
49.43760066,3.14960600
49.43840066,3.54330700
49.43920066,4.33070900
49.44000066,5.11811000
49.44080066,5.11811000
49.44160066,4.33070900
49.44240066,3.54330700
49.44320066,2.36220500
49.44400066,2.36220500
49.44480066,2.75590500
49.44560066,3.14960600
49.44640066,2.75590500
49.44720066,1.96850400
49.44800066,1.18110200
49.44880066,1.18110200
49.44960066,1.57480300
49.45040066,2.36220500
49.45120066,2.36220500
49.45200066,1.57480300
49.45280066,0.39370070
49.45360066,-0.78740150
49.45440066,-0.78740150
49.45520066,-0.78740150
49.45600066,-0.78740150
49.45680066,-1.18110200
49.45760066,-1.57480300
49.45840066,-1.96850400
49.45920066,-2.75590500
49.46000066,-3.14960600
49.46080066,-2.75590500
49.46160066,-2.75590500
49.46240066,-1.96850400
49.46320066,-3.14960600
49.46400066,-3.93700800
49.46480066,-5.11811000
49.46560066,-5.51181100
49.46640066,-4.72440900
49.46720066,-4.33070900
49.46800066,-4.33070900
49.46880066,-5.11811000
49.46960066,-5.90551100
49.47040066,-6.69291300
49.47120066,-6.29921200
49.47200066,-5.51181100
49.47280066,-4.33070900
49.47360066,-3.93700800
49.47440066,-4.33070900
49.47520066,-4.72440900
49.47600066,-4.72440900
49.47680066,-4.72440900
49.47760066,-4.33070900
49.47840066,-3.54330700
49.47920066,-3.14960600
49.48000066,-3.54330700
49.48080066,-3.93700800
49.48160066,-4.72440900
49.48240066,-4.33070900
49.48320066,-3.54330700
49.48400066,-1.96850400
49.48480066,-0.78740150
49.48560066,-0.78740150
49.48640066,-1.18110200
49.48720066,-1.18110200
49.48800066,-0.78740150
49.48880066,0.00000000
49.48960066,0.78740150
49.49040066,1.18110200
49.49120066,0.78740150
49.49200066,0.39370070
49.49280066,0.39370070
49.49360066,1.18110200
49.49440066,2.36220500
49.49520066,3.14960600
49.49600066,3.54330700
49.49680066,3.54330700
49.49760066,3.54330700
49.49840066,2.75590500
49.49920066,2.75590500
49.50000066,3.14960600
49.50080066,3.54330700
49.50160066,4.72440900
49.50240066,4.72440900
49.50320066,4.33070900
49.50400066,4.33070900
49.50480066,4.72440900
49.50560066,5.51181100
49.50640066,6.69291300
49.50720066,6.69291300
49.50800066,6.69291300
49.50880066,5.51181100
49.50960066,4.72440900
49.51040066,4.33070900
49.51120066,4.72440900
49.51200066,4.72440900
49.51280066,5.11811000
49.51360066,5.11811000
49.51440066,4.33070900
49.51520066,3.54330700
49.51600066,3.54330700
49.51680066,3.93700800
49.51760066,4.33070900
49.51840066,3.93700800
49.51920066,3.54330700
49.52000066,2.75590500
49.52080066,1.96850400
49.52160066,1.18110200
49.52240066,1.57480300
49.52320066,1.96850400
49.52400066,1.57480300
49.52480066,0.39370070
49.52560066,-0.78740150
49.52640066,-1.18110200
49.52720066,-1.57480300
49.52800066,-1.18110200
49.52880066,-0.78740150
49.52960066,-0.39370070
49.53040066,-1.18110200
49.53120066,-1.96850400
49.53200066,-3.14960600
49.53280066,-3.54330700
49.53360066,-3.54330700
49.53440066,-3.54330700
49.53520066,-3.93700800
49.53600066,-4.72440900
49.53680066,-5.51181100
49.53760066,-6.29921200
49.53840066,-5.90551100
49.53920066,-4.33070900
49.54000066,-3.54330700
49.54080066,-3.54330700
49.54160066,-4.33070900
49.54240066,-5.51181100
49.54320066,-5.90551100
49.54400066,-5.51181100
49.54480066,-5.51181100
49.54560066,-4.72440900
49.54640066,-4.72440900
49.54720066,-5.11811000
49.54800066,-5.90551100
49.54880066,-5.51181100
49.54960066,-4.33070900
49.55040066,-3.14960600
49.55120066,-2.36220500
49.55200066,-2.75590500
49.55280066,-3.54330700
49.55360066,-5.11811000
49.55440066,-5.11811000
49.55520066,-3.93700800
49.55600066,-3.54330700
49.55680066,-1.96850400
49.55760066,-1.18110200
49.55840066,-0.78740150
49.55920066,-0.78740150
49.56000066,0.00000000
49.56080066,0.78740150
49.56160066,1.18110200
49.56240066,1.57480300
49.56320066,1.18110200
49.56400066,0.00000000
49.56480066,0.00000000
49.56560066,-0.39370070
49.56640066,0.78740150
49.56720066,1.96850400
49.56800066,3.93700800
49.56880066,4.72440900
49.56960066,5.11811000
49.57040066,4.72440900
49.57120066,4.72440900
49.57200066,3.93700800
49.57280066,3.54330700
49.57360066,3.14960600
49.57440066,2.75590500
49.57520066,2.75590500
49.57600066,2.36220500
49.57680066,3.93700800
49.57760066,5.11811000
49.57840066,6.69291300
49.57920066,7.48031400
49.58000066,7.87401500
49.58080066,6.69291300
49.58160066,5.90551100
49.58240066,3.93700800
49.58320066,3.14960600
49.58400066,2.36220500
49.58480066,1.96850400
49.58560066,2.36220500
49.58640066,3.14960600
49.58720066,3.54330700
49.58800066,3.93700800
49.58880066,5.11811000
49.58960066,5.90551100
49.59040066,5.90551100
49.59120066,4.72440900
49.59200066,3.14960600
49.59280066,0.78740150
49.59360066,-0.39370070
49.59440066,-0.78740150
49.59520066,0.00000000
49.59600066,1.57480300
49.59680066,1.96850400
49.59760066,1.18110200
49.59840066,1.18110200
49.59920066,0.78740150
49.60000066,0.78740150
49.60080066,1.18110200
49.60160066,1.18110200
49.60240066,0.00000000
49.60320066,-1.18110200
49.60400066,-3.14960600
49.60480066,-3.93700800
49.60560066,-3.54330700
49.60640066,-2.36220500
49.60720066,-1.57480300
49.60800066,-0.78740150
49.60880066,-0.78740150
49.60960066,-2.36220500
49.61040066,-2.75590500
49.61120066,-3.14960600
49.61200066,-3.54330700
49.61280066,-3.14960600
49.61360066,-4.33070900
49.61440066,-5.11811000
49.61520066,-5.90551100
49.61600066,-5.90551100
49.61680066,-5.51181100
49.61760066,-3.93700800
49.61840066,-3.54330700
49.61920066,-3.54330700
49.62000066,-4.33070900
49.62080066,-5.11811000
49.62160066,-5.11811000
49.62240066,-5.51181100
49.62320066,-4.33070900
49.62400066,-4.33070900
49.62480066,-4.33070900
49.62560066,-4.72440900
49.62640066,-5.11811000
49.62720066,-5.11811000
49.62800066,-4.33070900
49.62880066,-3.93700800
49.62960066,-3.14960600
49.63040066,-3.54330700
49.63120066,-3.93700800
49.63200066,-4.33070900
49.63280066,-3.54330700
49.63360066,-2.36220500
49.63440066,-0.78740150
49.63520066,0.00000000
49.63600066,0.00000000
49.63680066,0.00000000
49.63760066,-0.39370070
49.63840066,-0.39370070
49.63920066,0.00000000
49.64000066,0.39370070
49.64080066,0.78740150
49.64160066,1.18110200
49.64240066,1.18110200
49.64320066,1.57480300
49.64400066,2.75590500
49.64480066,3.93700800
49.64560066,4.33070900
49.64640066,4.72440900
49.64720066,4.72440900
49.64800066,4.33070900
49.64880066,3.93700800
49.64960066,3.93700800
49.65040066,3.93700800
49.65120066,4.72440900
49.65200066,5.11811000
49.65280066,5.51181100
49.65360066,5.90551100
49.65440066,6.69291300
49.65520066,6.69291300
49.65600066,7.08661400
49.65680066,7.08661400
49.65760066,6.69291300
49.65840066,6.29921200
49.65920066,5.90551100
49.66000066,5.11811000
49.66080066,5.11811000
49.66160066,4.72440900
49.66240066,5.11811000
49.66320066,5.90551100
49.66400066,5.90551100
49.66480066,5.51181100
49.66560066,4.72440900
49.66640066,4.72440900
49.66720066,3.93700800
49.66800066,3.93700800
49.66880066,3.54330700
49.66960066,3.14960600
49.67040066,2.36220500
49.67120066,1.57480300
49.67200066,0.78740150
49.67280066,0.39370070
49.67360066,0.39370070
49.67440066,0.39370070
49.67520066,0.00000000
49.67600066,-0.39370070
49.67680066,-1.96850400
49.67760066,-1.96850400
49.67840066,-2.36220500
49.67920066,-2.36220500
49.68000066,-1.96850400
49.68080066,-2.36220500
49.68160066,-3.54330700
49.68240066,-4.33070900
49.68320066,-5.51181100
49.68400066,-5.90551100
49.68480066,-5.90551100
49.68560066,-5.90551100
49.68640066,-6.29921200
49.68720066,-7.08661400
49.68800066,-7.08661400
49.68880066,-7.08661400
49.68960066,-6.69291300
49.69040066,-5.51181100
49.69120066,-5.11811000
49.69200066,-5.90551100
49.69280066,-6.69291300
49.69360066,-7.87401500
49.69440066,-7.87401500
49.69520066,-8.26771600
49.69600066,-8.26771600
49.69680066,-8.26771600
49.69760066,-7.48031400
49.69840066,-7.08661400
49.69920066,-5.90551100
49.70000066,-4.72440900
49.70080066,-3.54330700
49.70160066,-3.14960600
49.70240066,-2.75590500
49.70320066,-3.93700800
49.70400066,-4.33070900
49.70480066,-4.72440900
49.70560066,-4.33070900
49.70640066,-3.93700800
49.70720066,-2.36220500
49.70800066,-1.57480300
49.70880066,-0.78740150
49.70960066,0.39370070
49.71040066,1.18110200
49.71120066,2.75590500
49.71200066,3.14960600
49.71280066,2.36220500
49.71360066,2.36220500
49.71440066,1.96850400
49.71520066,1.96850400
49.71600066,2.36220500
49.71680066,2.75590500
49.71760066,4.33070900
49.71840066,5.51181100
49.71920066,6.29921200
49.72000066,7.08661400
49.72080066,7.87401500
49.72160066,8.66141700
49.72240066,8.26771600
49.72320066,8.26771600
49.72400066,7.87401500
49.72480066,7.48031400
49.72560066,7.48031400
49.72640066,7.08661400
49.72720066,7.08661400
49.72800066,7.87401500
49.72880066,8.66141700
49.72960066,8.26771600
49.73040066,8.66141700
49.73120066,8.66141700
49.73200066,8.26771600
49.73280066,8.26771600
49.73360066,7.08661400
49.73440066,6.29921200
49.73520066,5.51181100
49.73600066,5.11811000
49.73680066,5.11811000
49.73760066,5.11811000
49.73840066,5.11811000
49.73920066,4.72440900
49.74000066,4.33070900
49.74080066,3.54330700
49.74160066,2.75590500
49.74240066,1.96850400
49.74320066,0.78740150
49.74400066,-0.39370070
49.74480066,-1.18110200
49.74560066,-1.18110200
49.74640066,-1.57480300
49.74720066,-1.96850400
49.74800066,-1.57480300
49.74880066,-1.96850400
49.74960066,-3.14960600
49.75040066,-3.93700800
49.75120066,-4.72440900
49.75200066,-5.11811000
49.75280066,-5.90551100
49.75360066,-6.69291300
49.75440066,-7.08661400
49.75520066,-7.48031400
49.75600066,-7.48031400
49.75680066,-7.08661400
49.75760066,-7.08661400
49.75840066,-7.48031400
49.75920066,-7.87401500
49.76000066,-8.26771600
49.76080066,-9.05511800
49.76160066,-9.05511800
49.76240066,-8.66141700
49.76320066,-8.26771600
49.76400066,-7.87401500
49.76480066,-7.87401500
49.76560066,-7.87401500
49.76640066,-7.87401500
49.76720066,-7.08661400
49.76800066,-6.69291300
49.76880066,-6.29921200
49.76960066,-6.69291300
49.77040066,-6.69291300
49.77120066,-6.69291300
49.77200066,-5.90551100
49.77280066,-5.11811000
49.77360066,-4.33070900
49.77440066,-3.54330700
49.77520066,-3.14960600
49.77600066,-2.36220500
49.77680066,-1.57480300
49.77760066,-0.78740150
49.77840066,0.78740150
49.77920066,1.18110200
49.78000066,0.78740150
49.78080066,0.78740150
49.78160066,1.18110200
49.78240066,1.57480300
49.78320066,3.14960600
49.78400066,3.54330700
49.78480066,3.93700800
49.78560066,4.33070900
49.78640066,5.11811000
49.78720066,5.11811000
49.78800066,6.29921200
49.78880066,7.08661400
49.78960066,7.48031400
49.79040066,7.08661400
49.79120066,7.48031400
49.79200066,7.48031400
49.79280066,7.08661400
49.79360066,7.08661400
49.79440066,6.69291300
49.79520066,7.08661400
49.79600066,7.48031400
49.79680066,7.08661400
49.79760066,7.87401500
49.79840066,8.26771600
49.79920066,7.87401500
49.80000066,7.48031400
49.80080066,7.87401500
49.80160066,7.48031400
49.80240066,6.69291300
49.80320066,6.29921200
49.80400066,5.11811000
49.80480066,5.11811000
49.80560066,4.72440900
49.80640066,3.93700800
49.80720066,3.93700800
49.80800067,4.33070900
49.80880067,4.33070900
49.80960067,4.33070900
49.81040067,4.33070900
49.81120067,3.54330700
49.81200067,2.75590500
49.81280067,1.57480300
49.81360067,0.39370070
49.81440067,-1.18110200
49.81520067,-1.96850400
49.81600067,-3.14960600
49.81680067,-2.75590500
49.81760067,-2.36220500
49.81840067,-1.96850400
49.81920067,-1.57480300
49.82000067,-1.57480300
49.82080067,-1.96850400
49.82160067,-2.36220500
49.82240067,-3.14960600
49.82320067,-4.33070900
49.82400067,-5.51181100
49.82480067,-7.08661400
49.82560067,-8.26771600
49.82640067,-8.26771600
49.82720067,-8.26771600
49.82800067,-6.69291300
49.82880067,-5.51181100
49.82960067,-4.33070900
49.83040067,-4.33070900
49.83120067,-4.33070900
49.83200067,-4.72440900
49.83280067,-5.90551100
49.83360067,-6.69291300
49.83440067,-7.48031400
49.83520067,-8.26771600
49.83600067,-8.26771600
49.83680067,-8.66141700
49.83760067,-7.87401500
49.83840067,-6.29921200
49.83920067,-4.33070900
49.84000067,-3.14960600
49.84080067,-2.36220500
49.84160067,-1.96850400
49.84240067,-2.75590500
49.84320067,-3.54330700
49.84400067,-3.93700800
49.84480067,-3.93700800
49.84560067,-4.72440900
49.84640067,-4.72440900
49.84720067,-4.33070900
49.84800067,-3.54330700
49.84880067,-1.96850400
49.84960067,0.78740150
49.85040067,1.96850400
49.85120067,3.14960600
49.85200067,3.54330700
49.85280067,2.36220500
49.85360067,1.57480300
49.85440067,1.57480300
49.85520067,1.18110200
49.85600067,1.18110200
49.85680067,1.57480300
49.85760067,1.96850400
49.85840067,2.36220500
49.85920067,3.14960600
49.86000067,4.72440900
49.86080067,5.90551100
49.86160067,6.29921200
49.86240067,6.29921200
49.86320067,6.29921200
49.86400067,5.90551100
49.86480067,4.72440900
49.86560067,4.72440900
49.86640067,4.72440900
49.86720067,5.11811000
49.86800067,5.11811000
49.86880067,5.51181100
49.86960067,5.90551100
49.87040067,5.90551100
49.87120067,6.69291300
49.87200067,7.08661400
49.87280067,7.08661400
49.87360067,6.29921200
49.87440067,5.51181100
49.87520067,4.33070900
49.87600067,3.93700800
49.87680067,3.14960600
49.87760067,3.54330700
49.87840067,3.14960600
49.87920067,3.14960600
49.88000067,3.93700800
49.88080067,3.14960600
49.88160067,3.14960600
49.88240067,3.14960600
49.88320067,3.54330700
49.88400067,3.14960600
49.88480067,2.75590500
49.88560067,2.36220500
49.88640067,0.78740150
49.88720067,0.00000000
49.88800067,-1.18110200
49.88880067,-1.96850400
49.88960067,-2.36220500
49.89040067,-1.96850400
49.89120067,-1.18110200
49.89200067,-1.18110200
49.89280067,-1.57480300
49.89360067,-1.57480300
49.89440067,-0.78740150
49.89520067,-1.18110200
49.89600067,-1.57480300
49.89680067,-2.75590500
49.89760067,-3.54330700
49.89840067,-4.72440900
49.89920067,-5.51181100
49.90000067,-5.11811000
49.90080067,-5.11811000
49.90160067,-4.33070900
49.90240067,-4.33070900
49.90320067,-4.33070900
49.90400067,-4.72440900
49.90480067,-4.33070900
49.90560067,-3.54330700
49.90640067,-2.75590500
49.90720067,-3.54330700
49.90800067,-4.72440900
49.90880067,-5.51181100
49.90960067,-6.69291300
49.91040067,-6.29921200
49.91120067,-5.90551100
49.91200067,-5.11811000
49.91280067,-4.72440900
49.91360067,-4.33070900
49.91440067,-3.93700800
49.91520067,-3.54330700
49.91600067,-2.75590500
49.91680067,-2.36220500
49.91760067,-2.36220500
49.91840067,-3.14960600
49.91920067,-3.54330700
49.92000067,-3.93700800
49.92080067,-3.93700800
49.92160067,-2.75590500
49.92240067,-1.96850400
49.92320067,-0.39370070
49.92400067,0.00000000
49.92480067,0.00000000
49.92560067,0.00000000
49.92640067,0.00000000
49.92720067,0.00000000
49.92800067,0.39370070
49.92880067,0.78740150
49.92960067,1.18110200
49.93040067,1.18110200
49.93120067,1.57480300
49.93200067,2.36220500
49.93280067,2.75590500
49.93360067,3.54330700
49.93440067,3.93700800
49.93520067,3.93700800
49.93600067,3.54330700
49.93680067,3.14960600
49.93760067,3.54330700
49.93840067,3.54330700
49.93920067,4.33070900
49.94000067,5.11811000
49.94080067,5.51181100
49.94160067,5.90551100
49.94240067,5.90551100
49.94320067,5.90551100
49.94400067,5.51181100
49.94480067,5.90551100
49.94560067,5.51181100
49.94640067,5.51181100
49.94720067,4.72440900
49.94800067,3.93700800
49.94880067,3.93700800
49.94960067,4.33070900
49.95040067,5.51181100
49.95120067,5.51181100
49.95200067,6.29921200
49.95280067,5.90551100
49.95360067,5.51181100
49.95440067,4.72440900
49.95520067,4.72440900
49.95600067,3.54330700
49.95680067,3.14960600
49.95760067,2.75590500
49.95840067,1.57480300
49.95920067,1.57480300
49.96000067,1.18110200
49.96080067,1.18110200
49.96160067,1.96850400
49.96240067,2.36220500
49.96320067,2.36220500
49.96400067,1.57480300
49.96480067,0.00000000
49.96560067,-0.78740150
49.96640067,-1.57480300
49.96720067,-1.96850400
49.96800067,-2.36220500
49.96880067,-2.75590500
49.96960067,-3.14960600
49.97040067,-3.93700800
49.97120067,-3.93700800
49.97200067,-3.93700800
49.97280067,-3.54330700
49.97360067,-3.14960600
49.97440067,-3.54330700
49.97520067,-4.72440900
49.97600067,-5.11811000
49.97680067,-5.51181100
49.97760067,-5.51181100
49.97840067,-5.11811000
49.97920067,-5.11811000
49.98000067,-5.51181100
49.98080067,-6.29921200
49.98160067,-6.69291300
49.98240067,-6.29921200
49.98320067,-5.90551100
49.98400067,-5.11811000
49.98480067,-5.11811000
49.98560067,-5.11811000
49.98640067,-4.72440900
49.98720067,-5.51181100
49.98800067,-4.72440900
49.98880067,-4.72440900
49.98960067,-3.93700800
49.99040067,-4.33070900
49.99120067,-4.33070900
49.99200067,-5.51181100
49.99280067,-5.90551100
49.99360067,-5.11811000
49.99440067,-3.54330700
49.99520067,-2.36220500
49.99600067,-0.78740150
49.99680067,-0.39370070
49.99760067,0.00000000
49.99840067,0.39370070
49.99920067,0.39370070
50.00000067,0.00000000
50.00080067,0.00000000
50.00160067,0.00000000
50.00240067,-0.39370070
