Time,Channel A
(ms),(mV)

0.00000000,31.49606000
0.00100480,31.49606000
0.00200960,35.43307000
0.00301440,39.37008000
0.00401920,43.30709000
0.00502400,39.37008000
0.00602880,43.30709000
0.00703360,39.37008000
0.00803840,39.37008000
0.00904320,43.30709000
0.01004800,43.30709000
0.01105280,43.30709000
0.01205760,39.37008000
0.01306240,43.30709000
0.01406720,39.37008000
0.01507200,39.37008000
0.01607680,39.37008000
0.01708160,39.37008000
0.01808640,39.37008000
0.01909120,35.43307000
0.02009600,43.30709000
0.02110080,39.37008000
0.02210560,43.30709000
0.02311040,43.30709000
0.02411520,39.37008000
0.02512000,39.37008000
0.02612480,39.37008000
0.02712960,39.37008000
0.02813440,43.30709000
0.02913920,39.37008000
0.03014400,39.37008000
0.03114880,39.37008000
0.03215360,35.43307000
0.03315840,39.37008000
0.03416320,39.37008000
0.03516800,39.37008000
0.03617280,35.43307000
0.03717760,35.43307000
0.03818240,31.49606000
0.03918720,39.37008000
0.04019200,39.37008000
0.04119680,43.30709000
0.04220160,39.37008000
0.04320640,39.37008000
0.04421120,43.30709000
0.04521600,43.30709000
0.04622080,43.30709000
0.04722560,39.37008000
0.04823040,39.37008000
0.04923520,35.43307000
0.05024000,39.37008000
0.05124480,35.43307000
0.05224960,47.24409000
0.05325440,39.37008000
0.05425920,39.37008000
0.05526400,35.43307000
0.05626880,35.43307000
0.05727360,31.49606000
0.05827840,43.30709000
0.05928320,43.30709000
0.06028800,39.37008000
0.06129280,39.37008000
0.06229760,35.43307000
0.06330240,39.37008000
0.06430720,35.43307000
0.06531200,35.43307000
0.06631680,31.49606000
0.06732160,35.43307000
0.06832640,39.37008000
0.06933120,39.37008000
0.07033600,39.37008000
0.07134080,43.30709000
0.07234560,35.43307000
0.07335040,35.43307000
0.07435520,31.49606000
0.07536000,35.43307000
0.07636480,35.43307000
0.07736960,39.37008000
0.07837440,39.37008000
0.07937920,35.43307000
0.08038400,39.37008000
0.08138880,35.43307000
0.08239360,39.37008000
0.08339840,43.30709000
0.08440320,43.30709000
0.08540800,43.30709000
0.08641280,47.24409000
0.08741760,43.30709000
0.08842240,43.30709000
0.08942720,39.37008000
0.09043200,39.37008000
0.09143680,43.30709000
0.09244160,43.30709000
0.09344640,39.37008000
0.09445120,35.43307000
0.09545600,43.30709000
0.09646080,39.37008000
0.09746560,39.37008000
0.09847040,35.43307000
0.09947520,39.37008000
0.10048000,39.37008000
0.10148480,35.43307000
0.10248960,31.49606000
0.10349440,35.43307000
0.10449920,31.49606000
0.10550400,35.43307000
0.10650880,35.43307000
0.10751360,31.49606000
0.10851840,43.30709000
0.10952320,35.43307000
0.11052800,35.43307000
0.11153280,35.43307000
0.11253760,35.43307000
0.11354240,31.49606000
0.11454720,35.43307000
0.11555200,35.43307000
0.11655680,39.37008000
0.11756160,35.43307000
0.11856640,35.43307000
0.11957120,39.37008000
0.12057600,39.37008000
0.12158080,35.43307000
0.12258560,39.37008000
0.12359040,39.37008000
0.12459520,35.43307000
0.12560000,35.43307000
0.12660480,39.37008000
0.12760960,43.30709000
0.12861440,39.37008000
0.12961920,23.62205000
0.13062400,35.43307000
0.13162880,31.49606000
0.13263360,55.11811000
0.13363840,35.43307000
0.13464320,39.37008000
0.13564800,35.43307000
0.13665280,35.43307000
0.13765760,35.43307000
0.13866240,39.37008000
0.13966720,39.37008000
0.14067200,35.43307000
0.14167680,39.37008000
0.14268160,35.43307000
0.14368640,35.43307000
0.14469120,23.62205000
0.14569600,27.55905000
0.14670080,27.55905000
0.14770560,31.49606000
0.14871040,27.55905000
0.14971520,35.43307000
0.15072000,39.37008000
0.15172480,35.43307000
0.15272960,35.43307000
0.15373440,35.43307000
0.15473920,43.30709000
0.15574400,31.49606000
0.15674880,39.37008000
0.15775360,35.43307000
0.15875840,35.43307000
0.15976320,39.37008000
0.16076800,39.37008000
0.16177280,35.43307000
0.16277760,31.49606000
0.16378240,31.49606000
0.16478719,35.43307000
0.16579199,35.43307000
0.16679679,39.37008000
0.16780159,35.43307000
0.16880639,35.43307000
0.16981119,39.37008000
0.17081599,39.37008000
0.17182079,35.43307000
0.17282559,39.37008000
0.17383039,39.37008000
0.17483519,35.43307000
0.17583999,35.43307000
0.17684479,35.43307000
0.17784959,35.43307000
0.17885439,35.43307000
0.17985919,35.43307000
0.18086399,31.49606000
0.18186879,35.43307000
0.18287359,35.43307000
0.18387839,39.37008000
0.18488319,27.55905000
0.18588799,31.49606000
0.18689279,39.37008000
0.18789759,35.43307000
0.18890239,39.37008000
0.18990719,31.49606000
0.19091199,39.37008000
0.19191679,35.43307000
0.19292159,39.37008000
0.19392639,35.43307000
0.19493119,35.43307000
0.19593599,31.49606000
0.19694079,31.49606000
0.19794559,35.43307000
0.19895039,35.43307000
0.19995519,35.43307000
0.20095999,35.43307000
0.20196479,31.49606000
0.20296959,35.43307000
0.20397439,35.43307000
0.20497919,35.43307000
0.20598399,35.43307000
0.20698879,31.49606000
0.20799359,35.43307000
0.20899839,35.43307000
0.21000319,39.37008000
0.21100799,35.43307000
0.21201279,31.49606000
0.21301759,31.49606000
0.21402239,35.43307000
0.21502719,35.43307000
0.21603199,35.43307000
0.21703679,31.49606000
0.21804159,35.43307000
0.21904639,27.55905000
0.22005119,27.55905000
0.22105599,31.49606000
0.22206079,35.43307000
0.22306559,27.55905000
0.22407039,35.43307000
0.22507519,31.49606000
0.22607999,35.43307000
0.22708479,23.62205000
0.22808959,31.49606000
0.22909439,19.68504000
0.23009919,35.43307000
0.23110399,31.49606000
0.23210879,31.49606000
0.23311359,31.49606000
0.23411839,35.43307000
0.23512319,27.55905000
0.23612799,39.37008000
0.23713279,35.43307000
0.23813759,39.37008000
0.23914239,31.49606000
0.24014719,35.43307000
0.24115199,35.43307000
0.24215679,27.55905000
0.24316159,31.49606000
0.24416639,27.55905000
0.24517119,23.62205000
0.24617599,39.37008000
0.24718079,27.55905000
0.24818559,35.43307000
0.24919039,31.49606000
0.25019519,35.43307000
0.25119999,31.49606000
0.25220479,31.49606000
0.25320959,31.49606000
0.25421439,35.43307000
0.25521919,35.43307000
0.25622399,39.37008000
0.25722879,31.49606000
0.25823359,31.49606000
0.25923839,27.55905000
0.26024319,27.55905000
0.26124799,27.55905000
0.26225279,31.49606000
0.26325759,27.55905000
0.26426239,27.55905000
0.26526719,31.49606000
0.26627199,39.37008000
0.26727679,31.49606000
0.26828159,27.55905000
0.26928639,43.30709000
0.27029119,23.62205000
0.27129599,23.62205000
0.27230079,19.68504000
0.27330559,23.62205000
0.27431039,31.49606000
0.27531519,35.43307000
0.27631999,31.49606000
0.27732479,31.49606000
0.27832959,31.49606000
0.27933439,31.49606000
0.28033919,35.43307000
0.28134399,35.43307000
0.28234879,31.49606000
0.28335359,23.62205000
0.28435839,27.55905000
0.28536319,27.55905000
0.28636799,31.49606000
0.28737279,31.49606000
0.28837759,31.49606000
0.28938239,35.43307000
0.29038719,23.62205000
0.29139199,35.43307000
0.29239679,27.55905000
0.29340159,27.55905000
0.29440639,27.55905000
0.29541119,31.49606000
0.29641599,27.55905000
0.29742079,27.55905000
0.29842559,27.55905000
0.29943039,35.43307000
0.30043519,27.55905000
0.30143999,27.55905000
0.30244479,27.55905000
0.30344959,31.49606000
0.30445439,35.43307000
0.30545919,35.43307000
0.30646399,31.49606000
0.30746879,27.55905000
0.30847359,23.62205000
0.30947839,23.62205000
0.31048319,19.68504000
0.31148799,27.55905000
0.31249279,31.49606000
0.31349759,31.49606000
0.31450239,31.49606000
0.31550719,31.49606000
0.31651199,35.43307000
0.31751679,35.43307000
0.31852159,31.49606000
0.31952639,27.55905000
0.32053119,35.43307000
0.32153599,31.49606000
0.32254079,27.55905000
0.32354559,31.49606000
0.32455039,23.62205000
0.32555519,27.55905000
0.32655999,23.62205000
0.32756479,39.37008000
0.32856959,27.55905000
0.32957439,31.49606000
0.33057919,31.49606000
0.33158399,27.55905000
0.33258879,31.49606000
0.33359359,31.49606000
0.33459839,27.55905000
0.33560319,27.55905000
0.33660799,27.55905000
0.33761279,31.49606000
0.33861759,27.55905000
0.33962239,31.49606000
0.34062719,31.49606000
0.34163199,31.49606000
0.34263679,27.55905000
0.34364159,23.62205000
0.34464639,23.62205000
0.34565119,23.62205000
0.34665599,27.55905000
0.34766079,23.62205000
0.34866559,23.62205000
0.34967039,27.55905000
0.35067519,23.62205000
0.35167999,31.49606000
0.35268479,31.49606000
0.35368959,31.49606000
0.35469439,35.43307000
0.35569919,31.49606000
0.35670399,27.55905000
0.35770879,19.68504000
0.35871359,31.49606000
0.35971839,27.55905000
0.36072319,31.49606000
0.36172799,31.49606000
0.36273279,31.49606000
0.36373759,35.43307000
0.36474239,31.49606000
0.36574719,27.55905000
0.36675199,27.55905000
0.36775679,31.49606000
0.36876159,31.49606000
0.36976639,27.55905000
0.37077119,23.62205000
0.37177599,27.55905000
0.37278079,23.62205000
0.37378559,27.55905000
0.37479039,23.62205000
0.37579519,31.49606000
0.37679999,31.49606000
0.37780479,27.55905000
0.37880959,23.62205000
0.37981439,35.43307000
0.38081919,27.55905000
0.38182399,27.55905000
0.38282879,23.62205000
0.38383359,27.55905000
0.38483839,23.62205000
0.38584319,27.55905000
0.38684799,27.55905000
0.38785279,23.62205000
0.38885759,27.55905000
0.38986239,19.68504000
0.39086719,23.62205000
0.39187199,23.62205000
0.39287679,31.49606000
0.39388159,31.49606000
0.39488639,27.55905000
0.39589119,31.49606000
0.39689599,23.62205000
0.39790079,31.49606000
0.39890559,27.55905000
0.39991039,27.55905000
0.40091519,31.49606000
0.40191999,27.55905000
0.40292479,27.55905000
0.40392959,23.62205000
0.40493439,23.62205000
0.40593919,23.62205000
0.40694399,19.68504000
0.40794879,23.62205000
0.40895359,23.62205000
0.40995839,27.55905000
0.41096319,19.68504000
0.41196799,27.55905000
0.41297279,27.55905000
0.41397759,27.55905000
0.41498239,27.55905000
0.41598719,23.62205000
0.41699199,23.62205000
0.41799679,31.49606000
0.41900159,31.49606000
0.42000639,19.68504000
0.42101119,27.55905000
0.42201599,15.74803000
0.42302079,23.62205000
0.42402559,19.68504000
0.42503039,27.55905000
0.42603519,27.55905000
0.42703999,27.55905000
0.42804479,23.62205000
0.42904959,23.62205000
0.43005439,19.68504000
0.43105919,23.62205000
0.43206399,23.62205000
0.43306879,23.62205000
0.43407359,27.55905000
0.43507839,23.62205000
0.43608319,23.62205000
0.43708799,23.62205000
0.43809279,23.62205000
0.43909759,19.68504000
0.44010239,23.62205000
0.44110719,43.30709000
0.44211199,19.68504000
0.44311679,27.55905000
0.44412159,23.62205000
0.44512639,19.68504000
0.44613119,23.62205000
0.44713599,27.55905000
0.44814079,23.62205000
0.44914559,27.55905000
0.45015039,23.62205000
0.45115519,23.62205000
0.45215999,27.55905000
0.45316479,23.62205000
0.45416959,23.62205000
0.45517439,23.62205000
0.45617919,23.62205000
0.45718399,23.62205000
0.45818879,23.62205000
0.45919359,23.62205000
0.46019839,27.55905000
0.46120319,19.68504000
0.46220799,23.62205000
0.46321279,23.62205000
0.46421759,23.62205000
0.46522239,27.55905000
0.46622719,23.62205000
0.46723199,27.55905000
0.46823679,23.62205000
0.46924159,19.68504000
0.47024639,19.68504000
0.47125119,15.74803000
0.47225599,19.68504000
0.47326079,15.74803000
0.47426559,23.62205000
0.47527039,27.55905000
0.47627519,27.55905000
0.47727999,27.55905000
0.47828479,27.55905000
0.47928959,27.55905000
0.48029439,27.55905000
0.48129919,23.62205000
0.48230399,23.62205000
0.48330879,27.55905000
0.48431359,23.62205000
0.48531839,23.62205000
0.48632319,23.62205000
0.48732799,23.62205000
0.48833279,19.68504000
0.48933759,19.68504000
0.49034239,31.49606000
0.49134719,23.62205000
0.49235199,23.62205000
0.49335679,27.55905000
0.49436158,23.62205000
0.49536638,27.55905000
0.49637118,19.68504000
0.49737598,23.62205000
0.49838078,23.62205000
0.49938558,23.62205000
0.50039038,23.62205000
0.50139518,23.62205000
0.50239998,27.55905000
0.50340478,27.55905000
0.50440958,19.68504000
0.50541438,19.68504000
0.50641918,31.49606000
0.50742398,23.62205000
0.50842878,23.62205000
0.50943358,19.68504000
0.51043838,19.68504000
0.51144318,15.74803000
0.51244798,19.68504000
0.51345278,19.68504000
0.51445758,27.55905000
0.51546238,23.62205000
0.51646718,23.62205000
0.51747198,19.68504000
0.51847678,27.55905000
0.51948158,27.55905000
0.52048638,19.68504000
0.52149118,19.68504000
0.52249598,27.55905000
0.52350078,23.62205000
0.52450558,19.68504000
0.52551038,23.62205000
0.52651518,23.62205000
0.52751998,27.55905000
0.52852478,19.68504000
0.52952958,19.68504000
0.53053438,19.68504000
0.53153918,23.62205000
0.53254398,23.62205000
0.53354878,19.68504000
0.53455358,23.62205000
0.53555838,7.87401500
0.53656318,15.74803000
0.53756798,11.81102000
0.53857278,39.37008000
0.53957758,23.62205000
0.54058238,23.62205000
0.54158718,19.68504000
0.54259198,23.62205000
0.54359678,23.62205000
0.54460158,19.68504000
0.54560638,27.55905000
0.54661118,23.62205000
0.54761598,23.62205000
0.54862078,27.55905000
0.54962558,11.81102000
0.55063038,15.74803000
0.55163518,11.81102000
0.55263998,19.68504000
0.55364478,19.68504000
0.55464958,15.74803000
0.55565438,27.55905000
0.55665918,23.62205000
0.55766398,27.55905000
0.55866878,23.62205000
0.55967358,27.55905000
0.56067838,23.62205000
0.56168318,23.62205000
0.56268798,19.68504000
0.56369278,23.62205000
0.56469758,23.62205000
0.56570238,15.74803000
0.56670718,23.62205000
0.56771198,23.62205000
0.56871678,19.68504000
0.56972158,23.62205000
0.57072638,19.68504000
0.57173118,19.68504000
0.57273598,19.68504000
0.57374078,23.62205000
0.57474558,15.74803000
0.57575038,19.68504000
0.57675518,23.62205000
0.57775998,19.68504000
0.57876478,19.68504000
0.57976958,23.62205000
0.58077438,23.62205000
0.58177918,23.62205000
0.58278398,19.68504000
0.58378878,23.62205000
0.58479358,15.74803000
0.58579838,15.74803000
0.58680318,19.68504000
0.58780798,19.68504000
0.58881278,19.68504000
0.58981758,15.74803000
0.59082238,19.68504000
0.59182718,19.68504000
0.59283198,15.74803000
0.59383678,23.62205000
0.59484158,19.68504000
0.59584638,23.62205000
0.59685118,27.55905000
0.59785598,23.62205000
0.59886078,19.68504000
0.59986558,23.62205000
0.60087038,19.68504000
0.60187518,19.68504000
0.60287998,19.68504000
0.60388478,23.62205000
0.60488958,23.62205000
0.60589438,23.62205000
0.60689918,19.68504000
0.60790398,23.62205000
0.60890878,23.62205000
0.60991358,19.68504000
0.61091838,23.62205000
0.61192318,23.62205000
0.61292798,19.68504000
0.61393278,19.68504000
0.61493758,19.68504000
0.61594238,23.62205000
0.61694718,19.68504000
0.61795198,19.68504000
0.61895678,15.74803000
0.61996158,15.74803000
0.62096638,23.62205000
0.62197118,19.68504000
0.62297598,15.74803000
0.62398078,19.68504000
0.62498558,15.74803000
0.62599038,15.74803000
0.62699518,15.74803000
0.62799998,19.68504000
0.62900478,19.68504000
0.63000958,23.62205000
0.63101438,15.74803000
0.63201918,19.68504000
0.63302398,7.87401500
0.63402878,15.74803000
0.63503358,11.81102000
0.63603838,23.62205000
0.63704318,19.68504000
0.63804798,19.68504000
0.63905278,19.68504000
0.64005758,23.62205000
0.64106238,19.68504000
0.64206718,23.62205000
0.64307198,23.62205000
0.64407678,27.55905000
0.64508158,19.68504000
0.64608638,23.62205000
0.64709118,19.68504000
0.64809598,19.68504000
0.64910078,15.74803000
0.65010558,11.81102000
0.65111038,11.81102000
0.65211518,15.74803000
0.65311998,19.68504000
0.65412478,15.74803000
0.65512958,23.62205000
0.65613438,19.68504000
0.65713918,15.74803000
0.65814398,23.62205000
0.65914878,19.68504000
0.66015358,19.68504000
0.66115838,15.74803000
0.66216318,19.68504000
0.66316798,19.68504000
0.66417278,23.62205000
0.66517758,15.74803000
0.66618238,7.87401500
0.66718718,15.74803000
0.66819198,19.68504000
0.66919678,23.62205000
0.67020158,11.81102000
0.67120638,11.81102000
0.67221118,7.87401500
0.67321598,7.87401500
0.67422078,19.68504000
0.67522558,19.68504000
0.67623038,19.68504000
0.67723518,19.68504000
0.67823998,15.74803000
0.67924478,19.68504000
0.68024958,19.68504000
0.68125438,23.62205000
0.68225918,19.68504000
0.68326398,15.74803000
0.68426878,19.68504000
0.68527358,23.62205000
0.68627838,19.68504000
0.68728318,19.68504000
0.68828798,15.74803000
0.68929278,19.68504000
0.69029758,15.74803000
0.69130238,19.68504000
0.69230718,11.81102000
0.69331198,19.68504000
0.69431678,15.74803000
0.69532158,23.62205000
0.69632638,19.68504000
0.69733118,19.68504000
0.69833598,19.68504000
0.69934078,7.87401500
0.70034558,15.74803000
0.70135038,15.74803000
0.70235518,19.68504000
0.70335998,19.68504000
0.70436478,15.74803000
0.70536958,15.74803000
0.70637438,19.68504000
0.70737918,23.62205000
0.70838398,19.68504000
0.70938878,19.68504000
0.71039358,19.68504000
0.71139838,0.00000000
0.71240318,7.87401500
0.71340798,11.81102000
0.71441278,15.74803000
0.71541758,11.81102000
0.71642238,11.81102000
0.71742718,15.74803000
0.71843198,19.68504000
0.71943678,23.62205000
0.72044158,23.62205000
0.72144638,15.74803000
0.72245118,19.68504000
0.72345598,19.68504000
0.72446078,19.68504000
0.72546558,15.74803000
0.72647038,19.68504000
0.72747518,15.74803000
0.72847998,19.68504000
0.72948478,19.68504000
0.73048958,11.81102000
0.73149438,15.74803000
0.73249918,19.68504000
0.73350398,27.55905000
0.73450878,15.74803000
0.73551358,19.68504000
0.73651838,19.68504000
0.73752318,15.74803000
0.73852798,11.81102000
0.73953278,15.74803000
0.74053758,15.74803000
0.74154238,19.68504000
0.74254718,11.81102000
0.74355198,15.74803000
0.74455678,23.62205000
0.74556158,19.68504000
0.74656638,19.68504000
0.74757118,15.74803000
0.74857598,11.81102000
0.74958078,11.81102000
0.75058558,15.74803000
0.75159038,23.62205000
0.75259518,11.81102000
0.75359998,15.74803000
0.75460478,15.74803000
0.75560958,15.74803000
0.75661438,19.68504000
0.75761918,19.68504000
0.75862398,19.68504000
0.75962878,19.68504000
0.76063358,23.62205000
0.76163838,19.68504000
0.76264318,15.74803000
0.76364798,11.81102000
0.76465278,15.74803000
0.76565758,11.81102000
0.76666238,19.68504000
0.76766718,15.74803000
0.76867198,15.74803000
0.76967678,27.55905000
0.77068158,7.87401500
0.77168638,11.81102000
0.77269118,19.68504000
0.77369598,19.68504000
0.77470078,15.74803000
0.77570558,11.81102000
0.77671038,15.74803000
0.77771518,11.81102000
0.77871998,15.74803000
0.77972478,15.74803000
0.78072958,11.81102000
0.78173438,7.87401500
0.78273918,15.74803000
0.78374398,15.74803000
0.78474878,15.74803000
0.78575358,15.74803000
0.78675838,15.74803000
0.78776318,11.81102000
0.78876798,11.81102000
0.78977278,19.68504000
0.79077758,15.74803000
0.79178238,19.68504000
0.79278718,11.81102000
0.79379198,7.87401500
0.79479678,7.87401500
0.79580158,15.74803000
0.79680638,11.81102000
0.79781118,11.81102000
0.79881598,19.68504000
0.79982078,15.74803000
0.80082558,15.74803000
0.80183038,23.62205000
0.80283518,15.74803000
0.80383998,19.68504000
0.80484478,19.68504000
0.80584958,19.68504000
0.80685438,19.68504000
0.80785918,15.74803000
0.80886398,19.68504000
0.80986878,15.74803000
0.81087358,15.74803000
0.81187838,15.74803000
0.81288318,7.87401500
0.81388798,11.81102000
0.81489278,15.74803000
0.81589758,7.87401500
0.81690238,15.74803000
0.81790718,11.81102000
0.81891198,19.68504000
0.81991678,15.74803000
0.82092158,15.74803000
0.82192638,15.74803000
0.82293117,11.81102000
0.82393597,11.81102000
0.82494077,11.81102000
0.82594557,11.81102000
0.82695037,11.81102000
0.82795517,11.81102000
0.82895997,11.81102000
0.82996477,15.74803000
0.83096957,19.68504000
0.83197437,15.74803000
0.83297917,3.93700800
0.83398397,7.87401500
0.83498877,11.81102000
0.83599357,15.74803000
0.83699837,11.81102000
0.83800317,15.74803000
0.83900797,11.81102000
0.84001277,15.74803000
0.84101757,15.74803000
0.84202237,15.74803000
0.84302717,19.68504000
0.84403197,7.87401500
0.84503677,15.74803000
0.84604157,15.74803000
0.84704637,35.43307000
0.84805117,15.74803000
0.84905597,15.74803000
0.85006077,11.81102000
0.85106557,11.81102000
0.85207037,11.81102000
0.85307517,15.74803000
0.85407997,11.81102000
0.85508477,15.74803000
0.85608957,15.74803000
0.85709437,11.81102000
0.85809917,11.81102000
0.85910397,19.68504000
0.86010877,19.68504000
0.86111357,11.81102000
0.86211837,7.87401500
0.86312317,11.81102000
0.86412797,19.68504000
0.86513277,15.74803000
0.86613757,19.68504000
0.86714237,19.68504000
0.86814717,11.81102000
0.86915197,15.74803000
0.87015677,19.68504000
0.87116157,15.74803000
0.87216637,19.68504000
0.87317117,19.68504000
0.87417597,7.87401500
0.87518077,11.81102000
0.87618557,7.87401500
0.87719037,3.93700800
0.87819517,11.81102000
0.87919997,15.74803000
0.88020477,19.68504000
0.88120957,19.68504000
0.88221437,19.68504000
0.88321917,19.68504000
0.88422397,15.74803000
0.88522877,11.81102000
0.88623357,19.68504000
0.88723837,11.81102000
0.88824317,15.74803000
0.88924797,15.74803000
0.89025277,11.81102000
0.89125757,15.74803000
0.89226237,15.74803000
0.89326717,7.87401500
0.89427197,7.87401500
0.89527677,15.74803000
0.89628157,11.81102000
0.89728637,15.74803000
0.89829117,15.74803000
0.89929597,15.74803000
0.90030077,11.81102000
0.90130557,11.81102000
0.90231037,11.81102000
0.90331517,11.81102000
0.90431997,15.74803000
0.90532477,11.81102000
0.90632957,11.81102000
0.90733437,11.81102000
0.90833917,15.74803000
0.90934397,7.87401500
0.91034877,11.81102000
0.91135357,15.74803000
0.91235837,11.81102000
0.91336317,11.81102000
0.91436797,31.49606000
0.91537277,7.87401500
0.91637757,11.81102000
0.91738237,11.81102000
0.91838717,15.74803000
0.91939197,11.81102000
0.92039677,11.81102000
0.92140157,19.68504000
0.92240637,15.74803000
0.92341117,15.74803000
0.92441597,15.74803000
0.92542077,11.81102000
0.92642557,15.74803000
0.92743037,7.87401500
0.92843517,11.81102000
0.92943997,11.81102000
0.93044477,11.81102000
0.93144957,11.81102000
0.93245437,15.74803000
0.93345917,11.81102000
0.93446397,15.74803000
0.93546877,7.87401500
0.93647357,7.87401500
0.93747837,11.81102000
0.93848317,11.81102000
0.93948797,15.74803000
0.94049277,11.81102000
0.94149757,0.00000000
0.94250237,11.81102000
0.94350717,7.87401500
0.94451197,19.68504000
0.94551677,11.81102000
0.94652157,11.81102000
0.94752637,19.68504000
0.94853117,11.81102000
0.94953597,11.81102000
0.95054077,15.74803000
0.95154557,15.74803000
0.95255037,11.81102000
0.95355517,3.93700800
0.95455997,3.93700800
0.95556477,7.87401500
0.95656957,11.81102000
0.95757437,7.87401500
0.95857917,11.81102000
0.95958397,11.81102000
0.96058877,11.81102000
0.96159357,15.74803000
0.96259837,15.74803000
0.96360317,15.74803000
0.96460797,15.74803000
0.96561277,15.74803000
0.96661757,15.74803000
0.96762237,11.81102000
0.96862717,7.87401500
0.96963197,11.81102000
0.97063677,11.81102000
0.97164157,11.81102000
0.97264637,15.74803000
0.97365117,19.68504000
0.97465597,7.87401500
0.97566077,19.68504000
0.97666557,11.81102000
0.97767037,11.81102000
0.97867517,15.74803000
0.97967997,15.74803000
0.98068477,11.81102000
0.98168957,11.81102000
0.98269437,15.74803000
0.98369917,11.81102000
0.98470397,15.74803000
0.98570877,11.81102000
0.98671357,15.74803000
0.98771837,15.74803000
0.98872317,19.68504000
0.98972797,11.81102000
0.99073277,7.87401500
0.99173757,0.00000000
0.99274237,3.93700800
0.99374717,7.87401500
0.99475197,11.81102000
0.99575677,7.87401500
0.99676157,11.81102000
0.99776637,11.81102000
0.99877117,15.74803000
0.99977597,19.68504000
1.00078077,19.68504000
1.00178557,15.74803000
1.00279037,15.74803000
1.00379517,11.81102000
1.00479997,15.74803000
1.00580477,11.81102000
1.00680957,11.81102000
1.00781437,7.87401500
1.00881917,7.87401500
1.00982397,11.81102000
1.01082877,11.81102000
1.01183357,11.81102000
1.01283837,11.81102000
1.01384317,11.81102000
1.01484797,11.81102000
1.01585277,7.87401500
1.01685757,11.81102000
1.01786237,11.81102000
1.01886717,11.81102000
1.01987197,11.81102000
1.02087677,7.87401500
1.02188157,7.87401500
1.02288637,11.81102000
1.02389117,7.87401500
1.02489597,7.87401500
1.02590077,15.74803000
1.02690557,11.81102000
1.02791037,15.74803000
1.02891517,15.74803000
1.02991997,11.81102000
1.03092477,15.74803000
1.03192957,15.74803000
1.03293437,11.81102000
1.03393917,7.87401500
1.03494397,7.87401500
1.03594877,7.87401500
1.03695357,7.87401500
1.03795837,15.74803000
1.03896317,7.87401500
1.03996797,11.81102000
1.04097277,11.81102000
1.04197757,19.68504000
1.04298237,11.81102000
1.04398717,15.74803000
1.04499197,15.74803000
1.04599677,11.81102000
1.04700157,7.87401500
1.04800637,11.81102000
1.04901117,11.81102000
1.05001597,11.81102000
1.05102077,7.87401500
1.05202557,11.81102000
1.05303037,15.74803000
1.05403517,11.81102000
1.05503997,11.81102000
1.05604477,7.87401500
1.05704957,3.93700800
1.05805437,11.81102000
1.05905917,11.81102000
1.06006397,7.87401500
1.06106877,11.81102000
1.06207357,7.87401500
1.06307837,7.87401500
1.06408317,7.87401500
1.06508797,11.81102000
1.06609277,11.81102000
1.06709757,15.74803000
1.06810237,7.87401500
1.06910717,15.74803000
1.07011197,7.87401500
1.07111677,15.74803000
1.07212157,7.87401500
1.07312637,11.81102000
1.07413117,7.87401500
1.07513597,7.87401500
1.07614077,7.87401500
1.07714557,7.87401500
1.07815037,7.87401500
1.07915517,7.87401500
1.08015997,11.81102000
1.08116477,15.74803000
1.08216957,15.74803000
1.08317437,11.81102000
1.08417917,15.74803000
1.08518397,11.81102000
1.08618877,11.81102000
1.08719357,11.81102000
1.08819837,7.87401500
1.08920317,7.87401500
1.09020797,7.87401500
1.09121277,11.81102000
1.09221757,11.81102000
1.09322237,11.81102000
1.09422717,11.81102000
1.09523197,7.87401500
1.09623677,11.81102000
1.09724157,11.81102000
1.09824637,19.68504000
1.09925117,11.81102000
1.10025597,11.81102000
1.10126077,11.81102000
1.10226557,15.74803000
1.10327037,11.81102000
1.10427517,7.87401500
1.10527997,3.93700800
1.10628477,3.93700800
1.10728957,11.81102000
1.10829437,7.87401500
1.10929917,11.81102000
1.11030397,11.81102000
1.11130877,11.81102000
1.11231357,7.87401500
1.11331837,11.81102000
1.11432317,15.74803000
1.11532797,15.74803000
1.11633277,0.00000000
1.11733757,7.87401500
1.11834237,3.93700800
1.11934717,11.81102000
1.12035197,7.87401500
1.12135677,7.87401500
1.12236157,11.81102000
1.12336637,11.81102000
1.12437117,15.74803000
1.12537597,15.74803000
1.12638077,11.81102000
1.12738557,15.74803000
1.12839037,11.81102000
1.12939517,11.81102000
1.13039997,7.87401500
1.13140477,11.81102000
1.13240957,7.87401500
1.13341437,11.81102000
1.13441917,7.87401500
1.13542397,7.87401500
1.13642877,7.87401500
1.13743357,3.93700800
1.13843837,7.87401500
1.13944317,15.74803000
1.14044797,11.81102000
1.14145277,11.81102000
1.14245757,11.81102000
1.14346237,11.81102000
1.14446717,3.93700800
1.14547197,11.81102000
1.14647677,7.87401500
1.14748157,7.87401500
1.14848637,11.81102000
1.14949117,11.81102000
1.15049597,11.81102000
1.15150076,11.81102000
1.15250556,11.81102000
1.15351036,7.87401500
1.15451516,3.93700800
1.15551996,7.87401500
1.15652476,3.93700800
1.15752956,3.93700800
1.15853436,7.87401500
1.15953916,3.93700800
1.16054396,7.87401500
1.16154876,15.74803000
1.16255356,11.81102000
1.16355836,7.87401500
1.16456316,11.81102000
1.16556796,11.81102000
1.16657276,7.87401500
1.16757756,19.68504000
1.16858236,11.81102000
1.16958716,7.87401500
1.17059196,7.87401500
1.17159676,11.81102000
1.17260156,7.87401500
1.17360636,11.81102000
1.17461116,11.81102000
1.17561596,11.81102000
1.17662076,7.87401500
1.17762556,7.87401500
1.17863036,7.87401500
1.17963516,11.81102000
1.18063996,11.81102000
1.18164476,11.81102000
1.18264956,11.81102000
1.18365436,11.81102000
1.18465916,11.81102000
1.18566396,7.87401500
1.18666876,7.87401500
1.18767356,3.93700800
1.18867836,7.87401500
1.18968316,7.87401500
1.19068796,7.87401500
1.19169276,7.87401500
1.19269756,7.87401500
1.19370236,7.87401500
1.19470716,11.81102000
1.19571196,11.81102000
1.19671676,7.87401500
1.19772156,7.87401500
1.19872636,0.00000000
1.19973116,3.93700800
1.20073596,7.87401500
1.20174076,3.93700800
1.20274556,7.87401500
1.20375036,7.87401500
1.20475516,11.81102000
1.20575996,15.74803000
1.20676476,7.87401500
1.20776956,11.81102000
1.20877436,7.87401500
1.20977916,7.87401500
1.21078396,11.81102000
1.21178876,11.81102000
1.21279356,7.87401500
1.21379836,7.87401500
1.21480316,11.81102000
1.21580796,7.87401500
1.21681276,11.81102000
1.21781756,7.87401500
1.21882236,7.87401500
1.21982716,7.87401500
1.22083196,7.87401500
1.22183676,7.87401500
1.22284156,11.81102000
1.22384636,11.81102000
1.22485116,3.93700800
1.22585596,11.81102000
1.22686076,11.81102000
1.22786556,7.87401500
1.22887036,15.74803000
1.22987516,7.87401500
1.23087996,11.81102000
1.23188476,11.81102000
1.23288956,11.81102000
1.23389436,3.93700800
1.23489916,3.93700800
1.23590396,7.87401500
1.23690876,7.87401500
1.23791356,11.81102000
1.23891836,0.00000000
1.23992316,3.93700800
1.24092796,3.93700800
1.24193276,7.87401500
1.24293756,7.87401500
1.24394236,7.87401500
1.24494716,15.74803000
1.24595196,11.81102000
1.24695676,3.93700800
1.24796156,11.81102000
1.24896636,11.81102000
1.24997116,3.93700800
1.25097596,7.87401500
1.25198076,3.93700800
1.25298556,23.62205000
1.25399036,11.81102000
1.25499516,11.81102000
1.25599996,7.87401500
1.25700476,7.87401500
1.25800956,7.87401500
1.25901436,11.81102000
1.26001916,7.87401500
1.26102396,11.81102000
1.26202876,7.87401500
1.26303356,11.81102000
1.26403836,3.93700800
1.26504316,3.93700800
1.26604796,0.00000000
1.26705276,3.93700800
1.26805756,3.93700800
1.26906236,7.87401500
1.27006716,7.87401500
1.27107196,7.87401500
1.27207676,3.93700800
1.27308156,7.87401500
1.27408636,3.93700800
1.27509116,11.81102000
1.27609596,11.81102000
1.27710076,11.81102000
1.27810556,7.87401500
1.27911036,3.93700800
1.28011516,3.93700800
1.28111996,3.93700800
1.28212476,7.87401500
1.28312956,3.93700800
1.28413436,3.93700800
1.28513916,7.87401500
1.28614396,11.81102000
1.28714876,7.87401500
1.28815356,11.81102000
1.28915836,11.81102000
1.29016316,11.81102000
1.29116796,7.87401500
1.29217276,3.93700800
1.29317756,7.87401500
1.29418236,7.87401500
1.29518716,11.81102000
1.29619196,7.87401500
1.29719676,7.87401500
1.29820156,7.87401500
1.29920636,3.93700800
1.30021116,3.93700800
1.30121596,11.81102000
1.30222076,7.87401500
1.30322556,3.93700800
1.30423036,3.93700800
1.30523516,7.87401500
1.30623996,7.87401500
1.30724476,7.87401500
1.30824956,11.81102000
1.30925436,3.93700800
1.31025916,7.87401500
1.31126396,7.87401500
1.31226876,7.87401500
1.31327356,7.87401500
1.31427836,11.81102000
1.31528316,11.81102000
1.31628796,3.93700800
1.31729276,11.81102000
1.31829756,7.87401500
1.31930236,11.81102000
1.32030716,23.62205000
1.32131196,3.93700800
1.32231676,7.87401500
1.32332156,3.93700800
1.32432636,7.87401500
1.32533116,7.87401500
1.32633596,7.87401500
1.32734076,3.93700800
1.32834556,11.81102000
1.32935036,7.87401500
1.33035516,3.93700800
1.33135996,7.87401500
1.33236476,7.87401500
1.33336956,3.93700800
1.33437436,7.87401500
1.33537916,7.87401500
1.33638396,0.00000000
1.33738876,7.87401500
1.33839356,3.93700800
1.33939836,7.87401500
1.34040316,7.87401500
1.34140796,7.87401500
1.34241276,7.87401500
1.34341756,7.87401500
1.34442236,3.93700800
1.34542716,3.93700800
1.34643196,7.87401500
1.34743676,0.00000000
1.34844156,3.93700800
1.34944636,7.87401500
1.35045116,7.87401500
1.35145596,3.93700800
1.35246076,7.87401500
1.35346556,3.93700800
1.35447036,7.87401500
1.35547516,3.93700800
1.35647996,7.87401500
1.35748476,3.93700800
1.35848956,7.87401500
1.35949436,7.87401500
1.36049916,7.87401500
1.36150396,-11.81102000
1.36250876,0.00000000
1.36351356,3.93700800
1.36451836,0.00000000
1.36552316,0.00000000
1.36652796,7.87401500
1.36753276,3.93700800
1.36853756,11.81102000
1.36954236,7.87401500
1.37054716,7.87401500
1.37155196,11.81102000
1.37255676,7.87401500
1.37356156,7.87401500
1.37456636,7.87401500
1.37557116,7.87401500
1.37657596,11.81102000
1.37758076,7.87401500
1.37858556,3.93700800
1.37959036,7.87401500
1.38059516,3.93700800
1.38159996,0.00000000
1.38260476,7.87401500
1.38360956,3.93700800
1.38461436,3.93700800
1.38561916,7.87401500
1.38662396,0.00000000
1.38762876,7.87401500
1.38863356,3.93700800
1.38963836,3.93700800
1.39064316,3.93700800
1.39164796,7.87401500
1.39265276,3.93700800
1.39365756,3.93700800
1.39466236,3.93700800
1.39566716,7.87401500
1.39667196,-3.93700800
1.39767676,0.00000000
1.39868156,3.93700800
1.39968636,7.87401500
1.40069116,3.93700800
1.40169596,0.00000000
1.40270076,0.00000000
1.40370556,0.00000000
1.40471036,0.00000000
1.40571516,0.00000000
1.40671996,3.93700800
1.40772476,7.87401500
1.40872956,7.87401500
1.40973436,11.81102000
1.41073916,7.87401500
1.41174396,7.87401500
1.41274876,3.93700800
1.41375356,0.00000000
1.41475836,3.93700800
1.41576316,7.87401500
1.41676796,7.87401500
1.41777276,3.93700800
1.41877756,0.00000000
1.41978236,7.87401500
1.42078716,3.93700800
1.42179196,3.93700800
1.42279676,3.93700800
1.42380156,3.93700800
1.42480636,3.93700800
1.42581116,3.93700800
1.42681596,7.87401500
1.42782076,3.93700800
1.42882556,0.00000000
1.42983036,0.00000000
1.43083516,0.00000000
1.43183996,3.93700800
1.43284476,3.93700800
1.43384956,3.93700800
1.43485436,3.93700800
1.43585916,7.87401500
1.43686396,0.00000000
1.43786876,3.93700800
1.43887356,3.93700800
1.43987836,3.93700800
1.44088316,0.00000000
1.44188796,7.87401500
1.44289276,3.93700800
1.44389756,0.00000000
1.44490236,-15.74803000
1.44590716,-3.93700800
1.44691196,-3.93700800
1.44791676,11.81102000
1.44892156,7.87401500
1.44992636,3.93700800
1.45093116,3.93700800
1.45193596,3.93700800
1.45294076,0.00000000
1.45394556,3.93700800
1.45495036,3.93700800
1.45595516,3.93700800
1.45695996,3.93700800
1.45796476,7.87401500
1.45896956,3.93700800
1.45997436,3.93700800
1.46097916,3.93700800
1.46198396,0.00000000
1.46298876,0.00000000
1.46399356,0.00000000
1.46499836,3.93700800
1.46600316,3.93700800
1.46700796,0.00000000
1.46801276,0.00000000
1.46901756,3.93700800
1.47002236,3.93700800
1.47102716,7.87401500
1.47203196,7.87401500
1.47303676,0.00000000
1.47404156,3.93700800
1.47504636,7.87401500
1.47605116,3.93700800
1.47705596,3.93700800
1.47806076,3.93700800
1.47906556,-3.93700800
1.48007036,-3.93700800
1.48107515,-3.93700800
1.48207995,-3.93700800
1.48308475,-3.93700800
1.48408955,-7.87401500
1.48509435,0.00000000
1.48609915,-3.93700800
1.48710395,3.93700800
1.48810875,0.00000000
1.48911355,3.93700800
1.49011835,7.87401500
1.49112315,3.93700800
1.49212795,3.93700800
1.49313275,0.00000000
1.49413755,0.00000000
1.49514235,-3.93700800
1.49614715,0.00000000
1.49715195,7.87401500
1.49815675,0.00000000
1.49916155,3.93700800
1.50016635,0.00000000
1.50117115,0.00000000
1.50217595,-3.93700800
1.50318075,3.93700800
1.50418555,-3.93700800
1.50519035,0.00000000
1.50619515,-3.93700800
1.50719995,0.00000000
1.50820475,-3.93700800
1.50920955,0.00000000
1.51021435,3.93700800
1.51121915,-3.93700800
1.51222395,-3.93700800
1.51322875,0.00000000
1.51423355,3.93700800
1.51523835,0.00000000
1.51624315,0.00000000
1.51724795,3.93700800
1.51825275,0.00000000
1.51925755,3.93700800
1.52026235,0.00000000
1.52126715,0.00000000
1.52227195,0.00000000
1.52327675,0.00000000
1.52428155,3.93700800
1.52528635,0.00000000
1.52629115,-11.81102000
1.52729595,-7.87401500
1.52830075,0.00000000
1.52930555,-3.93700800
1.53031035,0.00000000
1.53131515,3.93700800
1.53231995,0.00000000
1.53332475,-3.93700800
1.53432955,0.00000000
1.53533435,7.87401500
1.53633915,0.00000000
1.53734395,-3.93700800
1.53834875,0.00000000
1.53935355,0.00000000
1.54035835,-3.93700800
1.54136315,0.00000000
1.54236795,-7.87401500
1.54337275,-3.93700800
1.54437755,-3.93700800
1.54538235,3.93700800
1.54638715,0.00000000
1.54739195,-3.93700800
1.54839675,-7.87401500
1.54940155,0.00000000
1.55040635,-3.93700800
1.55141115,0.00000000
1.55241595,-3.93700800
1.55342075,0.00000000
1.55442555,3.93700800
1.55543035,0.00000000
1.55643515,3.93700800
1.55743995,-3.93700800
1.55844475,-3.93700800
1.55944955,-7.87401500
1.56045435,0.00000000
1.56145915,-3.93700800
1.56246395,3.93700800
1.56346875,0.00000000
1.56447355,0.00000000
1.56547835,0.00000000
1.56648315,-3.93700800
1.56748795,-7.87401500
1.56849275,-3.93700800
1.56949755,-3.93700800
1.57050235,-3.93700800
1.57150715,-3.93700800
1.57251195,-3.93700800
1.57351675,0.00000000
1.57452155,-3.93700800
1.57552635,-3.93700800
1.57653115,-3.93700800
1.57753595,-3.93700800
1.57854075,0.00000000
1.57954555,-3.93700800
1.58055035,-3.93700800
1.58155515,-3.93700800
1.58255995,-7.87401500
1.58356475,-3.93700800
1.58456955,-3.93700800
1.58557435,0.00000000
1.58657915,-3.93700800
1.58758395,-3.93700800
1.58858875,-7.87401500
1.58959355,-7.87401500
1.59059835,-3.93700800
1.59160315,-11.81102000
1.59260795,-7.87401500
1.59361275,-3.93700800
1.59461755,-7.87401500
1.59562235,-7.87401500
1.59662715,-3.93700800
1.59763195,-7.87401500
1.59863675,0.00000000
1.59964155,-3.93700800
1.60064635,-7.87401500
1.60165115,-3.93700800
1.60265595,-3.93700800
1.60366075,-7.87401500
1.60466555,-3.93700800
1.60567035,-7.87401500
1.60667515,-11.81102000
1.60767995,-11.81102000
1.60868475,-15.74803000
1.60968955,-11.81102000
1.61069435,-7.87401500
1.61169915,-3.93700800
1.61270395,-3.93700800
1.61370875,-7.87401500
1.61471355,0.00000000
1.61571835,0.00000000
1.61672315,7.87401500
1.61772795,3.93700800
1.61873275,3.93700800
1.61973755,0.00000000
1.62074235,7.87401500
1.62174715,7.87401500
1.62275195,7.87401500
1.62375675,3.93700800
1.62476155,3.93700800
1.62576635,7.87401500
1.62677115,11.81102000
1.62777595,11.81102000
1.62878075,19.68504000
1.62978555,15.74803000
1.63079035,23.62205000
1.63179515,19.68504000
1.63279995,19.68504000
1.63380475,23.62205000
1.63480955,23.62205000
1.63581435,11.81102000
1.63681915,15.74803000
1.63782395,19.68504000
1.63882875,23.62205000
1.63983355,11.81102000
1.64083835,7.87401500
1.64184315,0.00000000
1.64284795,3.93700800
1.64385275,7.87401500
1.64485755,3.93700800
1.64586235,0.00000000
1.64686715,-3.93700800
1.64787195,-3.93700800
1.64887675,-15.74803000
1.64988155,-15.74803000
1.65088635,-15.74803000
1.65189115,-11.81102000
1.65289595,-15.74803000
1.65390075,-15.74803000
1.65490555,-19.68504000
1.65591035,-23.62205000
1.65691515,-19.68504000
1.65791995,-19.68504000
1.65892475,-3.93700800
1.65992955,-19.68504000
1.66093435,-15.74803000
1.66193915,-15.74803000
1.66294395,-15.74803000
1.66394875,-11.81102000
1.66495355,-11.81102000
1.66595835,-3.93700800
1.66696315,-3.93700800
1.66796795,0.00000000
1.66897275,3.93700800
1.66997755,0.00000000
1.67098235,7.87401500
1.67198715,11.81102000
1.67299195,7.87401500
1.67399675,7.87401500
1.67500155,11.81102000
1.67600635,15.74803000
1.67701115,3.93700800
1.67801595,0.00000000
1.67902075,0.00000000
1.68002555,-3.93700800
1.68103035,0.00000000
1.68203515,0.00000000
1.68303995,0.00000000
1.68404475,0.00000000
1.68504955,3.93700800
1.68605435,3.93700800
1.68705915,7.87401500
1.68806395,0.00000000
1.68906875,0.00000000
1.69007355,-7.87401500
1.69107835,-3.93700800
1.69208315,0.00000000
1.69308795,0.00000000
1.69409275,0.00000000
1.69509755,3.93700800
1.69610235,3.93700800
1.69710715,3.93700800
1.69811195,0.00000000
1.69911675,3.93700800
1.70012155,3.93700800
1.70112635,0.00000000
1.70213115,0.00000000
1.70313595,3.93700800
1.70414075,0.00000000
1.70514555,0.00000000
1.70615035,-3.93700800
1.70715515,-3.93700800
1.70815995,3.93700800
1.70916475,0.00000000
1.71016955,3.93700800
1.71117435,0.00000000
1.71217915,0.00000000
1.71318395,0.00000000
1.71418875,0.00000000
1.71519355,0.00000000
1.71619835,0.00000000
1.71720315,3.93700800
1.71820795,7.87401500
1.71921275,3.93700800
1.72021755,3.93700800
1.72122235,0.00000000
1.72222715,0.00000000
1.72323195,-3.93700800
1.72423675,0.00000000
1.72524155,7.87401500
1.72624635,0.00000000
1.72725115,3.93700800
1.72825595,7.87401500
1.72926075,11.81102000
1.73026555,-3.93700800
1.73127035,3.93700800
1.73227515,-3.93700800
1.73327995,3.93700800
1.73428475,3.93700800
1.73528955,3.93700800
1.73629435,3.93700800
1.73729915,0.00000000
1.73830395,0.00000000
1.73930875,-3.93700800
1.74031355,0.00000000
1.74131835,3.93700800
1.74232315,3.93700800
1.74332795,3.93700800
1.74433275,3.93700800
1.74533755,0.00000000
1.74634235,0.00000000
1.74734715,-3.93700800
1.74835195,3.93700800
1.74935675,0.00000000
1.75036155,0.00000000
1.75136635,3.93700800
1.75237115,7.87401500
1.75337595,-3.93700800
1.75438075,-3.93700800
1.75538555,-3.93700800
1.75639035,15.74803000
1.75739515,3.93700800
1.75839995,0.00000000
1.75940475,3.93700800
1.76040955,0.00000000
1.76141435,3.93700800
1.76241915,0.00000000
1.76342395,0.00000000
1.76442875,0.00000000
1.76543355,3.93700800
1.76643835,3.93700800
1.76744315,3.93700800
1.76844795,0.00000000
1.76945275,3.93700800
1.77045755,3.93700800
1.77146235,-7.87401500
1.77246715,0.00000000
1.77347195,0.00000000
1.77447675,-3.93700800
1.77548155,0.00000000
1.77648635,0.00000000
1.77749115,3.93700800
1.77849595,3.93700800
1.77950075,3.93700800
1.78050555,3.93700800
1.78151035,3.93700800
1.78251515,3.93700800
1.78351995,0.00000000
1.78452475,3.93700800
1.78552955,3.93700800
1.78653435,-3.93700800
1.78753915,3.93700800
1.78854395,3.93700800
1.78954875,0.00000000
1.79055355,0.00000000
1.79155835,0.00000000
1.79256315,0.00000000
1.79356795,3.93700800
1.79457275,3.93700800
1.79557755,3.93700800
1.79658235,0.00000000
1.79758715,3.93700800
1.79859195,3.93700800
1.79959675,0.00000000
1.80060155,3.93700800
1.80160635,3.93700800
1.80261115,3.93700800
1.80361595,-3.93700800
1.80462075,3.93700800
1.80562555,3.93700800
1.80663035,7.87401500
1.80763515,3.93700800
1.80863995,3.93700800
1.80964474,7.87401500
1.81064954,3.93700800
1.81165434,0.00000000
1.81265914,3.93700800
1.81366394,7.87401500
1.81466874,0.00000000
1.81567354,-3.93700800
1.81667834,0.00000000
1.81768314,0.00000000
1.81868794,3.93700800
1.81969274,0.00000000
1.82069754,3.93700800
1.82170234,3.93700800
1.82270714,7.87401500
1.82371194,7.87401500
1.82471674,0.00000000
1.82572154,3.93700800
1.82672634,3.93700800
1.82773114,3.93700800
1.82873594,3.93700800
1.82974074,0.00000000
1.83074554,3.93700800
1.83175034,3.93700800
1.83275514,3.93700800
1.83375994,3.93700800
1.83476474,0.00000000
1.83576954,-3.93700800
1.83677434,-3.93700800
1.83777914,3.93700800
1.83878394,3.93700800
1.83978874,7.87401500
1.84079354,0.00000000
1.84179834,3.93700800
1.84280314,3.93700800
1.84380794,3.93700800
1.84481274,0.00000000
1.84581754,3.93700800
1.84682234,7.87401500
1.84782714,3.93700800
1.84883194,3.93700800
1.84983674,0.00000000
1.85084154,-7.87401500
1.85184634,0.00000000
1.85285114,7.87401500
1.85385594,3.93700800
1.85486074,-3.93700800
1.85586554,0.00000000
1.85687034,0.00000000
1.85787514,0.00000000
1.85887994,3.93700800
1.85988474,7.87401500
1.86088954,3.93700800
1.86189434,3.93700800
1.86289914,3.93700800
1.86390394,0.00000000
1.86490874,3.93700800
1.86591354,7.87401500
1.86691834,3.93700800
1.86792314,0.00000000
1.86892794,-3.93700800
1.86993274,0.00000000
1.87093754,3.93700800
1.87194234,3.93700800
1.87294714,3.93700800
1.87395194,3.93700800
1.87495674,3.93700800
1.87596154,3.93700800
1.87696634,0.00000000
1.87797114,7.87401500
1.87897594,0.00000000
1.87998074,3.93700800
1.88098554,7.87401500
1.88199034,3.93700800
1.88299514,3.93700800
1.88399994,-3.93700800
1.88500474,0.00000000
1.88600954,3.93700800
1.88701434,3.93700800
1.88801914,0.00000000
1.88902394,3.93700800
1.89002874,3.93700800
1.89103354,7.87401500
1.89203834,3.93700800
1.89304314,-3.93700800
1.89404794,7.87401500
1.89505274,-3.93700800
1.89605754,-3.93700800
1.89706234,0.00000000
1.89806714,-3.93700800
1.89907194,0.00000000
1.90007674,3.93700800
1.90108154,0.00000000
1.90208634,0.00000000
1.90309114,7.87401500
1.90409594,3.93700800
1.90510074,3.93700800
1.90610554,3.93700800
1.90711034,7.87401500
1.90811514,7.87401500
1.90911994,3.93700800
1.91012474,7.87401500
1.91112954,3.93700800
1.91213434,0.00000000
1.91313914,7.87401500
1.91414394,7.87401500
1.91514874,7.87401500
1.91615354,0.00000000
1.91715834,0.00000000
1.91816314,0.00000000
1.91916794,7.87401500
1.92017274,3.93700800
1.92117754,0.00000000
1.92218234,3.93700800
1.92318714,3.93700800
1.92419194,0.00000000
1.92519674,7.87401500
1.92620154,7.87401500
1.92720634,3.93700800
1.92821114,0.00000000
1.92921594,3.93700800
1.93022074,3.93700800
1.93122554,3.93700800
1.93223034,3.93700800
1.93323514,3.93700800
1.93423994,3.93700800
1.93524474,-3.93700800
1.93624954,0.00000000
1.93725434,0.00000000
1.93825914,3.93700800
1.93926394,11.81102000
1.94026874,3.93700800
1.94127354,3.93700800
1.94227834,3.93700800
1.94328314,7.87401500
1.94428794,3.93700800
1.94529274,3.93700800
1.94629754,3.93700800
1.94730234,7.87401500
1.94830714,3.93700800
1.94931194,3.93700800
1.95031674,3.93700800
1.95132154,7.87401500
1.95232634,3.93700800
1.95333114,7.87401500
1.95433594,7.87401500
1.95534074,7.87401500
1.95634554,7.87401500
1.95735034,3.93700800
1.95835514,7.87401500
1.95935994,7.87401500
1.96036474,7.87401500
1.96136954,7.87401500
1.96237434,3.93700800
1.96337914,7.87401500
1.96438394,3.93700800
1.96538874,3.93700800
1.96639354,7.87401500
1.96739834,7.87401500
1.96840314,7.87401500
1.96940794,7.87401500
1.97041274,3.93700800
1.97141754,7.87401500
1.97242234,3.93700800
1.97342714,3.93700800
1.97443194,7.87401500
1.97543674,0.00000000
1.97644154,0.00000000
1.97744634,0.00000000
1.97845114,-3.93700800
1.97945594,3.93700800
1.98046074,3.93700800
1.98146554,-3.93700800
1.98247034,7.87401500
1.98347514,3.93700800
1.98447994,7.87401500
1.98548474,7.87401500
1.98648954,7.87401500
1.98749434,7.87401500
1.98849914,7.87401500
1.98950394,7.87401500
1.99050874,3.93700800
1.99151354,3.93700800
1.99251834,11.81102000
1.99352314,3.93700800
1.99452794,0.00000000
1.99553274,7.87401500
1.99653754,7.87401500
1.99754234,0.00000000
1.99854714,7.87401500
1.99955194,3.93700800
2.00055674,7.87401500
2.00156154,7.87401500
2.00256634,7.87401500
2.00357114,7.87401500
2.00457594,7.87401500
2.00558074,7.87401500
2.00658554,7.87401500
2.00759034,7.87401500
2.00859514,3.93700800
2.00959994,7.87401500
2.01060474,7.87401500
2.01160954,7.87401500
2.01261434,3.93700800
2.01361914,0.00000000
2.01462394,3.93700800
2.01562874,-7.87401500
2.01663354,0.00000000
2.01763834,0.00000000
2.01864314,0.00000000
2.01964794,3.93700800
2.02065274,3.93700800
2.02165754,0.00000000
2.02266234,7.87401500
2.02366714,11.81102000
2.02467194,7.87401500
2.02567674,3.93700800
2.02668154,7.87401500
2.02768634,7.87401500
2.02869114,7.87401500
2.02969594,0.00000000
2.03070074,3.93700800
2.03170554,3.93700800
2.03271034,7.87401500
2.03371514,11.81102000
2.03471994,7.87401500
2.03572474,7.87401500
2.03672954,7.87401500
2.03773434,7.87401500
2.03873914,7.87401500
2.03974394,11.81102000
2.04074874,7.87401500
2.04175354,7.87401500
2.04275834,7.87401500
2.04376314,3.93700800
2.04476794,7.87401500
2.04577274,7.87401500
2.04677754,7.87401500
2.04778234,7.87401500
2.04878714,7.87401500
2.04979194,3.93700800
2.05079674,7.87401500
2.05180154,11.81102000
2.05280634,7.87401500
2.05381114,3.93700800
2.05481594,7.87401500
2.05582074,7.87401500
2.05682554,0.00000000
2.05783034,3.93700800
2.05883514,3.93700800
2.05983994,7.87401500
2.06084474,0.00000000
2.06184954,3.93700800
2.06285434,0.00000000
2.06385914,0.00000000
2.06486394,19.68504000
2.06586874,7.87401500
2.06687354,7.87401500
2.06787834,7.87401500
2.06888314,7.87401500
2.06988794,3.93700800
2.07089274,7.87401500
2.07189754,7.87401500
2.07290234,7.87401500
2.07390714,3.93700800
2.07491194,11.81102000
2.07591674,7.87401500
2.07692154,3.93700800
2.07792634,11.81102000
2.07893114,3.93700800
2.07993594,3.93700800
2.08094074,3.93700800
2.08194554,11.81102000
2.08295034,7.87401500
2.08395514,11.81102000
2.08495994,7.87401500
2.08596474,7.87401500
2.08696954,11.81102000
2.08797434,11.81102000
2.08897914,11.81102000
2.08998394,7.87401500
2.09098874,11.81102000
2.09199354,7.87401500
2.09299834,7.87401500
2.09400314,7.87401500
2.09500794,3.93700800
2.09601274,0.00000000
2.09701754,3.93700800
2.09802234,15.74803000
2.09902714,0.00000000
2.10003194,3.93700800
2.10103674,3.93700800
2.10204154,3.93700800
2.10304634,7.87401500
2.10405114,7.87401500
2.10505594,3.93700800
2.10606074,7.87401500
2.10706554,7.87401500
2.10807034,7.87401500
2.10907514,11.81102000
2.11007994,7.87401500
2.11108474,7.87401500
2.11208954,3.93700800
2.11309434,3.93700800
2.11409914,3.93700800
2.11510394,11.81102000
2.11610874,7.87401500
2.11711354,0.00000000
2.11811834,3.93700800
2.11912314,11.81102000
2.12012794,3.93700800
2.12113274,3.93700800
2.12213754,7.87401500
2.12314234,7.87401500
2.12414714,7.87401500
2.12515194,11.81102000
2.12615674,7.87401500
2.12716154,3.93700800
2.12816634,3.93700800
2.12917114,3.93700800
2.13017594,7.87401500
2.13118074,7.87401500
2.13218554,7.87401500
2.13319034,7.87401500
2.13419514,11.81102000
2.13519994,7.87401500
2.13620474,7.87401500
2.13720954,7.87401500
2.13821433,7.87401500
2.13921913,7.87401500
2.14022393,0.00000000
2.14122873,0.00000000
2.14223353,0.00000000
2.14323833,0.00000000
2.14424313,3.93700800
2.14524793,3.93700800
2.14625273,7.87401500
2.14725753,11.81102000
2.14826233,3.93700800
2.14926713,7.87401500
2.15027193,3.93700800
2.15127673,7.87401500
2.15228153,7.87401500
2.15328633,15.74803000
2.15429113,7.87401500
2.15529593,7.87401500
2.15630073,7.87401500
2.15730553,11.81102000
2.15831033,7.87401500
2.15931513,7.87401500
2.16031993,7.87401500
2.16132473,3.93700800
2.16232953,23.62205000
2.16333433,7.87401500
2.16433913,7.87401500
2.16534393,7.87401500
2.16634873,3.93700800
2.16735353,7.87401500
2.16835833,7.87401500
2.16936313,7.87401500
2.17036793,7.87401500
2.17137273,7.87401500
2.17237753,11.81102000
2.17338233,7.87401500
2.17438713,7.87401500
2.17539193,11.81102000
2.17639673,0.00000000
2.17740153,3.93700800
2.17840633,11.81102000
2.17941113,-3.93700800
2.18041593,3.93700800
2.18142073,0.00000000
2.18242553,3.93700800
2.18343033,7.87401500
2.18443513,7.87401500
2.18543993,7.87401500
2.18644473,11.81102000
2.18744953,11.81102000
2.18845433,7.87401500
2.18945913,7.87401500
2.19046393,7.87401500
2.19146873,11.81102000
2.19247353,3.93700800
2.19347833,11.81102000
2.19448313,7.87401500
2.19548793,7.87401500
2.19649273,7.87401500
2.19749753,7.87401500
2.19850233,3.93700800
2.19950713,7.87401500
2.20051193,11.81102000
2.20151673,7.87401500
2.20252153,7.87401500
2.20352633,7.87401500
2.20453113,7.87401500
2.20553593,7.87401500
2.20654073,3.93700800
2.20754553,7.87401500
2.20855033,7.87401500
2.20955513,3.93700800
2.21055993,3.93700800
2.21156473,7.87401500
2.21256953,7.87401500
2.21357433,3.93700800
2.21457913,3.93700800
2.21558393,7.87401500
2.21658873,3.93700800
2.21759353,11.81102000
2.21859833,11.81102000
2.21960313,11.81102000
2.22060793,0.00000000
2.22161273,7.87401500
2.22261753,3.93700800
2.22362233,7.87401500
2.22462713,3.93700800
2.22563193,0.00000000
2.22663673,3.93700800
2.22764153,7.87401500
2.22864633,7.87401500
2.22965113,11.81102000
2.23065593,11.81102000
2.23166073,3.93700800
2.23266553,7.87401500
2.23367033,11.81102000
2.23467513,7.87401500
2.23567993,7.87401500
2.23668473,11.81102000
2.23768953,3.93700800
2.23869433,7.87401500
2.23969913,11.81102000
2.24070393,3.93700800
2.24170873,7.87401500
2.24271353,7.87401500
2.24371833,3.93700800
2.24472313,7.87401500
2.24572793,7.87401500
2.24673273,3.93700800
2.24773753,3.93700800
2.24874233,7.87401500
2.24974713,7.87401500
2.25075193,3.93700800
2.25175673,7.87401500
2.25276153,7.87401500
2.25376633,3.93700800
2.25477113,11.81102000
2.25577593,7.87401500
2.25678073,-3.93700800
2.25778553,11.81102000
2.25879033,3.93700800
2.25979513,7.87401500
2.26079993,23.62205000
2.26180473,7.87401500
2.26280953,3.93700800
2.26381433,7.87401500
2.26481913,7.87401500
2.26582393,7.87401500
2.26682873,7.87401500
2.26783353,7.87401500
2.26883833,11.81102000
2.26984313,7.87401500
2.27084793,7.87401500
2.27185273,7.87401500
2.27285753,7.87401500
2.27386233,3.93700800
2.27486713,0.00000000
2.27587193,3.93700800
2.27687673,7.87401500
2.27788153,7.87401500
2.27888633,3.93700800
2.27989113,7.87401500
2.28089593,7.87401500
2.28190073,3.93700800
2.28290553,11.81102000
2.28391033,3.93700800
2.28491513,3.93700800
2.28591993,3.93700800
2.28692473,7.87401500
2.28792953,3.93700800
2.28893433,3.93700800
2.28993913,0.00000000
2.29094393,3.93700800
2.29194873,3.93700800
2.29295353,7.87401500
2.29395833,3.93700800
2.29496313,7.87401500
2.29596793,11.81102000
2.29697273,7.87401500
2.29797753,3.93700800
2.29898233,7.87401500
2.29998713,3.93700800
2.30099193,3.93700800
2.30199673,7.87401500
2.30300153,-3.93700800
2.30400633,3.93700800
2.30501113,7.87401500
2.30601593,0.00000000
2.30702073,0.00000000
2.30802553,7.87401500
2.30903033,15.74803000
2.31003513,3.93700800
2.31103993,3.93700800
2.31204473,7.87401500
2.31304953,7.87401500
2.31405433,7.87401500
2.31505913,11.81102000
2.31606393,11.81102000
2.31706873,3.93700800
2.31807353,7.87401500
2.31907833,11.81102000
2.32008313,7.87401500
2.32108793,7.87401500
2.32209273,3.93700800
2.32309753,3.93700800
2.32410233,3.93700800
2.32510713,7.87401500
2.32611193,7.87401500
2.32711673,7.87401500
2.32812153,3.93700800
2.32912633,7.87401500
2.33013113,7.87401500
2.33113593,7.87401500
2.33214073,7.87401500
2.33314553,7.87401500
2.33415033,7.87401500
2.33515513,11.81102000
2.33615993,7.87401500
2.33716473,7.87401500
2.33816953,3.93700800
2.33917433,3.93700800
2.34017913,7.87401500
2.34118393,7.87401500
2.34218873,11.81102000
2.34319353,3.93700800
2.34419833,0.00000000
2.34520313,3.93700800
2.34620793,3.93700800
2.34721273,3.93700800
2.34821753,3.93700800
2.34922233,7.87401500
2.35022713,7.87401500
2.35123193,3.93700800
2.35223673,7.87401500
2.35324153,7.87401500
2.35424633,0.00000000
2.35525113,3.93700800
2.35625593,7.87401500
2.35726073,11.81102000
2.35826553,7.87401500
2.35927033,7.87401500
2.36027513,7.87401500
2.36127993,7.87401500
2.36228473,3.93700800
2.36328953,7.87401500
2.36429433,11.81102000
2.36529913,7.87401500
2.36630393,11.81102000
2.36730873,7.87401500
2.36831353,11.81102000
2.36931833,7.87401500
2.37032313,11.81102000
2.37132793,3.93700800
2.37233273,3.93700800
2.37333753,3.93700800
2.37434233,7.87401500
2.37534713,7.87401500
2.37635193,7.87401500
2.37735673,11.81102000
2.37836153,7.87401500
2.37936633,3.93700800
2.38037113,3.93700800
2.38137593,11.81102000
2.38238073,7.87401500
2.38338553,3.93700800
2.38439033,0.00000000
2.38539513,0.00000000
2.38639993,0.00000000
2.38740473,0.00000000
2.38840953,0.00000000
2.38941433,3.93700800
2.39041913,3.93700800
2.39142393,3.93700800
2.39242873,7.87401500
2.39343353,7.87401500
2.39443833,3.93700800
2.39544313,7.87401500
2.39644793,7.87401500
2.39745273,7.87401500
2.39845753,7.87401500
2.39946233,7.87401500
2.40046713,3.93700800
2.40147193,7.87401500
2.40247673,3.93700800
2.40348153,3.93700800
2.40448633,0.00000000
2.40549113,3.93700800
2.40649593,11.81102000
2.40750073,7.87401500
2.40850553,3.93700800
2.40951033,7.87401500
2.41051513,7.87401500
2.41151993,7.87401500
2.41252473,7.87401500
2.41352953,7.87401500
2.41453433,11.81102000
2.41553913,7.87401500
2.41654393,7.87401500
2.41754873,7.87401500
2.41855353,7.87401500
2.41955833,3.93700800
2.42056313,7.87401500
2.42156793,0.00000000
2.42257273,3.93700800
2.42357753,0.00000000
2.42458233,-3.93700800
2.42558713,0.00000000
2.42659193,0.00000000
2.42759673,3.93700800
2.42860153,3.93700800
2.42960633,3.93700800
2.43061113,3.93700800
2.43161593,3.93700800
2.43262073,3.93700800
2.43362553,7.87401500
2.43463033,7.87401500
2.43563513,11.81102000
2.43663993,3.93700800
2.43764473,3.93700800
2.43864953,7.87401500
2.43965433,7.87401500
2.44065913,7.87401500
2.44166393,7.87401500
2.44266873,7.87401500
2.44367353,7.87401500
2.44467833,7.87401500
2.44568313,11.81102000
2.44668793,7.87401500
2.44769273,3.93700800
2.44869753,3.93700800
2.44970233,7.87401500
2.45070713,11.81102000
2.45171193,0.00000000
2.45271673,3.93700800
2.45372153,3.93700800
2.45472633,3.93700800
2.45573113,7.87401500
2.45673593,7.87401500
2.45774073,3.93700800
2.45874553,7.87401500
2.45975033,7.87401500
2.46075513,3.93700800
2.46175993,-3.93700800
2.46276473,3.93700800
2.46376953,0.00000000
2.46477433,0.00000000
2.46577913,3.93700800
2.46678393,3.93700800
2.46778872,3.93700800
2.46879352,3.93700800
2.46979832,7.87401500
2.47080312,7.87401500
2.47180792,11.81102000
2.47281272,11.81102000
2.47381752,7.87401500
2.47482232,7.87401500
2.47582712,7.87401500
2.47683192,3.93700800
2.47783672,7.87401500
2.47884152,7.87401500
2.47984632,3.93700800
2.48085112,3.93700800
2.48185592,3.93700800
2.48286072,3.93700800
2.48386552,7.87401500
2.48487032,3.93700800
2.48587512,3.93700800
2.48687992,3.93700800
2.48788472,3.93700800
2.48888952,3.93700800
2.48989432,7.87401500
2.49089912,7.87401500
2.49190392,7.87401500
2.49290872,3.93700800
2.49391352,3.93700800
2.49491832,3.93700800
2.49592312,7.87401500
2.49692792,7.87401500
2.49793272,3.93700800
2.49893752,7.87401500
2.49994232,3.93700800
2.50094712,0.00000000
2.50195192,-3.93700800
2.50295672,-3.93700800
2.50396152,0.00000000
2.50496632,3.93700800
2.50597112,7.87401500
2.50697592,3.93700800
2.50798072,11.81102000
2.50898552,7.87401500
2.50999032,3.93700800
2.51099512,7.87401500
2.51199992,7.87401500
2.51300472,3.93700800
2.51400952,3.93700800
2.51501432,7.87401500
2.51601912,3.93700800
2.51702392,0.00000000
2.51802872,3.93700800
2.51903352,7.87401500
2.52003832,3.93700800
2.52104312,3.93700800
2.52204792,11.81102000
2.52305272,3.93700800
2.52405752,7.87401500
2.52506232,7.87401500
2.52606712,7.87401500
2.52707192,7.87401500
2.52807672,7.87401500
2.52908152,3.93700800
2.53008632,0.00000000
2.53109112,7.87401500
2.53209592,3.93700800
2.53310072,7.87401500
2.53410552,3.93700800
2.53511032,7.87401500
2.53611512,3.93700800
2.53711992,7.87401500
2.53812472,3.93700800
2.53912952,7.87401500
2.54013432,3.93700800
2.54113912,3.93700800
2.54214392,0.00000000
2.54314872,-3.93700800
2.54415352,0.00000000
2.54515832,0.00000000
2.54616312,3.93700800
2.54716792,11.81102000
2.54817272,7.87401500
2.54917752,3.93700800
2.55018232,3.93700800
2.55118712,7.87401500
2.55219192,7.87401500
2.55319672,11.81102000
2.55420152,11.81102000
2.55520632,7.87401500
2.55621112,0.00000000
2.55721592,7.87401500
2.55822072,7.87401500
2.55922552,7.87401500
2.56023032,7.87401500
2.56123512,3.93700800
2.56223992,3.93700800
2.56324472,0.00000000
2.56424952,11.81102000
2.56525432,-3.93700800
2.56625912,3.93700800
2.56726392,3.93700800
2.56826872,23.62205000
2.56927352,3.93700800
2.57027832,7.87401500
2.57128312,0.00000000
2.57228792,7.87401500
2.57329272,7.87401500
2.57429752,7.87401500
2.57530232,7.87401500
2.57630712,7.87401500
2.57731192,3.93700800
2.57831672,7.87401500
2.57932152,7.87401500
2.58032632,15.74803000
2.58133112,3.93700800
2.58233592,0.00000000
2.58334072,7.87401500
2.58434552,0.00000000
2.58535032,0.00000000
2.58635512,0.00000000
2.58735992,3.93700800
2.58836472,3.93700800
2.58936952,3.93700800
2.59037432,7.87401500
2.59137912,7.87401500
2.59238392,3.93700800
2.59338872,3.93700800
2.59439352,0.00000000
2.59539832,7.87401500
2.59640312,7.87401500
2.59740792,3.93700800
2.59841272,0.00000000
2.59941752,7.87401500
2.60042232,7.87401500
2.60142712,11.81102000
2.60243192,11.81102000
2.60343672,3.93700800
2.60444152,3.93700800
2.60544632,3.93700800
2.60645112,11.81102000
2.60745592,3.93700800
2.60846072,7.87401500
2.60946552,7.87401500
2.61047032,7.87401500
2.61147512,3.93700800
2.61247992,11.81102000
2.61348472,7.87401500
2.61448952,3.93700800
2.61549432,3.93700800
2.61649912,7.87401500
2.61750392,7.87401500
2.61850872,11.81102000
2.61951352,7.87401500
2.62051832,7.87401500
2.62152312,3.93700800
2.62252792,7.87401500
2.62353272,3.93700800
2.62453752,0.00000000
2.62554232,3.93700800
2.62654712,0.00000000
2.62755192,0.00000000
2.62855672,0.00000000
2.62956152,3.93700800
2.63056632,3.93700800
2.63157112,3.93700800
2.63257592,0.00000000
2.63358072,7.87401500
2.63458552,7.87401500
2.63559032,7.87401500
2.63659512,7.87401500
2.63759992,11.81102000
2.63860472,11.81102000
2.63960952,7.87401500
2.64061432,7.87401500
2.64161912,11.81102000
2.64262392,7.87401500
2.64362872,3.93700800
2.64463352,7.87401500
2.64563832,7.87401500
2.64664312,7.87401500
2.64764792,3.93700800
2.64865272,0.00000000
2.64965752,7.87401500
2.65066232,7.87401500
2.65166712,3.93700800
2.65267192,3.93700800
2.65367672,3.93700800
2.65468152,7.87401500
2.65568632,3.93700800
2.65669112,3.93700800
2.65769592,3.93700800
2.65870072,7.87401500
2.65970552,7.87401500
2.66071032,7.87401500
2.66171512,3.93700800
2.66271992,-3.93700800
2.66372472,-3.93700800
2.66472952,-3.93700800
2.66573432,11.81102000
2.66673912,7.87401500
2.66774392,0.00000000
2.66874872,3.93700800
2.66975352,7.87401500
2.67075832,7.87401500
2.67176312,7.87401500
2.67276792,7.87401500
2.67377272,7.87401500
2.67477752,7.87401500
2.67578232,7.87401500
2.67678712,7.87401500
2.67779192,3.93700800
2.67879672,11.81102000
2.67980152,3.93700800
2.68080632,3.93700800
2.68181112,3.93700800
2.68281592,7.87401500
2.68382072,7.87401500
2.68482552,7.87401500
2.68583032,3.93700800
2.68683512,7.87401500
2.68783992,7.87401500
2.68884472,3.93700800
2.68984952,7.87401500
2.69085432,7.87401500
2.69185912,3.93700800
2.69286392,7.87401500
2.69386872,3.93700800
2.69487352,7.87401500
2.69587832,-3.93700800
2.69688312,3.93700800
2.69788792,3.93700800
2.69889272,0.00000000
2.69989752,7.87401500
2.70090232,7.87401500
2.70190712,7.87401500
2.70291192,11.81102000
2.70391672,7.87401500
2.70492152,3.93700800
2.70592632,3.93700800
2.70693112,0.00000000
2.70793592,0.00000000
2.70894072,11.81102000
2.70994552,7.87401500
2.71095032,7.87401500
2.71195512,3.93700800
2.71295992,3.93700800
2.71396472,3.93700800
2.71496952,7.87401500
2.71597432,7.87401500
2.71697912,7.87401500
2.71798392,11.81102000
2.71898872,7.87401500
2.71999352,7.87401500
2.72099832,7.87401500
2.72200312,7.87401500
2.72300792,7.87401500
2.72401272,3.93700800
2.72501752,7.87401500
2.72602232,7.87401500
2.72702712,3.93700800
2.72803192,7.87401500
2.72903672,0.00000000
2.73004152,3.93700800
2.73104632,7.87401500
2.73205112,11.81102000
2.73305592,7.87401500
2.73406072,3.93700800
2.73506552,7.87401500
2.73607032,7.87401500
2.73707512,3.93700800
2.73807992,11.81102000
2.73908472,7.87401500
2.74008952,7.87401500
2.74109432,7.87401500
2.74209912,3.93700800
2.74310392,11.81102000
2.74410872,-3.93700800
2.74511352,0.00000000
2.74611832,7.87401500
2.74712312,3.93700800
2.74812792,0.00000000
2.74913272,3.93700800
2.75013752,7.87401500
2.75114232,3.93700800
2.75214712,7.87401500
2.75315192,7.87401500
2.75415672,3.93700800
2.75516152,3.93700800
2.75616632,7.87401500
2.75717112,7.87401500
2.75817592,7.87401500
2.75918072,15.74803000
2.76018552,-3.93700800
2.76119032,7.87401500
2.76219512,7.87401500
2.76319992,7.87401500
2.76420472,7.87401500
2.76520952,11.81102000
2.76621432,11.81102000
2.76721912,7.87401500
2.76822392,11.81102000
2.76922872,7.87401500
2.77023352,3.93700800
2.77123832,7.87401500
2.77224312,11.81102000
2.77324792,7.87401500
2.77425272,7.87401500
2.77525752,7.87401500
2.77626232,7.87401500
2.77726712,7.87401500
2.77827192,7.87401500
2.77927672,3.93700800
2.78028152,7.87401500
2.78128632,11.81102000
2.78229112,7.87401500
2.78329592,11.81102000
2.78430072,7.87401500
2.78530552,7.87401500
2.78631032,3.93700800
2.78731512,11.81102000
2.78831992,3.93700800
2.78932472,7.87401500
2.79032952,7.87401500
2.79133432,11.81102000
2.79233912,7.87401500
2.79334392,7.87401500
2.79434872,7.87401500
2.79535352,3.93700800
2.79635831,11.81102000
2.79736311,7.87401500
2.79836791,3.93700800
2.79937271,7.87401500
2.80037751,7.87401500
2.80138231,7.87401500
2.80238711,0.00000000
2.80339191,11.81102000
2.80439671,7.87401500
2.80540151,7.87401500
2.80640631,7.87401500
2.80741111,11.81102000
2.80841591,7.87401500
2.80942071,3.93700800
2.81042551,3.93700800
2.81143031,7.87401500
2.81243511,11.81102000
2.81343991,11.81102000
2.81444471,7.87401500
2.81544951,11.81102000
2.81645431,11.81102000
2.81745911,7.87401500
2.81846391,7.87401500
2.81946871,7.87401500
2.82047351,7.87401500
2.82147831,11.81102000
2.82248311,7.87401500
2.82348791,7.87401500
2.82449271,19.68504000
2.82549751,0.00000000
2.82650231,0.00000000
2.82750711,0.00000000
2.82851191,3.93700800
2.82951671,7.87401500
2.83052151,3.93700800
2.83152631,7.87401500
2.83253111,11.81102000
2.83353591,3.93700800
2.83454071,7.87401500
2.83554551,7.87401500
2.83655031,11.81102000
2.83755511,11.81102000
2.83855991,7.87401500
2.83956471,11.81102000
2.84056951,7.87401500
2.84157431,7.87401500
2.84257911,3.93700800
2.84358391,3.93700800
2.84458871,7.87401500
2.84559351,15.74803000
2.84659831,11.81102000
2.84760311,7.87401500
2.84860791,11.81102000
2.84961271,7.87401500
2.85061751,3.93700800
2.85162231,7.87401500
2.85262711,7.87401500
2.85363191,7.87401500
2.85463671,7.87401500
2.85564151,7.87401500
2.85664631,3.93700800
2.85765111,-3.93700800
2.85865591,3.93700800
2.85966071,7.87401500
2.86066551,3.93700800
2.86167031,11.81102000
2.86267511,7.87401500
2.86367991,7.87401500
2.86468471,7.87401500
2.86568951,7.87401500
2.86669431,0.00000000
2.86769911,3.93700800
2.86870391,3.93700800
2.86970871,7.87401500
2.87071351,3.93700800
2.87171831,7.87401500
2.87272311,11.81102000
2.87372791,7.87401500
2.87473271,3.93700800
2.87573751,7.87401500
2.87674231,3.93700800
2.87774711,11.81102000
2.87875191,3.93700800
2.87975671,11.81102000
2.88076151,7.87401500
2.88176631,7.87401500
2.88277111,11.81102000
2.88377591,11.81102000
2.88478071,11.81102000
2.88578551,11.81102000
2.88679031,7.87401500
2.88779511,7.87401500
2.88879991,7.87401500
2.88980471,7.87401500
2.89080951,7.87401500
2.89181431,3.93700800
2.89281911,7.87401500
2.89382391,3.93700800
2.89482871,0.00000000
2.89583351,3.93700800
2.89683831,3.93700800
2.89784311,11.81102000
2.89884791,3.93700800
2.89985271,7.87401500
2.90085751,7.87401500
2.90186231,3.93700800
2.90286711,7.87401500
2.90387191,7.87401500
2.90487671,-3.93700800
2.90588151,0.00000000
2.90688631,-3.93700800
2.90789111,0.00000000
2.90889591,3.93700800
2.90990071,7.87401500
2.91090551,7.87401500
2.91191031,11.81102000
2.91291511,11.81102000
2.91391991,7.87401500
2.91492471,7.87401500
2.91592951,15.74803000
2.91693431,11.81102000
2.91793911,7.87401500
2.91894391,11.81102000
2.91994871,3.93700800
2.92095351,7.87401500
2.92195831,7.87401500
2.92296311,11.81102000
2.92396791,7.87401500
2.92497271,3.93700800
2.92597751,11.81102000
2.92698231,7.87401500
2.92798711,11.81102000
2.92899191,7.87401500
2.92999671,7.87401500
2.93100151,11.81102000
2.93200631,7.87401500
2.93301111,3.93700800
2.93401591,7.87401500
2.93502071,3.93700800
2.93602551,11.81102000
2.93703031,3.93700800
2.93803511,11.81102000
2.93903991,7.87401500
2.94004471,3.93700800
2.94104951,7.87401500
2.94205431,7.87401500
2.94305911,7.87401500
2.94406391,7.87401500
2.94506871,3.93700800
2.94607351,3.93700800
2.94707831,3.93700800
2.94808311,7.87401500
2.94908791,3.93700800
2.95009271,7.87401500
2.95109751,11.81102000
2.95210231,11.81102000
2.95310711,11.81102000
2.95411191,7.87401500
2.95511671,7.87401500
2.95612151,3.93700800
2.95712631,7.87401500
2.95813111,3.93700800
2.95913591,11.81102000
2.96014071,11.81102000
2.96114551,7.87401500
2.96215031,3.93700800
2.96315511,7.87401500
2.96415991,7.87401500
2.96516471,3.93700800
2.96616951,7.87401500
2.96717431,11.81102000
2.96817911,7.87401500
2.96918391,7.87401500
2.97018871,7.87401500
2.97119351,11.81102000
2.97219831,7.87401500
2.97320311,7.87401500
2.97420791,7.87401500
2.97521271,7.87401500
2.97621751,7.87401500
2.97722231,7.87401500
2.97822711,3.93700800
2.97923191,3.93700800
2.98023671,7.87401500
2.98124151,11.81102000
2.98224631,7.87401500
2.98325111,11.81102000
2.98425591,3.93700800
2.98526071,3.93700800
2.98626551,0.00000000
2.98727031,3.93700800
2.98827511,0.00000000
2.98927991,7.87401500
2.99028471,3.93700800
2.99128951,7.87401500
2.99229431,11.81102000
2.99329911,11.81102000
2.99430391,11.81102000
2.99530871,11.81102000
2.99631351,11.81102000
2.99731831,11.81102000
2.99832311,7.87401500
2.99932791,7.87401500
3.00033271,7.87401500
3.00133751,11.81102000
3.00234231,11.81102000
3.00334711,3.93700800
3.00435191,0.00000000
3.00535671,3.93700800
3.00636151,3.93700800
3.00736631,7.87401500
3.00837111,7.87401500
3.00937591,11.81102000
3.01038071,7.87401500
3.01138551,11.81102000
3.01239031,11.81102000
3.01339511,7.87401500
3.01439991,11.81102000
3.01540471,7.87401500
3.01640951,11.81102000
3.01741431,7.87401500
3.01841911,7.87401500
3.01942391,3.93700800
3.02042871,3.93700800
3.02143351,7.87401500
3.02243831,3.93700800
3.02344311,3.93700800
3.02444791,-3.93700800
3.02545271,-3.93700800
3.02645751,0.00000000
3.02746231,7.87401500
3.02846711,3.93700800
3.02947191,0.00000000
3.03047671,3.93700800
3.03148151,7.87401500
3.03248631,11.81102000
3.03349111,7.87401500
3.03449591,15.74803000
3.03550071,11.81102000
3.03650551,11.81102000
3.03751031,3.93700800
3.03851511,3.93700800
3.03951991,7.87401500
3.04052471,11.81102000
3.04152951,7.87401500
3.04253431,11.81102000
3.04353911,11.81102000
3.04454391,3.93700800
3.04554871,11.81102000
3.04655351,7.87401500
3.04755831,7.87401500
3.04856311,7.87401500
3.04956791,11.81102000
3.05057271,7.87401500
3.05157751,7.87401500
3.05258231,3.93700800
3.05358711,7.87401500
3.05459191,7.87401500
3.05559671,7.87401500
3.05660151,7.87401500
3.05760631,7.87401500
3.05861111,11.81102000
3.05961591,11.81102000
3.06062071,3.93700800
3.06162551,7.87401500
3.06263031,7.87401500
3.06363511,3.93700800
3.06463991,11.81102000
3.06564471,3.93700800
3.06664951,0.00000000
3.06765431,0.00000000
3.06865911,-3.93700800
3.06966391,0.00000000
3.07066871,3.93700800
3.07167351,23.62205000
3.07267831,7.87401500
3.07368311,11.81102000
3.07468791,11.81102000
3.07569271,7.87401500
3.07669751,3.93700800
3.07770231,7.87401500
3.07870711,7.87401500
3.07971191,3.93700800
3.08071671,3.93700800
3.08172151,7.87401500
3.08272631,11.81102000
3.08373111,7.87401500
3.08473591,7.87401500
3.08574071,7.87401500
3.08674551,3.93700800
3.08775031,3.93700800
3.08875511,3.93700800
3.08975991,11.81102000
3.09076471,7.87401500
3.09176951,7.87401500
3.09277431,7.87401500
3.09377911,7.87401500
3.09478391,7.87401500
3.09578871,7.87401500
3.09679351,7.87401500
3.09779831,7.87401500
3.09880311,7.87401500
3.09980791,3.93700800
3.10081271,7.87401500
3.10181751,3.93700800
3.10282231,3.93700800
3.10382711,3.93700800
3.10483191,3.93700800
3.10583671,3.93700800
3.10684151,0.00000000
3.10784631,3.93700800
3.10885111,0.00000000
3.10985591,7.87401500
3.11086071,7.87401500
3.11186551,7.87401500
3.11287031,7.87401500
3.11387511,7.87401500
3.11487991,7.87401500
3.11588471,7.87401500
3.11688951,7.87401500
3.11789431,3.93700800
3.11889911,0.00000000
3.11990391,3.93700800
3.12090871,15.74803000
3.12191351,7.87401500
3.12291831,11.81102000
3.12392311,11.81102000
3.12492790,7.87401500
3.12593270,3.93700800
3.12693750,7.87401500
3.12794230,7.87401500
3.12894710,7.87401500
3.12995190,15.74803000
3.13095670,7.87401500
3.13196150,7.87401500
3.13296630,7.87401500
3.13397110,11.81102000
3.13497590,3.93700800
3.13598070,7.87401500
3.13698550,3.93700800
3.13799030,11.81102000
3.13899510,3.93700800
3.13999990,11.81102000
3.14100470,3.93700800
3.14200950,7.87401500
3.14301430,0.00000000
3.14401910,3.93700800
3.14502390,0.00000000
3.14602870,-3.93700800
3.14703350,3.93700800
3.14803830,7.87401500
3.14904310,3.93700800
3.15004790,7.87401500
3.15105270,3.93700800
3.15205750,3.93700800
3.15306230,3.93700800
3.15406710,7.87401500
3.15507190,7.87401500
3.15607670,7.87401500
3.15708150,7.87401500
3.15808630,11.81102000
3.15909110,7.87401500
3.16009590,7.87401500
3.16110070,11.81102000
3.16210550,11.81102000
3.16311030,7.87401500
3.16411510,11.81102000
3.16511990,7.87401500
3.16612470,0.00000000
3.16712950,3.93700800
3.16813430,3.93700800
3.16913910,23.62205000
3.17014390,11.81102000
3.17114870,7.87401500
3.17215350,7.87401500
3.17315830,7.87401500
3.17416310,3.93700800
3.17516790,7.87401500
3.17617270,7.87401500
3.17717750,7.87401500
3.17818230,7.87401500
3.17918710,7.87401500
3.18019190,7.87401500
3.18119670,7.87401500
3.18220150,7.87401500
3.18320630,3.93700800
3.18421110,7.87401500
3.18521590,3.93700800
3.18622070,23.62205000
3.18722550,3.93700800
3.18823030,7.87401500
3.18923510,3.93700800
3.19023990,7.87401500
3.19124470,3.93700800
3.19224950,7.87401500
3.19325430,7.87401500
3.19425910,3.93700800
3.19526390,7.87401500
3.19626870,7.87401500
3.19727350,3.93700800
3.19827830,7.87401500
3.19928310,0.00000000
3.20028790,3.93700800
3.20129270,3.93700800
3.20229750,7.87401500
3.20330230,3.93700800
3.20430710,3.93700800
3.20531190,7.87401500
3.20631670,7.87401500
3.20732150,11.81102000
3.20832630,11.81102000
3.20933110,3.93700800
3.21033590,7.87401500
3.21134070,3.93700800
3.21234550,7.87401500
3.21335030,7.87401500
3.21435510,7.87401500
3.21535990,3.93700800
3.21636470,3.93700800
3.21736950,3.93700800
3.21837430,3.93700800
3.21937910,0.00000000
3.22038390,7.87401500
3.22138870,3.93700800
3.22239350,7.87401500
3.22339830,7.87401500
3.22440310,7.87401500
3.22540790,3.93700800
3.22641270,3.93700800
3.22741750,-3.93700800
3.22842230,3.93700800
3.22942710,3.93700800
3.23043190,0.00000000
3.23143670,7.87401500
3.23244150,0.00000000
3.23344630,0.00000000
3.23445110,11.81102000
3.23545590,11.81102000
3.23646070,7.87401500
3.23746550,15.74803000
3.23847030,11.81102000
3.23947510,7.87401500
3.24047990,3.93700800
3.24148470,7.87401500
3.24248950,11.81102000
3.24349430,7.87401500
3.24449910,7.87401500
3.24550390,7.87401500
3.24650870,3.93700800
3.24751350,7.87401500
3.24851830,3.93700800
3.24952310,3.93700800
3.25052790,7.87401500
3.25153270,7.87401500
3.25253750,11.81102000
3.25354230,7.87401500
3.25454710,3.93700800
3.25555190,7.87401500
3.25655670,7.87401500
3.25756150,7.87401500
3.25856630,7.87401500
3.25957110,3.93700800
3.26057590,7.87401500
3.26158070,7.87401500
3.26258550,7.87401500
3.26359030,-7.87401500
3.26459510,0.00000000
3.26559990,3.93700800
3.26660470,19.68504000
3.26760950,11.81102000
3.26861430,3.93700800
3.26961910,0.00000000
3.27062390,3.93700800
3.27162870,3.93700800
3.27263350,3.93700800
3.27363830,3.93700800
3.27464310,7.87401500
3.27564790,7.87401500
3.27665270,7.87401500
3.27765750,11.81102000
3.27866230,11.81102000
3.27966710,7.87401500
3.28067190,7.87401500
3.28167670,3.93700800
3.28268150,7.87401500
3.28368630,7.87401500
3.28469110,7.87401500
3.28569590,11.81102000
3.28670070,7.87401500
3.28770550,11.81102000
3.28871030,11.81102000
3.28971510,7.87401500
3.29071990,11.81102000
3.29172470,11.81102000
3.29272950,7.87401500
3.29373430,0.00000000
3.29473910,11.81102000
3.29574390,7.87401500
3.29674870,3.93700800
3.29775350,0.00000000
3.29875830,3.93700800
3.29976310,3.93700800
3.30076790,7.87401500
3.30177270,7.87401500
3.30277750,7.87401500
3.30378230,7.87401500
3.30478710,7.87401500
3.30579190,3.93700800
3.30679670,7.87401500
3.30780150,-3.93700800
3.30880630,0.00000000
3.30981110,3.93700800
3.31081590,0.00000000
3.31182070,3.93700800
3.31282550,3.93700800
3.31383030,3.93700800
3.31483510,3.93700800
3.31583990,11.81102000
3.31684470,7.87401500
3.31784950,7.87401500
3.31885430,3.93700800
3.31985910,7.87401500
3.32086390,3.93700800
3.32186870,0.00000000
3.32287350,7.87401500
3.32387830,11.81102000
3.32488310,3.93700800
3.32588790,3.93700800
3.32689270,15.74803000
3.32789750,7.87401500
3.32890230,3.93700800
3.32990710,3.93700800
3.33091190,3.93700800
3.33191670,7.87401500
3.33292150,11.81102000
3.33392630,3.93700800
3.33493110,3.93700800
3.33593590,3.93700800
3.33694070,7.87401500
3.33794550,7.87401500
3.33895030,7.87401500
3.33995510,3.93700800
3.34095990,7.87401500
3.34196470,7.87401500
3.34296950,7.87401500
3.34397430,3.93700800
3.34497910,3.93700800
3.34598390,3.93700800
3.34698870,3.93700800
3.34799350,0.00000000
3.34899830,0.00000000
3.35000310,3.93700800
3.35100790,3.93700800
3.35201270,7.87401500
3.35301750,7.87401500
3.35402230,11.81102000
3.35502710,3.93700800
3.35603190,3.93700800
3.35703670,7.87401500
3.35804150,11.81102000
3.35904630,11.81102000
3.36005110,7.87401500
3.36105590,3.93700800
3.36206070,7.87401500
3.36306550,3.93700800
3.36407030,7.87401500
3.36507510,7.87401500
3.36607990,7.87401500
3.36708470,7.87401500
3.36808950,11.81102000
3.36909430,11.81102000
3.37009910,7.87401500
3.37110390,11.81102000
3.37210870,3.93700800
3.37311350,11.81102000
3.37411830,11.81102000
3.37512310,3.93700800
3.37612790,7.87401500
3.37713270,7.87401500
3.37813750,3.93700800
3.37914230,3.93700800
3.38014710,3.93700800
3.38115190,3.93700800
3.38215670,7.87401500
3.38316150,7.87401500
3.38416630,7.87401500
3.38517110,11.81102000
3.38617590,7.87401500
3.38718070,7.87401500
3.38818550,3.93700800
3.38919030,3.93700800
3.39019510,3.93700800
3.39119990,3.93700800
3.39220470,7.87401500
3.39320950,7.87401500
3.39421430,3.93700800
3.39521910,7.87401500
3.39622390,3.93700800
3.39722870,15.74803000
3.39823350,3.93700800
3.39923830,11.81102000
3.40024310,7.87401500
3.40124790,7.87401500
3.40225270,7.87401500
3.40325750,11.81102000
3.40426230,7.87401500
3.40526710,7.87401500
3.40627190,11.81102000
3.40727670,3.93700800
3.40828150,3.93700800
3.40928630,3.93700800
3.41029110,3.93700800
3.41129590,11.81102000
3.41230070,7.87401500
3.41330550,7.87401500
3.41431030,11.81102000
3.41531510,11.81102000
3.41631990,7.87401500
3.41732470,11.81102000
3.41832950,11.81102000
3.41933430,7.87401500
3.42033910,3.93700800
3.42134390,3.93700800
3.42234870,15.74803000
3.42335350,7.87401500
3.42435830,7.87401500
3.42536310,11.81102000
3.42636790,7.87401500
3.42737270,3.93700800
3.42837750,15.74803000
3.42938230,7.87401500
3.43038710,7.87401500
3.43139190,3.93700800
3.43239670,7.87401500
3.43340150,3.93700800
3.43440630,7.87401500
3.43541110,7.87401500
3.43641590,7.87401500
3.43742070,7.87401500
3.43842550,11.81102000
3.43943030,7.87401500
3.44043510,11.81102000
3.44143990,7.87401500
3.44244470,11.81102000
3.44344950,3.93700800
3.44445430,3.93700800
3.44545910,3.93700800
3.44646390,3.93700800
3.44746870,3.93700800
3.44847350,7.87401500
3.44947830,11.81102000
3.45048310,11.81102000
3.45148790,7.87401500
3.45249270,7.87401500
3.45349750,7.87401500
3.45450229,7.87401500
3.45550709,7.87401500
3.45651189,7.87401500
3.45751669,7.87401500
3.45852149,7.87401500
3.45952629,3.93700800
3.46053109,3.93700800
3.46153589,11.81102000
3.46254069,7.87401500
3.46354549,7.87401500
3.46455029,7.87401500
3.46555509,11.81102000
3.46655989,11.81102000
3.46756469,3.93700800
3.46856949,-3.93700800
3.46957429,3.93700800
3.47057909,3.93700800
3.47158389,-3.93700800
3.47258869,7.87401500
3.47359349,3.93700800
3.47459829,7.87401500
3.47560309,3.93700800
3.47660789,3.93700800
3.47761269,7.87401500
3.47861749,11.81102000
3.47962229,7.87401500
3.48062709,15.74803000
3.48163189,11.81102000
3.48263669,11.81102000
3.48364149,7.87401500
3.48464629,11.81102000
3.48565109,11.81102000
3.48665589,7.87401500
3.48766069,11.81102000
3.48866549,7.87401500
3.48967029,7.87401500
3.49067509,15.74803000
3.49167989,3.93700800
3.49268469,3.93700800
3.49368949,7.87401500
3.49469429,7.87401500
3.49569909,7.87401500
3.49670389,11.81102000
3.49770869,0.00000000
3.49871349,11.81102000
3.49971829,3.93700800
3.50072309,11.81102000
3.50172789,11.81102000
3.50273269,7.87401500
3.50373749,11.81102000
3.50474229,7.87401500
3.50574709,7.87401500
3.50675189,7.87401500
3.50775669,0.00000000
3.50876149,7.87401500
3.50976629,3.93700800
3.51077109,0.00000000
3.51177589,3.93700800
3.51278069,7.87401500
3.51378549,3.93700800
3.51479029,7.87401500
3.51579509,11.81102000
3.51679989,7.87401500
3.51780469,7.87401500
3.51880949,11.81102000
3.51981429,11.81102000
3.52081909,7.87401500
3.52182389,7.87401500
3.52282869,3.93700800
3.52383349,7.87401500
3.52483829,7.87401500
3.52584309,7.87401500
3.52684789,7.87401500
3.52785269,3.93700800
3.52885749,7.87401500
3.52986229,15.74803000
3.53086709,3.93700800
3.53187189,11.81102000
3.53287669,7.87401500
3.53388149,7.87401500
3.53488629,7.87401500
3.53589109,7.87401500
3.53689589,7.87401500
3.53790069,11.81102000
3.53890549,11.81102000
3.53991029,7.87401500
3.54091509,7.87401500
3.54191989,7.87401500
3.54292469,7.87401500
3.54392949,7.87401500
3.54493429,15.74803000
3.54593909,11.81102000
3.54694389,7.87401500
3.54794869,11.81102000
3.54895349,11.81102000
3.54995829,0.00000000
3.55096309,3.93700800
3.55196789,3.93700800
3.55297269,7.87401500
3.55397749,7.87401500
3.55498229,7.87401500
3.55598709,7.87401500
3.55699189,7.87401500
3.55799669,7.87401500
3.55900149,7.87401500
3.56000629,11.81102000
3.56101109,7.87401500
3.56201589,7.87401500
3.56302069,11.81102000
3.56402549,7.87401500
3.56503029,15.74803000
3.56603509,3.93700800
3.56703989,7.87401500
3.56804469,11.81102000
3.56904949,11.81102000
3.57005429,7.87401500
3.57105909,7.87401500
3.57206389,3.93700800
3.57306869,7.87401500
3.57407349,3.93700800
3.57507829,23.62205000
3.57608309,3.93700800
3.57708789,11.81102000
3.57809269,7.87401500
3.57909749,7.87401500
3.58010229,7.87401500
3.58110709,11.81102000
3.58211189,7.87401500
3.58311669,7.87401500
3.58412149,7.87401500
3.58512629,7.87401500
3.58613109,3.93700800
3.58713589,3.93700800
3.58814069,3.93700800
3.58914549,-11.81102000
3.59015029,3.93700800
3.59115509,0.00000000
3.59215989,3.93700800
3.59316469,7.87401500
3.59416949,7.87401500
3.59517429,0.00000000
3.59617909,7.87401500
3.59718389,7.87401500
3.59818869,3.93700800
3.59919349,11.81102000
3.60019829,7.87401500
3.60120309,7.87401500
3.60220789,7.87401500
3.60321269,7.87401500
3.60421749,11.81102000
3.60522229,3.93700800
3.60622709,7.87401500
3.60723189,7.87401500
3.60823669,7.87401500
3.60924149,11.81102000
3.61024629,7.87401500
3.61125109,15.74803000
3.61225589,7.87401500
3.61326069,3.93700800
3.61426549,11.81102000
3.61527029,11.81102000
3.61627509,7.87401500
3.61727989,7.87401500
3.61828469,11.81102000
3.61928949,11.81102000
3.62029429,3.93700800
3.62129909,7.87401500
3.62230389,7.87401500
3.62330869,3.93700800
3.62431349,11.81102000
3.62531829,7.87401500
3.62632309,7.87401500
3.62732789,11.81102000
3.62833269,11.81102000
3.62933749,0.00000000
3.63034229,3.93700800
3.63134709,7.87401500
3.63235189,3.93700800
3.63335669,7.87401500
3.63436149,7.87401500
3.63536629,3.93700800
3.63637109,7.87401500
3.63737589,11.81102000
3.63838069,3.93700800
3.63938549,7.87401500
3.64039029,7.87401500
3.64139509,11.81102000
3.64239989,7.87401500
3.64340469,7.87401500
3.64440949,11.81102000
3.64541429,7.87401500
3.64641909,7.87401500
3.64742389,11.81102000
3.64842869,7.87401500
3.64943349,3.93700800
3.65043829,15.74803000
3.65144309,7.87401500
3.65244789,7.87401500
3.65345269,3.93700800
3.65445749,7.87401500
3.65546229,7.87401500
3.65646709,11.81102000
3.65747189,7.87401500
3.65847669,7.87401500
3.65948149,3.93700800
3.66048629,7.87401500
3.66149109,3.93700800
3.66249589,11.81102000
3.66350069,7.87401500
3.66450549,3.93700800
3.66551029,11.81102000
3.66651509,7.87401500
3.66751989,7.87401500
3.66852469,11.81102000
3.66952949,-11.81102000
3.67053429,7.87401500
3.67153909,0.00000000
3.67254389,19.68504000
3.67354869,7.87401500
3.67455349,7.87401500
3.67555829,3.93700800
3.67656309,7.87401500
3.67756789,11.81102000
3.67857269,11.81102000
3.67957749,11.81102000
3.68058229,7.87401500
3.68158709,19.68504000
3.68259189,11.81102000
3.68359669,15.74803000
3.68460149,11.81102000
3.68560629,3.93700800
3.68661109,7.87401500
3.68761589,0.00000000
3.68862069,0.00000000
3.68962549,7.87401500
3.69063029,7.87401500
3.69163509,7.87401500
3.69263989,7.87401500
3.69364469,7.87401500
3.69464949,11.81102000
3.69565429,11.81102000
3.69665909,7.87401500
3.69766389,7.87401500
3.69866869,7.87401500
3.69967349,11.81102000
3.70067829,3.93700800
3.70168309,7.87401500
3.70268789,7.87401500
3.70369269,3.93700800
3.70469749,3.93700800
3.70570229,7.87401500
3.70670709,7.87401500
3.70771189,11.81102000
3.70871669,-3.93700800
3.70972149,3.93700800
3.71072629,3.93700800
3.71173109,3.93700800
3.71273589,3.93700800
3.71374069,7.87401500
3.71474549,3.93700800
3.71575029,11.81102000
3.71675509,15.74803000
3.71775989,7.87401500
3.71876469,7.87401500
3.71976949,7.87401500
3.72077429,3.93700800
3.72177909,11.81102000
3.72278389,11.81102000
3.72378869,7.87401500
3.72479349,7.87401500
3.72579829,3.93700800
3.72680309,11.81102000
3.72780789,7.87401500
3.72881269,3.93700800
3.72981749,7.87401500
3.73082229,7.87401500
3.73182709,3.93700800
3.73283189,11.81102000
3.73383669,7.87401500
3.73484149,7.87401500
3.73584629,0.00000000
3.73685109,7.87401500
3.73785589,11.81102000
3.73886069,7.87401500
3.73986549,7.87401500
3.74087029,7.87401500
3.74187509,7.87401500
3.74287989,7.87401500
3.74388469,7.87401500
3.74488949,7.87401500
3.74589429,15.74803000
3.74689909,7.87401500
3.74790389,3.93700800
3.74890869,19.68504000
3.74991349,3.93700800
3.75091829,-3.93700800
3.75192309,3.93700800
3.75292789,3.93700800
3.75393269,7.87401500
3.75493749,11.81102000
3.75594229,11.81102000
3.75694709,11.81102000
3.75795189,11.81102000
3.75895669,11.81102000
3.75996149,7.87401500
3.76096629,3.93700800
3.76197109,11.81102000
3.76297589,15.74803000
3.76398069,7.87401500
3.76498549,11.81102000
3.76599029,7.87401500
3.76699509,-3.93700800
3.76799989,7.87401500
3.76900469,3.93700800
3.77000949,11.81102000
3.77101429,7.87401500
3.77201909,7.87401500
3.77302389,7.87401500
3.77402869,7.87401500
3.77503349,7.87401500
3.77603829,7.87401500
3.77704309,3.93700800
3.77804789,7.87401500
3.77905269,7.87401500
3.78005749,7.87401500
3.78106229,7.87401500
3.78206709,7.87401500
3.78307188,7.87401500
3.78407668,0.00000000
3.78508148,7.87401500
3.78608628,7.87401500
3.78709108,11.81102000
3.78809588,7.87401500
3.78910068,3.93700800
3.79010548,0.00000000
3.79111028,3.93700800
3.79211508,3.93700800
3.79311988,3.93700800
3.79412468,7.87401500
3.79512948,7.87401500
3.79613428,7.87401500
3.79713908,11.81102000
3.79814388,7.87401500
3.79914868,11.81102000
3.80015348,0.00000000
3.80115828,3.93700800
3.80216308,3.93700800
3.80316788,7.87401500
3.80417268,7.87401500
3.80517748,7.87401500
3.80618228,11.81102000
3.80718708,3.93700800
3.80819188,11.81102000
3.80919668,11.81102000
3.81020148,7.87401500
3.81120628,7.87401500
3.81221108,7.87401500
3.81321588,7.87401500
3.81422068,3.93700800
3.81522548,3.93700800
3.81623028,3.93700800
3.81723508,3.93700800
3.81823988,7.87401500
3.81924468,11.81102000
3.82024948,3.93700800
3.82125428,7.87401500
3.82225908,11.81102000
3.82326388,7.87401500
3.82426868,3.93700800
3.82527348,11.81102000
3.82627828,7.87401500
3.82728308,7.87401500
3.82828788,7.87401500
3.82929268,19.68504000
3.83029748,3.93700800
3.83130228,3.93700800
3.83230708,0.00000000
3.83331188,3.93700800
3.83431668,7.87401500
3.83532148,7.87401500
3.83632628,7.87401500
3.83733108,7.87401500
3.83833588,7.87401500
3.83934068,11.81102000
3.84034548,7.87401500
3.84135028,3.93700800
3.84235508,11.81102000
3.84335988,15.74803000
3.84436468,7.87401500
3.84536948,7.87401500
3.84637428,7.87401500
3.84737908,7.87401500
3.84838388,7.87401500
3.84938868,3.93700800
3.85039348,3.93700800
3.85139828,7.87401500
3.85240308,7.87401500
3.85340788,7.87401500
3.85441268,3.93700800
3.85541748,7.87401500
3.85642228,11.81102000
3.85742708,11.81102000
3.85843188,3.93700800
3.85943668,11.81102000
3.86044148,7.87401500
3.86144628,7.87401500
3.86245108,11.81102000
3.86345588,11.81102000
3.86446068,0.00000000
3.86546548,3.93700800
3.86647028,3.93700800
3.86747508,7.87401500
3.86847988,7.87401500
3.86948468,3.93700800
3.87048948,3.93700800
3.87149428,3.93700800
3.87249908,3.93700800
3.87350388,7.87401500
3.87450868,7.87401500
3.87551348,7.87401500
3.87651828,11.81102000
3.87752308,11.81102000
3.87852788,11.81102000
3.87953268,11.81102000
3.88053748,7.87401500
3.88154228,3.93700800
3.88254708,7.87401500
3.88355188,7.87401500
3.88455668,7.87401500
3.88556148,11.81102000
3.88656628,7.87401500
3.88757108,7.87401500
3.88857588,11.81102000
3.88958068,11.81102000
3.89058548,11.81102000
3.89159028,11.81102000
3.89259508,7.87401500
3.89359988,7.87401500
3.89460468,11.81102000
3.89560948,11.81102000
3.89661428,7.87401500
3.89761908,3.93700800
3.89862388,7.87401500
3.89962868,3.93700800
3.90063348,7.87401500
3.90163828,7.87401500
3.90264308,7.87401500
3.90364788,3.93700800
3.90465268,11.81102000
3.90565748,3.93700800
3.90666228,7.87401500
3.90766708,7.87401500
3.90867188,3.93700800
3.90967668,3.93700800
3.91068148,3.93700800
3.91168628,3.93700800
3.91269108,3.93700800
3.91369588,3.93700800
3.91470068,3.93700800
3.91570548,3.93700800
3.91671028,11.81102000
3.91771508,11.81102000
3.91871988,7.87401500
3.91972468,7.87401500
3.92072948,11.81102000
3.92173428,7.87401500
3.92273908,11.81102000
3.92374388,11.81102000
3.92474868,7.87401500
3.92575348,7.87401500
3.92675828,7.87401500
3.92776308,3.93700800
3.92876788,7.87401500
3.92977268,7.87401500
3.93077748,7.87401500
3.93178228,7.87401500
3.93278708,7.87401500
3.93379188,11.81102000
3.93479668,11.81102000
3.93580148,7.87401500
3.93680628,11.81102000
3.93781108,7.87401500
3.93881588,11.81102000
3.93982068,7.87401500
3.94082548,7.87401500
3.94183028,11.81102000
3.94283508,3.93700800
3.94383988,7.87401500
3.94484468,11.81102000
3.94584948,11.81102000
3.94685428,-3.93700800
3.94785908,0.00000000
3.94886388,7.87401500
3.94986868,7.87401500
3.95087348,7.87401500
3.95187828,3.93700800
3.95288308,11.81102000
3.95388788,7.87401500
3.95489268,11.81102000
3.95589748,11.81102000
3.95690228,11.81102000
3.95790708,7.87401500
3.95891188,11.81102000
3.95991668,7.87401500
3.96092148,15.74803000
3.96192628,3.93700800
3.96293108,7.87401500
3.96393588,7.87401500
3.96494068,7.87401500
3.96594548,7.87401500
3.96695028,7.87401500
3.96795508,11.81102000
3.96895988,7.87401500
3.96996468,11.81102000
3.97096948,11.81102000
3.97197428,11.81102000
3.97297908,7.87401500
3.97398388,11.81102000
3.97498868,7.87401500
3.97599348,7.87401500
3.97699828,7.87401500
3.97800308,0.00000000
3.97900788,7.87401500
3.98001268,7.87401500
3.98101748,3.93700800
3.98202228,7.87401500
3.98302708,7.87401500
3.98403188,11.81102000
3.98503668,7.87401500
3.98604148,7.87401500
3.98704628,3.93700800
3.98805108,3.93700800
3.98905588,3.93700800
3.99006068,7.87401500
3.99106548,7.87401500
3.99207028,11.81102000
3.99307508,11.81102000
3.99407988,3.93700800
3.99508468,3.93700800
3.99608948,3.93700800
3.99709428,3.93700800
3.99809908,11.81102000
3.99910388,7.87401500
4.00010868,7.87401500
4.00111348,15.74803000
4.00211828,7.87401500
4.00312308,3.93700800
4.00412788,7.87401500
4.00513268,7.87401500
4.00613748,7.87401500
4.00714228,7.87401500
4.00814708,7.87401500
4.00915188,11.81102000
4.01015668,7.87401500
4.01116148,3.93700800
4.01216628,3.93700800
4.01317108,3.93700800
4.01417588,7.87401500
4.01518068,7.87401500
4.01618548,3.93700800
4.01719028,11.81102000
4.01819508,7.87401500
4.01919988,7.87401500
4.02020468,11.81102000
4.02120948,7.87401500
4.02221428,11.81102000
4.02321908,-7.87401500
4.02422388,3.93700800
4.02522868,3.93700800
4.02623348,3.93700800
4.02723828,0.00000000
4.02824308,0.00000000
4.02924788,3.93700800
4.03025268,7.87401500
4.03125748,3.93700800
4.03226228,7.87401500
4.03326708,11.81102000
4.03427188,3.93700800
4.03527668,7.87401500
4.03628148,11.81102000
4.03728628,7.87401500
4.03829108,7.87401500
4.03929588,7.87401500
4.04030068,3.93700800
4.04130548,7.87401500
4.04231028,7.87401500
4.04331508,7.87401500
4.04431988,3.93700800
4.04532468,7.87401500
4.04632948,11.81102000
4.04733428,11.81102000
4.04833908,11.81102000
4.04934388,7.87401500
4.05034868,7.87401500
4.05135348,11.81102000
4.05235828,11.81102000
4.05336308,7.87401500
4.05436788,11.81102000
4.05537268,3.93700800
4.05637748,3.93700800
4.05738228,11.81102000
4.05838708,7.87401500
4.05939188,3.93700800
4.06039668,0.00000000
4.06140148,7.87401500
4.06240628,7.87401500
4.06341108,0.00000000
4.06441588,3.93700800
4.06542068,3.93700800
4.06642548,3.93700800
4.06743028,3.93700800
4.06843508,3.93700800
4.06943988,3.93700800
4.07044468,11.81102000
4.07144948,7.87401500
4.07245428,11.81102000
4.07345908,7.87401500
4.07446388,11.81102000
4.07546868,3.93700800
4.07647348,7.87401500
4.07747828,0.00000000
4.07848308,27.55905000
4.07948788,3.93700800
4.08049268,7.87401500
4.08149748,3.93700800
4.08250228,3.93700800
4.08350708,3.93700800
4.08451188,7.87401500
4.08551668,7.87401500
4.08652148,7.87401500
4.08752628,11.81102000
4.08853108,7.87401500
4.08953588,11.81102000
4.09054068,7.87401500
4.09154548,7.87401500
4.09255028,3.93700800
4.09355508,0.00000000
4.09455988,7.87401500
4.09556468,11.81102000
4.09656948,3.93700800
4.09757428,3.93700800
4.09857908,7.87401500
4.09958388,11.81102000
4.10058868,7.87401500
4.10159348,11.81102000
4.10259828,7.87401500
4.10360308,3.93700800
4.10460788,0.00000000
4.10561268,11.81102000
4.10661748,0.00000000
4.10762228,7.87401500
4.10862708,0.00000000
4.10963188,3.93700800
4.11063668,11.81102000
4.11164147,7.87401500
4.11264627,11.81102000
4.11365107,11.81102000
4.11465587,7.87401500
4.11566067,11.81102000
4.11666547,11.81102000
4.11767027,11.81102000
4.11867507,7.87401500
4.11967987,11.81102000
4.12068467,7.87401500
4.12168947,7.87401500
4.12269427,11.81102000
4.12369907,7.87401500
4.12470387,3.93700800
4.12570867,3.93700800
4.12671347,3.93700800
4.12771827,15.74803000
4.12872307,7.87401500
4.12972787,11.81102000
4.13073267,11.81102000
4.13173747,7.87401500
4.13274227,7.87401500
4.13374707,7.87401500
4.13475187,3.93700800
4.13575667,11.81102000
4.13676147,11.81102000
4.13776627,11.81102000
4.13877107,11.81102000
4.13977587,11.81102000
4.14078067,7.87401500
4.14178547,0.00000000
4.14279027,-3.93700800
4.14379507,0.00000000
4.14479987,3.93700800
4.14580467,0.00000000
4.14680947,3.93700800
4.14781427,3.93700800
4.14881907,11.81102000
4.14982387,7.87401500
4.15082867,3.93700800
4.15183347,7.87401500
4.15283827,11.81102000
4.15384307,3.93700800
4.15484787,11.81102000
4.15585267,11.81102000
4.15685747,7.87401500
4.15786227,0.00000000
4.15886707,7.87401500
4.15987187,7.87401500
4.16087667,7.87401500
4.16188147,7.87401500
4.16288627,19.68504000
4.16389107,11.81102000
4.16489587,11.81102000
4.16590067,7.87401500
4.16690547,7.87401500
4.16791027,11.81102000
4.16891507,11.81102000
4.16991987,7.87401500
4.17092467,7.87401500
4.17192947,7.87401500
4.17293427,-3.93700800
4.17393907,3.93700800
4.17494387,3.93700800
4.17594867,23.62205000
4.17695347,11.81102000
4.17795827,7.87401500
4.17896307,7.87401500
4.17996787,7.87401500
4.18097267,7.87401500
4.18197747,11.81102000
4.18298227,0.00000000
4.18398707,11.81102000
4.18499187,3.93700800
4.18599667,3.93700800
4.18700147,7.87401500
4.18800627,11.81102000
4.18901107,3.93700800
4.19001587,11.81102000
4.19102067,7.87401500
4.19202547,7.87401500
4.19303027,11.81102000
4.19403507,7.87401500
4.19503987,3.93700800
4.19604467,3.93700800
4.19704947,11.81102000
4.19805427,7.87401500
4.19905907,11.81102000
4.20006387,7.87401500
4.20106867,7.87401500
4.20207347,11.81102000
4.20307827,11.81102000
4.20408307,7.87401500
4.20508787,7.87401500
4.20609267,7.87401500
4.20709747,3.93700800
4.20810227,3.93700800
4.20910707,3.93700800
4.21011187,11.81102000
4.21111667,3.93700800
4.21212147,11.81102000
4.21312627,7.87401500
4.21413107,11.81102000
4.21513587,11.81102000
4.21614067,7.87401500
4.21714547,11.81102000
4.21815027,7.87401500
4.21915507,7.87401500
4.22015987,11.81102000
4.22116467,19.68504000
4.22216947,0.00000000
4.22317427,0.00000000
4.22417907,3.93700800
4.22518387,7.87401500
4.22618867,7.87401500
4.22719347,7.87401500
4.22819827,11.81102000
4.22920307,11.81102000
4.23020787,7.87401500
4.23121267,7.87401500
4.23221747,15.74803000
4.23322227,7.87401500
4.23422707,0.00000000
4.23523187,7.87401500
4.23623667,11.81102000
4.23724147,7.87401500
4.23824627,7.87401500
4.23925107,7.87401500
4.24025587,7.87401500
4.24126067,11.81102000
4.24226547,19.68504000
4.24327027,7.87401500
4.24427507,11.81102000
4.24527987,11.81102000
4.24628467,7.87401500
4.24728947,7.87401500
4.24829427,15.74803000
4.24929907,15.74803000
4.25030387,11.81102000
4.25130867,11.81102000
4.25231347,11.81102000
4.25331827,11.81102000
4.25432307,7.87401500
4.25532787,7.87401500
4.25633267,3.93700800
4.25733747,23.62205000
4.25834227,7.87401500
4.25934707,11.81102000
4.26035187,0.00000000
4.26135667,3.93700800
4.26236147,3.93700800
4.26336627,7.87401500
4.26437107,11.81102000
4.26537587,7.87401500
4.26638067,11.81102000
4.26738547,11.81102000
4.26839027,7.87401500
4.26939507,7.87401500
4.27039987,0.00000000
4.27140467,11.81102000
4.27240947,3.93700800
4.27341427,15.74803000
4.27441907,11.81102000
4.27542387,0.00000000
4.27642867,11.81102000
4.27743347,11.81102000
4.27843827,7.87401500
4.27944307,11.81102000
4.28044787,11.81102000
4.28145267,3.93700800
4.28245747,11.81102000
4.28346227,7.87401500
4.28446707,11.81102000
4.28547187,7.87401500
4.28647667,7.87401500
4.28748147,3.93700800
4.28848627,3.93700800
4.28949107,11.81102000
4.29049587,15.74803000
4.29150067,11.81102000
4.29250547,15.74803000
4.29351027,7.87401500
4.29451507,7.87401500
4.29551987,15.74803000
4.29652467,11.81102000
4.29752947,7.87401500
4.29853427,11.81102000
4.29953907,11.81102000
4.30054387,3.93700800
4.30154867,7.87401500
4.30255347,3.93700800
4.30355827,3.93700800
4.30456307,7.87401500
4.30556787,7.87401500
4.30657267,11.81102000
4.30757747,7.87401500
4.30858227,11.81102000
4.30958707,7.87401500
4.31059187,11.81102000
4.31159667,3.93700800
4.31260147,7.87401500
4.31360627,7.87401500
4.31461107,7.87401500
4.31561587,3.93700800
4.31662067,11.81102000
4.31762547,11.81102000
4.31863027,7.87401500
4.31963507,0.00000000
4.32063987,7.87401500
4.32164467,7.87401500
4.32264947,11.81102000
4.32365427,11.81102000
4.32465907,11.81102000
4.32566387,7.87401500
4.32666867,11.81102000
4.32767347,11.81102000
4.32867827,7.87401500
4.32968307,7.87401500
4.33068787,11.81102000
4.33169267,7.87401500
4.33269747,7.87401500
4.33370227,11.81102000
4.33470707,7.87401500
4.33571187,3.93700800
4.33671667,7.87401500
4.33772147,7.87401500
4.33872627,23.62205000
4.33973107,3.93700800
4.34073587,3.93700800
4.34174067,3.93700800
4.34274547,7.87401500
4.34375027,11.81102000
4.34475507,7.87401500
4.34575987,3.93700800
4.34676467,7.87401500
4.34776947,7.87401500
4.34877427,7.87401500
4.34977907,11.81102000
4.35078387,11.81102000
4.35178867,7.87401500
4.35279347,7.87401500
4.35379827,7.87401500
4.35480307,7.87401500
4.35580787,11.81102000
4.35681267,11.81102000
4.35781747,11.81102000
4.35882227,7.87401500
4.35982707,11.81102000
4.36083187,7.87401500
4.36183667,7.87401500
4.36284147,11.81102000
4.36384627,15.74803000
4.36485107,11.81102000
4.36585587,11.81102000
4.36686067,15.74803000
4.36786547,3.93700800
4.36887027,11.81102000
4.36987507,7.87401500
4.37087987,7.87401500
4.37188467,11.81102000
4.37288947,11.81102000
4.37389427,7.87401500
4.37489907,7.87401500
4.37590387,11.81102000
4.37690867,11.81102000
4.37791347,0.00000000
4.37891827,3.93700800
4.37992307,3.93700800
4.38092787,7.87401500
4.38193267,11.81102000
4.38293747,11.81102000
4.38394227,3.93700800
4.38494707,7.87401500
4.38595187,3.93700800
4.38695667,3.93700800
4.38796147,11.81102000
4.38896627,7.87401500
4.38997107,11.81102000
4.39097587,7.87401500
4.39198067,7.87401500
4.39298547,7.87401500
4.39399027,15.74803000
4.39499507,7.87401500
4.39599987,7.87401500
4.39700467,11.81102000
4.39800947,11.81102000
4.39901427,7.87401500
4.40001907,11.81102000
4.40102387,7.87401500
4.40202867,3.93700800
4.40303347,7.87401500
4.40403827,7.87401500
4.40504307,7.87401500
4.40604787,19.68504000
4.40705267,7.87401500
4.40805747,15.74803000
4.40906227,11.81102000
4.41006707,11.81102000
4.41107187,11.81102000
4.41207667,11.81102000
4.41308147,11.81102000
4.41408627,7.87401500
4.41509107,7.87401500
4.41609587,11.81102000
4.41710067,7.87401500
4.41810547,3.93700800
4.41911027,3.93700800
4.42011507,7.87401500
4.42111987,11.81102000
4.42212467,7.87401500
4.42312947,7.87401500
4.42413427,7.87401500
4.42513907,11.81102000
4.42614387,7.87401500
4.42714867,7.87401500
4.42815347,7.87401500
4.42915827,11.81102000
4.43016307,15.74803000
4.43116787,7.87401500
4.43217267,11.81102000
4.43317747,7.87401500
4.43418227,3.93700800
4.43518707,7.87401500
4.43619187,11.81102000
4.43719667,11.81102000
4.43820147,3.93700800
4.43920627,7.87401500
4.44021107,11.81102000
4.44121586,15.74803000
4.44222066,7.87401500
4.44322546,11.81102000
4.44423026,7.87401500
4.44523506,11.81102000
4.44623986,15.74803000
4.44724466,7.87401500
4.44824946,11.81102000
4.44925426,7.87401500
4.45025906,3.93700800
4.45126386,3.93700800
4.45226866,7.87401500
4.45327346,11.81102000
4.45427826,11.81102000
4.45528306,11.81102000
4.45628786,11.81102000
4.45729266,3.93700800
4.45829746,0.00000000
4.45930226,3.93700800
4.46030706,7.87401500
4.46131186,7.87401500
4.46231666,7.87401500
4.46332146,0.00000000
4.46432626,11.81102000
4.46533106,11.81102000
4.46633586,7.87401500
4.46734066,3.93700800
4.46834546,11.81102000
4.46935026,7.87401500
4.47035506,11.81102000
4.47135986,7.87401500
4.47236466,11.81102000
4.47336946,7.87401500
4.47437426,11.81102000
4.47537906,7.87401500
4.47638386,7.87401500
4.47738866,11.81102000
4.47839346,15.74803000
4.47939826,7.87401500
4.48040306,11.81102000
4.48140786,11.81102000
4.48241266,11.81102000
4.48341746,7.87401500
4.48442226,7.87401500
4.48542706,11.81102000
4.48643186,11.81102000
4.48743666,7.87401500
4.48844146,11.81102000
4.48944626,7.87401500
4.49045106,11.81102000
4.49145586,11.81102000
4.49246066,7.87401500
4.49346546,7.87401500
4.49447026,11.81102000
4.49547506,11.81102000
4.49647986,3.93700800
4.49748466,0.00000000
4.49848946,0.00000000
4.49949426,3.93700800
4.50049906,7.87401500
4.50150386,11.81102000
4.50250866,7.87401500
4.50351346,3.93700800
4.50451826,7.87401500
4.50552306,11.81102000
4.50652786,11.81102000
4.50753266,7.87401500
4.50853746,7.87401500
4.50954226,11.81102000
4.51054706,7.87401500
4.51155186,11.81102000
4.51255666,11.81102000
4.51356146,11.81102000
4.51456626,7.87401500
4.51557106,7.87401500
4.51657586,7.87401500
4.51758066,19.68504000
4.51858546,11.81102000
4.51959026,15.74803000
4.52059506,11.81102000
4.52159986,11.81102000
4.52260466,15.74803000
4.52360946,7.87401500
4.52461426,7.87401500
4.52561906,11.81102000
4.52662386,7.87401500
4.52762866,11.81102000
4.52863346,15.74803000
4.52963826,7.87401500
4.53064306,7.87401500
4.53164786,7.87401500
4.53265266,11.81102000
4.53365746,-3.93700800
4.53466226,0.00000000
4.53566706,7.87401500
4.53667186,3.93700800
4.53767666,7.87401500
4.53868146,7.87401500
4.53968626,7.87401500
4.54069106,7.87401500
4.54169586,11.81102000
4.54270066,7.87401500
4.54370546,11.81102000
4.54471026,7.87401500
4.54571506,15.74803000
4.54671986,7.87401500
4.54772466,3.93700800
4.54872946,7.87401500
4.54973426,3.93700800
4.55073906,11.81102000
4.55174386,11.81102000
4.55274866,11.81102000
4.55375346,11.81102000
4.55475826,7.87401500
4.55576306,7.87401500
4.55676786,7.87401500
4.55777266,15.74803000
4.55877746,11.81102000
4.55978226,11.81102000
4.56078706,11.81102000
4.56179186,7.87401500
4.56279666,3.93700800
4.56380146,7.87401500
4.56480626,3.93700800
4.56581106,15.74803000
4.56681586,7.87401500
4.56782066,7.87401500
4.56882546,7.87401500
4.56983026,15.74803000
4.57083506,11.81102000
4.57183986,7.87401500
4.57284466,15.74803000
4.57384946,3.93700800
4.57485426,11.81102000
4.57585906,7.87401500
4.57686386,7.87401500
4.57786866,7.87401500
4.57887346,7.87401500
4.57987826,11.81102000
4.58088306,7.87401500
4.58188786,27.55905000
4.58289266,15.74803000
4.58389746,11.81102000
4.58490226,7.87401500
4.58590706,11.81102000
4.58691186,7.87401500
4.58791666,7.87401500
4.58892146,11.81102000
4.58992626,7.87401500
4.59093106,11.81102000
4.59193586,11.81102000
4.59294066,7.87401500
4.59394546,15.74803000
4.59495026,11.81102000
4.59595506,7.87401500
4.59695986,11.81102000
4.59796466,11.81102000
4.59896946,11.81102000
4.59997426,11.81102000
4.60097906,15.74803000
4.60198386,11.81102000
4.60298866,7.87401500
4.60399346,7.87401500
4.60499826,11.81102000
4.60600306,11.81102000
4.60700786,11.81102000
4.60801266,15.74803000
4.60901746,7.87401500
4.61002226,7.87401500
4.61102706,7.87401500
4.61203186,3.93700800
4.61303666,3.93700800
4.61404146,0.00000000
4.61504626,7.87401500
4.61605106,11.81102000
4.61705586,7.87401500
4.61806066,11.81102000
4.61906546,11.81102000
4.62007026,11.81102000
4.62107506,11.81102000
4.62207986,7.87401500
4.62308466,11.81102000
4.62408946,11.81102000
4.62509426,11.81102000
4.62609906,7.87401500
4.62710386,11.81102000
4.62810866,7.87401500
4.62911346,11.81102000
4.63011826,3.93700800
4.63112306,7.87401500
4.63212786,15.74803000
4.63313266,15.74803000
4.63413746,7.87401500
4.63514226,3.93700800
4.63614706,7.87401500
4.63715186,7.87401500
4.63815666,3.93700800
4.63916146,11.81102000
4.64016626,11.81102000
4.64117106,7.87401500
4.64217586,3.93700800
4.64318066,11.81102000
4.64418546,3.93700800
4.64519026,7.87401500
4.64619506,3.93700800
4.64719986,11.81102000
4.64820466,11.81102000
4.64920946,11.81102000
4.65021426,11.81102000
4.65121906,3.93700800
4.65222386,7.87401500
4.65322866,3.93700800
4.65423346,7.87401500
4.65523826,11.81102000
4.65624306,7.87401500
4.65724786,7.87401500
4.65825266,7.87401500
4.65925746,11.81102000
4.66026226,7.87401500
4.66126706,3.93700800
4.66227186,11.81102000
4.66327666,11.81102000
4.66428146,3.93700800
4.66528626,11.81102000
4.66629106,7.87401500
4.66729586,7.87401500
4.66830066,11.81102000
4.66930546,7.87401500
4.67031026,11.81102000
4.67131506,7.87401500
4.67231986,15.74803000
4.67332466,7.87401500
4.67432946,11.81102000
4.67533426,11.81102000
4.67633906,-7.87401500
4.67734386,7.87401500
4.67834866,7.87401500
4.67935346,31.49606000
4.68035826,11.81102000
4.68136306,11.81102000
4.68236786,7.87401500
4.68337266,11.81102000
4.68437746,11.81102000
4.68538226,11.81102000
4.68638706,11.81102000
4.68739186,11.81102000
4.68839666,7.87401500
4.68940146,7.87401500
4.69040626,7.87401500
4.69141106,7.87401500
4.69241586,0.00000000
4.69342066,7.87401500
4.69442546,3.93700800
4.69543026,7.87401500
4.69643506,11.81102000
4.69743986,11.81102000
4.69844466,11.81102000
4.69944946,11.81102000
4.70045426,11.81102000
4.70145906,7.87401500
4.70246386,7.87401500
4.70346866,11.81102000
4.70447346,11.81102000
4.70547826,11.81102000
4.70648306,11.81102000
4.70748786,3.93700800
4.70849266,15.74803000
4.70949746,3.93700800
4.71050226,7.87401500
4.71150706,7.87401500
4.71251186,11.81102000
4.71351666,11.81102000
4.71452146,11.81102000
4.71552626,3.93700800
4.71653106,11.81102000
4.71753586,3.93700800
4.71854066,7.87401500
4.71954546,11.81102000
4.72055026,11.81102000
4.72155506,15.74803000
4.72255986,11.81102000
4.72356466,15.74803000
4.72456946,7.87401500
4.72557426,3.93700800
4.72657906,11.81102000
4.72758386,7.87401500
4.72858866,7.87401500
4.72959346,7.87401500
4.73059826,7.87401500
4.73160306,7.87401500
4.73260786,7.87401500
4.73361266,11.81102000
4.73461746,11.81102000
4.73562226,15.74803000
4.73662706,11.81102000
4.73763186,11.81102000
4.73863666,11.81102000
4.73964146,7.87401500
4.74064626,11.81102000
4.74165106,3.93700800
4.74265586,3.93700800
4.74366066,7.87401500
4.74466546,7.87401500
4.74567026,11.81102000
4.74667506,7.87401500
4.74767986,7.87401500
4.74868466,11.81102000
4.74968946,7.87401500
4.75069426,7.87401500
4.75169906,15.74803000
4.75270386,3.93700800
4.75370866,7.87401500
4.75471346,7.87401500
4.75571826,11.81102000
4.75672306,7.87401500
4.75772786,7.87401500
4.75873266,3.93700800
4.75973746,7.87401500
4.76074226,7.87401500
4.76174706,15.74803000
4.76275186,11.81102000
4.76375666,11.81102000
4.76476146,15.74803000
4.76576626,7.87401500
4.76677106,7.87401500
4.76777586,11.81102000
4.76878066,0.00000000
4.76978545,3.93700800
4.77079025,7.87401500
4.77179505,7.87401500
4.77279985,11.81102000
4.77380465,0.00000000
4.77480945,11.81102000
4.77581425,7.87401500
4.77681905,15.74803000
4.77782385,11.81102000
4.77882865,11.81102000
4.77983345,11.81102000
4.78083825,7.87401500
4.78184305,7.87401500
4.78284785,11.81102000
4.78385265,7.87401500
4.78485745,11.81102000
4.78586225,11.81102000
4.78686705,11.81102000
4.78787185,7.87401500
4.78887665,11.81102000
4.78988145,11.81102000
4.79088625,3.93700800
4.79189105,3.93700800
4.79289585,7.87401500
4.79390065,7.87401500
4.79490545,11.81102000
4.79591025,7.87401500
4.79691505,7.87401500
4.79791985,11.81102000
4.79892465,7.87401500
4.79992945,7.87401500
4.80093425,7.87401500
4.80193905,11.81102000
4.80294385,11.81102000
4.80394865,11.81102000
4.80495345,11.81102000
4.80595825,7.87401500
4.80696305,3.93700800
4.80796785,3.93700800
4.80897265,-3.93700800
4.80997745,3.93700800
4.81098225,7.87401500
4.81198705,7.87401500
4.81299185,15.74803000
4.81399665,15.74803000
4.81500145,7.87401500
4.81600625,7.87401500
4.81701105,11.81102000
4.81801585,7.87401500
4.81902065,7.87401500
4.82002545,7.87401500
4.82103025,11.81102000
4.82203505,7.87401500
4.82303985,3.93700800
4.82404465,7.87401500
4.82504945,7.87401500
4.82605425,15.74803000
4.82705905,7.87401500
4.82806385,7.87401500
4.82906865,11.81102000
4.83007345,7.87401500
4.83107825,11.81102000
4.83208305,11.81102000
4.83308785,11.81102000
4.83409265,7.87401500
4.83509745,11.81102000
4.83610225,11.81102000
4.83710705,11.81102000
4.83811185,11.81102000
4.83911665,11.81102000
4.84012145,3.93700800
4.84112625,7.87401500
4.84213105,7.87401500
4.84313585,11.81102000
4.84414065,7.87401500
4.84514545,7.87401500
4.84615025,11.81102000
4.84715505,0.00000000
4.84815985,7.87401500
4.84916465,7.87401500
4.85016945,11.81102000
4.85117425,15.74803000
4.85217905,11.81102000
4.85318385,7.87401500
4.85418865,7.87401500
4.85519345,11.81102000
4.85619825,7.87401500
4.85720305,7.87401500
4.85820785,15.74803000
4.85921265,7.87401500
4.86021745,7.87401500
4.86122225,15.74803000
4.86222705,11.81102000
4.86323185,11.81102000
4.86423665,11.81102000
4.86524145,15.74803000
4.86624625,15.74803000
4.86725105,7.87401500
4.86825585,11.81102000
4.86926065,11.81102000
4.87026545,7.87401500
4.87127025,7.87401500
4.87227505,3.93700800
4.87327985,3.93700800
4.87428465,15.74803000
4.87528945,7.87401500
4.87629425,15.74803000
4.87729905,11.81102000
4.87830385,7.87401500
4.87930865,7.87401500
4.88031345,7.87401500
4.88131825,7.87401500
4.88232305,7.87401500
4.88332785,7.87401500
4.88433265,11.81102000
4.88533745,7.87401500
4.88634225,11.81102000
4.88734705,3.93700800
4.88835185,3.93700800
4.88935665,7.87401500
4.89036145,11.81102000
4.89136625,11.81102000
4.89237105,11.81102000
4.89337585,11.81102000
4.89438065,11.81102000
4.89538545,15.74803000
4.89639025,7.87401500
4.89739505,11.81102000
4.89839985,7.87401500
4.89940465,19.68504000
4.90040945,7.87401500
4.90141425,7.87401500
4.90241905,11.81102000
4.90342385,11.81102000
4.90442865,3.93700800
4.90543345,11.81102000
4.90643825,7.87401500
4.90744305,11.81102000
4.90844785,11.81102000
4.90945265,7.87401500
4.91045745,15.74803000
4.91146225,11.81102000
4.91246705,7.87401500
4.91347185,11.81102000
4.91447665,7.87401500
4.91548145,7.87401500
4.91648625,11.81102000
4.91749105,11.81102000
4.91849585,7.87401500
4.91950065,11.81102000
4.92050545,7.87401500
4.92151025,3.93700800
4.92251505,11.81102000
4.92351985,15.74803000
4.92452465,3.93700800
4.92552945,7.87401500
4.92653425,7.87401500
4.92753905,11.81102000
4.92854385,3.93700800
4.92954865,7.87401500
4.93055345,7.87401500
4.93155825,19.68504000
4.93256305,15.74803000
4.93356785,3.93700800
4.93457265,11.81102000
4.93557745,7.87401500
4.93658225,7.87401500
4.93758705,11.81102000
4.93859185,7.87401500
4.93959665,11.81102000
4.94060145,7.87401500
4.94160625,11.81102000
4.94261105,11.81102000
4.94361585,15.74803000
4.94462065,15.74803000
4.94562545,7.87401500
4.94663025,11.81102000
4.94763505,7.87401500
4.94863985,11.81102000
4.94964465,11.81102000
4.95064945,11.81102000
4.95165425,7.87401500
4.95265905,11.81102000
4.95366385,11.81102000
4.95466865,7.87401500
4.95567345,7.87401500
4.95667825,11.81102000
4.95768305,15.74803000
4.95868785,11.81102000
4.95969265,7.87401500
4.96069745,7.87401500
4.96170225,7.87401500
4.96270705,11.81102000
4.96371185,19.68504000
4.96471665,7.87401500
4.96572145,7.87401500
4.96672625,7.87401500
4.96773105,11.81102000
4.96873585,7.87401500
4.96974065,7.87401500
4.97074545,11.81102000
4.97175025,11.81102000
4.97275505,15.74803000
4.97375985,7.87401500
4.97476465,19.68504000
4.97576945,11.81102000
4.97677425,15.74803000
4.97777905,15.74803000
4.97878385,11.81102000
4.97978865,15.74803000
4.98079345,7.87401500
4.98179825,11.81102000
4.98280305,11.81102000
4.98380785,11.81102000
4.98481265,3.93700800
4.98581745,3.93700800
4.98682225,7.87401500
4.98782705,15.74803000
4.98883185,15.74803000
4.98983665,11.81102000
4.99084145,7.87401500
4.99184625,7.87401500
4.99285105,11.81102000
4.99385585,11.81102000
4.99486065,11.81102000
4.99586545,11.81102000
4.99687025,11.81102000
4.99787505,7.87401500
4.99887985,11.81102000
4.99988465,11.81102000
5.00088945,11.81102000
5.00189425,3.93700800
5.00289905,3.93700800
5.00390385,3.93700800
5.00490865,7.87401500
5.00591345,7.87401500
5.00691825,7.87401500
5.00792305,11.81102000
5.00892785,15.74803000
5.00993265,11.81102000
5.01093745,7.87401500
5.01194225,11.81102000
5.01294705,11.81102000
5.01395185,11.81102000
5.01495665,11.81102000
5.01596145,15.74803000
5.01696625,11.81102000
5.01797105,7.87401500
5.01897585,11.81102000
5.01998065,7.87401500
5.02098545,11.81102000
5.02199025,15.74803000
5.02299505,11.81102000
5.02399985,11.81102000
5.02500465,11.81102000
5.02600945,11.81102000
5.02701425,7.87401500
5.02801905,11.81102000
5.02902385,15.74803000
5.03002865,7.87401500
5.03103345,11.81102000
5.03203825,15.74803000
5.03304305,11.81102000
5.03404785,7.87401500
5.03505265,7.87401500
5.03605745,0.00000000
5.03706225,15.74803000
5.03806705,11.81102000
5.03907185,11.81102000
5.04007665,7.87401500
5.04108145,7.87401500
5.04208625,7.87401500
5.04309105,11.81102000
5.04409585,7.87401500
5.04510065,7.87401500
5.04610545,7.87401500
5.04711025,7.87401500
5.04811505,11.81102000
5.04911985,7.87401500
5.05012465,3.93700800
5.05112945,11.81102000
5.05213425,11.81102000
5.05313905,7.87401500
5.05414385,19.68504000
5.05514865,11.81102000
5.05615345,7.87401500
5.05715825,15.74803000
5.05816305,7.87401500
5.05916785,7.87401500
5.06017265,11.81102000
5.06117745,19.68504000
5.06218225,7.87401500
5.06318705,11.81102000
5.06419185,7.87401500
5.06519665,11.81102000
5.06620145,3.93700800
5.06720625,3.93700800
5.06821105,3.93700800
5.06921585,11.81102000
5.07022065,11.81102000
5.07122545,7.87401500
5.07223025,11.81102000
5.07323505,11.81102000
5.07423985,7.87401500
5.07524465,11.81102000
5.07624945,11.81102000
5.07725425,15.74803000
5.07825905,15.74803000
5.07926385,3.93700800
5.08026865,0.00000000
5.08127345,3.93700800
5.08227825,0.00000000
5.08328305,7.87401500
5.08428785,11.81102000
5.08529265,27.55905000
5.08629745,11.81102000
5.08730225,15.74803000
5.08830705,11.81102000
5.08931185,11.81102000
5.09031665,11.81102000
5.09132145,7.87401500
5.09232625,7.87401500
5.09333105,15.74803000
5.09433585,15.74803000
5.09534065,11.81102000
5.09634545,11.81102000
5.09735025,7.87401500
5.09835504,7.87401500
5.09935984,7.87401500
5.10036464,7.87401500
5.10136944,11.81102000
5.10237424,15.74803000
5.10337904,15.74803000
5.10438384,11.81102000
5.10538864,7.87401500
5.10639344,15.74803000
5.10739824,11.81102000
5.10840304,11.81102000
5.10940784,11.81102000
5.11041264,7.87401500
5.11141744,7.87401500
5.11242224,11.81102000
5.11342704,7.87401500
5.11443184,7.87401500
5.11543664,7.87401500
5.11644144,7.87401500
5.11744624,3.93700800
5.11845104,7.87401500
5.11945584,11.81102000
5.12046064,7.87401500
5.12146544,7.87401500
5.12247024,7.87401500
5.12347504,7.87401500
5.12447984,11.81102000
5.12548464,7.87401500
5.12648944,11.81102000
5.12749424,15.74803000
5.12849904,15.74803000
5.12950384,11.81102000
5.13050864,15.74803000
5.13151344,3.93700800
5.13251824,7.87401500
5.13352304,7.87401500
5.13452784,15.74803000
5.13553264,3.93700800
5.13653744,11.81102000
5.13754224,11.81102000
5.13854704,11.81102000
5.13955184,15.74803000
5.14055664,11.81102000
5.14156144,7.87401500
5.14256624,11.81102000
5.14357104,11.81102000
5.14457584,7.87401500
5.14558064,11.81102000
5.14658544,3.93700800
5.14759024,7.87401500
5.14859504,7.87401500
5.14959984,11.81102000
5.15060464,11.81102000
5.15160944,11.81102000
5.15261424,11.81102000
5.15361904,11.81102000
5.15462384,11.81102000
5.15562864,7.87401500
5.15663344,11.81102000
5.15763824,7.87401500
5.15864304,7.87401500
5.15964784,7.87401500
5.16065264,7.87401500
5.16165744,7.87401500
5.16266224,11.81102000
5.16366704,7.87401500
5.16467184,3.93700800
5.16567664,3.93700800
5.16668144,11.81102000
5.16768624,11.81102000
5.16869104,7.87401500
5.16969584,15.74803000
5.17070064,11.81102000
5.17170544,7.87401500
5.17271024,11.81102000
5.17371504,7.87401500
5.17471984,11.81102000
5.17572464,11.81102000
5.17672944,11.81102000
5.17773424,3.93700800
5.17873904,11.81102000
5.17974384,-7.87401500
5.18074864,7.87401500
5.18175344,7.87401500
5.18275824,11.81102000
5.18376304,7.87401500
5.18476784,11.81102000
5.18577264,11.81102000
5.18677744,11.81102000
5.18778224,11.81102000
5.18878704,3.93700800
5.18979184,11.81102000
5.19079664,7.87401500
5.19180144,15.74803000
5.19280624,11.81102000
5.19381104,7.87401500
5.19481584,11.81102000
5.19582064,7.87401500
5.19682544,3.93700800
5.19783024,7.87401500
5.19883504,0.00000000
5.19983984,3.93700800
5.20084464,15.74803000
5.20184944,11.81102000
5.20285424,11.81102000
5.20385904,15.74803000
5.20486384,11.81102000
5.20586864,7.87401500
5.20687344,11.81102000
5.20787824,7.87401500
5.20888304,11.81102000
5.20988784,11.81102000
5.21089264,11.81102000
5.21189744,11.81102000
5.21290224,3.93700800
5.21390704,7.87401500
5.21491184,7.87401500
5.21591664,11.81102000
5.21692144,11.81102000
5.21792624,11.81102000
5.21893104,3.93700800
5.21993584,11.81102000
5.22094064,7.87401500
5.22194544,7.87401500
5.22295024,11.81102000
5.22395504,3.93700800
5.22495984,7.87401500
5.22596464,11.81102000
5.22696944,7.87401500
5.22797424,15.74803000
5.22897904,15.74803000
5.22998384,11.81102000
5.23098864,11.81102000
5.23199344,11.81102000
5.23299824,15.74803000
5.23400304,-3.93700800
5.23500784,3.93700800
5.23601264,7.87401500
5.23701744,19.68504000
5.23802224,7.87401500
5.23902704,15.74803000
5.24003184,7.87401500
5.24103664,7.87401500
5.24204144,11.81102000
5.24304624,15.74803000
5.24405104,15.74803000
5.24505584,7.87401500
5.24606064,3.93700800
5.24706544,11.81102000
5.24807024,11.81102000
5.24907504,15.74803000
5.25007984,19.68504000
5.25108464,11.81102000
5.25208944,7.87401500
5.25309424,7.87401500
5.25409904,15.74803000
5.25510384,11.81102000
5.25610864,7.87401500
5.25711344,15.74803000
5.25811824,7.87401500
5.25912304,11.81102000
5.26012784,11.81102000
5.26113264,11.81102000
5.26213744,7.87401500
5.26314224,3.93700800
5.26414704,7.87401500
5.26515184,11.81102000
5.26615664,11.81102000
5.26716144,11.81102000
5.26816624,7.87401500
5.26917104,11.81102000
5.27017584,7.87401500
5.27118064,11.81102000
5.27218544,11.81102000
5.27319024,7.87401500
5.27419504,7.87401500
5.27519984,7.87401500
5.27620464,7.87401500
5.27720944,3.93700800
5.27821424,7.87401500
5.27921904,7.87401500
5.28022384,19.68504000
5.28122864,11.81102000
5.28223344,7.87401500
5.28323824,19.68504000
5.28424304,7.87401500
5.28524784,11.81102000
5.28625264,11.81102000
5.28725744,11.81102000
5.28826224,7.87401500
5.28926704,15.74803000
5.29027184,11.81102000
5.29127664,11.81102000
5.29228144,11.81102000
5.29328624,7.87401500
5.29429104,7.87401500
5.29529584,7.87401500
5.29630064,7.87401500
5.29730544,7.87401500
5.29831024,11.81102000
5.29931504,7.87401500
5.30031984,7.87401500
5.30132464,11.81102000
5.30232944,11.81102000
5.30333424,11.81102000
5.30433904,7.87401500
5.30534384,7.87401500
5.30634864,7.87401500
5.30735344,11.81102000
5.30835824,15.74803000
5.30936304,3.93700800
5.31036784,7.87401500
5.31137264,3.93700800
5.31237744,-3.93700800
5.31338224,7.87401500
5.31438704,11.81102000
5.31539184,7.87401500
5.31639664,7.87401500
5.31740144,7.87401500
5.31840624,15.74803000
5.31941104,11.81102000
5.32041584,7.87401500
5.32142064,11.81102000
5.32242544,11.81102000
5.32343024,11.81102000
5.32443504,11.81102000
5.32543984,11.81102000
5.32644464,3.93700800
5.32744944,11.81102000
5.32845424,3.93700800
5.32945904,11.81102000
5.33046384,15.74803000
5.33146864,11.81102000
5.33247344,11.81102000
5.33347824,15.74803000
5.33448304,7.87401500
5.33548784,7.87401500
5.33649264,7.87401500
5.33749744,11.81102000
5.33850224,7.87401500
5.33950704,7.87401500
5.34051184,7.87401500
5.34151664,7.87401500
5.34252144,3.93700800
5.34352624,7.87401500
5.34453104,7.87401500
5.34553584,7.87401500
5.34654064,15.74803000
5.34754544,11.81102000
5.34855024,7.87401500
5.34955504,7.87401500
5.35055984,3.93700800
5.35156464,3.93700800
5.35256944,3.93700800
5.35357424,3.93700800
5.35457904,7.87401500
5.35558384,15.74803000
5.35658864,15.74803000
5.35759344,11.81102000
5.35859824,7.87401500
5.35960304,7.87401500
5.36060784,11.81102000
5.36161264,7.87401500
5.36261744,11.81102000
5.36362224,11.81102000
5.36462704,7.87401500
5.36563184,7.87401500
5.36663664,15.74803000
5.36764144,7.87401500
5.36864624,11.81102000
5.36965104,11.81102000
5.37065584,11.81102000
5.37166064,7.87401500
5.37266544,7.87401500
5.37367024,7.87401500
5.37467504,3.93700800
5.37567984,0.00000000
5.37668464,11.81102000
5.37768944,15.74803000
5.37869424,7.87401500
5.37969904,7.87401500
5.38070384,11.81102000
5.38170864,7.87401500
5.38271344,7.87401500
5.38371824,11.81102000
5.38472304,11.81102000
5.38572784,11.81102000
5.38673264,11.81102000
5.38773744,11.81102000
5.38874224,7.87401500
5.38974704,7.87401500
5.39075184,7.87401500
5.39175664,7.87401500
5.39276144,3.93700800
5.39376624,7.87401500
5.39477104,11.81102000
5.39577584,15.74803000
5.39678064,19.68504000
5.39778544,3.93700800
5.39879024,11.81102000
5.39979504,11.81102000
5.40079984,11.81102000
5.40180464,15.74803000
5.40280944,11.81102000
5.40381424,11.81102000
5.40481904,11.81102000
5.40582384,11.81102000
5.40682864,11.81102000
5.40783344,7.87401500
5.40883824,7.87401500
5.40984304,11.81102000
5.41084784,7.87401500
5.41185264,7.87401500
5.41285744,11.81102000
5.41386224,11.81102000
5.41486704,11.81102000
5.41587184,11.81102000
5.41687664,7.87401500
5.41788144,7.87401500
5.41888624,7.87401500
5.41989104,11.81102000
5.42089584,7.87401500
5.42190064,11.81102000
5.42290544,7.87401500
5.42391024,7.87401500
5.42491504,7.87401500
5.42591984,7.87401500
5.42692464,15.74803000
5.42792943,7.87401500
5.42893423,7.87401500
5.42993903,11.81102000
5.43094383,7.87401500
5.43194863,11.81102000
5.43295343,3.93700800
5.43395823,11.81102000
5.43496303,15.74803000
5.43596783,7.87401500
5.43697263,7.87401500
5.43797743,7.87401500
5.43898223,7.87401500
5.43998703,7.87401500
5.44099183,11.81102000
5.44199663,7.87401500
5.44300143,7.87401500
5.44400623,11.81102000
5.44501103,7.87401500
5.44601583,11.81102000
5.44702063,15.74803000
5.44802543,7.87401500
5.44903023,11.81102000
5.45003503,15.74803000
5.45103983,7.87401500
5.45204463,15.74803000
5.45304943,11.81102000
5.45405423,15.74803000
5.45505903,7.87401500
5.45606383,11.81102000
5.45706863,7.87401500
5.45807343,11.81102000
5.45907823,7.87401500
5.46008303,15.74803000
5.46108783,11.81102000
5.46209263,7.87401500
5.46309743,7.87401500
5.46410223,3.93700800
5.46510703,11.81102000
5.46611183,3.93700800
5.46711663,3.93700800
5.46812143,3.93700800
5.46912623,7.87401500
5.47013103,11.81102000
5.47113583,7.87401500
5.47214063,11.81102000
5.47314543,7.87401500
5.47415023,3.93700800
5.47515503,15.74803000
5.47615983,11.81102000
5.47716463,7.87401500
5.47816943,11.81102000
5.47917423,15.74803000
5.48017903,7.87401500
5.48118383,7.87401500
5.48218863,3.93700800
5.48319343,15.74803000
5.48419823,11.81102000
5.48520303,11.81102000
5.48620783,7.87401500
5.48721263,11.81102000
5.48821743,7.87401500
5.48922223,7.87401500
5.49022703,3.93700800
5.49123183,27.55905000
5.49223663,11.81102000
5.49324143,11.81102000
5.49424623,11.81102000
5.49525103,11.81102000
5.49625583,11.81102000
5.49726063,11.81102000
5.49826543,11.81102000
5.49927023,11.81102000
5.50027503,11.81102000
5.50127983,15.74803000
5.50228463,3.93700800
5.50328943,3.93700800
5.50429423,7.87401500
5.50529903,3.93700800
5.50630383,7.87401500
5.50730863,7.87401500
5.50831343,7.87401500
5.50931823,11.81102000
5.51032303,11.81102000
5.51132783,15.74803000
5.51233263,7.87401500
5.51333743,15.74803000
5.51434223,11.81102000
5.51534703,11.81102000
5.51635183,3.93700800
5.51735663,15.74803000
5.51836143,15.74803000
5.51936623,11.81102000
5.52037103,7.87401500
5.52137583,7.87401500
5.52238063,7.87401500
5.52338543,11.81102000
5.52439023,7.87401500
5.52539503,11.81102000
5.52639983,11.81102000
5.52740463,11.81102000
5.52840943,7.87401500
5.52941423,11.81102000
5.53041903,19.68504000
5.53142383,7.87401500
5.53242863,3.93700800
5.53343343,11.81102000
5.53443823,7.87401500
5.53544303,11.81102000
5.53644783,15.74803000
5.53745263,3.93700800
5.53845743,7.87401500
5.53946223,7.87401500
5.54046703,3.93700800
5.54147183,7.87401500
5.54247663,7.87401500
5.54348143,7.87401500
5.54448623,11.81102000
5.54549103,11.81102000
5.54649583,11.81102000
5.54750063,7.87401500
5.54850543,11.81102000
5.54951023,15.74803000
5.55051503,11.81102000
5.55151983,11.81102000
5.55252463,15.74803000
5.55352943,7.87401500
5.55453423,3.93700800
5.55553903,11.81102000
5.55654383,7.87401500
5.55754863,11.81102000
5.55855343,7.87401500
5.55955823,11.81102000
5.56056303,7.87401500
5.56156783,11.81102000
5.56257263,7.87401500
5.56357743,7.87401500
5.56458223,7.87401500
5.56558703,11.81102000
5.56659183,7.87401500
5.56759663,7.87401500
5.56860143,11.81102000
5.56960623,11.81102000
5.57061103,11.81102000
5.57161583,3.93700800
5.57262063,7.87401500
5.57362543,11.81102000
5.57463023,11.81102000
5.57563503,7.87401500
5.57663983,7.87401500
5.57764463,7.87401500
5.57864943,0.00000000
5.57965423,7.87401500
5.58065903,7.87401500
5.58166383,7.87401500
5.58266863,3.93700800
5.58367343,11.81102000
5.58467823,7.87401500
5.58568303,0.00000000
5.58668783,3.93700800
5.58769263,7.87401500
5.58869743,23.62205000
5.58970223,7.87401500
5.59070703,11.81102000
5.59171183,11.81102000
5.59271663,7.87401500
5.59372143,11.81102000
5.59472623,7.87401500
5.59573103,3.93700800
5.59673583,3.93700800
5.59774063,0.00000000
5.59874543,3.93700800
5.59975023,0.00000000
5.60075503,-3.93700800
5.60175983,-7.87401500
5.60276463,-11.81102000
5.60376943,-23.62205000
5.60477423,-15.74803000
5.60577903,-19.68504000
5.60678383,-19.68504000
5.60778863,-15.74803000
5.60879343,-23.62205000
5.60979823,-23.62205000
5.61080303,-27.55905000
5.61180783,-27.55905000
5.61281263,-27.55905000
5.61381743,-27.55905000
5.61482223,-31.49606000
5.61582703,-31.49606000
5.61683183,-27.55905000
5.61783663,-31.49606000
5.61884143,-35.43307000
5.61984623,-35.43307000
5.62085103,-39.37008000
5.62185583,-31.49606000
5.62286063,-31.49606000
5.62386543,-31.49606000
5.62487023,-31.49606000
5.62587503,-31.49606000
5.62687983,-27.55905000
5.62788463,-27.55905000
5.62888943,-27.55905000
5.62989423,-23.62205000
5.63089903,-27.55905000
5.63190383,-27.55905000
5.63290863,-23.62205000
5.63391343,-23.62205000
5.63491823,-23.62205000
5.63592303,-27.55905000
5.63692783,-23.62205000
5.63793263,-19.68504000
5.63893743,-19.68504000
5.63994223,-23.62205000
5.64094703,-23.62205000
5.64195183,-23.62205000
5.64295663,-27.55905000
5.64396143,-23.62205000
5.64496623,-27.55905000
5.64597103,-27.55905000
5.64697583,-31.49606000
5.64798063,-27.55905000
5.64898543,-27.55905000
5.64999023,-31.49606000
5.65099503,-35.43307000
5.65199983,-35.43307000
5.65300463,-39.37008000
5.65400943,-35.43307000
5.65501423,-43.30709000
5.65601903,-39.37008000
5.65702383,-39.37008000
5.65802863,-39.37008000
5.65903343,-39.37008000
5.66003823,-43.30709000
5.66104303,-39.37008000
5.66204783,-43.30709000
5.66305263,-47.24409000
5.66405743,-43.30709000
5.66506223,-39.37008000
5.66606703,-47.24409000
5.66707183,-43.30709000
5.66807663,-47.24409000
5.66908143,-47.24409000
5.67008623,-43.30709000
5.67109103,-43.30709000
5.67209583,-43.30709000
5.67310063,-43.30709000
5.67410543,-43.30709000
5.67511023,-43.30709000
5.67611503,-43.30709000
5.67711983,-43.30709000
5.67812463,-39.37008000
5.67912943,-43.30709000
5.68013423,-43.30709000
5.68113903,-43.30709000
5.68214383,-47.24409000
5.68314863,-59.05511000
5.68415343,-47.24409000
5.68515823,-47.24409000
5.68616303,-35.43307000
5.68716783,-47.24409000
5.68817263,-47.24409000
5.68917743,-51.18110000
5.69018223,-51.18110000
5.69118703,-47.24409000
5.69219183,-55.11811000
5.69319663,-51.18110000
5.69420143,-55.11811000
5.69520623,-51.18110000
5.69621103,-47.24409000
5.69721583,-51.18110000
5.69822063,-55.11811000
5.69922543,-51.18110000
5.70023023,-59.05511000
5.70123503,-55.11811000
5.70223983,-55.11811000
5.70324463,-51.18110000
5.70424943,-55.11811000
5.70525423,-59.05511000
5.70625903,-59.05511000
5.70726383,-59.05511000
5.70826863,-59.05511000
5.70927343,-59.05511000
5.71027823,-62.99212000
5.71128303,-51.18110000
5.71228783,-62.99212000
5.71329263,-59.05511000
5.71429743,-62.99212000
5.71530223,-62.99212000
5.71630703,-62.99212000
5.71731183,-66.92913000
5.71831663,-62.99212000
5.71932143,-55.11811000
5.72032623,-55.11811000
5.72133103,-62.99212000
5.72233583,-62.99212000
5.72334063,-59.05511000
5.72434543,-62.99212000
5.72535023,-62.99212000
5.72635503,-59.05511000
5.72735983,-62.99212000
5.72836463,-62.99212000
5.72936943,-62.99212000
5.73037423,-62.99212000
5.73137903,-62.99212000
5.73238383,-70.86613000
5.73338863,-70.86613000
5.73439343,-62.99212000
5.73539823,-59.05511000
5.73640303,-66.92913000
5.73740783,-62.99212000
5.73841263,-62.99212000
5.73941743,-66.92913000
5.74042223,-62.99212000
5.74142703,-59.05511000
5.74243183,-55.11811000
5.74343663,-70.86613000
5.74444143,-62.99212000
5.74544623,-66.92913000
5.74645103,-70.86613000
5.74745583,-62.99212000
5.74846063,-62.99212000
5.74946543,-70.86613000
5.75047023,-70.86613000
5.75147503,-66.92913000
5.75247983,-66.92913000
5.75348463,-66.92913000
5.75448943,-66.92913000
5.75549423,-70.86613000
5.75649902,-70.86613000
5.75750382,-66.92913000
5.75850862,-66.92913000
5.75951342,-70.86613000
5.76051822,-66.92913000
5.76152302,-66.92913000
5.76252782,-70.86613000
5.76353262,-70.86613000
5.76453742,-70.86613000
5.76554222,-74.80315000
5.76654702,-74.80315000
5.76755182,-70.86613000
5.76855662,-74.80315000
5.76956142,-74.80315000
5.77056622,-74.80315000
5.77157102,-74.80315000
5.77257582,-70.86613000
5.77358062,-66.92913000
5.77458542,-70.86613000
5.77559022,-74.80315000
5.77659502,-74.80315000
5.77759982,-74.80315000
5.77860462,-74.80315000
5.77960942,-70.86613000
5.78061422,-74.80315000
5.78161902,-74.80315000
5.78262382,-78.74015000
5.78362862,-70.86613000
5.78463342,-78.74015000
5.78563822,-74.80315000
5.78664302,-70.86613000
5.78764782,-74.80315000
5.78865262,-74.80315000
5.78965742,-74.80315000
5.79066222,-78.74015000
5.79166702,-78.74015000
5.79267182,-74.80315000
5.79367662,-74.80315000
5.79468142,-74.80315000
5.79568622,-78.74015000
5.79669102,-70.86613000
5.79769582,-82.67715000
5.79870062,-74.80315000
5.79970542,-74.80315000
5.80071022,-78.74015000
5.80171502,-74.80315000
5.80271982,-78.74015000
5.80372462,-82.67715000
5.80472942,-82.67715000
5.80573422,-78.74015000
5.80673902,-90.55118000
5.80774382,-82.67715000
5.80874862,-82.67715000
5.80975342,-86.61417000
5.81075822,-82.67715000
5.81176302,-78.74015000
5.81276782,-74.80315000
5.81377262,-86.61417000
5.81477742,-82.67715000
5.81578222,-90.55118000
5.81678702,-82.67715000
5.81779182,-82.67715000
5.81879662,-82.67715000
5.81980142,-86.61417000
5.82080622,-78.74015000
5.82181102,-86.61417000
5.82281582,-86.61417000
5.82382062,-86.61417000
5.82482542,-86.61417000
5.82583022,-90.55118000
5.82683502,-86.61417000
5.82783982,-82.67715000
5.82884462,-86.61417000
5.82984942,-90.55118000
5.83085422,-86.61417000
5.83185902,-90.55118000
5.83286382,-86.61417000
5.83386862,-82.67715000
5.83487342,-82.67715000
5.83587822,-86.61417000
5.83688302,-82.67715000
5.83788782,-82.67715000
5.83889262,-86.61417000
5.83989742,-82.67715000
5.84090222,-90.55118000
5.84190702,-86.61417000
5.84291182,-90.55118000
5.84391662,-86.61417000
5.84492142,-86.61417000
5.84592622,-94.48818000
5.84693102,-94.48818000
5.84793582,-90.55118000
5.84894062,-90.55118000
5.84994542,-90.55118000
5.85095022,-86.61417000
5.85195502,-94.48818000
5.85295982,-86.61417000
5.85396462,-86.61417000
5.85496942,-90.55118000
5.85597422,-90.55118000
5.85697902,-86.61417000
5.85798382,-90.55118000
5.85898862,-94.48818000
5.85999342,-90.55118000
5.86099822,-82.67715000
5.86200302,-90.55118000
5.86300782,-94.48818000
5.86401262,-90.55118000
5.86501742,-90.55118000
5.86602222,-90.55118000
5.86702702,-86.61417000
5.86803182,-98.42519000
5.86903662,-90.55118000
5.87004142,-90.55118000
5.87104622,-98.42519000
5.87205102,-94.48818000
5.87305582,-86.61417000
5.87406062,-90.55118000
5.87506542,-98.42519000
5.87607022,-86.61417000
5.87707502,-94.48818000
5.87807982,-102.36220000
5.87908462,-90.55118000
5.88008942,-98.42519000
5.88109422,-90.55118000
5.88209902,-98.42519000
5.88310382,-98.42519000
5.88410862,-102.36220000
5.88511342,-98.42519000
5.88611822,-90.55118000
5.88712302,-98.42519000
5.88812782,-94.48818000
5.88913262,-94.48818000
5.89013742,-102.36220000
5.89114222,-94.48818000
5.89214702,-98.42519000
5.89315182,-98.42519000
5.89415662,-94.48818000
5.89516142,-102.36220000
5.89616622,-102.36220000
5.89717102,-106.29920000
5.89817582,-94.48818000
5.89918062,-94.48818000
5.90018542,-98.42519000
5.90119022,-102.36220000
5.90219502,-98.42519000
5.90319982,-106.29920000
5.90420462,-98.42519000
5.90520942,-102.36220000
5.90621422,-102.36220000
5.90721902,-98.42519000
5.90822382,-98.42519000
5.90922862,-94.48818000
5.91023342,-98.42519000
5.91123822,-98.42519000
5.91224302,-98.42519000
5.91324782,-102.36220000
5.91425262,-94.48818000
5.91525742,-98.42519000
5.91626222,-102.36220000
5.91726702,-98.42519000
5.91827182,-102.36220000
5.91927662,-98.42519000
5.92028142,-102.36220000
5.92128622,-102.36220000
5.92229102,-102.36220000
5.92329582,-102.36220000
5.92430062,-98.42519000
5.92530542,-94.48818000
5.92631022,-102.36220000
5.92731502,-106.29920000
5.92831982,-102.36220000
5.92932462,-106.29920000
5.93032942,-102.36220000
5.93133422,-106.29920000
5.93233902,-102.36220000
5.93334382,-106.29920000
5.93434862,-102.36220000
5.93535342,-106.29920000
5.93635822,-102.36220000
5.93736302,-106.29920000
5.93836782,-106.29920000
5.93937262,-102.36220000
5.94037742,-110.23620000
5.94138222,-106.29920000
5.94238702,-110.23620000
5.94339182,-110.23620000
5.94439662,-110.23620000
5.94540142,-114.17320000
5.94640622,-110.23620000
5.94741102,-110.23620000
5.94841582,-110.23620000
5.94942062,-106.29920000
5.95042542,-106.29920000
5.95143022,-110.23620000
5.95243502,-106.29920000
5.95343982,-106.29920000
5.95444462,-110.23620000
5.95544942,-106.29920000
5.95645422,-110.23620000
5.95745902,-114.17320000
5.95846382,-118.11020000
5.95946862,-110.23620000
5.96047342,-110.23620000
5.96147822,-110.23620000
5.96248302,-114.17320000
5.96348782,-106.29920000
5.96449262,-106.29920000
5.96549742,-114.17320000
5.96650222,-110.23620000
5.96750702,-114.17320000
5.96851182,-106.29920000
5.96951662,-114.17320000
5.97052142,-110.23620000
5.97152622,-106.29920000
5.97253102,-106.29920000
5.97353582,-110.23620000
5.97454062,-114.17320000
5.97554542,-118.11020000
5.97655022,-110.23620000
5.97755502,-118.11020000
5.97855982,-114.17320000
5.97956462,-114.17320000
5.98056942,-118.11020000
5.98157422,-114.17320000
5.98257902,-114.17320000
5.98358382,-118.11020000
5.98458862,-110.23620000
5.98559342,-114.17320000
5.98659822,-118.11020000
5.98760302,-114.17320000
5.98860782,-118.11020000
5.98961262,-114.17320000
5.99061742,-118.11020000
5.99162222,-122.04720000
5.99262702,-118.11020000
5.99363182,-118.11020000
5.99463662,-102.36220000
5.99564142,-122.04720000
5.99664622,-122.04720000
5.99765102,-118.11020000
5.99865582,-118.11020000
5.99966062,-118.11020000
6.00066542,-114.17320000
6.00167022,-118.11020000
6.00267502,-114.17320000
6.00367982,-118.11020000
6.00468462,-118.11020000
6.00568942,-118.11020000
6.00669422,-122.04720000
6.00769902,-118.11020000
6.00870382,-122.04720000
6.00970862,-122.04720000
6.01071342,-118.11020000
6.01171822,-122.04720000
6.01272302,-118.11020000
6.01372782,-122.04720000
6.01473262,-125.98420000
6.01573742,-122.04720000
6.01674222,-122.04720000
6.01774702,-122.04720000
6.01875182,-125.98420000
6.01975662,-125.98420000
6.02076142,-122.04720000
6.02176622,-125.98420000
6.02277102,-122.04720000
6.02377582,-125.98420000
6.02478062,-122.04720000
6.02578542,-122.04720000
6.02679022,-125.98420000
6.02779502,-118.11020000
6.02879982,-118.11020000
6.02980462,-122.04720000
6.03080942,-122.04720000
6.03181422,-129.92120000
6.03281902,-125.98420000
6.03382382,-133.85830000
6.03482862,-125.98420000
6.03583342,-125.98420000
6.03683822,-122.04720000
6.03784302,-122.04720000
6.03884782,-122.04720000
6.03985262,-122.04720000
6.04085742,-129.92120000
6.04186222,-125.98420000
6.04286702,-125.98420000
6.04387182,-125.98420000
6.04487662,-122.04720000
6.04588142,-125.98420000
6.04688622,-125.98420000
6.04789102,-125.98420000
6.04889582,-122.04720000
6.04990062,-125.98420000
6.05090542,-122.04720000
6.05191022,-125.98420000
6.05291502,-122.04720000
6.05391982,-122.04720000
6.05492462,-122.04720000
6.05592942,-122.04720000
6.05693422,-125.98420000
6.05793902,-129.92120000
6.05894382,-129.92120000
6.05994862,-129.92120000
6.06095342,-129.92120000
6.06195822,-125.98420000
6.06296302,-125.98420000
6.06396782,-129.92120000
6.06497262,-125.98420000
6.06597742,-129.92120000
6.06698222,-125.98420000
6.06798702,-129.92120000
6.06899182,-129.92120000
6.06999662,-133.85830000
6.07100142,-137.79530000
6.07200622,-141.73230000
6.07301102,-133.85830000
6.07401582,-137.79530000
6.07502062,-137.79530000
6.07602542,-137.79530000
6.07703022,-133.85830000
6.07803502,-133.85830000
6.07903982,-129.92120000
6.08004462,-137.79530000
6.08104942,-133.85830000
6.08205422,-137.79530000
6.08305902,-133.85830000
6.08406382,-137.79530000
6.08506861,-137.79530000
6.08607341,-133.85830000
6.08707821,-137.79530000
6.08808301,-137.79530000
6.08908781,-149.60630000
6.09009261,-145.66930000
6.09109741,-141.73230000
6.09210221,-122.04720000
6.09310701,-137.79530000
6.09411181,-137.79530000
6.09511661,-137.79530000
6.09612141,-137.79530000
6.09712621,-141.73230000
6.09813101,-137.79530000
6.09913581,-129.92120000
6.10014061,-137.79530000
6.10114541,-137.79530000
6.10215021,-133.85830000
6.10315501,-137.79530000
6.10415981,-137.79530000
6.10516461,-133.85830000
6.10616941,-137.79530000
6.10717421,-133.85830000
6.10817901,-137.79530000
6.10918381,-122.04720000
6.11018861,-141.73230000
6.11119341,-137.79530000
6.11219821,-133.85830000
6.11320301,-137.79530000
6.11420781,-137.79530000
6.11521261,-133.85830000
6.11621741,-133.85830000
6.11722221,-133.85830000
6.11822701,-141.73230000
6.11923181,-137.79530000
6.12023661,-145.66930000
6.12124141,-133.85830000
6.12224621,-141.73230000
6.12325101,-141.73230000
6.12425581,-145.66930000
6.12526061,-141.73230000
6.12626541,-141.73230000
6.12727021,-145.66930000
6.12827501,-137.79530000
6.12927981,-145.66930000
6.13028461,-141.73230000
6.13128941,-149.60630000
6.13229421,-145.66930000
6.13329901,-145.66930000
6.13430381,-145.66930000
6.13530861,-145.66930000
6.13631341,-141.73230000
6.13731821,-145.66930000
6.13832301,-149.60630000
6.13932781,-145.66930000
6.14033261,-149.60630000
6.14133741,-141.73230000
6.14234221,-141.73230000
6.14334701,-141.73230000
6.14435181,-145.66930000
6.14535661,-145.66930000
6.14636141,-137.79530000
6.14736621,-141.73230000
6.14837101,-145.66930000
6.14937581,-141.73230000
6.15038061,-137.79530000
6.15138541,-141.73230000
6.15239021,-141.73230000
6.15339501,-133.85830000
6.15439981,-133.85830000
6.15540461,-141.73230000
6.15640941,-141.73230000
6.15741421,-141.73230000
6.15841901,-137.79530000
6.15942381,-145.66930000
6.16042861,-137.79530000
6.16143341,-141.73230000
6.16243821,-141.73230000
6.16344301,-141.73230000
6.16444781,-137.79530000
6.16545261,-141.73230000
6.16645741,-141.73230000
6.16746221,-145.66930000
6.16846701,-145.66930000
6.16947181,-145.66930000
6.17047661,-149.60630000
6.17148141,-149.60630000
6.17248621,-149.60630000
6.17349101,-149.60630000
6.17449581,-149.60630000
6.17550061,-145.66930000
6.17650541,-149.60630000
6.17751021,-145.66930000
6.17851501,-149.60630000
6.17951981,-149.60630000
6.18052461,-149.60630000
6.18152941,-145.66930000
6.18253421,-149.60630000
6.18353901,-149.60630000
6.18454381,-141.73230000
6.18554861,-153.54330000
6.18655341,-165.35430000
6.18755821,-153.54330000
6.18856301,-149.60630000
6.18956781,-137.79530000
6.19057261,-145.66930000
6.19157741,-145.66930000
6.19258221,-145.66930000
6.19358701,-145.66930000
6.19459181,-141.73230000
6.19559661,-145.66930000
6.19660141,-149.60630000
6.19760621,-145.66930000
6.19861101,-145.66930000
6.19961581,-145.66930000
6.20062061,-141.73230000
6.20162541,-145.66930000
6.20263021,-145.66930000
6.20363501,-145.66930000
6.20463981,-145.66930000
6.20564461,-153.54330000
6.20664941,-145.66930000
6.20765421,-145.66930000
6.20865901,-149.60630000
6.20966381,-153.54330000
6.21066861,-149.60630000
6.21167341,-149.60630000
6.21267821,-149.60630000
6.21368301,-149.60630000
6.21468781,-149.60630000
6.21569261,-145.66930000
6.21669741,-149.60630000
6.21770221,-153.54330000
6.21870701,-149.60630000
6.21971181,-157.48030000
6.22071661,-157.48030000
6.22172141,-157.48030000
6.22272621,-157.48030000
6.22373101,-149.60630000
6.22473581,-157.48030000
6.22574061,-157.48030000
6.22674541,-153.54330000
6.22775021,-157.48030000
6.22875501,-153.54330000
6.22975981,-149.60630000
6.23076461,-153.54330000
6.23176941,-149.60630000
6.23277421,-149.60630000
6.23377901,-153.54330000
6.23478381,-157.48030000
6.23578861,-153.54330000
6.23679341,-153.54330000
6.23779821,-161.41730000
6.23880301,-149.60630000
6.23980781,-153.54330000
6.24081261,-153.54330000
6.24181741,-149.60630000
6.24282221,-153.54330000
6.24382701,-153.54330000
6.24483181,-145.66930000
6.24583661,-149.60630000
6.24684141,-153.54330000
6.24784621,-153.54330000
6.24885101,-153.54330000
6.24985581,-157.48030000
6.25086061,-153.54330000
6.25186541,-157.48030000
6.25287021,-157.48030000
6.25387501,-161.41730000
6.25487981,-149.60630000
6.25588461,-153.54330000
6.25688941,-157.48030000
6.25789421,-157.48030000
6.25889901,-157.48030000
6.25990381,-165.35430000
6.26090861,-165.35430000
6.26191341,-161.41730000
6.26291821,-161.41730000
6.26392301,-161.41730000
6.26492781,-157.48030000
6.26593261,-157.48030000
6.26693741,-153.54330000
6.26794221,-157.48030000
6.26894701,-161.41730000
6.26995181,-165.35430000
6.27095661,-161.41730000
6.27196141,-161.41730000
6.27296621,-157.48030000
6.27397101,-161.41730000
6.27497581,-161.41730000
6.27598061,-161.41730000
6.27698541,-157.48030000
6.27799021,-157.48030000
6.27899501,-157.48030000
6.27999981,-161.41730000
6.28100461,-161.41730000
6.28200941,-161.41730000
6.28301421,-161.41730000
6.28401901,-165.35430000
6.28502381,-165.35430000
6.28602861,-165.35430000
6.28703341,-161.41730000
6.28803821,-161.41730000
6.28904301,-165.35430000
6.29004781,-161.41730000
6.29105261,-165.35430000
6.29205741,-157.48030000
6.29306221,-161.41730000
6.29406701,-165.35430000
6.29507181,-161.41730000
6.29607661,-165.35430000
6.29708141,-165.35430000
6.29808621,-161.41730000
6.29909101,-169.29130000
6.30009581,-161.41730000
6.30110061,-169.29130000
6.30210541,-161.41730000
6.30311021,-165.35430000
6.30411501,-161.41730000
6.30511981,-161.41730000
6.30612461,-165.35430000
6.30712941,-161.41730000
6.30813421,-165.35430000
6.30913901,-157.48030000
6.31014381,-165.35430000
6.31114861,-169.29130000
6.31215341,-161.41730000
6.31315821,-165.35430000
6.31416301,-161.41730000
6.31516781,-157.48030000
6.31617261,-157.48030000
6.31717741,-169.29130000
6.31818221,-169.29130000
6.31918701,-165.35430000
6.32019181,-169.29130000
6.32119661,-165.35430000
6.32220141,-161.41730000
6.32320621,-161.41730000
6.32421101,-165.35430000
6.32521581,-161.41730000
6.32622061,-169.29130000
6.32722541,-169.29130000
6.32823021,-161.41730000
6.32923501,-165.35430000
6.33023981,-165.35430000
6.33124461,-165.35430000
6.33224941,-165.35430000
6.33325421,-165.35430000
6.33425901,-173.22830000
6.33526381,-153.54330000
6.33626861,-169.29130000
6.33727341,-165.35430000
6.33827821,-169.29130000
6.33928301,-165.35430000
6.34028781,-165.35430000
6.34129261,-165.35430000
6.34229741,-165.35430000
6.34330221,-165.35430000
6.34430701,-161.41730000
6.34531181,-165.35430000
6.34631661,-161.41730000
6.34732141,-165.35430000
6.34832621,-161.41730000
6.34933101,-165.35430000
6.35033581,-173.22830000
6.35134061,-169.29130000
6.35234541,-169.29130000
6.35335021,-161.41730000
6.35435501,-165.35430000
6.35535981,-165.35430000
6.35636461,-161.41730000
6.35736941,-169.29130000
6.35837421,-173.22830000
6.35937901,-165.35430000
6.36038381,-169.29130000
6.36138861,-173.22830000
6.36239341,-173.22830000
6.36339821,-173.22830000
6.36440301,-173.22830000
6.36540781,-173.22830000
6.36641261,-177.16530000
6.36741741,-181.10240000
6.36842221,-173.22830000
6.36942701,-177.16530000
6.37043181,-181.10240000
6.37143661,-177.16530000
6.37244141,-177.16530000
6.37344621,-185.03940000
6.37445101,-181.10240000
6.37545581,-188.97640000
6.37646061,-181.10240000
6.37746541,-181.10240000
6.37847021,-177.16530000
6.37947501,-181.10240000
6.38047981,-177.16530000
6.38148461,-185.03940000
6.38248941,-185.03940000
6.38349421,-181.10240000
6.38449901,-173.22830000
6.38550381,-181.10240000
6.38650861,-181.10240000
6.38751341,-185.03940000
6.38851821,-181.10240000
6.38952301,-177.16530000
6.39052781,-177.16530000
6.39153261,-181.10240000
6.39253741,-177.16530000
6.39354221,-177.16530000
6.39454701,-181.10240000
6.39555181,-177.16530000
6.39655661,-177.16530000
6.39756141,-181.10240000
6.39856621,-177.16530000
6.39957101,-185.03940000
6.40057581,-177.16530000
6.40158061,-177.16530000
6.40258541,-177.16530000
6.40359021,-181.10240000
6.40459501,-177.16530000
6.40559981,-181.10240000
6.40660461,-173.22830000
6.40760941,-177.16530000
6.40861421,-173.22830000
6.40961901,-177.16530000
6.41062381,-185.03940000
6.41162861,-185.03940000
6.41263341,-181.10240000
6.41363821,-173.22830000
6.41464300,-181.10240000
6.41564780,-181.10240000
6.41665260,-177.16530000
6.41765740,-173.22830000
6.41866220,-173.22830000
6.41966700,-173.22830000
6.42067180,-173.22830000
6.42167660,-181.10240000
6.42268140,-181.10240000
6.42368620,-181.10240000
6.42469100,-181.10240000
6.42569580,-181.10240000
6.42670060,-185.03940000
6.42770540,-181.10240000
6.42871020,-181.10240000
6.42971500,-181.10240000
6.43071980,-188.97640000
6.43172460,-181.10240000
6.43272940,-185.03940000
6.43373420,-181.10240000
6.43473900,-185.03940000
6.43574380,-185.03940000
6.43674860,-185.03940000
6.43775340,-188.97640000
6.43875820,-185.03940000
6.43976300,-185.03940000
6.44076780,-185.03940000
6.44177260,-181.10240000
6.44277740,-185.03940000
6.44378220,-185.03940000
6.44478700,-188.97640000
6.44579180,-181.10240000
6.44679660,-188.97640000
6.44780140,-181.10240000
6.44880620,-192.91340000
6.44981100,-188.97640000
6.45081580,-188.97640000
6.45182060,-185.03940000
6.45282540,-188.97640000
6.45383020,-181.10240000
6.45483500,-188.97640000
6.45583980,-181.10240000
6.45684460,-188.97640000
6.45784940,-181.10240000
6.45885420,-185.03940000
6.45985900,-188.97640000
6.46086380,-185.03940000
6.46186860,-185.03940000
6.46287340,-181.10240000
6.46387820,-188.97640000
6.46488300,-185.03940000
6.46588780,-185.03940000
6.46689260,-181.10240000
6.46789740,-185.03940000
6.46890220,-181.10240000
6.46990700,-185.03940000
6.47091180,-181.10240000
6.47191660,-185.03940000
6.47292140,-188.97640000
6.47392620,-181.10240000
6.47493100,-185.03940000
6.47593580,-185.03940000
6.47694060,-185.03940000
6.47794540,-181.10240000
6.47895020,-188.97640000
6.47995500,-185.03940000
6.48095980,-185.03940000
6.48196460,-185.03940000
6.48296940,-185.03940000
6.48397420,-188.97640000
6.48497900,-185.03940000
6.48598380,-188.97640000
6.48698860,-188.97640000
6.48799340,-196.85040000
6.48899820,-188.97640000
6.49000300,-185.03940000
6.49100780,-188.97640000
6.49201260,-185.03940000
6.49301740,-177.16530000
6.49402220,-181.10240000
6.49502700,-192.91340000
6.49603180,-192.91340000
6.49703660,-188.97640000
6.49804140,-181.10240000
6.49904620,-188.97640000
6.50005100,-185.03940000
6.50105580,-192.91340000
6.50206060,-188.97640000
6.50306540,-192.91340000
6.50407020,-188.97640000
6.50507500,-188.97640000
6.50607980,-185.03940000
6.50708460,-188.97640000
6.50808940,-188.97640000
6.50909420,-185.03940000
6.51009900,-188.97640000
6.51110380,-188.97640000
6.51210860,-188.97640000
6.51311340,-196.85040000
6.51411820,-188.97640000
6.51512300,-188.97640000
6.51612780,-188.97640000
6.51713260,-188.97640000
6.51813740,-185.03940000
6.51914220,-185.03940000
6.52014700,-188.97640000
6.52115180,-192.91340000
6.52215660,-188.97640000
6.52316140,-192.91340000
6.52416620,-192.91340000
6.52517100,-188.97640000
6.52617580,-192.91340000
6.52718060,-192.91340000
6.52818540,-192.91340000
6.52919020,-196.85040000
6.53019500,-188.97640000
6.53119980,-188.97640000
6.53220460,-188.97640000
6.53320940,-188.97640000
6.53421420,-188.97640000
6.53521900,-188.97640000
6.53622380,-192.91340000
6.53722860,-192.91340000
6.53823340,-185.03940000
6.53923820,-188.97640000
6.54024300,-192.91340000
6.54124780,-185.03940000
6.54225260,-192.91340000
6.54325740,-188.97640000
6.54426220,-192.91340000
6.54526700,-200.78740000
6.54627180,-188.97640000
6.54727660,-188.97640000
6.54828140,-192.91340000
6.54928620,-192.91340000
6.55029100,-192.91340000
6.55129580,-185.03940000
6.55230060,-188.97640000
6.55330540,-188.97640000
6.55431020,-185.03940000
6.55531500,-192.91340000
6.55631980,-196.85040000
6.55732460,-188.97640000
6.55832940,-185.03940000
6.55933420,-188.97640000
6.56033900,-192.91340000
6.56134380,-192.91340000
6.56234860,-200.78740000
6.56335340,-196.85040000
6.56435820,-192.91340000
6.56536300,-196.85040000
6.56636780,-188.97640000
6.56737260,-188.97640000
6.56837740,-192.91340000
6.56938220,-192.91340000
6.57038700,-188.97640000
6.57139180,-196.85040000
6.57239660,-188.97640000
6.57340140,-188.97640000
6.57440620,-196.85040000
6.57541100,-188.97640000
6.57641580,-188.97640000
6.57742060,-192.91340000
6.57842540,-192.91340000
6.57943020,-192.91340000
6.58043500,-196.85040000
6.58143980,-192.91340000
6.58244460,-192.91340000
6.58344940,-196.85040000
6.58445420,-192.91340000
6.58545900,-196.85040000
6.58646380,-192.91340000
6.58746860,-192.91340000
6.58847340,-192.91340000
6.58947820,-192.91340000
6.59048300,-192.91340000
6.59148780,-192.91340000
6.59249260,-196.85040000
6.59349740,-200.78740000
6.59450220,-188.97640000
6.59550700,-177.16530000
6.59651180,-188.97640000
6.59751660,-196.85040000
6.59852140,-200.78740000
6.59952620,-196.85040000
6.60053100,-196.85040000
6.60153580,-200.78740000
6.60254060,-188.97640000
6.60354540,-200.78740000
6.60455020,-192.91340000
6.60555500,-188.97640000
6.60655980,-188.97640000
6.60756460,-192.91340000
6.60856940,-188.97640000
6.60957420,-196.85040000
6.61057900,-196.85040000
6.61158380,-192.91340000
6.61258860,-188.97640000
6.61359340,-196.85040000
6.61459820,-196.85040000
6.61560300,-192.91340000
6.61660780,-196.85040000
6.61761260,-192.91340000
6.61861740,-188.97640000
6.61962220,-192.91340000
6.62062700,-192.91340000
6.62163180,-188.97640000
6.62263660,-192.91340000
6.62364140,-196.85040000
6.62464620,-188.97640000
6.62565100,-196.85040000
6.62665580,-196.85040000
6.62766060,-188.97640000
6.62866540,-192.91340000
6.62967020,-192.91340000
6.63067500,-192.91340000
6.63167980,-188.97640000
6.63268460,-192.91340000
6.63368940,-192.91340000
6.63469420,-185.03940000
6.63569900,-192.91340000
6.63670380,-192.91340000
6.63770860,-196.85040000
6.63871340,-188.97640000
6.63971820,-192.91340000
6.64072300,-192.91340000
6.64172780,-192.91340000
6.64273260,-192.91340000
6.64373740,-192.91340000
6.64474220,-188.97640000
6.64574700,-188.97640000
6.64675180,-188.97640000
6.64775660,-188.97640000
6.64876140,-196.85040000
6.64976620,-188.97640000
6.65077100,-188.97640000
6.65177580,-192.91340000
6.65278060,-192.91340000
6.65378540,-192.91340000
6.65479020,-196.85040000
6.65579500,-188.97640000
6.65679980,-196.85040000
6.65780460,-192.91340000
6.65880940,-200.78740000
6.65981420,-192.91340000
6.66081900,-196.85040000
6.66182380,-196.85040000
6.66282860,-188.97640000
6.66383340,-192.91340000
6.66483820,-188.97640000
6.66584300,-188.97640000
6.66684780,-196.85040000
6.66785260,-196.85040000
6.66885740,-196.85040000
6.66986220,-188.97640000
6.67086700,-188.97640000
6.67187180,-192.91340000
6.67287660,-188.97640000
6.67388140,-192.91340000
6.67488620,-204.72440000
6.67589100,-200.78740000
6.67689580,-192.91340000
6.67790060,-196.85040000
6.67890540,-192.91340000
6.67991020,-188.97640000
6.68091500,-188.97640000
6.68191980,-188.97640000
6.68292460,-188.97640000
6.68392940,-188.97640000
6.68493420,-188.97640000
6.68593900,-188.97640000
6.68694380,-192.91340000
6.68794860,-188.97640000
6.68895340,-188.97640000
6.68995820,-204.72440000
6.69096300,-192.91340000
6.69196780,-192.91340000
6.69297260,-188.97640000
6.69397740,-188.97640000
6.69498220,-192.91340000
6.69598700,-188.97640000
6.69699180,-192.91340000
6.69799660,-192.91340000
6.69900140,-188.97640000
6.70000620,-188.97640000
6.70101100,-192.91340000
6.70201580,-196.85040000
6.70302060,-196.85040000
6.70402540,-192.91340000
6.70503020,-196.85040000
6.70603500,-188.97640000
6.70703980,-200.78740000
6.70804460,-196.85040000
6.70904940,-192.91340000
6.71005420,-192.91340000
6.71105900,-192.91340000
6.71206380,-204.72440000
6.71306860,-196.85040000
6.71407340,-200.78740000
6.71507820,-188.97640000
6.71608300,-196.85040000
6.71708780,-188.97640000
6.71809260,-188.97640000
6.71909740,-192.91340000
6.72010220,-196.85040000
6.72110700,-188.97640000
6.72211180,-185.03940000
6.72311660,-188.97640000
6.72412140,-188.97640000
6.72512620,-196.85040000
6.72613100,-192.91340000
6.72713580,-192.91340000
6.72814060,-188.97640000
6.72914540,-192.91340000
6.73015020,-192.91340000
6.73115500,-192.91340000
6.73215980,-196.85040000
6.73316460,-192.91340000
6.73416940,-188.97640000
6.73517420,-192.91340000
6.73617900,-185.03940000
6.73718380,-188.97640000
6.73818860,-192.91340000
6.73919340,-185.03940000
6.74019820,-188.97640000
6.74120300,-196.85040000
6.74220780,-192.91340000
6.74321259,-188.97640000
6.74421739,-192.91340000
6.74522219,-196.85040000
6.74622699,-188.97640000
6.74723179,-192.91340000
6.74823659,-192.91340000
6.74924139,-188.97640000
6.75024619,-181.10240000
6.75125099,-192.91340000
6.75225579,-188.97640000
6.75326059,-188.97640000
6.75426539,-188.97640000
6.75527019,-181.10240000
6.75627499,-188.97640000
6.75727979,-188.97640000
6.75828459,-185.03940000
6.75928939,-188.97640000
6.76029419,-192.91340000
6.76129899,-185.03940000
6.76230379,-185.03940000
6.76330859,-185.03940000
6.76431339,-188.97640000
6.76531819,-185.03940000
6.76632299,-188.97640000
6.76732779,-185.03940000
6.76833259,-185.03940000
6.76933739,-185.03940000
6.77034219,-188.97640000
6.77134699,-188.97640000
6.77235179,-188.97640000
6.77335659,-192.91340000
6.77436139,-185.03940000
6.77536619,-188.97640000
6.77637099,-185.03940000
6.77737579,-188.97640000
6.77838059,-188.97640000
6.77938539,-181.10240000
6.78039019,-192.91340000
6.78139499,-185.03940000
6.78239979,-192.91340000
6.78340459,-188.97640000
6.78440939,-188.97640000
6.78541419,-185.03940000
6.78641899,-188.97640000
6.78742379,-192.91340000
6.78842859,-177.16530000
6.78943339,-200.78740000
6.79043819,-188.97640000
6.79144299,-192.91340000
6.79244779,-185.03940000
6.79345259,-188.97640000
6.79445739,-196.85040000
6.79546219,-185.03940000
6.79646699,-185.03940000
6.79747179,-188.97640000
6.79847659,-185.03940000
6.79948139,-185.03940000
6.80048619,-181.10240000
6.80149099,-181.10240000
6.80249579,-188.97640000
6.80350059,-188.97640000
6.80450539,-188.97640000
6.80551019,-185.03940000
6.80651499,-192.91340000
6.80751979,-185.03940000
6.80852459,-185.03940000
6.80952939,-188.97640000
6.81053419,-188.97640000
6.81153899,-188.97640000
6.81254379,-188.97640000
6.81354859,-185.03940000
6.81455339,-185.03940000
6.81555819,-185.03940000
6.81656299,-185.03940000
6.81756779,-188.97640000
6.81857259,-188.97640000
6.81957739,-185.03940000
6.82058219,-188.97640000
6.82158699,-188.97640000
6.82259179,-188.97640000
6.82359659,-188.97640000
6.82460139,-188.97640000
6.82560619,-185.03940000
6.82661099,-200.78740000
6.82761579,-192.91340000
6.82862059,-188.97640000
6.82962539,-192.91340000
6.83063019,-181.10240000
6.83163499,-188.97640000
6.83263979,-185.03940000
6.83364459,-185.03940000
6.83464939,-185.03940000
6.83565419,-188.97640000
6.83665899,-185.03940000
6.83766379,-185.03940000
6.83866859,-192.91340000
6.83967339,-188.97640000
6.84067819,-185.03940000
6.84168299,-185.03940000
6.84268779,-188.97640000
6.84369259,-188.97640000
6.84469739,-188.97640000
6.84570219,-188.97640000
6.84670699,-188.97640000
6.84771179,-188.97640000
6.84871659,-188.97640000
6.84972139,-185.03940000
6.85072619,-188.97640000
6.85173099,-185.03940000
6.85273579,-188.97640000
6.85374059,-188.97640000
6.85474539,-188.97640000
6.85575019,-185.03940000
6.85675499,-188.97640000
6.85775979,-188.97640000
6.85876459,-185.03940000
6.85976939,-188.97640000
6.86077419,-181.10240000
6.86177899,-185.03940000
6.86278379,-185.03940000
6.86378859,-188.97640000
6.86479339,-185.03940000
6.86579819,-188.97640000
6.86680299,-192.91340000
6.86780779,-188.97640000
6.86881259,-188.97640000
6.86981739,-188.97640000
6.87082219,-188.97640000
6.87182699,-185.03940000
6.87283179,-185.03940000
6.87383659,-177.16530000
6.87484139,-188.97640000
6.87584619,-185.03940000
6.87685099,-188.97640000
6.87785579,-181.10240000
6.87886059,-192.91340000
6.87986539,-181.10240000
6.88087019,-185.03940000
6.88187499,-188.97640000
6.88287979,-188.97640000
6.88388459,-185.03940000
6.88488939,-188.97640000
6.88589419,-188.97640000
6.88689899,-185.03940000
6.88790379,-181.10240000
6.88890859,-185.03940000
6.88991339,-185.03940000
6.89091819,-181.10240000
6.89192299,-188.97640000
6.89292779,-185.03940000
6.89393259,-185.03940000
6.89493739,-188.97640000
6.89594219,-185.03940000
6.89694699,-188.97640000
6.89795179,-185.03940000
6.89895659,-192.91340000
6.89996139,-181.10240000
6.90096619,-181.10240000
6.90197099,-181.10240000
6.90297579,-188.97640000
6.90398059,-196.85040000
6.90498539,-188.97640000
6.90599019,-185.03940000
6.90699499,-185.03940000
6.90799979,-181.10240000
6.90900459,-177.16530000
6.91000939,-185.03940000
6.91101419,-181.10240000
6.91201899,-181.10240000
6.91302379,-181.10240000
6.91402859,-177.16530000
6.91503339,-177.16530000
6.91603819,-185.03940000
6.91704299,-181.10240000
6.91804779,-185.03940000
6.91905259,-177.16530000
6.92005739,-185.03940000
6.92106219,-173.22830000
6.92206699,-185.03940000
6.92307179,-177.16530000
6.92407659,-181.10240000
6.92508139,-181.10240000
6.92608619,-185.03940000
6.92709099,-173.22830000
6.92809579,-181.10240000
6.92910059,-181.10240000
6.93010539,-177.16530000
6.93111019,-181.10240000
6.93211499,-181.10240000
6.93311979,-181.10240000
6.93412459,-181.10240000
6.93512939,-188.97640000
6.93613419,-185.03940000
6.93713899,-177.16530000
6.93814379,-181.10240000
6.93914859,-177.16530000
6.94015339,-181.10240000
6.94115819,-185.03940000
6.94216299,-181.10240000
6.94316779,-181.10240000
6.94417259,-181.10240000
6.94517739,-181.10240000
6.94618219,-177.16530000
6.94718699,-177.16530000
6.94819179,-177.16530000
6.94919659,-177.16530000
6.95020139,-177.16530000
6.95120619,-177.16530000
6.95221099,-181.10240000
6.95321579,-177.16530000
6.95422059,-185.03940000
6.95522539,-177.16530000
6.95623019,-177.16530000
6.95723499,-177.16530000
6.95823979,-181.10240000
6.95924459,-181.10240000
6.96024939,-181.10240000
6.96125419,-177.16530000
6.96225899,-181.10240000
6.96326379,-177.16530000
6.96426859,-185.03940000
6.96527339,-181.10240000
6.96627819,-181.10240000
6.96728299,-181.10240000
6.96828779,-185.03940000
6.96929259,-181.10240000
6.97029739,-185.03940000
6.97130219,-181.10240000
6.97230699,-181.10240000
6.97331179,-181.10240000
6.97431659,-181.10240000
6.97532139,-188.97640000
6.97632619,-185.03940000
6.97733099,-181.10240000
6.97833579,-192.91340000
6.97934059,-188.97640000
6.98034539,-181.10240000
6.98135019,-185.03940000
6.98235499,-188.97640000
6.98335979,-185.03940000
6.98436459,-185.03940000
6.98536939,-177.16530000
6.98637419,-177.16530000
6.98737899,-181.10240000
6.98838379,-177.16530000
6.98938859,-181.10240000
6.99039339,-181.10240000
6.99139819,-181.10240000
6.99240299,-181.10240000
6.99340779,-181.10240000
6.99441259,-181.10240000
6.99541739,-181.10240000
6.99642219,-181.10240000
6.99742699,-181.10240000
6.99843179,-188.97640000
6.99943659,-185.03940000
7.00044139,-188.97640000
7.00144619,-181.10240000
7.00245099,-185.03940000
7.00345579,-188.97640000
7.00446059,-181.10240000
7.00546539,-185.03940000
7.00647019,-181.10240000
7.00747499,-181.10240000
7.00847979,-185.03940000
7.00948459,-181.10240000
7.01048939,-185.03940000
7.01149419,-185.03940000
7.01249899,-181.10240000
7.01350379,-185.03940000
7.01450859,-185.03940000
7.01551339,-196.85040000
7.01651819,-188.97640000
7.01752299,-188.97640000
7.01852779,-185.03940000
7.01953259,-188.97640000
7.02053739,-181.10240000
7.02154219,-185.03940000
7.02254699,-188.97640000
7.02355179,-185.03940000
7.02455659,-185.03940000
7.02556139,-185.03940000
7.02656619,-181.10240000
7.02757099,-181.10240000
7.02857579,-181.10240000
7.02958059,-177.16530000
7.03058539,-185.03940000
7.03159019,-188.97640000
7.03259499,-177.16530000
7.03359979,-185.03940000
7.03460459,-185.03940000
7.03560939,-181.10240000
7.03661419,-185.03940000
7.03761899,-181.10240000
7.03862379,-181.10240000
7.03962859,-185.03940000
7.04063339,-185.03940000
7.04163819,-185.03940000
7.04264299,-177.16530000
7.04364779,-188.97640000
7.04465259,-188.97640000
7.04565739,-181.10240000
7.04666219,-185.03940000
7.04766699,-188.97640000
7.04867179,-181.10240000
7.04967659,-185.03940000
7.05068139,-188.97640000
7.05168619,-185.03940000
7.05269099,-185.03940000
7.05369579,-188.97640000
7.05470059,-185.03940000
7.05570539,-185.03940000
7.05671019,-188.97640000
7.05771499,-181.10240000
7.05871979,-181.10240000
7.05972459,-177.16530000
7.06072939,-177.16530000
7.06173419,-177.16530000
7.06273899,-181.10240000
7.06374379,-181.10240000
7.06474859,-188.97640000
7.06575339,-185.03940000
7.06675819,-181.10240000
7.06776299,-177.16530000
7.06876779,-188.97640000
7.06977259,-181.10240000
7.07077739,-181.10240000
7.07178218,-177.16530000
7.07278698,-185.03940000
7.07379178,-177.16530000
7.07479658,-177.16530000
7.07580138,-181.10240000
7.07680618,-181.10240000
7.07781098,-185.03940000
7.07881578,-181.10240000
7.07982058,-185.03940000
7.08082538,-181.10240000
7.08183018,-181.10240000
7.08283498,-181.10240000
7.08383978,-177.16530000
7.08484458,-181.10240000
7.08584938,-181.10240000
7.08685418,-185.03940000
7.08785898,-181.10240000
7.08886378,-181.10240000
7.08986858,-181.10240000
7.09087338,-185.03940000
7.09187818,-165.35430000
7.09288298,-185.03940000
7.09388778,-185.03940000
7.09489258,-181.10240000
7.09589738,-196.85040000
7.09690218,-185.03940000
7.09790698,-177.16530000
7.09891178,-165.35430000
7.09991658,-181.10240000
7.10092138,-181.10240000
7.10192618,-185.03940000
7.10293098,-181.10240000
7.10393578,-177.16530000
7.10494058,-185.03940000
7.10594538,-181.10240000
7.10695018,-177.16530000
7.10795498,-177.16530000
7.10895978,-185.03940000
7.10996458,-177.16530000
7.11096938,-185.03940000
7.11197418,-185.03940000
7.11297898,-185.03940000
7.11398378,-185.03940000
7.11498858,-185.03940000
7.11599338,-181.10240000
7.11699818,-177.16530000
7.11800298,-185.03940000
7.11900778,-181.10240000
7.12001258,-173.22830000
7.12101738,-185.03940000
7.12202218,-177.16530000
7.12302698,-181.10240000
7.12403178,-185.03940000
7.12503658,-185.03940000
7.12604138,-177.16530000
7.12704618,-177.16530000
7.12805098,-177.16530000
7.12905578,-185.03940000
7.13006058,-192.91340000
7.13106538,-188.97640000
7.13207018,-185.03940000
7.13307498,-185.03940000
7.13407978,-185.03940000
7.13508458,-185.03940000
7.13608938,-177.16530000
7.13709418,-181.10240000
7.13809898,-181.10240000
7.13910378,-177.16530000
7.14010858,-181.10240000
7.14111338,-177.16530000
7.14211818,-181.10240000
7.14312298,-185.03940000
7.14412778,-177.16530000
7.14513258,-185.03940000
7.14613738,-181.10240000
7.14714218,-181.10240000
7.14814698,-185.03940000
7.14915178,-181.10240000
7.15015658,-185.03940000
7.15116138,-181.10240000
7.15216618,-185.03940000
7.15317098,-185.03940000
7.15417578,-185.03940000
7.15518058,-181.10240000
7.15618538,-185.03940000
7.15719018,-181.10240000
7.15819498,-177.16530000
7.15919978,-181.10240000
7.16020458,-185.03940000
7.16120938,-177.16530000
7.16221418,-185.03940000
7.16321898,-181.10240000
7.16422378,-185.03940000
7.16522858,-173.22830000
7.16623338,-181.10240000
7.16723818,-177.16530000
7.16824298,-177.16530000
7.16924778,-181.10240000
7.17025258,-181.10240000
7.17125738,-181.10240000
7.17226218,-181.10240000
7.17326698,-181.10240000
7.17427178,-177.16530000
7.17527658,-177.16530000
7.17628138,-169.29130000
7.17728618,-177.16530000
7.17829098,-177.16530000
7.17929578,-181.10240000
7.18030058,-181.10240000
7.18130538,-173.22830000
7.18231018,-181.10240000
7.18331498,-173.22830000
7.18431978,-177.16530000
7.18532458,-173.22830000
7.18632938,-177.16530000
7.18733418,-177.16530000
7.18833898,-177.16530000
7.18934378,-169.29130000
7.19034858,-173.22830000
7.19135338,-181.10240000
7.19235818,-177.16530000
7.19336298,-185.03940000
7.19436778,-181.10240000
7.19537258,-177.16530000
7.19637738,-157.48030000
7.19738218,-177.16530000
7.19838698,-173.22830000
7.19939178,-169.29130000
7.20039658,-177.16530000
7.20140138,-173.22830000
7.20240618,-177.16530000
7.20341098,-177.16530000
7.20441578,-173.22830000
7.20542058,-177.16530000
7.20642538,-177.16530000
7.20743018,-185.03940000
7.20843498,-177.16530000
7.20943978,-177.16530000
7.21044458,-177.16530000
7.21144938,-177.16530000
7.21245418,-177.16530000
7.21345898,-169.29130000
7.21446378,-173.22830000
7.21546858,-169.29130000
7.21647338,-173.22830000
7.21747818,-169.29130000
7.21848298,-169.29130000
7.21948778,-173.22830000
7.22049258,-169.29130000
7.22149738,-173.22830000
7.22250218,-165.35430000
7.22350698,-173.22830000
7.22451178,-177.16530000
7.22551658,-165.35430000
7.22652138,-173.22830000
7.22752618,-177.16530000
7.22853098,-173.22830000
7.22953578,-173.22830000
7.23054058,-169.29130000
7.23154538,-161.41730000
7.23255018,-165.35430000
7.23355498,-165.35430000
7.23455978,-169.29130000
7.23556458,-165.35430000
7.23656938,-173.22830000
7.23757418,-165.35430000
7.23857898,-161.41730000
7.23958378,-169.29130000
7.24058858,-169.29130000
7.24159338,-161.41730000
7.24259818,-165.35430000
7.24360298,-165.35430000
7.24460778,-173.22830000
7.24561258,-181.10240000
7.24661738,-173.22830000
7.24762218,-169.29130000
7.24862698,-169.29130000
7.24963178,-169.29130000
7.25063658,-165.35430000
7.25164138,-165.35430000
7.25264618,-165.35430000
7.25365098,-165.35430000
7.25465578,-161.41730000
7.25566058,-165.35430000
7.25666538,-161.41730000
7.25767018,-165.35430000
7.25867498,-173.22830000
7.25967978,-165.35430000
7.26068458,-165.35430000
7.26168938,-165.35430000
7.26269418,-165.35430000
7.26369898,-169.29130000
7.26470378,-169.29130000
7.26570858,-169.29130000
7.26671338,-165.35430000
7.26771818,-169.29130000
7.26872298,-161.41730000
7.26972778,-165.35430000
7.27073258,-161.41730000
7.27173738,-165.35430000
7.27274218,-169.29130000
7.27374698,-165.35430000
7.27475178,-161.41730000
7.27575658,-169.29130000
7.27676138,-165.35430000
7.27776618,-161.41730000
7.27877098,-173.22830000
7.27977578,-165.35430000
7.28078058,-161.41730000
7.28178538,-165.35430000
7.28279018,-161.41730000
7.28379498,-173.22830000
7.28479978,-165.35430000
7.28580458,-165.35430000
7.28680938,-165.35430000
7.28781418,-165.35430000
7.28881898,-157.48030000
7.28982378,-157.48030000
7.29082858,-165.35430000
7.29183338,-161.41730000
7.29283818,-165.35430000
7.29384298,-157.48030000
7.29484778,-157.48030000
7.29585258,-157.48030000
7.29685738,-161.41730000
7.29786218,-157.48030000
7.29886698,-161.41730000
7.29987178,-153.54330000
7.30087658,-161.41730000
7.30188138,-157.48030000
7.30288618,-157.48030000
7.30389098,-161.41730000
7.30489578,-153.54330000
7.30590058,-161.41730000
7.30690538,-157.48030000
7.30791018,-161.41730000
7.30891498,-157.48030000
7.30991978,-157.48030000
7.31092458,-157.48030000
7.31192938,-157.48030000
7.31293418,-157.48030000
7.31393898,-157.48030000
7.31494378,-161.41730000
7.31594858,-153.54330000
7.31695338,-153.54330000
7.31795818,-157.48030000
7.31896298,-157.48030000
7.31996778,-161.41730000
7.32097258,-157.48030000
7.32197738,-165.35430000
7.32298218,-161.41730000
7.32398698,-161.41730000
7.32499178,-169.29130000
7.32599658,-161.41730000
7.32700138,-161.41730000
7.32800618,-157.48030000
7.32901098,-153.54330000
7.33001578,-153.54330000
7.33102058,-153.54330000
7.33202538,-161.41730000
7.33303018,-157.48030000
7.33403498,-157.48030000
7.33503978,-161.41730000
7.33604458,-157.48030000
7.33704938,-157.48030000
7.33805418,-157.48030000
7.33905898,-157.48030000
7.34006378,-161.41730000
7.34106858,-157.48030000
7.34207338,-161.41730000
7.34307818,-153.54330000
7.34408298,-157.48030000
7.34508778,-153.54330000
7.34609258,-157.48030000
7.34709738,-157.48030000
7.34810218,-153.54330000
7.34910698,-157.48030000
7.35011178,-161.41730000
7.35111658,-157.48030000
7.35212138,-153.54330000
7.35312618,-153.54330000
7.35413098,-157.48030000
7.35513578,-157.48030000
7.35614058,-157.48030000
7.35714538,-153.54330000
7.35815018,-161.41730000
7.35915498,-157.48030000
7.36015978,-165.35430000
7.36116458,-165.35430000
7.36216938,-161.41730000
7.36317418,-157.48030000
7.36417898,-157.48030000
7.36518378,-157.48030000
7.36618858,-153.54330000
7.36719338,-153.54330000
7.36819818,-153.54330000
7.36920298,-153.54330000
7.37020778,-157.48030000
7.37121258,-153.54330000
7.37221738,-153.54330000
7.37322218,-157.48030000
7.37422698,-161.41730000
7.37523178,-157.48030000
7.37623658,-157.48030000
7.37724138,-157.48030000
7.37824618,-157.48030000
7.37925098,-157.48030000
7.38025578,-161.41730000
7.38126058,-153.54330000
7.38226538,-157.48030000
7.38327018,-161.41730000
7.38427498,-157.48030000
7.38527978,-161.41730000
7.38628458,-157.48030000
7.38728938,-157.48030000
7.38829418,-161.41730000
7.38929898,-161.41730000
7.39030378,-161.41730000
7.39130858,-157.48030000
7.39231338,-157.48030000
7.39331818,-157.48030000
7.39432298,-161.41730000
7.39532778,-157.48030000
7.39633258,-157.48030000
7.39733738,-153.54330000
7.39834218,-157.48030000
7.39934698,-153.54330000
7.40035178,-165.35430000
7.40135657,-157.48030000
7.40236137,-157.48030000
7.40336617,-153.54330000
7.40437097,-161.41730000
7.40537577,-157.48030000
7.40638057,-149.60630000
7.40738537,-157.48030000
7.40839017,-157.48030000
7.40939497,-153.54330000
7.41039977,-161.41730000
7.41140457,-157.48030000
7.41240937,-153.54330000
7.41341417,-153.54330000
7.41441897,-161.41730000
7.41542377,-149.60630000
7.41642857,-153.54330000
7.41743337,-157.48030000
7.41843817,-157.48030000
7.41944297,-153.54330000
7.42044777,-157.48030000
7.42145257,-161.41730000
7.42245737,-161.41730000
7.42346217,-161.41730000
7.42446697,-153.54330000
7.42547177,-153.54330000
7.42647657,-157.48030000
7.42748137,-153.54330000
7.42848617,-149.60630000
7.42949097,-149.60630000
7.43049577,-153.54330000
7.43150057,-149.60630000
7.43250537,-153.54330000
7.43351017,-153.54330000
7.43451497,-157.48030000
7.43551977,-153.54330000
7.43652457,-153.54330000
7.43752937,-161.41730000
7.43853417,-157.48030000
7.43953897,-157.48030000
7.44054377,-153.54330000
7.44154857,-153.54330000
7.44255337,-153.54330000
7.44355817,-153.54330000
7.44456297,-149.60630000
7.44556777,-157.48030000
7.44657257,-149.60630000
7.44757737,-157.48030000
7.44858217,-149.60630000
7.44958697,-149.60630000
7.45059177,-149.60630000
7.45159657,-153.54330000
7.45260137,-149.60630000
7.45360617,-153.54330000
7.45461097,-157.48030000
7.45561577,-153.54330000
7.45662057,-153.54330000
7.45762537,-153.54330000
7.45863017,-153.54330000
7.45963497,-149.60630000
7.46063977,-153.54330000
7.46164457,-153.54330000
7.46264937,-149.60630000
7.46365417,-153.54330000
7.46465897,-157.48030000
7.46566377,-153.54330000
7.46666857,-153.54330000
7.46767337,-157.48030000
7.46867817,-153.54330000
7.46968297,-153.54330000
7.47068777,-157.48030000
7.47169257,-153.54330000
7.47269737,-153.54330000
7.47370217,-149.60630000
7.47470697,-149.60630000
7.47571177,-149.60630000
7.47671657,-137.79530000
7.47772137,-157.48030000
7.47872617,-157.48030000
7.47973097,-149.60630000
7.48073577,-149.60630000
7.48174057,-153.54330000
7.48274537,-145.66930000
7.48375017,-149.60630000
7.48475497,-153.54330000
7.48575977,-153.54330000
7.48676457,-149.60630000
7.48776937,-145.66930000
7.48877417,-149.60630000
7.48977897,-149.60630000
7.49078377,-145.66930000
7.49178857,-149.60630000
7.49279337,-141.73230000
7.49379817,-161.41730000
7.49480297,-149.60630000
7.49580777,-149.60630000
7.49681257,-149.60630000
7.49781737,-149.60630000
7.49882217,-149.60630000
7.49982697,-153.54330000
7.50083177,-149.60630000
7.50183657,-153.54330000
7.50284137,-153.54330000
7.50384617,-153.54330000
7.50485097,-149.60630000
7.50585577,-149.60630000
7.50686057,-149.60630000
7.50786537,-153.54330000
7.50887017,-153.54330000
7.50987497,-153.54330000
7.51087977,-149.60630000
7.51188457,-153.54330000
7.51288937,-141.73230000
7.51389417,-145.66930000
7.51489897,-141.73230000
7.51590377,-149.60630000
7.51690857,-145.66930000
7.51791337,-153.54330000
7.51891817,-153.54330000
7.51992297,-149.60630000
7.52092777,-149.60630000
7.52193257,-141.73230000
7.52293737,-149.60630000
7.52394217,-145.66930000
7.52494697,-149.60630000
7.52595177,-145.66930000
7.52695657,-145.66930000
7.52796137,-149.60630000
7.52896617,-149.60630000
7.52997097,-149.60630000
7.53097577,-145.66930000
7.53198057,-149.60630000
7.53298537,-145.66930000
7.53399017,-145.66930000
7.53499497,-157.48030000
7.53599977,-149.60630000
7.53700457,-141.73230000
7.53800937,-145.66930000
7.53901417,-145.66930000
7.54001897,-145.66930000
7.54102377,-145.66930000
7.54202857,-153.54330000
7.54303337,-149.60630000
7.54403817,-145.66930000
7.54504297,-153.54330000
7.54604777,-145.66930000
7.54705257,-149.60630000
7.54805737,-145.66930000
7.54906217,-145.66930000
7.55006697,-145.66930000
7.55107177,-153.54330000
7.55207657,-149.60630000
7.55308137,-149.60630000
7.55408617,-149.60630000
7.55509097,-153.54330000
7.55609577,-149.60630000
7.55710057,-153.54330000
7.55810537,-153.54330000
7.55911017,-145.66930000
7.56011497,-149.60630000
7.56111977,-149.60630000
7.56212457,-145.66930000
7.56312937,-149.60630000
7.56413417,-145.66930000
7.56513897,-145.66930000
7.56614377,-141.73230000
7.56714857,-149.60630000
7.56815337,-153.54330000
7.56915817,-149.60630000
7.57016297,-149.60630000
7.57116777,-149.60630000
7.57217257,-145.66930000
7.57317737,-145.66930000
7.57418217,-149.60630000
7.57518697,-149.60630000
7.57619177,-145.66930000
7.57719657,-149.60630000
7.57820137,-145.66930000
7.57920617,-145.66930000
7.58021097,-141.73230000
7.58121577,-141.73230000
7.58222057,-149.60630000
7.58322537,-145.66930000
7.58423017,-153.54330000
7.58523497,-145.66930000
7.58623977,-149.60630000
7.58724457,-145.66930000
7.58824937,-149.60630000
7.58925417,-149.60630000
7.59025897,-149.60630000
7.59126377,-149.60630000
7.59226857,-145.66930000
7.59327337,-149.60630000
7.59427817,-149.60630000
7.59528297,-149.60630000
7.59628777,-153.54330000
7.59729257,-149.60630000
7.59829737,-153.54330000
7.59930217,-153.54330000
7.60030697,-149.60630000
7.60131177,-149.60630000
7.60231657,-133.85830000
7.60332137,-149.60630000
7.60432617,-145.66930000
7.60533097,-145.66930000
7.60633577,-149.60630000
7.60734057,-149.60630000
7.60834537,-145.66930000
7.60935017,-149.60630000
7.61035497,-145.66930000
7.61135977,-149.60630000
7.61236457,-153.54330000
7.61336937,-149.60630000
7.61437417,-149.60630000
7.61537897,-153.54330000
7.61638377,-153.54330000
7.61738857,-149.60630000
7.61839337,-157.48030000
7.61939817,-149.60630000
7.62040297,-149.60630000
7.62140777,-145.66930000
7.62241257,-153.54330000
7.62341737,-153.54330000
7.62442217,-149.60630000
7.62542697,-149.60630000
7.62643177,-149.60630000
7.62743657,-149.60630000
7.62844137,-149.60630000
7.62944617,-149.60630000
7.63045097,-149.60630000
7.63145577,-157.48030000
7.63246057,-165.35430000
7.63346537,-149.60630000
7.63447017,-157.48030000
7.63547497,-149.60630000
7.63647977,-145.66930000
7.63748457,-157.48030000
7.63848937,-145.66930000
7.63949417,-149.60630000
7.64049897,-145.66930000
7.64150377,-145.66930000
7.64250857,-141.73230000
7.64351337,-149.60630000
7.64451817,-145.66930000
7.64552297,-145.66930000
7.64652777,-149.60630000
7.64753257,-145.66930000
7.64853737,-149.60630000
7.64954217,-149.60630000
7.65054697,-149.60630000
7.65155177,-149.60630000
7.65255657,-153.54330000
7.65356137,-149.60630000
7.65456617,-149.60630000
7.65557097,-145.66930000
7.65657577,-149.60630000
7.65758057,-145.66930000
7.65858537,-145.66930000
7.65959017,-149.60630000
7.66059497,-149.60630000
7.66159977,-149.60630000
7.66260457,-145.66930000
7.66360937,-153.54330000
7.66461417,-153.54330000
7.66561897,-157.48030000
7.66662377,-149.60630000
7.66762857,-145.66930000
7.66863337,-145.66930000
7.66963817,-145.66930000
7.67064297,-157.48030000
7.67164777,-149.60630000
7.67265257,-153.54330000
7.67365737,-153.54330000
7.67466217,-149.60630000
7.67566697,-149.60630000
7.67667177,-153.54330000
7.67767657,-145.66930000
7.67868137,-141.73230000
7.67968617,-141.73230000
7.68069097,-141.73230000
7.68169577,-149.60630000
7.68270057,-145.66930000
7.68370537,-141.73230000
7.68471017,-149.60630000
7.68571497,-145.66930000
7.68671977,-145.66930000
7.68772457,-145.66930000
7.68872937,-149.60630000
7.68973417,-149.60630000
7.69073897,-145.66930000
7.69174377,-149.60630000
7.69274857,-145.66930000
7.69375337,-149.60630000
7.69475817,-145.66930000
7.69576297,-145.66930000
7.69676777,-161.41730000
7.69777257,-149.60630000
7.69877737,-149.60630000
7.69978217,-129.92120000
7.70078697,-153.54330000
7.70179177,-153.54330000
7.70279657,-149.60630000
7.70380137,-153.54330000
7.70480617,-145.66930000
7.70581097,-149.60630000
7.70681577,-149.60630000
7.70782057,-149.60630000
7.70882537,-145.66930000
7.70983017,-137.79530000
7.71083497,-153.54330000
7.71183977,-153.54330000
7.71284457,-149.60630000
7.71384937,-153.54330000
7.71485417,-145.66930000
7.71585897,-153.54330000
7.71686377,-145.66930000
7.71786857,-145.66930000
7.71887337,-141.73230000
7.71987817,-145.66930000
7.72088297,-149.60630000
7.72188777,-145.66930000
7.72289257,-145.66930000
7.72389737,-149.60630000
7.72490217,-145.66930000
7.72590697,-145.66930000
7.72691177,-145.66930000
7.72791657,-145.66930000
7.72892137,-145.66930000
7.72992616,-157.48030000
7.73093096,-149.60630000
7.73193576,-153.54330000
7.73294056,-145.66930000
7.73394536,-145.66930000
7.73495016,-149.60630000
7.73595496,-149.60630000
7.73695976,-145.66930000
7.73796456,-149.60630000
7.73896936,-145.66930000
7.73997416,-149.60630000
7.74097896,-145.66930000
7.74198376,-145.66930000
7.74298856,-149.60630000
7.74399336,-141.73230000
7.74499816,-145.66930000
7.74600296,-149.60630000
7.74700776,-149.60630000
7.74801256,-149.60630000
7.74901736,-145.66930000
7.75002216,-157.48030000
7.75102696,-153.54330000
7.75203176,-149.60630000
7.75303656,-149.60630000
7.75404136,-145.66930000
7.75504616,-145.66930000
7.75605096,-145.66930000
7.75705576,-145.66930000
7.75806056,-141.73230000
7.75906536,-141.73230000
7.76007016,-149.60630000
7.76107496,-149.60630000
7.76207976,-149.60630000
7.76308456,-149.60630000
7.76408936,-153.54330000
7.76509416,-153.54330000
7.76609896,-145.66930000
7.76710376,-149.60630000
7.76810856,-145.66930000
7.76911336,-145.66930000
7.77011816,-153.54330000
7.77112296,-153.54330000
7.77212776,-145.66930000
7.77313256,-153.54330000
7.77413736,-145.66930000
7.77514216,-145.66930000
7.77614696,-149.60630000
7.77715176,-153.54330000
7.77815656,-149.60630000
7.77916136,-153.54330000
7.78016616,-153.54330000
7.78117096,-149.60630000
7.78217576,-145.66930000
7.78318056,-153.54330000
7.78418536,-149.60630000
7.78519016,-145.66930000
7.78619496,-145.66930000
7.78719976,-149.60630000
7.78820456,-145.66930000
7.78920936,-157.48030000
7.79021416,-153.54330000
7.79121896,-153.54330000
7.79222376,-157.48030000
7.79322856,-149.60630000
7.79423336,-153.54330000
7.79523816,-153.54330000
7.79624296,-149.60630000
7.79724776,-137.79530000
7.79825256,-149.60630000
7.79925736,-145.66930000
7.80026216,-145.66930000
7.80126696,-141.73230000
7.80227176,-153.54330000
7.80327656,-153.54330000
7.80428136,-149.60630000
7.80528616,-145.66930000
7.80629096,-149.60630000
7.80729576,-141.73230000
7.80830056,-153.54330000
7.80930536,-149.60630000
7.81031016,-145.66930000
7.81131496,-149.60630000
7.81231976,-153.54330000
7.81332456,-145.66930000
7.81432936,-149.60630000
7.81533416,-149.60630000
7.81633896,-149.60630000
7.81734376,-149.60630000
7.81834856,-149.60630000
7.81935336,-149.60630000
7.82035816,-153.54330000
7.82136296,-149.60630000
7.82236776,-153.54330000
7.82337256,-149.60630000
7.82437736,-145.66930000
7.82538216,-145.66930000
7.82638696,-145.66930000
7.82739176,-157.48030000
7.82839656,-157.48030000
7.82940136,-153.54330000
7.83040616,-149.60630000
7.83141096,-149.60630000
7.83241576,-145.66930000
7.83342056,-149.60630000
7.83442536,-153.54330000
7.83543016,-145.66930000
7.83643496,-149.60630000
7.83743976,-141.73230000
7.83844456,-149.60630000
7.83944936,-145.66930000
7.84045416,-149.60630000
7.84145896,-149.60630000
7.84246376,-145.66930000
7.84346856,-153.54330000
7.84447336,-149.60630000
7.84547816,-153.54330000
7.84648296,-145.66930000
7.84748776,-149.60630000
7.84849256,-145.66930000
7.84949736,-145.66930000
7.85050216,-149.60630000
7.85150696,-145.66930000
7.85251176,-149.60630000
7.85351656,-153.54330000
7.85452136,-145.66930000
7.85552616,-145.66930000
7.85653096,-149.60630000
7.85753576,-145.66930000
7.85854056,-145.66930000
7.85954536,-149.60630000
7.86055016,-145.66930000
7.86155496,-145.66930000
7.86255976,-145.66930000
7.86356456,-149.60630000
7.86456936,-145.66930000
7.86557416,-157.48030000
7.86657896,-145.66930000
7.86758376,-153.54330000
7.86858856,-149.60630000
7.86959336,-153.54330000
7.87059816,-145.66930000
7.87160296,-145.66930000
7.87260776,-149.60630000
7.87361256,-145.66930000
7.87461736,-145.66930000
7.87562216,-145.66930000
7.87662696,-149.60630000
7.87763176,-149.60630000
7.87863656,-157.48030000
7.87964136,-149.60630000
7.88064616,-149.60630000
7.88165096,-145.66930000
7.88265576,-145.66930000
7.88366056,-145.66930000
7.88466536,-145.66930000
7.88567016,-149.60630000
7.88667496,-141.73230000
7.88767976,-149.60630000
7.88868456,-145.66930000
7.88968936,-145.66930000
7.89069416,-149.60630000
7.89169896,-149.60630000
7.89270376,-153.54330000
7.89370856,-145.66930000
7.89471336,-145.66930000
7.89571816,-145.66930000
7.89672296,-149.60630000
7.89772776,-145.66930000
7.89873256,-149.60630000
7.89973736,-141.73230000
7.90074216,-145.66930000
7.90174696,-145.66930000
7.90275176,-149.60630000
7.90375656,-145.66930000
7.90476136,-153.54330000
7.90576616,-153.54330000
7.90677096,-153.54330000
7.90777576,-153.54330000
7.90878056,-149.60630000
7.90978536,-145.66930000
7.91079016,-153.54330000
7.91179496,-141.73230000
7.91279976,-141.73230000
7.91380456,-145.66930000
7.91480936,-141.73230000
7.91581416,-141.73230000
7.91681896,-141.73230000
7.91782376,-145.66930000
7.91882856,-141.73230000
7.91983336,-141.73230000
7.92083816,-145.66930000
7.92184296,-141.73230000
7.92284776,-141.73230000
7.92385256,-141.73230000
7.92485736,-145.66930000
7.92586216,-145.66930000
7.92686696,-145.66930000
7.92787176,-141.73230000
7.92887656,-137.79530000
7.92988136,-145.66930000
7.93088616,-141.73230000
7.93189096,-149.60630000
7.93289576,-141.73230000
7.93390056,-145.66930000
7.93490536,-133.85830000
7.93591016,-145.66930000
7.93691496,-145.66930000
7.93791976,-141.73230000
7.93892456,-145.66930000
7.93992936,-149.60630000
7.94093416,-145.66930000
7.94193896,-145.66930000
7.94294376,-149.60630000
7.94394856,-157.48030000
7.94495336,-149.60630000
7.94595816,-149.60630000
7.94696296,-145.66930000
7.94796776,-141.73230000
7.94897256,-141.73230000
7.94997736,-145.66930000
7.95098216,-141.73230000
7.95198696,-141.73230000
7.95299176,-141.73230000
7.95399656,-137.79530000
7.95500136,-137.79530000
7.95600616,-145.66930000
7.95701096,-145.66930000
7.95801576,-145.66930000
7.95902056,-145.66930000
7.96002536,-141.73230000
7.96103016,-137.79530000
7.96203496,-145.66930000
7.96303976,-145.66930000
7.96404456,-145.66930000
7.96504936,-145.66930000
7.96605416,-141.73230000
7.96705896,-141.73230000
7.96806376,-141.73230000
7.96906856,-145.66930000
7.97007336,-137.79530000
7.97107816,-141.73230000
7.97208296,-141.73230000
7.97308776,-137.79530000
7.97409256,-145.66930000
7.97509736,-137.79530000
7.97610216,-137.79530000
7.97710696,-145.66930000
7.97811176,-141.73230000
7.97911656,-141.73230000
7.98012136,-137.79530000
7.98112616,-137.79530000
7.98213096,-137.79530000
7.98313576,-153.54330000
7.98414056,-145.66930000
7.98514536,-141.73230000
7.98615016,-141.73230000
7.98715496,-141.73230000
7.98815976,-137.79530000
7.98916456,-145.66930000
7.99016936,-145.66930000
7.99117416,-145.66930000
7.99217896,-129.92120000
7.99318376,-133.85830000
7.99418856,-137.79530000
7.99519336,-141.73230000
7.99619816,-137.79530000
7.99720296,-137.79530000
7.99820776,-137.79530000
7.99921256,-137.79530000
8.00021736,-141.73230000
8.00122216,-141.73230000
8.00222696,-137.79530000
8.00323176,-145.66930000
8.00423656,-137.79530000
8.00524136,-141.73230000
8.00624616,-141.73230000
8.00725096,-141.73230000
8.00825576,-141.73230000
8.00926056,-137.79530000
8.01026536,-141.73230000
8.01127016,-145.66930000
8.01227496,-141.73230000
8.01327976,-141.73230000
8.01428456,-137.79530000
8.01528936,-145.66930000
8.01629416,-141.73230000
8.01729896,-137.79530000
8.01830376,-137.79530000
8.01930856,-141.73230000
8.02031336,-133.85830000
8.02131816,-137.79530000
8.02232296,-145.66930000
8.02332776,-149.60630000
8.02433256,-141.73230000
8.02533736,-141.73230000
8.02634216,-137.79530000
8.02734696,-141.73230000
8.02835176,-137.79530000
8.02935656,-137.79530000
8.03036136,-137.79530000
8.03136616,-133.85830000
8.03237096,-133.85830000
8.03337576,-137.79530000
8.03438056,-141.73230000
8.03538536,-133.85830000
8.03639016,-133.85830000
8.03739496,-133.85830000
8.03839976,-141.73230000
8.03940456,-141.73230000
8.04040936,-145.66930000
8.04141416,-137.79530000
8.04241896,-141.73230000
8.04342376,-141.73230000
8.04442856,-141.73230000
8.04543336,-141.73230000
8.04643816,-137.79530000
8.04744296,-137.79530000
8.04844776,-141.73230000
8.04945256,-137.79530000
8.05045736,-133.85830000
8.05146216,-137.79530000
8.05246696,-133.85830000
8.05347176,-137.79530000
8.05447656,-145.66930000
8.05548136,-141.73230000
8.05648616,-145.66930000
8.05749096,-141.73230000
8.05849575,-137.79530000
8.05950055,-137.79530000
8.06050535,-141.73230000
8.06151015,-141.73230000
8.06251495,-149.60630000
8.06351975,-141.73230000
8.06452455,-141.73230000
8.06552935,-141.73230000
8.06653415,-141.73230000
8.06753895,-137.79530000
8.06854375,-133.85830000
8.06954855,-141.73230000
8.07055335,-137.79530000
8.07155815,-137.79530000
8.07256295,-145.66930000
8.07356775,-137.79530000
8.07457255,-133.85830000
8.07557735,-133.85830000
8.07658215,-133.85830000
8.07758695,-141.73230000
8.07859175,-133.85830000
8.07959655,-141.73230000
8.08060135,-137.79530000
8.08160615,-137.79530000
8.08261095,-137.79530000
8.08361575,-141.73230000
8.08462055,-133.85830000
8.08562535,-137.79530000
8.08663015,-133.85830000
8.08763495,-141.73230000
8.08863975,-137.79530000
8.08964455,-137.79530000
8.09064935,-137.79530000
8.09165415,-141.73230000
8.09265895,-137.79530000
8.09366375,-145.66930000
8.09466855,-137.79530000
8.09567335,-133.85830000
8.09667815,-133.85830000
8.09768295,-137.79530000
8.09868775,-141.73230000
8.09969255,-137.79530000
8.10069735,-145.66930000
8.10170215,-145.66930000
8.10270695,-145.66930000
8.10371175,-145.66930000
8.10471655,-141.73230000
8.10572135,-129.92120000
8.10672615,-133.85830000
8.10773095,-129.92120000
8.10873575,-137.79530000
8.10974055,-133.85830000
8.11074535,-137.79530000
8.11175015,-133.85830000
8.11275495,-133.85830000
8.11375975,-133.85830000
8.11476455,-133.85830000
8.11576935,-133.85830000
8.11677415,-137.79530000
8.11777895,-137.79530000
8.11878375,-137.79530000
8.11978855,-133.85830000
8.12079335,-137.79530000
8.12179815,-137.79530000
8.12280295,-141.73230000
8.12380775,-137.79530000
8.12481255,-133.85830000
8.12581735,-137.79530000
8.12682215,-141.73230000
8.12782695,-137.79530000
8.12883175,-137.79530000
8.12983655,-137.79530000
8.13084135,-133.85830000
8.13184615,-137.79530000
8.13285095,-137.79530000
8.13385575,-133.85830000
8.13486055,-129.92120000
8.13586535,-141.73230000
8.13687015,-133.85830000
8.13787495,-137.79530000
8.13887975,-129.92120000
8.13988455,-145.66930000
8.14088935,-141.73230000
8.14189415,-133.85830000
8.14289895,-141.73230000
8.14390375,-137.79530000
8.14490855,-133.85830000
8.14591335,-129.92120000
8.14691815,-133.85830000
8.14792295,-133.85830000
8.14892775,-133.85830000
8.14993255,-129.92120000
8.15093735,-129.92120000
8.15194215,-141.73230000
8.15294695,-141.73230000
8.15395175,-133.85830000
8.15495655,-133.85830000
8.15596135,-137.79530000
8.15696615,-133.85830000
8.15797095,-133.85830000
8.15897575,-137.79530000
8.15998055,-133.85830000
8.16098535,-133.85830000
8.16199015,-137.79530000
8.16299495,-141.73230000
8.16399975,-137.79530000
8.16500455,-133.85830000
8.16600935,-129.92120000
8.16701415,-133.85830000
8.16801895,-141.73230000
8.16902375,-141.73230000
8.17002855,-133.85830000
8.17103335,-133.85830000
8.17203815,-137.79530000
8.17304295,-129.92120000
8.17404775,-137.79530000
8.17505255,-133.85830000
8.17605735,-133.85830000
8.17706215,-133.85830000
8.17806695,-133.85830000
8.17907175,-122.04720000
8.18007655,-141.73230000
8.18108135,-137.79530000
8.18208615,-129.92120000
8.18309095,-137.79530000
8.18409575,-137.79530000
8.18510055,-137.79530000
8.18610535,-129.92120000
8.18711015,-133.85830000
8.18811495,-133.85830000
8.18911975,-129.92120000
8.19012455,-133.85830000
8.19112935,-129.92120000
8.19213415,-129.92120000
8.19313895,-133.85830000
8.19414375,-133.85830000
8.19514855,-133.85830000
8.19615335,-129.92120000
8.19715815,-137.79530000
8.19816295,-129.92120000
8.19916775,-129.92120000
8.20017255,-145.66930000
8.20117735,-137.79530000
8.20218215,-137.79530000
8.20318695,-118.11020000
8.20419175,-133.85830000
8.20519655,-133.85830000
8.20620135,-137.79530000
8.20720615,-133.85830000
8.20821095,-133.85830000
8.20921575,-141.73230000
8.21022055,-137.79530000
8.21122535,-133.85830000
8.21223015,-129.92120000
8.21323495,-133.85830000
8.21423975,-137.79530000
8.21524455,-133.85830000
8.21624935,-133.85830000
8.21725415,-133.85830000
8.21825895,-125.98420000
8.21926375,-141.73230000
8.22026855,-137.79530000
8.22127335,-137.79530000
8.22227815,-133.85830000
8.22328295,-129.92120000
8.22428775,-125.98420000
8.22529255,-129.92120000
8.22629735,-133.85830000
8.22730215,-133.85830000
8.22830695,-129.92120000
8.22931175,-129.92120000
8.23031655,-125.98420000
8.23132135,-125.98420000
8.23232615,-129.92120000
8.23333095,-133.85830000
8.23433575,-133.85830000
8.23534055,-129.92120000
8.23634535,-137.79530000
8.23735015,-133.85830000
8.23835495,-129.92120000
8.23935975,-129.92120000
8.24036455,-129.92120000
8.24136935,-129.92120000
8.24237415,-129.92120000
8.24337895,-129.92120000
8.24438375,-133.85830000
8.24538855,-129.92120000
8.24639335,-133.85830000
8.24739815,-133.85830000
8.24840295,-129.92120000
8.24940775,-129.92120000
8.25041255,-133.85830000
8.25141735,-137.79530000
8.25242215,-133.85830000
8.25342695,-129.92120000
8.25443175,-133.85830000
8.25543655,-129.92120000
8.25644135,-129.92120000
8.25744615,-137.79530000
8.25845095,-133.85830000
8.25945575,-133.85830000
8.26046055,-133.85830000
8.26146535,-129.92120000
8.26247015,-137.79530000
8.26347495,-129.92120000
8.26447975,-129.92120000
8.26548455,-133.85830000
8.26648935,-133.85830000
8.26749415,-129.92120000
8.26849895,-129.92120000
8.26950375,-133.85830000
8.27050855,-129.92120000
8.27151335,-129.92120000
8.27251815,-133.85830000
8.27352295,-129.92120000
8.27452775,-125.98420000
8.27553255,-133.85830000
8.27653735,-133.85830000
8.27754215,-133.85830000
8.27854695,-129.92120000
8.27955175,-129.92120000
8.28055655,-129.92120000
8.28156135,-129.92120000
8.28256615,-133.85830000
8.28357095,-137.79530000
8.28457575,-125.98420000
8.28558055,-129.92120000
8.28658535,-129.92120000
8.28759015,-129.92120000
8.28859495,-129.92120000
8.28959975,-137.79530000
8.29060455,-133.85830000
8.29160935,-129.92120000
8.29261415,-125.98420000
8.29361895,-129.92120000
8.29462375,-129.92120000
8.29562855,-129.92120000
8.29663335,-137.79530000
8.29763815,-145.66930000
8.29864295,-133.85830000
8.29964775,-133.85830000
8.30065255,-122.04720000
8.30165735,-133.85830000
8.30266215,-133.85830000
8.30366695,-129.92120000
8.30467175,-125.98420000
8.30567655,-129.92120000
8.30668135,-122.04720000
8.30768615,-125.98420000
8.30869095,-129.92120000
8.30969575,-125.98420000
8.31070055,-125.98420000
8.31170535,-129.92120000
8.31271015,-125.98420000
8.31371495,-125.98420000
8.31471975,-133.85830000
8.31572455,-137.79530000
8.31672935,-129.92120000
8.31773415,-129.92120000
8.31873895,-125.98420000
8.31974375,-125.98420000
8.32074855,-129.92120000
8.32175335,-133.85830000
8.32275815,-129.92120000
8.32376295,-129.92120000
8.32476775,-129.92120000
8.32577255,-129.92120000
8.32677735,-129.92120000
8.32778215,-129.92120000
8.32878695,-133.85830000
8.32979175,-129.92120000
8.33079655,-129.92120000
8.33180135,-133.85830000
8.33280615,-133.85830000
8.33381095,-125.98420000
8.33481575,-129.92120000
8.33582055,-141.73230000
8.33682535,-133.85830000
8.33783015,-133.85830000
8.33883495,-133.85830000
8.33983975,-129.92120000
8.34084455,-129.92120000
8.34184935,-133.85830000
8.34285415,-122.04720000
8.34385895,-129.92120000
8.34486375,-125.98420000
8.34586855,-125.98420000
8.34687335,-129.92120000
8.34787815,-125.98420000
8.34888295,-129.92120000
8.34988775,-133.85830000
8.35089255,-125.98420000
8.35189735,-129.92120000
8.35290215,-133.85830000
8.35390695,-129.92120000
8.35491175,-125.98420000
8.35591655,-129.92120000
8.35692135,-125.98420000
8.35792615,-129.92120000
8.35893095,-133.85830000
8.35993575,-129.92120000
8.36094055,-129.92120000
8.36194535,-122.04720000
8.36295015,-129.92120000
8.36395495,-129.92120000
8.36495975,-129.92120000
8.36596455,-129.92120000
8.36696935,-129.92120000
8.36797415,-125.98420000
8.36897895,-129.92120000
8.36998375,-125.98420000
8.37098855,-129.92120000
8.37199335,-129.92120000
8.37299815,-129.92120000
8.37400295,-125.98420000
8.37500775,-137.79530000
8.37601255,-137.79530000
8.37701735,-133.85830000
8.37802215,-129.92120000
8.37902695,-129.92120000
8.38003175,-133.85830000
8.38103655,-129.92120000
8.38204135,-125.98420000
8.38304615,-129.92120000
8.38405095,-125.98420000
8.38505575,-125.98420000
8.38606055,-125.98420000
8.38706535,-125.98420000
8.38807014,-133.85830000
8.38907494,-129.92120000
8.39007974,-129.92120000
8.39108454,-129.92120000
8.39208934,-129.92120000
8.39309414,-125.98420000
8.39409894,-129.92120000
8.39510374,-133.85830000
8.39610854,-125.98420000
8.39711334,-129.92120000
8.39811814,-122.04720000
8.39912294,-125.98420000
8.40012774,-129.92120000
8.40113254,-125.98420000
8.40213734,-125.98420000
8.40314214,-129.92120000
8.40414694,-125.98420000
8.40515174,-125.98420000
8.40615654,-125.98420000
8.40716134,-129.92120000
8.40816614,-125.98420000
8.40917094,-125.98420000
8.41017574,-125.98420000
8.41118054,-125.98420000
8.41218534,-133.85830000
8.41319014,-133.85830000
8.41419494,-133.85830000
8.41519974,-125.98420000
8.41620454,-133.85830000
8.41720934,-129.92120000
8.41821414,-129.92120000
8.41921894,-129.92120000
8.42022374,-122.04720000
8.42122854,-122.04720000
8.42223334,-122.04720000
8.42323814,-122.04720000
8.42424294,-129.92120000
8.42524774,-125.98420000
8.42625254,-125.98420000
8.42725734,-129.92120000
8.42826214,-133.85830000
8.42926694,-129.92120000
8.43027174,-129.92120000
8.43127654,-125.98420000
8.43228134,-129.92120000
8.43328614,-125.98420000
8.43429094,-122.04720000
8.43529574,-129.92120000
8.43630054,-125.98420000
8.43730534,-133.85830000
8.43831014,-133.85830000
8.43931494,-129.92120000
8.44031974,-125.98420000
8.44132454,-125.98420000
8.44232934,-125.98420000
8.44333414,-125.98420000
8.44433894,-129.92120000
8.44534374,-129.92120000
8.44634854,-129.92120000
8.44735334,-125.98420000
8.44835814,-125.98420000
8.44936294,-125.98420000
8.45036774,-122.04720000
8.45137254,-125.98420000
8.45237734,-125.98420000
8.45338214,-118.11020000
8.45438694,-129.92120000
8.45539174,-129.92120000
8.45639654,-129.92120000
8.45740134,-129.92120000
8.45840614,-122.04720000
8.45941094,-122.04720000
8.46041574,-122.04720000
8.46142054,-125.98420000
8.46242534,-125.98420000
8.46343014,-125.98420000
8.46443494,-125.98420000
8.46543974,-125.98420000
8.46644454,-125.98420000
8.46744934,-122.04720000
8.46845414,-129.92120000
8.46945894,-122.04720000
8.47046374,-125.98420000
8.47146854,-122.04720000
8.47247334,-122.04720000
8.47347814,-125.98420000
8.47448294,-125.98420000
8.47548774,-125.98420000
8.47649254,-129.92120000
8.47749734,-137.79530000
8.47850214,-125.98420000
8.47950694,-125.98420000
8.48051174,-122.04720000
8.48151654,-125.98420000
8.48252134,-129.92120000
8.48352614,-125.98420000
8.48453094,-122.04720000
8.48553574,-122.04720000
8.48654054,-125.98420000
8.48754534,-122.04720000
8.48855014,-125.98420000
8.48955494,-129.92120000
8.49055974,-129.92120000
8.49156454,-129.92120000
8.49256934,-133.85830000
8.49357414,-129.92120000
8.49457894,-129.92120000
8.49558374,-125.98420000
8.49658854,-122.04720000
8.49759334,-122.04720000
8.49859814,-122.04720000
8.49960294,-125.98420000
8.50060774,-122.04720000
8.50161254,-125.98420000
8.50261734,-125.98420000
8.50362214,-129.92120000
8.50462694,-125.98420000
8.50563174,-125.98420000
8.50663654,-118.11020000
8.50764134,-125.98420000
8.50864614,-125.98420000
8.50965094,-125.98420000
8.51065574,-129.92120000
8.51166054,-129.92120000
8.51266534,-125.98420000
8.51367014,-129.92120000
8.51467494,-129.92120000
8.51567974,-125.98420000
8.51668454,-125.98420000
8.51768934,-125.98420000
8.51869414,-125.98420000
8.51969894,-122.04720000
8.52070374,-125.98420000
8.52170854,-122.04720000
8.52271334,-122.04720000
8.52371814,-122.04720000
8.52472294,-122.04720000
8.52572774,-129.92120000
8.52673254,-129.92120000
8.52773734,-125.98420000
8.52874214,-129.92120000
8.52974694,-125.98420000
8.53075174,-129.92120000
8.53175654,-122.04720000
8.53276134,-122.04720000
8.53376614,-125.98420000
8.53477094,-122.04720000
8.53577574,-122.04720000
8.53678054,-122.04720000
8.53778534,-118.11020000
8.53879014,-118.11020000
8.53979494,-125.98420000
8.54079974,-122.04720000
8.54180454,-125.98420000
8.54280934,-129.92120000
8.54381414,-122.04720000
8.54481894,-118.11020000
8.54582374,-118.11020000
8.54682854,-122.04720000
8.54783334,-122.04720000
8.54883814,-125.98420000
8.54984294,-122.04720000
8.55084774,-122.04720000
8.55185254,-122.04720000
8.55285734,-122.04720000
8.55386214,-118.11020000
8.55486694,-122.04720000
8.55587174,-122.04720000
8.55687654,-125.98420000
8.55788134,-125.98420000
8.55888614,-125.98420000
8.55989094,-125.98420000
8.56089574,-122.04720000
8.56190054,-125.98420000
8.56290534,-122.04720000
8.56391014,-122.04720000
8.56491494,-125.98420000
8.56591974,-114.17320000
8.56692454,-114.17320000
8.56792934,-129.92120000
8.56893414,-129.92120000
8.56993894,-122.04720000
8.57094374,-125.98420000
8.57194854,-122.04720000
8.57295334,-122.04720000
8.57395814,-118.11020000
8.57496294,-125.98420000
8.57596774,-125.98420000
8.57697254,-122.04720000
8.57797734,-118.11020000
8.57898214,-118.11020000
8.57998694,-114.17320000
8.58099174,-114.17320000
8.58199654,-118.11020000
8.58300134,-118.11020000
8.58400614,-118.11020000
8.58501094,-122.04720000
8.58601574,-122.04720000
8.58702054,-122.04720000
8.58802534,-125.98420000
8.58903014,-122.04720000
8.59003494,-122.04720000
8.59103974,-125.98420000
8.59204454,-125.98420000
8.59304934,-114.17320000
8.59405414,-122.04720000
8.59505894,-118.11020000
8.59606374,-118.11020000
8.59706854,-118.11020000
8.59807334,-125.98420000
8.59907814,-114.17320000
8.60008294,-118.11020000
8.60108774,-122.04720000
8.60209254,-118.11020000
8.60309734,-122.04720000
8.60410214,-122.04720000
8.60510694,-122.04720000
8.60611174,-122.04720000
8.60711654,-122.04720000
8.60812134,-125.98420000
8.60912614,-129.92120000
8.61013094,-122.04720000
8.61113574,-122.04720000
8.61214054,-122.04720000
8.61314534,-122.04720000
8.61415014,-122.04720000
8.61515494,-118.11020000
8.61615974,-114.17320000
8.61716454,-118.11020000
8.61816934,-114.17320000
8.61917414,-114.17320000
8.62017894,-114.17320000
8.62118374,-114.17320000
8.62218854,-114.17320000
8.62319334,-118.11020000
8.62419814,-118.11020000
8.62520294,-118.11020000
8.62620774,-114.17320000
8.62721254,-118.11020000
8.62821734,-118.11020000
8.62922214,-118.11020000
8.63022694,-122.04720000
8.63123174,-114.17320000
8.63223654,-118.11020000
8.63324134,-118.11020000
8.63424614,-114.17320000
8.63525094,-118.11020000
8.63625574,-118.11020000
8.63726054,-114.17320000
8.63826534,-114.17320000
8.63927014,-118.11020000
8.64027494,-114.17320000
8.64127974,-118.11020000
8.64228454,-114.17320000
8.64328934,-114.17320000
8.64429414,-118.11020000
8.64529894,-114.17320000
8.64630374,-114.17320000
8.64730854,-110.23620000
8.64831334,-125.98420000
8.64931814,-122.04720000
8.65032294,-118.11020000
8.65132774,-118.11020000
8.65233254,-118.11020000
8.65333734,-114.17320000
8.65434214,-114.17320000
8.65534694,-118.11020000
8.65635174,-122.04720000
8.65735654,-122.04720000
8.65836134,-114.17320000
8.65936614,-114.17320000
8.66037094,-114.17320000
8.66137574,-114.17320000
8.66238054,-114.17320000
8.66338534,-118.11020000
8.66439014,-118.11020000
8.66539494,-118.11020000
8.66639974,-118.11020000
8.66740454,-118.11020000
8.66840934,-114.17320000
8.66941414,-118.11020000
8.67041894,-122.04720000
8.67142374,-114.17320000
8.67242854,-118.11020000
8.67343334,-118.11020000
8.67443814,-118.11020000
8.67544294,-118.11020000
8.67644774,-118.11020000
8.67745254,-118.11020000
8.67845734,-118.11020000
8.67946214,-118.11020000
8.68046694,-114.17320000
8.68147174,-118.11020000
8.68247654,-110.23620000
8.68348134,-122.04720000
8.68448614,-114.17320000
8.68549094,-110.23620000
8.68649574,-122.04720000
8.68750054,-122.04720000
8.68850534,-118.11020000
8.68951014,-122.04720000
8.69051494,-114.17320000
8.69151974,-118.11020000
8.69252454,-118.11020000
8.69352934,-114.17320000
8.69453414,-114.17320000
8.69553894,-110.23620000
8.69654374,-114.17320000
8.69754854,-114.17320000
8.69855334,-114.17320000
8.69955814,-114.17320000
8.70056294,-114.17320000
8.70156774,-106.29920000
8.70257254,-106.29920000
8.70357734,-125.98420000
8.70458214,-114.17320000
8.70558694,-118.11020000
8.70659174,-98.42519000
8.70759654,-110.23620000
8.70860134,-114.17320000
8.70960614,-114.17320000
8.71061094,-114.17320000
8.71161574,-114.17320000
8.71262054,-110.23620000
8.71362534,-114.17320000
8.71463014,-110.23620000
8.71563494,-110.23620000
8.71663973,-110.23620000
8.71764453,-110.23620000
8.71864933,-118.11020000
8.71965413,-110.23620000
8.72065893,-114.17320000
8.72166373,-118.11020000
8.72266853,-110.23620000
8.72367333,-114.17320000
8.72467813,-118.11020000
8.72568293,-118.11020000
8.72668773,-114.17320000
8.72769253,-114.17320000
8.72869733,-110.23620000
8.72970213,-114.17320000
8.73070693,-118.11020000
8.73171173,-114.17320000
8.73271653,-110.23620000
8.73372133,-110.23620000
8.73472613,-106.29920000
8.73573093,-110.23620000
8.73673573,-118.11020000
8.73774053,-114.17320000
8.73874533,-110.23620000
8.73975013,-110.23620000
8.74075493,-110.23620000
8.74175973,-110.23620000
8.74276453,-110.23620000
8.74376933,-110.23620000
8.74477413,-110.23620000
8.74577893,-106.29920000
8.74678373,-110.23620000
8.74778853,-106.29920000
8.74879333,-110.23620000
8.74979813,-114.17320000
8.75080293,-110.23620000
8.75180773,-110.23620000
8.75281253,-114.17320000
8.75381733,-114.17320000
8.75482213,-114.17320000
8.75582693,-110.23620000
8.75683173,-110.23620000
8.75783653,-110.23620000
8.75884133,-114.17320000
8.75984613,-110.23620000
8.76085093,-106.29920000
8.76185573,-114.17320000
8.76286053,-110.23620000
8.76386533,-118.11020000
8.76487013,-122.04720000
8.76587493,-118.11020000
8.76687973,-106.29920000
8.76788453,-114.17320000
8.76888933,-114.17320000
8.76989413,-110.23620000
8.77089893,-110.23620000
8.77190373,-106.29920000
8.77290853,-106.29920000
8.77391333,-106.29920000
8.77491813,-102.36220000
8.77592293,-106.29920000
8.77692773,-106.29920000
8.77793253,-106.29920000
8.77893733,-106.29920000
8.77994213,-106.29920000
8.78094693,-110.23620000
8.78195173,-118.11020000
8.78295653,-110.23620000
8.78396133,-106.29920000
8.78496613,-118.11020000
8.78597093,-114.17320000
8.78697573,-110.23620000
8.78798053,-114.17320000
8.78898533,-114.17320000
8.78999013,-110.23620000
8.79099493,-110.23620000
8.79199973,-110.23620000
8.79300453,-106.29920000
8.79400933,-106.29920000
8.79501413,-110.23620000
8.79601893,-106.29920000
8.79702373,-110.23620000
8.79802853,-110.23620000
8.79903333,-106.29920000
8.80003813,-110.23620000
8.80104293,-118.11020000
8.80204773,-114.17320000
8.80305253,-110.23620000
8.80405733,-94.48818000
8.80506213,-110.23620000
8.80606693,-110.23620000
8.80707173,-114.17320000
8.80807653,-114.17320000
8.80908133,-110.23620000
8.81008613,-114.17320000
8.81109093,-102.36220000
8.81209573,-110.23620000
8.81310053,-106.29920000
8.81410533,-106.29920000
8.81511013,-106.29920000
8.81611493,-106.29920000
8.81711973,-106.29920000
8.81812453,-114.17320000
8.81912933,-110.23620000
8.82013413,-118.11020000
8.82113893,-110.23620000
8.82214373,-114.17320000
8.82314853,-110.23620000
8.82415333,-110.23620000
8.82515813,-106.29920000
8.82616293,-114.17320000
8.82716773,-110.23620000
8.82817253,-110.23620000
8.82917733,-114.17320000
8.83018213,-110.23620000
8.83118693,-106.29920000
8.83219173,-110.23620000
8.83319653,-106.29920000
8.83420133,-114.17320000
8.83520613,-110.23620000
8.83621093,-114.17320000
8.83721573,-110.23620000
8.83822053,-106.29920000
8.83922533,-110.23620000
8.84023013,-110.23620000
8.84123493,-110.23620000
8.84223973,-110.23620000
8.84324453,-102.36220000
8.84424933,-106.29920000
8.84525413,-114.17320000
8.84625893,-110.23620000
8.84726373,-118.11020000
8.84826853,-114.17320000
8.84927333,-106.29920000
8.85027813,-114.17320000
8.85128293,-114.17320000
8.85228773,-110.23620000
8.85329253,-102.36220000
8.85429733,-110.23620000
8.85530213,-106.29920000
8.85630693,-106.29920000
8.85731173,-106.29920000
8.85831653,-106.29920000
8.85932133,-106.29920000
8.86032613,-102.36220000
8.86133093,-110.23620000
8.86233573,-110.23620000
8.86334053,-106.29920000
8.86434533,-110.23620000
8.86535013,-106.29920000
8.86635493,-106.29920000
8.86735973,-118.11020000
8.86836453,-106.29920000
8.86936933,-110.23620000
8.87037413,-106.29920000
8.87137893,-102.36220000
8.87238373,-106.29920000
8.87338853,-106.29920000
8.87439333,-106.29920000
8.87539813,-98.42519000
8.87640293,-106.29920000
8.87740773,-114.17320000
8.87841253,-106.29920000
8.87941733,-110.23620000
8.88042213,-110.23620000
8.88142693,-106.29920000
8.88243173,-106.29920000
8.88343653,-110.23620000
8.88444133,-122.04720000
8.88544613,-114.17320000
8.88645093,-114.17320000
8.88745573,-114.17320000
8.88846053,-110.23620000
8.88946533,-110.23620000
8.89047013,-106.29920000
8.89147493,-106.29920000
8.89247973,-106.29920000
8.89348453,-106.29920000
8.89448933,-106.29920000
8.89549413,-106.29920000
8.89649893,-106.29920000
8.89750373,-102.36220000
8.89850853,-118.11020000
8.89951333,-118.11020000
8.90051813,-110.23620000
8.90152293,-106.29920000
8.90252773,-110.23620000
8.90353253,-106.29920000
8.90453733,-110.23620000
8.90554213,-106.29920000
8.90654693,-110.23620000
8.90755173,-106.29920000
8.90855653,-110.23620000
8.90956133,-110.23620000
8.91056613,-110.23620000
8.91157093,-110.23620000
8.91257573,-114.17320000
8.91358053,-110.23620000
8.91458533,-106.29920000
8.91559013,-114.17320000
8.91659493,-110.23620000
8.91759973,-110.23620000
8.91860453,-106.29920000
8.91960933,-114.17320000
8.92061413,-110.23620000
8.92161893,-106.29920000
8.92262373,-110.23620000
8.92362853,-114.17320000
8.92463333,-114.17320000
8.92563813,-118.11020000
8.92664293,-114.17320000
8.92764773,-114.17320000
8.92865253,-110.23620000
8.92965733,-106.29920000
8.93066213,-110.23620000
8.93166693,-110.23620000
8.93267173,-106.29920000
8.93367653,-106.29920000
8.93468133,-102.36220000
8.93568613,-106.29920000
8.93669093,-110.23620000
8.93769573,-114.17320000
8.93870053,-114.17320000
8.93970533,-110.23620000
8.94071013,-110.23620000
8.94171493,-106.29920000
8.94271973,-110.23620000
8.94372453,-110.23620000
8.94472933,-110.23620000
8.94573413,-106.29920000
8.94673893,-110.23620000
8.94774373,-118.11020000
8.94874853,-114.17320000
8.94975333,-118.11020000
8.95075813,-110.23620000
8.95176293,-110.23620000
8.95276773,-110.23620000
8.95377253,-114.17320000
8.95477733,-106.29920000
8.95578213,-114.17320000
8.95678693,-114.17320000
8.95779173,-110.23620000
8.95879653,-114.17320000
8.95980133,-110.23620000
8.96080613,-114.17320000
8.96181093,-114.17320000
8.96281573,-110.23620000
8.96382053,-118.11020000
8.96482533,-122.04720000
8.96583013,-122.04720000
8.96683493,-118.11020000
8.96783973,-110.23620000
8.96884453,-114.17320000
8.96984933,-114.17320000
8.97085413,-114.17320000
8.97185893,-114.17320000
8.97286373,-114.17320000
8.97386853,-110.23620000
8.97487333,-114.17320000
8.97587813,-110.23620000
8.97688293,-110.23620000
8.97788773,-114.17320000
8.97889253,-114.17320000
8.97989733,-114.17320000
8.98090213,-118.11020000
8.98190693,-118.11020000
8.98291173,-114.17320000
8.98391653,-114.17320000
8.98492133,-114.17320000
8.98592613,-118.11020000
8.98693093,-118.11020000
8.98793573,-114.17320000
8.98894053,-114.17320000
8.98994533,-118.11020000
8.99095013,-118.11020000
8.99195493,-114.17320000
8.99295973,-118.11020000
8.99396453,-114.17320000
8.99496933,-114.17320000
8.99597413,-122.04720000
8.99697893,-122.04720000
8.99798373,-118.11020000
8.99898853,-114.17320000
8.99999333,-118.11020000
9.00099813,-110.23620000
9.00200293,-114.17320000
9.00300773,-118.11020000
9.00401253,-125.98420000
9.00501733,-122.04720000
9.00602213,-122.04720000
9.00702693,-114.17320000
9.00803173,-118.11020000
9.00903653,-118.11020000
9.01004133,-114.17320000
9.01104613,-114.17320000
9.01205093,-110.23620000
9.01305573,-118.11020000
9.01406053,-114.17320000
9.01506533,-122.04720000
9.01607013,-118.11020000
9.01707493,-114.17320000
9.01807973,-118.11020000
9.01908453,-118.11020000
9.02008933,-114.17320000
9.02109413,-118.11020000
9.02209893,-118.11020000
9.02310373,-114.17320000
9.02410853,-118.11020000
9.02511333,-118.11020000
9.02611813,-118.11020000
9.02712293,-118.11020000
9.02812773,-118.11020000
9.02913253,-122.04720000
9.03013733,-114.17320000
9.03114213,-114.17320000
9.03214693,-118.11020000
9.03315173,-114.17320000
9.03415653,-114.17320000
9.03516133,-114.17320000
9.03616613,-114.17320000
9.03717093,-114.17320000
9.03817573,-118.11020000
9.03918053,-118.11020000
9.04018533,-118.11020000
9.04119013,-118.11020000
9.04219493,-114.17320000
9.04319973,-118.11020000
9.04420453,-122.04720000
9.04520932,-122.04720000
9.04621412,-125.98420000
9.04721892,-118.11020000
9.04822372,-118.11020000
9.04922852,-114.17320000
9.05023332,-114.17320000
9.05123812,-114.17320000
9.05224292,-118.11020000
9.05324772,-114.17320000
9.05425252,-118.11020000
9.05525732,-110.23620000
9.05626212,-118.11020000
9.05726692,-118.11020000
9.05827172,-114.17320000
9.05927652,-118.11020000
9.06028132,-122.04720000
9.06128612,-118.11020000
9.06229092,-118.11020000
9.06329572,-118.11020000
9.06430052,-118.11020000
9.06530532,-118.11020000
9.06631012,-110.23620000
9.06731492,-118.11020000
9.06831972,-118.11020000
9.06932452,-118.11020000
9.07032932,-118.11020000
9.07133412,-118.11020000
9.07233892,-114.17320000
9.07334372,-118.11020000
9.07434852,-118.11020000
9.07535332,-118.11020000
9.07635812,-118.11020000
9.07736292,-118.11020000
9.07836772,-118.11020000
9.07937252,-122.04720000
9.08037732,-114.17320000
9.08138212,-114.17320000
9.08238692,-114.17320000
9.08339172,-122.04720000
9.08439652,-118.11020000
9.08540132,-114.17320000
9.08640612,-118.11020000
9.08741092,-118.11020000
9.08841572,-114.17320000
9.08942052,-114.17320000
9.09042532,-118.11020000
9.09143012,-114.17320000
9.09243492,-110.23620000
9.09343972,-118.11020000
9.09444452,-118.11020000
9.09544932,-114.17320000
9.09645412,-114.17320000
9.09745892,-114.17320000
9.09846372,-114.17320000
9.09946852,-118.11020000
9.10047332,-118.11020000
9.10147812,-114.17320000
9.10248292,-118.11020000
9.10348772,-114.17320000
9.10449252,-118.11020000
9.10549732,-118.11020000
9.10650212,-114.17320000
9.10750692,-114.17320000
9.10851172,-118.11020000
9.10951652,-122.04720000
9.11052132,-118.11020000
9.11152612,-122.04720000
9.11253092,-118.11020000
9.11353572,-114.17320000
9.11454052,-118.11020000
9.11554532,-114.17320000
9.11655012,-118.11020000
9.11755492,-110.23620000
9.11855972,-118.11020000
9.11956452,-118.11020000
9.12056932,-118.11020000
9.12157412,-118.11020000
9.12257892,-122.04720000
9.12358372,-122.04720000
9.12458852,-118.11020000
9.12559332,-118.11020000
9.12659812,-122.04720000
9.12760292,-118.11020000
9.12860772,-118.11020000
9.12961252,-114.17320000
9.13061732,-118.11020000
9.13162212,-118.11020000
9.13262692,-114.17320000
9.13363172,-114.17320000
9.13463652,-118.11020000
9.13564132,-118.11020000
9.13664612,-114.17320000
9.13765092,-114.17320000
9.13865572,-114.17320000
9.13966052,-122.04720000
9.14066532,-118.11020000
9.14167012,-114.17320000
9.14267492,-122.04720000
9.14367972,-122.04720000
9.14468452,-118.11020000
9.14568932,-114.17320000
9.14669412,-118.11020000
9.14769892,-118.11020000
9.14870372,-118.11020000
9.14970852,-114.17320000
9.15071332,-122.04720000
9.15171812,-122.04720000
9.15272292,-118.11020000
9.15372772,-114.17320000
9.15473252,-118.11020000
9.15573732,-114.17320000
9.15674212,-114.17320000
9.15774692,-118.11020000
9.15875172,-122.04720000
9.15975652,-118.11020000
9.16076132,-118.11020000
9.16176612,-118.11020000
9.16277092,-114.17320000
9.16377572,-125.98420000
9.16478052,-122.04720000
9.16578532,-125.98420000
9.16679012,-118.11020000
9.16779492,-118.11020000
9.16879972,-118.11020000
9.16980452,-114.17320000
9.17080932,-118.11020000
9.17181412,-110.23620000
9.17281892,-114.17320000
9.17382372,-118.11020000
9.17482852,-114.17320000
9.17583332,-122.04720000
9.17683812,-122.04720000
9.17784292,-122.04720000
9.17884772,-114.17320000
9.17985252,-122.04720000
9.18085732,-118.11020000
9.18186212,-114.17320000
9.18286692,-118.11020000
9.18387172,-114.17320000
9.18487652,-114.17320000
9.18588132,-118.11020000
9.18688612,-114.17320000
9.18789092,-118.11020000
9.18889572,-118.11020000
9.18990052,-118.11020000
9.19090532,-114.17320000
9.19191012,-118.11020000
9.19291492,-118.11020000
9.19391972,-114.17320000
9.19492452,-118.11020000
9.19592932,-118.11020000
9.19693412,-118.11020000
9.19793892,-114.17320000
9.19894372,-118.11020000
9.19994852,-118.11020000
9.20095332,-118.11020000
9.20195812,-118.11020000
9.20296292,-110.23620000
9.20396772,-122.04720000
9.20497252,-122.04720000
9.20597732,-122.04720000
9.20698212,-129.92120000
9.20798692,-114.17320000
9.20899172,-114.17320000
9.20999652,-98.42519000
9.21100132,-114.17320000
9.21200612,-114.17320000
9.21301092,-114.17320000
9.21401572,-114.17320000
9.21502052,-114.17320000
9.21602532,-118.11020000
9.21703012,-114.17320000
9.21803492,-114.17320000
9.21903972,-122.04720000
9.22004452,-114.17320000
9.22104932,-114.17320000
9.22205412,-118.11020000
9.22305892,-118.11020000
9.22406372,-118.11020000
9.22506852,-122.04720000
9.22607332,-118.11020000
9.22707812,-118.11020000
9.22808292,-114.17320000
9.22908772,-118.11020000
9.23009252,-118.11020000
9.23109732,-118.11020000
9.23210212,-118.11020000
9.23310692,-114.17320000
9.23411172,-122.04720000
9.23511652,-118.11020000
9.23612132,-118.11020000
9.23712612,-118.11020000
9.23813092,-118.11020000
9.23913572,-122.04720000
9.24014052,-125.98420000
9.24114532,-122.04720000
9.24215012,-118.11020000
9.24315492,-122.04720000
9.24415972,-125.98420000
9.24516452,-118.11020000
9.24616932,-122.04720000
9.24717412,-118.11020000
9.24817892,-114.17320000
9.24918372,-114.17320000
9.25018852,-114.17320000
9.25119332,-110.23620000
9.25219812,-98.42519000
9.25320292,-118.11020000
9.25420772,-106.29920000
9.25521252,-114.17320000
9.25621732,-118.11020000
9.25722212,-114.17320000
9.25822692,-114.17320000
9.25923172,-114.17320000
9.26023652,-110.23620000
9.26124132,-114.17320000
9.26224612,-114.17320000
9.26325092,-110.23620000
9.26425572,-110.23620000
9.26526052,-114.17320000
9.26626532,-114.17320000
9.26727012,-114.17320000
9.26827492,-114.17320000
9.26927972,-118.11020000
9.27028452,-110.23620000
9.27128932,-114.17320000
9.27229412,-114.17320000
9.27329892,-114.17320000
9.27430372,-118.11020000
9.27530852,-118.11020000
9.27631332,-110.23620000
9.27731812,-110.23620000
9.27832292,-114.17320000
9.27932772,-114.17320000
9.28033252,-122.04720000
9.28133732,-114.17320000
9.28234212,-114.17320000
9.28334692,-133.85830000
9.28435172,-122.04720000
9.28535652,-122.04720000
9.28636132,-118.11020000
9.28736612,-118.11020000
9.28837092,-122.04720000
9.28937572,-118.11020000
9.29038052,-118.11020000
9.29138532,-118.11020000
9.29239012,-114.17320000
9.29339492,-114.17320000
9.29439972,-114.17320000
9.29540452,-118.11020000
9.29640932,-114.17320000
9.29741412,-118.11020000
9.29841892,-118.11020000
9.29942372,-114.17320000
9.30042852,-114.17320000
9.30143332,-114.17320000
9.30243812,-110.23620000
9.30344292,-114.17320000
9.30444772,-129.92120000
9.30545252,-118.11020000
9.30645732,-118.11020000
9.30746212,-102.36220000
9.30846692,-118.11020000
9.30947172,-114.17320000
9.31047652,-122.04720000
9.31148132,-114.17320000
9.31248612,-114.17320000
9.31349092,-118.11020000
9.31449572,-118.11020000
9.31550052,-114.17320000
9.31650532,-118.11020000
9.31751012,-122.04720000
9.31851492,-114.17320000
9.31951972,-118.11020000
9.32052452,-122.04720000
9.32152932,-118.11020000
9.32253412,-122.04720000
9.32353892,-125.98420000
9.32454372,-122.04720000
9.32554852,-122.04720000
9.32655332,-122.04720000
9.32755812,-122.04720000
9.32856292,-122.04720000
9.32956772,-122.04720000
9.33057252,-122.04720000
9.33157732,-118.11020000
9.33258212,-118.11020000
9.33358692,-122.04720000
9.33459172,-122.04720000
9.33559652,-118.11020000
9.33660132,-122.04720000
9.33760612,-122.04720000
9.33861092,-122.04720000
9.33961572,-122.04720000
9.34062052,-118.11020000
9.34162532,-122.04720000
9.34263012,-118.11020000
9.34363492,-122.04720000
9.34463972,-114.17320000
9.34564452,-114.17320000
9.34664932,-114.17320000
9.34765412,-106.29920000
9.34865892,-114.17320000
9.34966372,-118.11020000
9.35066852,-110.23620000
9.35167332,-110.23620000
9.35267812,-106.29920000
9.35368292,-114.17320000
9.35468772,-114.17320000
9.35569252,-114.17320000
9.35669732,-114.17320000
9.35770212,-106.29920000
9.35870692,-106.29920000
9.35971172,-106.29920000
9.36071652,-102.36220000
9.36172132,-106.29920000
9.36272612,-110.23620000
9.36373092,-106.29920000
9.36473572,-110.23620000
9.36574052,-106.29920000
9.36674532,-106.29920000
9.36775012,-106.29920000
9.36875492,-106.29920000
9.36975972,-106.29920000
9.37076452,-106.29920000
9.37176932,-106.29920000
9.37277412,-102.36220000
9.37377892,-102.36220000
9.37478371,-110.23620000
9.37578851,-106.29920000
9.37679331,-106.29920000
9.37779811,-110.23620000
9.37880291,-102.36220000
9.37980771,-106.29920000
9.38081251,-110.23620000
9.38181731,-110.23620000
9.38282211,-110.23620000
9.38382691,-110.23620000
9.38483171,-114.17320000
9.38583651,-114.17320000
9.38684131,-118.11020000
9.38784611,-114.17320000
9.38885091,-110.23620000
9.38985571,-114.17320000
9.39086051,-114.17320000
9.39186531,-114.17320000
9.39287011,-110.23620000
9.39387491,-118.11020000
9.39487971,-114.17320000
9.39588451,-118.11020000
9.39688931,-118.11020000
9.39789411,-114.17320000
9.39889891,-114.17320000
9.39990371,-110.23620000
9.40090851,-110.23620000
9.40191331,-118.11020000
9.40291811,-114.17320000
9.40392291,-114.17320000
9.40492771,-98.42519000
9.40593251,-114.17320000
9.40693731,-114.17320000
9.40794211,-114.17320000
9.40894691,-110.23620000
9.40995171,-106.29920000
9.41095651,-106.29920000
9.41196131,-110.23620000
9.41296611,-106.29920000
9.41397091,-110.23620000
9.41497571,-106.29920000
9.41598051,-106.29920000
9.41698531,-106.29920000
9.41799011,-106.29920000
9.41899491,-118.11020000
9.41999971,-114.17320000
9.42100451,-110.23620000
9.42200931,-110.23620000
9.42301411,-106.29920000
9.42401891,-106.29920000
9.42502371,-110.23620000
9.42602851,-110.23620000
9.42703331,-110.23620000
9.42803811,-106.29920000
9.42904291,-110.23620000
9.43004771,-106.29920000
9.43105251,-106.29920000
9.43205731,-114.17320000
9.43306211,-110.23620000
9.43406691,-110.23620000
9.43507171,-114.17320000
9.43607651,-114.17320000
9.43708131,-114.17320000
9.43808611,-106.29920000
9.43909091,-110.23620000
9.44009571,-110.23620000
9.44110051,-114.17320000
9.44210531,-106.29920000
9.44311011,-110.23620000
9.44411491,-114.17320000
9.44511971,-118.11020000
9.44612451,-114.17320000
9.44712931,-118.11020000
9.44813411,-110.23620000
9.44913891,-110.23620000
9.45014371,-106.29920000
9.45114851,-110.23620000
9.45215331,-110.23620000
9.45315811,-110.23620000
9.45416291,-106.29920000
9.45516771,-106.29920000
9.45617251,-110.23620000
9.45717731,-110.23620000
9.45818211,-110.23620000
9.45918691,-110.23620000
9.46019171,-106.29920000
9.46119651,-106.29920000
9.46220131,-110.23620000
9.46320611,-106.29920000
9.46421091,-110.23620000
9.46521571,-106.29920000
9.46622051,-114.17320000
9.46722531,-106.29920000
9.46823011,-110.23620000
9.46923491,-114.17320000
9.47023971,-114.17320000
9.47124451,-110.23620000
9.47224931,-114.17320000
9.47325411,-110.23620000
9.47425891,-110.23620000
9.47526371,-106.29920000
9.47626851,-110.23620000
9.47727331,-114.17320000
9.47827811,-110.23620000
9.47928291,-110.23620000
9.48028771,-110.23620000
9.48129251,-102.36220000
9.48229731,-114.17320000
9.48330211,-106.29920000
9.48430691,-122.04720000
9.48531171,-118.11020000
9.48631651,-118.11020000
9.48732131,-114.17320000
9.48832611,-114.17320000
9.48933091,-114.17320000
9.49033571,-106.29920000
9.49134051,-102.36220000
9.49234531,-106.29920000
9.49335011,-102.36220000
9.49435491,-106.29920000
9.49535971,-106.29920000
9.49636451,-106.29920000
9.49736931,-106.29920000
9.49837411,-102.36220000
9.49937891,-110.23620000
9.50038371,-106.29920000
9.50138851,-106.29920000
9.50239331,-106.29920000
9.50339811,-102.36220000
9.50440291,-102.36220000
9.50540771,-102.36220000
9.50641251,-102.36220000
9.50741731,-102.36220000
9.50842211,-106.29920000
9.50942691,-106.29920000
9.51043171,-102.36220000
9.51143651,-102.36220000
9.51244131,-98.42519000
9.51344611,-102.36220000
9.51445091,-106.29920000
9.51545571,-106.29920000
9.51646051,-102.36220000
9.51746531,-106.29920000
9.51847011,-102.36220000
9.51947491,-102.36220000
9.52047971,-98.42519000
9.52148451,-102.36220000
9.52248931,-106.29920000
9.52349411,-102.36220000
9.52449891,-106.29920000
9.52550371,-110.23620000
9.52650851,-110.23620000
9.52751331,-106.29920000
9.52851811,-102.36220000
9.52952291,-102.36220000
9.53052771,-106.29920000
9.53153251,-106.29920000
9.53253731,-102.36220000
9.53354211,-98.42519000
9.53454691,-106.29920000
9.53555171,-102.36220000
9.53655651,-98.42519000
9.53756131,-102.36220000
9.53856611,-98.42519000
9.53957091,-102.36220000
9.54057571,-98.42519000
9.54158051,-98.42519000
9.54258531,-102.36220000
9.54359011,-98.42519000
9.54459491,-102.36220000
9.54559971,-98.42519000
9.54660451,-98.42519000
9.54760931,-102.36220000
9.54861411,-98.42519000
9.54961891,-102.36220000
9.55062371,-110.23620000
9.55162851,-98.42519000
9.55263331,-102.36220000
9.55363811,-98.42519000
9.55464291,-98.42519000
9.55564771,-106.29920000
9.55665251,-98.42519000
9.55765731,-94.48818000
9.55866211,-98.42519000
9.55966691,-98.42519000
9.56067171,-98.42519000
9.56167651,-98.42519000
9.56268131,-102.36220000
9.56368611,-102.36220000
9.56469091,-106.29920000
9.56569571,-106.29920000
9.56670051,-102.36220000
9.56770531,-98.42519000
9.56871011,-98.42519000
9.56971491,-94.48818000
9.57071971,-94.48818000
9.57172451,-94.48818000
9.57272931,-94.48818000
9.57373411,-94.48818000
9.57473891,-102.36220000
9.57574371,-98.42519000
9.57674851,-98.42519000
9.57775331,-98.42519000
9.57875811,-94.48818000
9.57976291,-98.42519000
9.58076771,-102.36220000
9.58177251,-98.42519000
9.58277731,-98.42519000
9.58378211,-98.42519000
9.58478691,-94.48818000
9.58579171,-94.48818000
9.58679651,-98.42519000
9.58780131,-98.42519000
9.58880611,-98.42519000
9.58981091,-98.42519000
9.59081571,-98.42519000
9.59182051,-98.42519000
9.59282531,-102.36220000
9.59383011,-90.55118000
9.59483491,-90.55118000
9.59583971,-98.42519000
9.59684451,-102.36220000
9.59784931,-98.42519000
9.59885411,-98.42519000
9.59985891,-86.61417000
9.60086371,-98.42519000
9.60186851,-98.42519000
9.60287331,-98.42519000
9.60387811,-106.29920000
9.60488291,-106.29920000
9.60588771,-102.36220000
9.60689251,-98.42519000
9.60789731,-102.36220000
9.60890211,-94.48818000
9.60990691,-90.55118000
9.61091171,-94.48818000
9.61191651,-94.48818000
9.61292131,-94.48818000
9.61392611,-98.42519000
9.61493091,-98.42519000
9.61593571,-98.42519000
9.61694051,-98.42519000
9.61794531,-90.55118000
9.61895011,-90.55118000
9.61995491,-94.48818000
9.62095971,-98.42519000
9.62196451,-98.42519000
9.62296931,-90.55118000
9.62397411,-90.55118000
9.62497891,-94.48818000
9.62598371,-90.55118000
9.62698851,-90.55118000
9.62799331,-90.55118000
9.62899811,-94.48818000
9.63000291,-94.48818000
9.63100771,-94.48818000
9.63201251,-94.48818000
9.63301731,-90.55118000
9.63402211,-94.48818000
9.63502691,-94.48818000
9.63603171,-94.48818000
9.63703651,-90.55118000
9.63804131,-94.48818000
9.63904611,-94.48818000
9.64005091,-86.61417000
9.64105571,-94.48818000
9.64206051,-94.48818000
9.64306531,-94.48818000
9.64407011,-94.48818000
9.64507491,-90.55118000
9.64607971,-106.29920000
9.64708451,-98.42519000
9.64808931,-94.48818000
9.64909411,-94.48818000
9.65009891,-94.48818000
9.65110371,-94.48818000
9.65210851,-86.61417000
9.65311331,-90.55118000
9.65411811,-86.61417000
9.65512291,-86.61417000
9.65612771,-94.48818000
9.65713251,-86.61417000
9.65813731,-86.61417000
9.65914211,-94.48818000
9.66014691,-90.55118000
9.66115171,-90.55118000
9.66215651,-94.48818000
9.66316131,-98.42519000
9.66416611,-90.55118000
9.66517091,-98.42519000
9.66617571,-98.42519000
9.66718051,-94.48818000
9.66818531,-94.48818000
9.66919011,-90.55118000
9.67019491,-86.61417000
9.67119971,-94.48818000
9.67220451,-90.55118000
9.67320931,-90.55118000
9.67421411,-94.48818000
9.67521891,-94.48818000
9.67622371,-90.55118000
9.67722851,-94.48818000
9.67823331,-98.42519000
9.67923811,-94.48818000
9.68024291,-94.48818000
9.68124771,-94.48818000
9.68225251,-82.67715000
9.68325731,-86.61417000
9.68426211,-94.48818000
9.68526691,-86.61417000
9.68627171,-94.48818000
9.68727651,-98.42519000
9.68828131,-94.48818000
9.68928611,-94.48818000
9.69029091,-90.55118000
9.69129571,-90.55118000
9.69230051,-86.61417000
9.69330531,-90.55118000
9.69431011,-86.61417000
9.69531491,-86.61417000
9.69631971,-90.55118000
9.69732451,-90.55118000
9.69832931,-86.61417000
9.69933411,-90.55118000
9.70033891,-86.61417000
9.70134371,-90.55118000
9.70234851,-90.55118000
9.70335330,-90.55118000
9.70435810,-86.61417000
9.70536290,-90.55118000
9.70636770,-86.61417000
9.70737250,-86.61417000
9.70837730,-90.55118000
9.70938210,-90.55118000
9.71038690,-98.42519000
9.71139170,-90.55118000
9.71239650,-90.55118000
9.71340130,-86.61417000
9.71440610,-90.55118000
9.71541090,-86.61417000
9.71641570,-86.61417000
9.71742050,-86.61417000
9.71842530,-86.61417000
9.71943010,-90.55118000
9.72043490,-86.61417000
9.72143970,-94.48818000
9.72244450,-90.55118000
9.72344930,-86.61417000
9.72445410,-86.61417000
9.72545890,-98.42519000
9.72646370,-102.36220000
9.72746850,-98.42519000
9.72847330,-94.48818000
9.72947810,-94.48818000
9.73048290,-86.61417000
9.73148770,-86.61417000
9.73249250,-90.55118000
9.73349730,-82.67715000
9.73450210,-86.61417000
9.73550690,-90.55118000
9.73651170,-82.67715000
9.73751650,-90.55118000
9.73852130,-90.55118000
9.73952610,-82.67715000
9.74053090,-82.67715000
9.74153570,-86.61417000
9.74254050,-82.67715000
9.74354530,-90.55118000
9.74455010,-94.48818000
9.74555490,-82.67715000
9.74655970,-86.61417000
9.74756450,-86.61417000
9.74856930,-82.67715000
9.74957410,-82.67715000
9.75057890,-90.55118000
9.75158370,-90.55118000
9.75258850,-86.61417000
9.75359330,-86.61417000
9.75459810,-82.67715000
9.75560290,-86.61417000
9.75660770,-82.67715000
9.75761250,-82.67715000
9.75861730,-86.61417000
9.75962210,-86.61417000
9.76062690,-82.67715000
9.76163170,-82.67715000
9.76263650,-82.67715000
9.76364130,-86.61417000
9.76464610,-86.61417000
9.76565090,-94.48818000
9.76665570,-90.55118000
9.76766050,-86.61417000
9.76866530,-90.55118000
9.76967010,-90.55118000
9.77067490,-86.61417000
9.77167970,-86.61417000
9.77268450,-82.67715000
9.77368930,-78.74015000
9.77469410,-82.67715000
9.77569890,-82.67715000
9.77670370,-86.61417000
9.77770850,-86.61417000
9.77871330,-82.67715000
9.77971810,-86.61417000
9.78072290,-82.67715000
9.78172770,-82.67715000
9.78273250,-82.67715000
9.78373730,-78.74015000
9.78474210,-82.67715000
9.78574690,-78.74015000
9.78675170,-82.67715000
9.78775650,-86.61417000
9.78876130,-82.67715000
9.78976610,-86.61417000
9.79077090,-86.61417000
9.79177570,-90.55118000
9.79278050,-86.61417000
9.79378530,-86.61417000
9.79479010,-82.67715000
9.79579490,-86.61417000
9.79679970,-78.74015000
9.79780450,-82.67715000
9.79880930,-82.67715000
9.79981410,-86.61417000
9.80081890,-82.67715000
9.80182370,-82.67715000
9.80282850,-82.67715000
9.80383330,-78.74015000
9.80483810,-86.61417000
9.80584290,-90.55118000
9.80684770,-90.55118000
9.80785250,-102.36220000
9.80885730,-90.55118000
9.80986210,-86.61417000
9.81086690,-62.99212000
9.81187170,-82.67715000
9.81287650,-82.67715000
9.81388130,-78.74015000
9.81488610,-82.67715000
9.81589090,-78.74015000
9.81689570,-82.67715000
9.81790050,-78.74015000
9.81890530,-74.80315000
9.81991010,-78.74015000
9.82091490,-78.74015000
9.82191970,-78.74015000
9.82292450,-78.74015000
9.82392930,-78.74015000
9.82493410,-86.61417000
9.82593890,-78.74015000
9.82694370,-82.67715000
9.82794850,-82.67715000
9.82895330,-86.61417000
9.82995810,-78.74015000
9.83096290,-78.74015000
9.83196770,-82.67715000
9.83297250,-78.74015000
9.83397730,-78.74015000
9.83498210,-82.67715000
9.83598690,-82.67715000
9.83699170,-78.74015000
9.83799650,-78.74015000
9.83900130,-78.74015000
9.84000610,-82.67715000
9.84101090,-86.61417000
9.84201570,-82.67715000
9.84302050,-78.74015000
9.84402530,-78.74015000
9.84503010,-82.67715000
9.84603490,-70.86613000
9.84703970,-90.55118000
9.84804450,-82.67715000
9.84904930,-82.67715000
9.85005410,-82.67715000
9.85105890,-82.67715000
9.85206370,-86.61417000
9.85306850,-78.74015000
9.85407330,-74.80315000
9.85507810,-74.80315000
9.85608290,-74.80315000
9.85708770,-86.61417000
9.85809250,-82.67715000
9.85909730,-78.74015000
9.86010210,-82.67715000
9.86110690,-74.80315000
9.86211170,-78.74015000
9.86311650,-86.61417000
9.86412130,-78.74015000
9.86512610,-78.74015000
9.86613090,-78.74015000
9.86713570,-78.74015000
9.86814050,-82.67715000
9.86914530,-78.74015000
9.87015010,-82.67715000
9.87115490,-78.74015000
9.87215970,-74.80315000
9.87316450,-82.67715000
9.87416930,-82.67715000
9.87517410,-78.74015000
9.87617890,-82.67715000
9.87718370,-78.74015000
9.87818850,-78.74015000
9.87919330,-78.74015000
9.88019810,-78.74015000
9.88120290,-82.67715000
9.88220770,-82.67715000
9.88321250,-78.74015000
9.88421730,-82.67715000
9.88522210,-78.74015000
9.88622690,-78.74015000
9.88723170,-62.99212000
9.88823650,-86.61417000
9.88924130,-86.61417000
9.89024610,-82.67715000
9.89125090,-82.67715000
9.89225570,-82.67715000
9.89326050,-78.74015000
9.89426530,-70.86613000
9.89527010,-70.86613000
9.89627490,-78.74015000
9.89727970,-78.74015000
9.89828450,-78.74015000
9.89928930,-74.80315000
9.90029410,-74.80315000
9.90129890,-78.74015000
9.90230370,-74.80315000
9.90330850,-78.74015000
9.90431330,-82.67715000
9.90531810,-78.74015000
9.90632290,-82.67715000
9.90732770,-78.74015000
9.90833250,-66.92913000
9.90933730,-78.74015000
9.91034210,-70.86613000
9.91134690,-74.80315000
9.91235170,-70.86613000
9.91335650,-78.74015000
9.91436130,-74.80315000
9.91536610,-74.80315000
9.91637090,-78.74015000
9.91737570,-78.74015000
9.91838050,-74.80315000
9.91938530,-74.80315000
9.92039010,-70.86613000
9.92139490,-74.80315000
9.92239970,-74.80315000
9.92340450,-78.74015000
9.92440930,-74.80315000
9.92541410,-70.86613000
9.92641890,-74.80315000
9.92742370,-78.74015000
9.92842850,-78.74015000
9.92943330,-82.67715000
9.93043810,-78.74015000
9.93144290,-78.74015000
9.93244770,-74.80315000
9.93345250,-74.80315000
9.93445730,-70.86613000
9.93546210,-74.80315000
9.93646690,-70.86613000
9.93747170,-70.86613000
9.93847650,-78.74015000
9.93948130,-74.80315000
9.94048610,-78.74015000
9.94149090,-74.80315000
9.94249570,-78.74015000
9.94350050,-74.80315000
9.94450530,-74.80315000
9.94551010,-78.74015000
9.94651490,-74.80315000
9.94751970,-70.86613000
9.94852450,-74.80315000
9.94952930,-74.80315000
9.95053410,-74.80315000
9.95153890,-70.86613000
9.95254370,-62.99212000
9.95354850,-78.74015000
9.95455330,-74.80315000
9.95555810,-74.80315000
9.95656290,-74.80315000
9.95756770,-74.80315000
9.95857250,-70.86613000
9.95957730,-74.80315000
9.96058210,-70.86613000
9.96158690,-70.86613000
9.96259170,-70.86613000
9.96359650,-66.92913000
9.96460130,-70.86613000
9.96560610,-70.86613000
9.96661090,-78.74015000
9.96761570,-86.61417000
9.96862050,-78.74015000
9.96962530,-74.80315000
9.97063010,-74.80315000
9.97163490,-78.74015000
9.97263970,-74.80315000
9.97364450,-70.86613000
9.97464930,-66.92913000
9.97565410,-70.86613000
9.97665890,-66.92913000
9.97766370,-66.92913000
9.97866850,-70.86613000
9.97967330,-74.80315000
9.98067810,-70.86613000
9.98168290,-70.86613000
9.98268770,-66.92913000
9.98369250,-74.80315000
9.98469730,-66.92913000
9.98570210,-66.92913000
9.98670690,-70.86613000
9.98771170,-70.86613000
9.98871650,-66.92913000
9.98972130,-70.86613000
9.99072610,-66.92913000
9.99173090,-70.86613000
9.99273570,-70.86613000
9.99374050,-70.86613000
9.99474530,-70.86613000
9.99575010,-70.86613000
9.99675490,-70.86613000
9.99775970,-70.86613000
9.99876450,-66.92913000
9.99976930,-70.86613000
10.00077410,-66.92913000
10.00177890,-66.92913000
10.00278370,-74.80315000
10.00378850,-70.86613000
10.00479330,-62.99212000
10.00579810,-70.86613000
10.00680290,-70.86613000
10.00780770,-74.80315000
10.00881250,-70.86613000
10.00981730,-66.92913000
10.01082210,-66.92913000
10.01182690,-66.92913000
10.01283170,-59.05511000
10.01383650,-66.92913000
10.01484130,-62.99212000
10.01584610,-66.92913000
10.01685090,-70.86613000
10.01785570,-62.99212000
10.01886050,-70.86613000
10.01986530,-74.80315000
10.02087010,-70.86613000
10.02187490,-70.86613000
10.02287970,-70.86613000
10.02388450,-62.99212000
10.02488930,-70.86613000
10.02589410,-66.92913000
10.02689890,-66.92913000
10.02790370,-62.99212000
10.02890850,-70.86613000
10.02991330,-62.99212000
10.03091810,-66.92913000
10.03192289,-70.86613000
10.03292769,-70.86613000
10.03393249,-70.86613000
10.03493729,-70.86613000
10.03594209,-74.80315000
10.03694689,-74.80315000
10.03795169,-70.86613000
10.03895649,-70.86613000
10.03996129,-70.86613000
10.04096609,-66.92913000
10.04197089,-70.86613000
10.04297569,-62.99212000
10.04398049,-74.80315000
10.04498529,-62.99212000
10.04599009,-70.86613000
10.04699489,-78.74015000
10.04799969,-70.86613000
10.04900449,-70.86613000
10.05000929,-62.99212000
10.05101409,-66.92913000
10.05201889,-66.92913000
10.05302369,-66.92913000
10.05402849,-70.86613000
10.05503329,-59.05511000
10.05603809,-70.86613000
10.05704289,-62.99212000
10.05804769,-62.99212000
10.05905249,-66.92913000
10.06005729,-70.86613000
10.06106209,-66.92913000
10.06206689,-62.99212000
10.06307169,-66.92913000
10.06407649,-66.92913000
10.06508129,-62.99212000
10.06608609,-66.92913000
10.06709089,-66.92913000
10.06809569,-70.86613000
10.06910049,-74.80315000
10.07010529,-74.80315000
10.07111009,-66.92913000
10.07211489,-74.80315000
10.07311969,-62.99212000
10.07412449,-66.92913000
10.07512929,-62.99212000
10.07613409,-70.86613000
10.07713889,-70.86613000
10.07814369,-66.92913000
10.07914849,-62.99212000
10.08015329,-62.99212000
10.08115809,-70.86613000
10.08216289,-66.92913000
10.08316769,-70.86613000
10.08417249,-74.80315000
10.08517729,-70.86613000
10.08618209,-70.86613000
10.08718689,-66.92913000
10.08819169,-66.92913000
10.08919649,-70.86613000
10.09020129,-66.92913000
10.09120609,-70.86613000
10.09221089,-62.99212000
10.09321569,-62.99212000
10.09422049,-66.92913000
10.09522529,-66.92913000
10.09623009,-62.99212000
10.09723489,-62.99212000
10.09823969,-62.99212000
10.09924449,-62.99212000
10.10024929,-66.92913000
10.10125409,-66.92913000
10.10225889,-70.86613000
10.10326369,-51.18110000
10.10426849,-70.86613000
10.10527329,-62.99212000
10.10627809,-62.99212000
10.10728289,-66.92913000
10.10828769,-66.92913000
10.10929249,-62.99212000
10.11029729,-66.92913000
10.11130209,-66.92913000
10.11230689,-62.99212000
10.11331169,-66.92913000
10.11431649,-62.99212000
10.11532129,-62.99212000
10.11632609,-62.99212000
10.11733089,-70.86613000
10.11833569,-66.92913000
10.11934049,-70.86613000
10.12034529,-66.92913000
10.12135009,-70.86613000
10.12235489,-66.92913000
10.12335969,-66.92913000
10.12436449,-62.99212000
10.12536929,-66.92913000
10.12637409,-66.92913000
10.12737889,-62.99212000
10.12838369,-66.92913000
10.12938849,-70.86613000
10.13039329,-66.92913000
10.13139809,-59.05511000
10.13240289,-70.86613000
10.13340769,-66.92913000
10.13441249,-70.86613000
10.13541729,-66.92913000
10.13642209,-62.99212000
10.13742689,-62.99212000
10.13843169,-62.99212000
10.13943649,-62.99212000
10.14044129,-62.99212000
10.14144609,-59.05511000
10.14245089,-62.99212000
10.14345569,-62.99212000
10.14446049,-62.99212000
10.14546529,-66.92913000
10.14647009,-66.92913000
10.14747489,-62.99212000
10.14847969,-66.92913000
10.14948449,-62.99212000
10.15048929,-59.05511000
10.15149409,-66.92913000
10.15249889,-59.05511000
10.15350369,-62.99212000
10.15450849,-59.05511000
10.15551329,-62.99212000
10.15651809,-59.05511000
10.15752289,-66.92913000
10.15852769,-62.99212000
10.15953249,-66.92913000
10.16053729,-62.99212000
10.16154209,-62.99212000
10.16254689,-62.99212000
10.16355169,-62.99212000
10.16455649,-59.05511000
10.16556129,-66.92913000
10.16656609,-62.99212000
10.16757089,-66.92913000
10.16857569,-66.92913000
10.16958049,-62.99212000
10.17058529,-70.86613000
10.17159009,-70.86613000
10.17259489,-62.99212000
10.17359969,-62.99212000
10.17460449,-62.99212000
10.17560929,-62.99212000
10.17661409,-62.99212000
10.17761889,-59.05511000
10.17862369,-62.99212000
10.17962849,-62.99212000
10.18063329,-62.99212000
10.18163809,-59.05511000
10.18264289,-66.92913000
10.18364769,-66.92913000
10.18465249,-55.11811000
10.18565729,-59.05511000
10.18666209,-62.99212000
10.18766689,-66.92913000
10.18867169,-59.05511000
10.18967649,-59.05511000
10.19068129,-62.99212000
10.19168609,-59.05511000
10.19269089,-62.99212000
10.19369569,-59.05511000
10.19470049,-55.11811000
10.19570529,-62.99212000
10.19671009,-62.99212000
10.19771489,-62.99212000
10.19871969,-70.86613000
10.19972449,-62.99212000
10.20072929,-55.11811000
10.20173409,-59.05511000
10.20273889,-55.11811000
10.20374369,-59.05511000
10.20474849,-62.99212000
10.20575329,-62.99212000
10.20675809,-59.05511000
10.20776289,-59.05511000
10.20876769,-70.86613000
10.20977249,-62.99212000
10.21077729,-66.92913000
10.21178209,-66.92913000
10.21278689,-62.99212000
10.21379169,-70.86613000
10.21479649,-62.99212000
10.21580129,-55.11811000
10.21680609,-51.18110000
10.21781089,-55.11811000
10.21881569,-55.11811000
10.21982049,-59.05511000
10.22082529,-59.05511000
10.22183009,-62.99212000
10.22283489,-59.05511000
10.22383969,-59.05511000
10.22484449,-59.05511000
10.22584929,-55.11811000
10.22685409,-59.05511000
10.22785889,-59.05511000
10.22886369,-59.05511000
10.22986849,-62.99212000
10.23087329,-62.99212000
10.23187809,-66.92913000
10.23288289,-66.92913000
10.23388769,-62.99212000
10.23489249,-62.99212000
10.23589729,-59.05511000
10.23690209,-59.05511000
10.23790689,-62.99212000
10.23891169,-59.05511000
10.23991649,-59.05511000
10.24092129,-59.05511000
10.24192609,-55.11811000
10.24293089,-62.99212000
10.24393569,-62.99212000
10.24494049,-59.05511000
10.24594529,-62.99212000
10.24695009,-59.05511000
10.24795489,-59.05511000
10.24895969,-66.92913000
10.24996449,-59.05511000
10.25096929,-62.99212000
10.25197409,-59.05511000
10.25297889,-59.05511000
10.25398369,-55.11811000
10.25498849,-59.05511000
10.25599329,-59.05511000
10.25699809,-55.11811000
10.25800289,-51.18110000
10.25900769,-55.11811000
10.26001249,-59.05511000
10.26101729,-62.99212000
10.26202209,-55.11811000
10.26302689,-62.99212000
10.26403169,-59.05511000
10.26503649,-62.99212000
10.26604129,-51.18110000
10.26704609,-55.11811000
10.26805089,-59.05511000
10.26905569,-59.05511000
10.27006049,-55.11811000
10.27106529,-62.99212000
10.27207009,-55.11811000
10.27307489,-62.99212000
10.27407969,-59.05511000
10.27508449,-55.11811000
10.27608929,-59.05511000
10.27709409,-55.11811000
10.27809889,-59.05511000
10.27910369,-59.05511000
10.28010849,-59.05511000
10.28111329,-59.05511000
10.28211809,-55.11811000
10.28312289,-55.11811000
10.28412769,-62.99212000
10.28513249,-55.11811000
10.28613729,-59.05511000
10.28714209,-62.99212000
10.28814689,-59.05511000
10.28915169,-55.11811000
10.29015649,-62.99212000
10.29116129,-59.05511000
10.29216609,-59.05511000
10.29317089,-55.11811000
10.29417569,-59.05511000
10.29518049,-70.86613000
10.29618529,-59.05511000
10.29719009,-62.99212000
10.29819489,-51.18110000
10.29919969,-59.05511000
10.30020449,-59.05511000
10.30120929,-55.11811000
10.30221409,-59.05511000
10.30321889,-51.18110000
10.30422369,-55.11811000
10.30522849,-51.18110000
10.30623329,-55.11811000
10.30723809,-55.11811000
10.30824289,-55.11811000
10.30924769,-59.05511000
10.31025249,-55.11811000
10.31125729,-70.86613000
10.31226209,-59.05511000
10.31326689,-62.99212000
10.31427169,-35.43307000
10.31527649,-51.18110000
10.31628129,-59.05511000
10.31728609,-51.18110000
10.31829089,-51.18110000
10.31929569,-62.99212000
10.32030049,-59.05511000
10.32130529,-59.05511000
10.32231009,-59.05511000
10.32331489,-55.11811000
10.32431969,-55.11811000
10.32532449,-62.99212000
10.32632929,-51.18110000
10.32733409,-55.11811000
10.32833889,-62.99212000
10.32934369,-59.05511000
10.33034849,-59.05511000
10.33135329,-62.99212000
10.33235809,-62.99212000
10.33336289,-59.05511000
10.33436769,-55.11811000
10.33537249,-62.99212000
10.33637729,-59.05511000
10.33738209,-55.11811000
10.33838689,-55.11811000
10.33939169,-55.11811000
10.34039649,-55.11811000
10.34140129,-55.11811000
10.34240609,-59.05511000
10.34341089,-51.18110000
10.34441569,-62.99212000
10.34542049,-62.99212000
10.34642529,-59.05511000
10.34743009,-55.11811000
10.34843489,-62.99212000
10.34943969,-51.18110000
10.35044449,-55.11811000
10.35144929,-55.11811000
10.35245409,-59.05511000
10.35345889,-51.18110000
10.35446369,-55.11811000
10.35546849,-59.05511000
10.35647329,-55.11811000
10.35747809,-59.05511000
10.35848289,-55.11811000
10.35948769,-55.11811000
10.36049249,-59.05511000
10.36149728,-59.05511000
10.36250208,-59.05511000
10.36350688,-55.11811000
10.36451168,-51.18110000
10.36551648,-55.11811000
10.36652128,-55.11811000
10.36752608,-55.11811000
10.36853088,-55.11811000
10.36953568,-51.18110000
10.37054048,-59.05511000
10.37154528,-51.18110000
10.37255008,-59.05511000
10.37355488,-59.05511000
10.37455968,-62.99212000
10.37556448,-62.99212000
10.37656928,-55.11811000
10.37757408,-59.05511000
10.37857888,-55.11811000
10.37958368,-55.11811000
10.38058848,-55.11811000
10.38159328,-51.18110000
10.38259808,-55.11811000
10.38360288,-62.99212000
10.38460768,-43.30709000
10.38561248,-59.05511000
10.38661728,-55.11811000
10.38762208,-59.05511000
10.38862688,-55.11811000
10.38963168,-55.11811000
10.39063648,-59.05511000
10.39164128,-55.11811000
10.39264608,-51.18110000
10.39365088,-59.05511000
10.39465568,-59.05511000
10.39566048,-59.05511000
10.39666528,-59.05511000
10.39767008,-51.18110000
10.39867488,-55.11811000
10.39967968,-59.05511000
10.40068448,-59.05511000
10.40168928,-59.05511000
10.40269408,-55.11811000
10.40369888,-62.99212000
10.40470368,-51.18110000
10.40570848,-51.18110000
10.40671328,-51.18110000
10.40771808,-51.18110000
10.40872288,-70.86613000
10.40972768,-51.18110000
10.41073248,-55.11811000
10.41173728,-43.30709000
10.41274208,-55.11811000
10.41374688,-59.05511000
10.41475168,-55.11811000
10.41575648,-62.99212000
10.41676128,-59.05511000
10.41776608,-55.11811000
10.41877088,-51.18110000
10.41977568,-51.18110000
10.42078048,-51.18110000
10.42178528,-51.18110000
10.42279008,-47.24409000
10.42379488,-47.24409000
10.42479968,-55.11811000
10.42580448,-51.18110000
10.42680928,-59.05511000
10.42781408,-55.11811000
10.42881888,-55.11811000
10.42982368,-47.24409000
10.43082848,-55.11811000
10.43183328,-51.18110000
10.43283808,-51.18110000
10.43384288,-55.11811000
10.43484768,-51.18110000
10.43585248,-51.18110000
10.43685728,-51.18110000
10.43786208,-55.11811000
10.43886688,-55.11811000
10.43987168,-51.18110000
10.44087648,-59.05511000
10.44188128,-55.11811000
10.44288608,-55.11811000
10.44389088,-59.05511000
10.44489568,-51.18110000
10.44590048,-51.18110000
10.44690528,-55.11811000
10.44791008,-55.11811000
10.44891488,-51.18110000
10.44991968,-55.11811000
10.45092448,-51.18110000
10.45192928,-51.18110000
10.45293408,-51.18110000
10.45393888,-55.11811000
10.45494368,-62.99212000
10.45594848,-55.11811000
10.45695328,-55.11811000
10.45795808,-55.11811000
10.45896288,-55.11811000
10.45996768,-51.18110000
10.46097248,-51.18110000
10.46197728,-51.18110000
10.46298208,-47.24409000
10.46398688,-51.18110000
10.46499168,-51.18110000
10.46599648,-51.18110000
10.46700128,-55.11811000
10.46800608,-55.11811000
10.46901088,-51.18110000
10.47001568,-55.11811000
10.47102048,-51.18110000
10.47202528,-55.11811000
10.47303008,-55.11811000
10.47403488,-62.99212000
10.47503968,-55.11811000
10.47604448,-51.18110000
10.47704928,-51.18110000
10.47805408,-55.11811000
10.47905888,-51.18110000
10.48006368,-47.24409000
10.48106848,-55.11811000
10.48207328,-51.18110000
10.48307808,-51.18110000
10.48408288,-47.24409000
10.48508768,-55.11811000
10.48609248,-43.30709000
10.48709728,-55.11811000
10.48810208,-51.18110000
10.48910688,-47.24409000
10.49011168,-55.11811000
10.49111648,-59.05511000
10.49212128,-51.18110000
10.49312608,-55.11811000
10.49413088,-51.18110000
10.49513568,-55.11811000
10.49614048,-59.05511000
10.49714528,-51.18110000
10.49815008,-51.18110000
10.49915488,-51.18110000
10.50015968,-51.18110000
10.50116448,-47.24409000
10.50216928,-47.24409000
10.50317408,-47.24409000
10.50417888,-51.18110000
10.50518368,-47.24409000
10.50618848,-55.11811000
10.50719328,-51.18110000
10.50819808,-55.11811000
10.50920288,-43.30709000
10.51020768,-43.30709000
10.51121248,-55.11811000
10.51221728,-55.11811000
10.51322208,-51.18110000
10.51422688,-55.11811000
10.51523168,-51.18110000
10.51623648,-55.11811000
10.51724128,-51.18110000
10.51824608,-47.24409000
10.51925088,-47.24409000
10.52025568,-51.18110000
10.52126048,-51.18110000
10.52226528,-47.24409000
10.52327008,-55.11811000
10.52427488,-59.05511000
10.52527968,-51.18110000
10.52628448,-51.18110000
10.52728928,-51.18110000
10.52829408,-51.18110000
10.52929888,-51.18110000
10.53030368,-47.24409000
10.53130848,-51.18110000
10.53231328,-51.18110000
10.53331808,-47.24409000
10.53432288,-47.24409000
10.53532768,-51.18110000
10.53633248,-51.18110000
10.53733728,-55.11811000
10.53834208,-55.11811000
10.53934688,-55.11811000
10.54035168,-47.24409000
10.54135648,-51.18110000
10.54236128,-51.18110000
10.54336608,-47.24409000
10.54437088,-47.24409000
10.54537568,-47.24409000
10.54638048,-47.24409000
10.54738528,-47.24409000
10.54839008,-47.24409000
10.54939488,-51.18110000
10.55039968,-51.18110000
10.55140448,-51.18110000
10.55240928,-51.18110000
10.55341408,-51.18110000
10.55441888,-47.24409000
10.55542368,-55.11811000
10.55642848,-51.18110000
10.55743328,-59.05511000
10.55843808,-47.24409000
10.55944288,-47.24409000
10.56044768,-55.11811000
10.56145248,-51.18110000
10.56245728,-47.24409000
10.56346208,-51.18110000
10.56446688,-47.24409000
10.56547168,-47.24409000
10.56647648,-55.11811000
10.56748128,-47.24409000
10.56848608,-43.30709000
10.56949088,-55.11811000
10.57049568,-47.24409000
10.57150048,-55.11811000
10.57250528,-47.24409000
10.57351008,-51.18110000
10.57451488,-47.24409000
10.57551968,-47.24409000
10.57652448,-51.18110000
10.57752928,-55.11811000
10.57853408,-59.05511000
10.57953888,-51.18110000
10.58054368,-51.18110000
10.58154848,-47.24409000
10.58255328,-43.30709000
10.58355808,-43.30709000
10.58456288,-47.24409000
10.58556768,-43.30709000
10.58657248,-51.18110000
10.58757728,-51.18110000
10.58858208,-47.24409000
10.58958688,-51.18110000
10.59059168,-47.24409000
10.59159648,-47.24409000
10.59260128,-47.24409000
10.59360608,-51.18110000
10.59461088,-47.24409000
10.59561568,-47.24409000
10.59662048,-43.30709000
10.59762528,-43.30709000
10.59863008,-47.24409000
10.59963488,-47.24409000
10.60063968,-47.24409000
10.60164448,-47.24409000
10.60264928,-47.24409000
10.60365408,-55.11811000
10.60465888,-47.24409000
10.60566368,-51.18110000
10.60666848,-43.30709000
10.60767328,-47.24409000
10.60867808,-43.30709000
10.60968288,-43.30709000
10.61068768,-47.24409000
10.61169248,-47.24409000
10.61269728,-47.24409000
10.61370208,-47.24409000
10.61470688,-47.24409000
10.61571168,-43.30709000
10.61671648,-47.24409000
10.61772128,-55.11811000
10.61872608,-55.11811000
10.61973088,-47.24409000
10.62073568,-51.18110000
10.62174048,-47.24409000
10.62274528,-43.30709000
10.62375008,-47.24409000
10.62475488,-43.30709000
10.62575968,-43.30709000
10.62676448,-43.30709000
10.62776928,-47.24409000
10.62877408,-43.30709000
10.62977888,-43.30709000
10.63078368,-43.30709000
10.63178848,-43.30709000
10.63279328,-43.30709000
10.63379808,-47.24409000
10.63480288,-43.30709000
10.63580768,-51.18110000
10.63681248,-51.18110000
10.63781728,-35.43307000
10.63882208,-47.24409000
10.63982688,-47.24409000
10.64083168,-47.24409000
10.64183648,-47.24409000
10.64284128,-47.24409000
10.64384608,-51.18110000
10.64485088,-43.30709000
10.64585568,-43.30709000
10.64686048,-43.30709000
10.64786528,-43.30709000
10.64887008,-43.30709000
10.64987488,-47.24409000
10.65087968,-47.24409000
10.65188448,-47.24409000
10.65288928,-55.11811000
10.65389408,-43.30709000
10.65489888,-47.24409000
10.65590368,-31.49606000
10.65690848,-47.24409000
10.65791328,-47.24409000
10.65891808,-31.49606000
10.65992288,-51.18110000
10.66092768,-47.24409000
10.66193248,-43.30709000
10.66293728,-43.30709000
10.66394208,-43.30709000
10.66494688,-43.30709000
10.66595168,-39.37008000
10.66695648,-43.30709000
10.66796128,-39.37008000
10.66896608,-43.30709000
10.66997088,-47.24409000
10.67097568,-43.30709000
10.67198048,-47.24409000
10.67298528,-39.37008000
10.67399008,-39.37008000
10.67499488,-43.30709000
10.67599968,-39.37008000
10.67700448,-47.24409000
10.67800928,-43.30709000
10.67901408,-39.37008000
10.68001888,-51.18110000
10.68102368,-43.30709000
10.68202848,-43.30709000
10.68303328,-47.24409000
10.68403808,-39.37008000
10.68504288,-47.24409000
10.68604768,-43.30709000
10.68705248,-43.30709000
10.68805728,-39.37008000
10.68906208,-47.24409000
10.69006687,-47.24409000
10.69107167,-39.37008000
10.69207647,-47.24409000
10.69308127,-43.30709000
10.69408607,-39.37008000
10.69509087,-39.37008000
10.69609567,-43.30709000
10.69710047,-39.37008000
10.69810527,-39.37008000
10.69911007,-43.30709000
10.70011487,-51.18110000
10.70111967,-51.18110000
10.70212447,-47.24409000
10.70312927,-43.30709000
10.70413407,-39.37008000
10.70513887,-43.30709000
10.70614367,-35.43307000
10.70714847,-47.24409000
10.70815327,-39.37008000
10.70915807,-39.37008000
10.71016287,-39.37008000
10.71116767,-39.37008000
10.71217247,-43.30709000
10.71317727,-35.43307000
10.71418207,-39.37008000
10.71518687,-43.30709000
10.71619167,-39.37008000
10.71719647,-47.24409000
10.71820127,-47.24409000
10.71920607,-43.30709000
10.72021087,-23.62205000
10.72121567,-39.37008000
10.72222047,-39.37008000
10.72322527,-43.30709000
10.72423007,-43.30709000
10.72523487,-43.30709000
10.72623967,-39.37008000
10.72724447,-47.24409000
10.72824927,-39.37008000
10.72925407,-43.30709000
10.73025887,-43.30709000
10.73126367,-43.30709000
10.73226847,-35.43307000
10.73327327,-43.30709000
10.73427807,-39.37008000
10.73528287,-39.37008000
10.73628767,-47.24409000
10.73729247,-43.30709000
10.73829727,-39.37008000
10.73930207,-39.37008000
10.74030687,-35.43307000
10.74131167,-51.18110000
10.74231647,-47.24409000
10.74332127,-43.30709000
10.74432607,-43.30709000
10.74533087,-43.30709000
10.74633567,-39.37008000
10.74734047,-35.43307000
10.74834527,-35.43307000
10.74935007,-39.37008000
10.75035487,-39.37008000
10.75135967,-43.30709000
10.75236447,-39.37008000
10.75336927,-39.37008000
10.75437407,-39.37008000
10.75537887,-39.37008000
10.75638367,-39.37008000
10.75738847,-47.24409000
10.75839327,-43.30709000
10.75939807,-39.37008000
10.76040287,-39.37008000
10.76140767,-39.37008000
10.76241247,-39.37008000
10.76341727,-39.37008000
10.76442207,-39.37008000
10.76542687,-39.37008000
10.76643167,-43.30709000
10.76743647,-47.24409000
10.76844127,-43.30709000
10.76944607,-35.43307000
10.77045087,-39.37008000
10.77145567,-35.43307000
10.77246047,-39.37008000
10.77346527,-39.37008000
10.77447007,-39.37008000
10.77547487,-35.43307000
10.77647967,-35.43307000
10.77748447,-35.43307000
10.77848927,-35.43307000
10.77949407,-31.49606000
10.78049887,-39.37008000
10.78150367,-39.37008000
10.78250847,-27.55905000
10.78351327,-47.24409000
10.78451807,-47.24409000
10.78552287,-39.37008000
10.78652767,-39.37008000
10.78753247,-39.37008000
10.78853727,-35.43307000
10.78954207,-35.43307000
10.79054687,-39.37008000
10.79155167,-31.49606000
10.79255647,-31.49606000
10.79356127,-35.43307000
10.79456607,-39.37008000
10.79557087,-35.43307000
10.79657567,-35.43307000
10.79758047,-35.43307000
10.79858527,-39.37008000
10.79959007,-35.43307000
10.80059487,-39.37008000
10.80159967,-43.30709000
10.80260447,-35.43307000
10.80360927,-35.43307000
10.80461407,-35.43307000
10.80561887,-39.37008000
10.80662367,-31.49606000
10.80762847,-35.43307000
10.80863327,-35.43307000
10.80963807,-35.43307000
10.81064287,-35.43307000
10.81164767,-39.37008000
10.81265247,-35.43307000
10.81365727,-31.49606000
10.81466207,-47.24409000
10.81566687,-35.43307000
10.81667167,-35.43307000
10.81767647,-19.68504000
10.81868127,-35.43307000
10.81968607,-31.49606000
10.82069087,-31.49606000
10.82169567,-31.49606000
10.82270047,-35.43307000
10.82370527,-43.30709000
10.82471007,-43.30709000
10.82571487,-35.43307000
10.82671967,-35.43307000
10.82772447,-35.43307000
10.82872927,-35.43307000
10.82973407,-35.43307000
10.83073887,-31.49606000
10.83174367,-39.37008000
10.83274847,-39.37008000
10.83375327,-31.49606000
10.83475807,-31.49606000
10.83576287,-39.37008000
10.83676767,-35.43307000
10.83777247,-31.49606000
10.83877727,-35.43307000
10.83978207,-39.37008000
10.84078687,-35.43307000
10.84179167,-35.43307000
10.84279647,-35.43307000
10.84380127,-35.43307000
10.84480607,-39.37008000
10.84581087,-35.43307000
10.84681567,-31.49606000
10.84782047,-43.30709000
10.84882527,-39.37008000
10.84983007,-43.30709000
10.85083487,-31.49606000
10.85183967,-35.43307000
10.85284447,-35.43307000
10.85384927,-39.37008000
10.85485407,-31.49606000
10.85585887,-31.49606000
10.85686367,-35.43307000
10.85786847,-35.43307000
10.85887327,-31.49606000
10.85987807,-39.37008000
10.86088287,-35.43307000
10.86188767,-31.49606000
10.86289247,-35.43307000
10.86389727,-35.43307000
10.86490207,-43.30709000
10.86590687,-47.24409000
10.86691167,-39.37008000
10.86791647,-35.43307000
10.86892127,-39.37008000
10.86992607,-35.43307000
10.87093087,-35.43307000
10.87193567,-35.43307000
10.87294047,-35.43307000
10.87394527,-39.37008000
10.87495007,-39.37008000
10.87595487,-39.37008000
10.87695967,-31.49606000
10.87796447,-35.43307000
10.87896927,-39.37008000
10.87997407,-35.43307000
10.88097887,-43.30709000
10.88198367,-39.37008000
10.88298847,-31.49606000
10.88399327,-39.37008000
10.88499807,-35.43307000
10.88600287,-35.43307000
10.88700767,-35.43307000
10.88801247,-39.37008000
10.88901727,-35.43307000
10.89002207,-31.49606000
10.89102687,-31.49606000
10.89203167,-31.49606000
10.89303647,-35.43307000
10.89404127,-31.49606000
10.89504607,-39.37008000
10.89605087,-35.43307000
10.89705567,-39.37008000
10.89806047,-31.49606000
10.89906527,-35.43307000
10.90007007,-35.43307000
10.90107487,-35.43307000
10.90207967,-31.49606000
10.90308447,-39.37008000
10.90408927,-39.37008000
10.90509407,-31.49606000
10.90609887,-55.11811000
10.90710367,-31.49606000
10.90810847,-39.37008000
10.90911327,-35.43307000
10.91011807,-39.37008000
10.91112287,-35.43307000
10.91212767,-51.18110000
10.91313247,-39.37008000
10.91413727,-39.37008000
10.91514207,-23.62205000
10.91614687,-31.49606000
10.91715167,-35.43307000
10.91815647,-35.43307000
10.91916127,-31.49606000
10.92016607,-35.43307000
10.92117087,-35.43307000
10.92217567,-31.49606000
10.92318047,-31.49606000
10.92418527,-35.43307000
10.92519007,-35.43307000
10.92619487,-35.43307000
10.92719967,-35.43307000
10.92820447,-35.43307000
10.92920927,-31.49606000
10.93021407,-39.37008000
10.93121887,-39.37008000
10.93222367,-35.43307000
10.93322847,-35.43307000
10.93423327,-35.43307000
10.93523807,-35.43307000
10.93624287,-43.30709000
10.93724767,-31.49606000
10.93825247,-35.43307000
10.93925727,-35.43307000
10.94026207,-35.43307000
10.94126687,-31.49606000
10.94227167,-35.43307000
10.94327647,-31.49606000
10.94428127,-39.37008000
10.94528607,-39.37008000
10.94629087,-39.37008000
10.94729567,-51.18110000
10.94830047,-35.43307000
10.94930527,-43.30709000
10.95031007,-35.43307000
10.95131487,-35.43307000
10.95231967,-31.49606000
10.95332447,-35.43307000
10.95432927,-31.49606000
10.95533407,-31.49606000
10.95633887,-31.49606000
10.95734367,-31.49606000
10.95834847,-35.43307000
10.95935327,-35.43307000
10.96035807,-27.55905000
10.96136287,-35.43307000
10.96236767,-39.37008000
10.96337247,-31.49606000
10.96437727,-31.49606000
10.96538207,-35.43307000
10.96638687,-31.49606000
10.96739167,-31.49606000
10.96839647,-31.49606000
10.96940127,-31.49606000
10.97040607,-27.55905000
10.97141087,-31.49606000
10.97241567,-35.43307000
10.97342047,-31.49606000
10.97442527,-31.49606000
10.97543007,-31.49606000
10.97643487,-31.49606000
10.97743967,-31.49606000
10.97844447,-31.49606000
10.97944927,-35.43307000
10.98045407,-35.43307000
10.98145887,-31.49606000
10.98246367,-35.43307000
10.98346847,-31.49606000
10.98447327,-31.49606000
10.98547807,-31.49606000
10.98648287,-35.43307000
10.98748767,-31.49606000
10.98849247,-43.30709000
10.98949727,-35.43307000
10.99050207,-35.43307000
10.99150687,-39.37008000
10.99251167,-31.49606000
10.99351647,-35.43307000
10.99452127,-39.37008000
10.99552607,-31.49606000
10.99653087,-31.49606000
10.99753567,-31.49606000
10.99854047,-31.49606000
10.99954527,-31.49606000
11.00055007,-31.49606000
11.00155487,-31.49606000
11.00255967,-31.49606000
11.00356447,-31.49606000
11.00456927,-31.49606000
11.00557407,-35.43307000
11.00657887,-35.43307000
11.00758367,-31.49606000
11.00858847,-31.49606000
11.00959327,-39.37008000
11.01059807,-39.37008000
11.01160287,-35.43307000
11.01260767,-31.49606000
11.01361247,-35.43307000
11.01461727,-31.49606000
11.01562207,-31.49606000
11.01662687,-31.49606000
11.01763167,-31.49606000
11.01863646,-35.43307000
11.01964126,-31.49606000
11.02064606,-35.43307000
11.02165086,-35.43307000
11.02265566,-35.43307000
11.02366046,-31.49606000
11.02466526,-31.49606000
11.02567006,-35.43307000
11.02667486,-31.49606000
11.02767966,-39.37008000
11.02868446,-31.49606000
11.02968926,-43.30709000
11.03069406,-39.37008000
11.03169886,-35.43307000
11.03270366,-35.43307000
11.03370846,-35.43307000
11.03471326,-31.49606000
11.03571806,-31.49606000
11.03672286,-31.49606000
11.03772766,-31.49606000
11.03873246,-27.55905000
11.03973726,-31.49606000
11.04074206,-35.43307000
11.04174686,-27.55905000
11.04275166,-35.43307000
11.04375646,-35.43307000
11.04476126,-31.49606000
11.04576606,-35.43307000
11.04677086,-31.49606000
11.04777566,-31.49606000
11.04878046,-31.49606000
11.04978526,-31.49606000
11.05079006,-35.43307000
11.05179486,-35.43307000
11.05279966,-35.43307000
11.05380446,-31.49606000
11.05480926,-31.49606000
11.05581406,-39.37008000
11.05681886,-35.43307000
11.05782366,-35.43307000
11.05882846,-39.37008000
11.05983326,-35.43307000
11.06083806,-39.37008000
11.06184286,-31.49606000
11.06284766,-31.49606000
11.06385246,-35.43307000
11.06485726,-31.49606000
11.06586206,-35.43307000
11.06686686,-35.43307000
11.06787166,-35.43307000
11.06887646,-35.43307000
11.06988126,-31.49606000
11.07088606,-23.62205000
11.07189086,-43.30709000
11.07289566,-35.43307000
11.07390046,-35.43307000
11.07490526,-35.43307000
11.07591006,-39.37008000
11.07691486,-43.30709000
11.07791966,-27.55905000
11.07892446,-31.49606000
11.07992926,-31.49606000
11.08093406,-35.43307000
11.08193886,-31.49606000
11.08294366,-31.49606000
11.08394846,-31.49606000
11.08495326,-31.49606000
11.08595806,-35.43307000
11.08696286,-35.43307000
11.08796766,-35.43307000
11.08897246,-31.49606000
11.08997726,-31.49606000
11.09098206,-35.43307000
11.09198686,-35.43307000
11.09299166,-39.37008000
11.09399646,-31.49606000
11.09500126,-31.49606000
11.09600606,-35.43307000
11.09701086,-31.49606000
11.09801566,-35.43307000
11.09902046,-31.49606000
11.10002526,-35.43307000
11.10103006,-35.43307000
11.10203486,-31.49606000
11.10303966,-31.49606000
11.10404446,-31.49606000
11.10504926,-35.43307000
11.10605406,-35.43307000
11.10705886,-35.43307000
11.10806366,-39.37008000
11.10906846,-35.43307000
11.11007326,-31.49606000
11.11107806,-31.49606000
11.11208286,-39.37008000
11.11308766,-43.30709000
11.11409246,-39.37008000
11.11509726,-35.43307000
11.11610206,-39.37008000
11.11710686,-35.43307000
11.11811166,-31.49606000
11.11911646,-31.49606000
11.12012126,-31.49606000
11.12112606,-35.43307000
11.12213086,-35.43307000
11.12313566,-35.43307000
11.12414046,-35.43307000
11.12514526,-35.43307000
11.12615006,-35.43307000
11.12715486,-31.49606000
11.12815966,-35.43307000
11.12916446,-31.49606000
11.13016926,-31.49606000
11.13117406,-35.43307000
11.13217886,-31.49606000
11.13318366,-31.49606000
11.13418846,-31.49606000
11.13519326,-35.43307000
11.13619806,-31.49606000
11.13720286,-31.49606000
11.13820766,-31.49606000
11.13921246,-31.49606000
11.14021726,-35.43307000
11.14122206,-39.37008000
11.14222686,-31.49606000
11.14323166,-35.43307000
11.14423646,-31.49606000
11.14524126,-35.43307000
11.14624606,-35.43307000
11.14725086,-31.49606000
11.14825566,-35.43307000
11.14926046,-35.43307000
11.15026526,-31.49606000
11.15127006,-31.49606000
11.15227486,-35.43307000
11.15327966,-35.43307000
11.15428446,-39.37008000
11.15528926,-39.37008000
11.15629406,-35.43307000
11.15729886,-35.43307000
11.15830366,-35.43307000
11.15930846,-27.55905000
11.16031326,-31.49606000
11.16131806,-31.49606000
11.16232286,-31.49606000
11.16332766,-31.49606000
11.16433246,-27.55905000
11.16533726,-31.49606000
11.16634206,-31.49606000
11.16734686,-35.43307000
11.16835166,-31.49606000
11.16935646,-35.43307000
11.17036126,-35.43307000
11.17136606,-31.49606000
11.17237086,-31.49606000
11.17337566,-31.49606000
11.17438046,-31.49606000
11.17538526,-31.49606000
11.17639006,-31.49606000
11.17739486,-31.49606000
11.17839966,-31.49606000
11.17940446,-31.49606000
11.18040926,-27.55905000
11.18141406,-35.43307000
11.18241886,-31.49606000
11.18342366,-35.43307000
11.18442846,-35.43307000
11.18543326,-31.49606000
11.18643806,-31.49606000
11.18744286,-35.43307000
11.18844766,-31.49606000
11.18945246,-35.43307000
11.19045726,-35.43307000
11.19146206,-31.49606000
11.19246686,-31.49606000
11.19347166,-35.43307000
11.19447646,-31.49606000
11.19548126,-43.30709000
11.19648606,-39.37008000
11.19749086,-35.43307000
11.19849566,-31.49606000
11.19950046,-35.43307000
11.20050526,-31.49606000
11.20151006,-27.55905000
11.20251486,-31.49606000
11.20351966,-23.62205000
11.20452446,-31.49606000
11.20552926,-31.49606000
11.20653406,-35.43307000
11.20753886,-31.49606000
11.20854366,-31.49606000
11.20954846,-35.43307000
11.21055326,-31.49606000
11.21155806,-31.49606000
11.21256286,-31.49606000
11.21356766,-27.55905000
11.21457246,-31.49606000
11.21557726,-27.55905000
11.21658206,-31.49606000
11.21758686,-27.55905000
11.21859166,-27.55905000
11.21959646,-27.55905000
11.22060126,-35.43307000
11.22160606,-31.49606000
11.22261086,-35.43307000
11.22361566,-19.68504000
11.22462046,-35.43307000
11.22562526,-35.43307000
11.22663006,-31.49606000
11.22763486,-31.49606000
11.22863966,-35.43307000
11.22964446,-31.49606000
11.23064926,-31.49606000
11.23165406,-35.43307000
11.23265886,-31.49606000
11.23366366,-31.49606000
11.23466846,-31.49606000
11.23567326,-35.43307000
11.23667806,-31.49606000
11.23768286,-31.49606000
11.23868766,-39.37008000
11.23969246,-39.37008000
11.24069726,-35.43307000
11.24170206,-35.43307000
11.24270686,-31.49606000
11.24371166,-31.49606000
11.24471646,-31.49606000
11.24572126,-31.49606000
11.24672606,-27.55905000
11.24773086,-31.49606000
11.24873566,-35.43307000
11.24974046,-31.49606000
11.25074526,-27.55905000
11.25175006,-31.49606000
11.25275486,-31.49606000
11.25375966,-35.43307000
11.25476446,-35.43307000
11.25576926,-31.49606000
11.25677406,-31.49606000
11.25777886,-31.49606000
11.25878366,-31.49606000
11.25978846,-31.49606000
11.26079326,-31.49606000
11.26179806,-31.49606000
11.26280286,-27.55905000
11.26380766,-31.49606000
11.26481246,-35.43307000
11.26581726,-23.62205000
11.26682206,-27.55905000
11.26782686,-31.49606000
11.26883166,-31.49606000
11.26983646,-31.49606000
11.27084126,-35.43307000
11.27184606,-35.43307000
11.27285086,-27.55905000
11.27385566,-35.43307000
11.27486046,-27.55905000
11.27586526,-27.55905000
11.27687006,-31.49606000
11.27787486,-35.43307000
11.27887966,-39.37008000
11.27988446,-39.37008000
11.28088926,-35.43307000
11.28189406,-31.49606000
11.28289886,-31.49606000
11.28390366,-31.49606000
11.28490846,-27.55905000
11.28591326,-31.49606000
11.28691806,-31.49606000
11.28792286,-31.49606000
11.28892766,-31.49606000
11.28993246,-31.49606000
11.29093726,-31.49606000
11.29194206,-31.49606000
11.29294686,-31.49606000
11.29395166,-31.49606000
11.29495646,-27.55905000
11.29596126,-31.49606000
11.29696606,-35.43307000
11.29797086,-31.49606000
11.29897566,-31.49606000
11.29998046,-31.49606000
11.30098526,-31.49606000
11.30199006,-35.43307000
11.30299486,-31.49606000
11.30399966,-31.49606000
11.30500446,-27.55905000
11.30600926,-35.43307000
11.30701406,-23.62205000
11.30801886,-31.49606000
11.30902366,-35.43307000
11.31002846,-31.49606000
11.31103326,-31.49606000
11.31203806,-31.49606000
11.31304286,-27.55905000
11.31404766,-27.55905000
11.31505246,-31.49606000
11.31605726,-27.55905000
11.31706206,-31.49606000
11.31806686,-39.37008000
11.31907166,-35.43307000
11.32007646,-31.49606000
11.32108126,-19.68504000
11.32208606,-35.43307000
11.32309086,-31.49606000
11.32409566,-31.49606000
11.32510046,-27.55905000
11.32610526,-27.55905000
11.32711006,-31.49606000
11.32811486,-23.62205000
11.32911966,-23.62205000
11.33012446,-27.55905000
11.33112926,-27.55905000
11.33213406,-27.55905000
11.33313886,-27.55905000
11.33414366,-31.49606000
11.33514846,-35.43307000
11.33615326,-31.49606000
11.33715806,-35.43307000
11.33816286,-27.55905000
11.33916766,-27.55905000
11.34017246,-31.49606000
11.34117726,-27.55905000
11.34218206,-27.55905000
11.34318686,-31.49606000
11.34419166,-27.55905000
11.34519646,-31.49606000
11.34620126,-27.55905000
11.34720606,-27.55905000
11.34821085,-27.55905000
11.34921565,-27.55905000
11.35022045,-31.49606000
11.35122525,-35.43307000
11.35223005,-31.49606000
11.35323485,-31.49606000
11.35423965,-35.43307000
11.35524445,-23.62205000
11.35624925,-31.49606000
11.35725405,-31.49606000
11.35825885,-35.43307000
11.35926365,-27.55905000
11.36026845,-35.43307000
11.36127325,-31.49606000
11.36227805,-35.43307000
11.36328285,-35.43307000
11.36428765,-31.49606000
11.36529245,-27.55905000
11.36629725,-31.49606000
11.36730205,-31.49606000
11.36830685,-27.55905000
11.36931165,-31.49606000
11.37031645,-27.55905000
11.37132125,-27.55905000
11.37232605,-27.55905000
11.37333085,-27.55905000
11.37433565,-27.55905000
11.37534045,-27.55905000
11.37634525,-31.49606000
11.37735005,-27.55905000
11.37835485,-27.55905000
11.37935965,-31.49606000
11.38036445,-27.55905000
11.38136925,-27.55905000
11.38237405,-31.49606000
11.38337885,-31.49606000
11.38438365,-31.49606000
11.38538845,-31.49606000
11.38639325,-27.55905000
11.38739805,-23.62205000
11.38840285,-31.49606000
11.38940765,-27.55905000
11.39041245,-27.55905000
11.39141725,-31.49606000
11.39242205,-27.55905000
11.39342685,-23.62205000
11.39443165,-27.55905000
11.39543645,-27.55905000
11.39644125,-23.62205000
11.39744605,-31.49606000
11.39845085,-27.55905000
11.39945565,-31.49606000
11.40046045,-31.49606000
11.40146525,-31.49606000
11.40247005,-35.43307000
11.40347485,-39.37008000
11.40447965,-31.49606000
11.40548445,-31.49606000
11.40648925,-31.49606000
11.40749405,-31.49606000
11.40849885,-23.62205000
11.40950365,-23.62205000
11.41050845,-27.55905000
11.41151325,-23.62205000
11.41251805,-31.49606000
11.41352285,-31.49606000
11.41452765,-23.62205000
11.41553245,-39.37008000
11.41653725,-31.49606000
11.41754205,-27.55905000
11.41854685,-27.55905000
11.41955165,-23.62205000
11.42055645,-31.49606000
11.42156125,-31.49606000
11.42256605,-31.49606000
11.42357085,-31.49606000
11.42457565,-23.62205000
11.42558045,-27.55905000
11.42658525,-27.55905000
11.42759005,-23.62205000
11.42859485,-31.49606000
11.42959965,-27.55905000
11.43060445,-31.49606000
11.43160925,-27.55905000
11.43261405,-27.55905000
11.43361885,-27.55905000
11.43462365,-31.49606000
11.43562845,-27.55905000
11.43663325,-27.55905000
11.43763805,-27.55905000
11.43864285,-27.55905000
11.43964765,-31.49606000
11.44065245,-23.62205000
11.44165725,-23.62205000
11.44266205,-27.55905000
11.44366685,-23.62205000
11.44467165,-23.62205000
11.44567645,-31.49606000
11.44668125,-31.49606000
11.44768605,-31.49606000
11.44869085,-31.49606000
11.44969565,-31.49606000
11.45070045,-27.55905000
11.45170525,-23.62205000
11.45271005,-27.55905000
11.45371485,-23.62205000
11.45471965,-23.62205000
11.45572445,-27.55905000
11.45672925,-23.62205000
11.45773405,-27.55905000
11.45873885,-19.68504000
11.45974365,-27.55905000
11.46074845,-27.55905000
11.46175325,-23.62205000
11.46275805,-31.49606000
11.46376285,-27.55905000
11.46476765,-31.49606000
11.46577245,-31.49606000
11.46677725,-27.55905000
11.46778205,-27.55905000
11.46878685,-23.62205000
11.46979165,-31.49606000
11.47079645,-23.62205000
11.47180125,-27.55905000
11.47280605,-27.55905000
11.47381085,-27.55905000
11.47481565,-27.55905000
11.47582045,-23.62205000
11.47682525,-27.55905000
11.47783005,-27.55905000
11.47883485,-27.55905000
11.47983965,-23.62205000
11.48084445,-23.62205000
11.48184925,-27.55905000
11.48285405,-31.49606000
11.48385885,-31.49606000
11.48486365,-31.49606000
11.48586845,-27.55905000
11.48687325,-27.55905000
11.48787805,-23.62205000
11.48888285,-19.68504000
11.48988765,-27.55905000
11.49089245,-27.55905000
11.49189725,-23.62205000
11.49290205,-23.62205000
11.49390685,-23.62205000
11.49491165,-23.62205000
11.49591645,-23.62205000
11.49692125,-27.55905000
11.49792605,-23.62205000
11.49893085,-27.55905000
11.49993565,-23.62205000
11.50094045,-23.62205000
11.50194525,-23.62205000
11.50295005,-23.62205000
11.50395485,-23.62205000
11.50495965,-23.62205000
11.50596445,-23.62205000
11.50696925,-27.55905000
11.50797405,-23.62205000
11.50897885,-27.55905000
11.50998365,-23.62205000
11.51098845,-23.62205000
11.51199325,-27.55905000
11.51299805,-39.37008000
11.51400285,-27.55905000
11.51500765,-27.55905000
11.51601245,-23.62205000
11.51701725,-27.55905000
11.51802205,-27.55905000
11.51902685,-31.49606000
11.52003165,-23.62205000
11.52103645,-23.62205000
11.52204125,-27.55905000
11.52304605,-23.62205000
11.52405085,-27.55905000
11.52505565,-35.43307000
11.52606045,-27.55905000
11.52706525,-23.62205000
11.52807005,-27.55905000
11.52907485,-23.62205000
11.53007965,-23.62205000
11.53108445,-23.62205000
11.53208925,-23.62205000
11.53309405,-19.68504000
11.53409885,-19.68504000
11.53510365,-23.62205000
11.53610845,-27.55905000
11.53711325,-23.62205000
11.53811805,-23.62205000
11.53912285,-23.62205000
11.54012765,-27.55905000
11.54113245,-23.62205000
11.54213725,-19.68504000
11.54314205,-27.55905000
11.54414685,-23.62205000
11.54515165,-23.62205000
11.54615645,-27.55905000
11.54716125,-23.62205000
11.54816605,-23.62205000
11.54917085,-23.62205000
11.55017565,-27.55905000
11.55118045,-23.62205000
11.55218525,-27.55905000
11.55319005,-23.62205000
11.55419485,-23.62205000
11.55519965,-19.68504000
11.55620445,-23.62205000
11.55720925,-27.55905000
11.55821405,-19.68504000
11.55921885,-19.68504000
11.56022365,-23.62205000
11.56122845,-23.62205000
11.56223325,-27.55905000
11.56323805,-27.55905000
11.56424285,-27.55905000
11.56524765,-27.55905000
11.56625245,-27.55905000
11.56725725,-31.49606000
11.56826205,-27.55905000
11.56926685,-23.62205000
11.57027165,-19.68504000
11.57127645,-19.68504000
11.57228125,-19.68504000
11.57328605,-23.62205000
11.57429085,-19.68504000
11.57529565,-19.68504000
11.57630045,-15.74803000
11.57730525,-23.62205000
11.57831005,-23.62205000
11.57931485,-27.55905000
11.58031965,-23.62205000
11.58132445,-23.62205000
11.58232925,-19.68504000
11.58333405,-23.62205000
11.58433885,-19.68504000
11.58534365,-19.68504000
11.58634845,-15.74803000
11.58735325,-19.68504000
11.58835805,-23.62205000
11.58936285,-15.74803000
11.59036765,-19.68504000
11.59137245,-15.74803000
11.59237725,-19.68504000
11.59338205,-19.68504000
11.59438685,-19.68504000
11.59539165,-19.68504000
11.59639645,-19.68504000
11.59740125,-15.74803000
11.59840605,-19.68504000
11.59941085,-7.87401500
11.60041565,-11.81102000
11.60142045,-11.81102000
11.60242525,-3.93700800
11.60343005,-7.87401500
11.60443485,-3.93700800
11.60543965,-3.93700800
11.60644445,-3.93700800
11.60744925,-7.87401500
11.60845405,-11.81102000
11.60945885,-7.87401500
11.61046365,-15.74803000
11.61146845,-11.81102000
11.61247325,-3.93700800
11.61347805,0.00000000
11.61448285,-3.93700800
11.61548765,0.00000000
11.61649245,-3.93700800
11.61749725,0.00000000
11.61850205,-3.93700800
11.61950685,-3.93700800
11.62051165,-3.93700800
11.62151645,-7.87401500
11.62252125,-11.81102000
11.62352605,-15.74803000
11.62453085,-15.74803000
11.62553565,-11.81102000
11.62654045,-23.62205000
11.62754525,-23.62205000
11.62855005,-19.68504000
11.62955485,-27.55905000
11.63055965,-15.74803000
11.63156445,-23.62205000
11.63256925,-27.55905000
11.63357405,-27.55905000
11.63457885,-19.68504000
11.63558365,-23.62205000
11.63658845,-27.55905000
11.63759325,-27.55905000
11.63859805,-27.55905000
11.63960285,-23.62205000
11.64060765,-23.62205000
11.64161245,-23.62205000
11.64261725,-23.62205000
11.64362205,-19.68504000
11.64462685,-23.62205000
11.64563165,-15.74803000
11.64663645,-15.74803000
11.64764125,-7.87401500
11.64864605,-11.81102000
11.64965085,-19.68504000
11.65065565,-19.68504000
11.65166045,-23.62205000
11.65266525,-23.62205000
11.65367005,-19.68504000
11.65467485,-23.62205000
11.65567965,-23.62205000
11.65668445,-15.74803000
11.65768925,-15.74803000
11.65869405,-15.74803000
11.65969885,-19.68504000
11.66070365,-19.68504000
11.66170845,-23.62205000
11.66271325,-15.74803000
11.66371805,-15.74803000
11.66472285,-19.68504000
11.66572765,-15.74803000
11.66673245,-19.68504000
11.66773725,-15.74803000
11.66874205,-19.68504000
11.66974685,-15.74803000
11.67075165,-15.74803000
11.67175645,-15.74803000
11.67276125,-19.68504000
11.67376605,-19.68504000
11.67477085,-19.68504000
11.67577565,-19.68504000
11.67678044,-23.62205000
11.67778524,-19.68504000
11.67879004,-19.68504000
11.67979484,-19.68504000
11.68079964,-19.68504000
11.68180444,-15.74803000
11.68280924,-19.68504000
11.68381404,-23.62205000
11.68481884,-19.68504000
11.68582364,-19.68504000
11.68682844,-23.62205000
11.68783324,-23.62205000
11.68883804,-19.68504000
11.68984284,-19.68504000
11.69084764,-31.49606000
11.69185244,-23.62205000
11.69285724,-23.62205000
11.69386204,-23.62205000
11.69486684,-19.68504000
11.69587164,-19.68504000
11.69687644,-23.62205000
11.69788124,-15.74803000
11.69888604,-15.74803000
11.69989084,-19.68504000
11.70089564,-19.68504000
11.70190044,-15.74803000
11.70290524,-19.68504000
11.70391004,-23.62205000
11.70491484,-15.74803000
11.70591964,-15.74803000
11.70692444,-19.68504000
11.70792924,-23.62205000
11.70893404,-19.68504000
11.70993884,-23.62205000
11.71094364,-19.68504000
11.71194844,-15.74803000
11.71295324,-19.68504000
11.71395804,-15.74803000
11.71496284,-19.68504000
11.71596764,-19.68504000
11.71697244,-19.68504000
11.71797724,-19.68504000
11.71898204,-19.68504000
11.71998684,-19.68504000
11.72099164,-19.68504000
11.72199644,-19.68504000
11.72300124,-19.68504000
11.72400604,-23.62205000
11.72501084,-23.62205000
11.72601564,-19.68504000
11.72702044,-7.87401500
11.72802524,-23.62205000
11.72903004,-19.68504000
11.73003484,-15.74803000
11.73103964,-19.68504000
11.73204444,-27.55905000
11.73304924,-27.55905000
11.73405404,-23.62205000
11.73505884,-23.62205000
11.73606364,-19.68504000
11.73706844,-23.62205000
11.73807324,-19.68504000
11.73907804,-23.62205000
11.74008284,-19.68504000
11.74108764,-23.62205000
11.74209244,-23.62205000
11.74309724,-23.62205000
11.74410204,-19.68504000
11.74510684,-19.68504000
11.74611164,-23.62205000
11.74711644,-19.68504000
11.74812124,-19.68504000
11.74912604,-19.68504000
11.75013084,-15.74803000
11.75113564,-19.68504000
11.75214044,-23.62205000
11.75314524,-23.62205000
11.75415004,-19.68504000
11.75515484,-23.62205000
11.75615964,-23.62205000
11.75716444,-23.62205000
11.75816924,-23.62205000
11.75917404,-23.62205000
11.76017884,-19.68504000
11.76118364,-19.68504000
11.76218844,-19.68504000
11.76319324,-23.62205000
11.76419804,-23.62205000
11.76520284,-19.68504000
11.76620764,-23.62205000
11.76721244,-27.55905000
11.76821724,-27.55905000
11.76922204,-19.68504000
11.77022684,-23.62205000
11.77123164,-23.62205000
11.77223644,-19.68504000
11.77324124,-27.55905000
11.77424604,-31.49606000
11.77525084,-27.55905000
11.77625564,-27.55905000
11.77726044,-27.55905000
11.77826524,-19.68504000
11.77927004,-19.68504000
11.78027484,-23.62205000
11.78127964,-23.62205000
11.78228444,-23.62205000
11.78328924,-19.68504000
11.78429404,-23.62205000
11.78529884,-23.62205000
11.78630364,-19.68504000
11.78730844,-23.62205000
11.78831324,-19.68504000
11.78931804,-19.68504000
11.79032284,-27.55905000
11.79132764,-23.62205000
11.79233244,-23.62205000
11.79333724,-27.55905000
11.79434204,-19.68504000
11.79534684,-15.74803000
11.79635164,-23.62205000
11.79735644,-19.68504000
11.79836124,-23.62205000
11.79936604,-19.68504000
11.80037084,-19.68504000
11.80137564,-23.62205000
11.80238044,-23.62205000
11.80338524,-23.62205000
11.80439004,-23.62205000
11.80539484,-23.62205000
11.80639964,-31.49606000
11.80740444,-19.68504000
11.80840924,-23.62205000
11.80941404,-23.62205000
11.81041884,-19.68504000
11.81142364,-19.68504000
11.81242844,-27.55905000
11.81343324,-19.68504000
11.81443804,-23.62205000
11.81544284,-23.62205000
11.81644764,-23.62205000
11.81745244,-23.62205000
11.81845724,-23.62205000
11.81946204,-23.62205000
11.82046684,-23.62205000
11.82147164,-27.55905000
11.82247644,-23.62205000
11.82348124,-19.68504000
11.82448604,-3.93700800
11.82549084,-15.74803000
11.82649564,-19.68504000
11.82750044,-23.62205000
11.82850524,-19.68504000
11.82951004,-19.68504000
11.83051484,-19.68504000
11.83151964,-23.62205000
11.83252444,-23.62205000
11.83352924,-23.62205000
11.83453404,-23.62205000
11.83553884,-23.62205000
11.83654364,-23.62205000
11.83754844,-19.68504000
11.83855324,-23.62205000
11.83955804,-27.55905000
11.84056284,-23.62205000
11.84156764,-19.68504000
11.84257244,-19.68504000
11.84357724,-23.62205000
11.84458204,-27.55905000
11.84558684,-19.68504000
11.84659164,-27.55905000
11.84759644,-23.62205000
11.84860124,-23.62205000
11.84960604,-23.62205000
11.85061084,-23.62205000
11.85161564,-27.55905000
11.85262044,-23.62205000
11.85362524,-23.62205000
11.85463004,-27.55905000
11.85563484,-27.55905000
11.85663964,-19.68504000
11.85764444,-31.49606000
11.85864924,-23.62205000
11.85965404,-27.55905000
11.86065884,-27.55905000
11.86166364,-23.62205000
11.86266844,-27.55905000
11.86367324,-23.62205000
11.86467804,-19.68504000
11.86568284,-19.68504000
11.86668764,-19.68504000
11.86769244,-27.55905000
11.86869724,-23.62205000
11.86970204,-23.62205000
11.87070684,-31.49606000
11.87171164,-27.55905000
11.87271644,-27.55905000
11.87372124,-23.62205000
11.87472604,-27.55905000
11.87573084,-23.62205000
11.87673564,-23.62205000
11.87774044,-19.68504000
11.87874524,-23.62205000
11.87975004,-27.55905000
11.88075484,-23.62205000
11.88175964,-27.55905000
11.88276444,-27.55905000
11.88376924,-23.62205000
11.88477404,-23.62205000
11.88577884,-27.55905000
11.88678364,-23.62205000
11.88778844,-27.55905000
11.88879324,-23.62205000
11.88979804,-27.55905000
11.89080284,-19.68504000
11.89180764,-23.62205000
11.89281244,-27.55905000
11.89381724,-23.62205000
11.89482204,-23.62205000
11.89582684,-23.62205000
11.89683164,-23.62205000
11.89783644,-27.55905000
11.89884124,-35.43307000
11.89984604,-27.55905000
11.90085084,-27.55905000
11.90185564,-27.55905000
11.90286044,-27.55905000
11.90386524,-27.55905000
11.90487004,-31.49606000
11.90587484,-23.62205000
11.90687964,-23.62205000
11.90788444,-23.62205000
11.90888924,-19.68504000
11.90989404,-19.68504000
11.91089884,-27.55905000
11.91190364,-23.62205000
11.91290844,-19.68504000
11.91391324,-27.55905000
11.91491804,-23.62205000
11.91592284,-23.62205000
11.91692764,-23.62205000
11.91793244,-23.62205000
11.91893724,-43.30709000
11.91994204,-27.55905000
11.92094684,-31.49606000
11.92195164,-19.68504000
11.92295644,-27.55905000
11.92396124,-23.62205000
11.92496604,-27.55905000
11.92597084,-27.55905000
11.92697564,-23.62205000
11.92798044,-23.62205000
11.92898524,-27.55905000
11.92999004,-23.62205000
11.93099484,-23.62205000
11.93199964,-27.55905000
11.93300444,-27.55905000
11.93400924,-23.62205000
11.93501404,-23.62205000
11.93601884,-31.49606000
11.93702364,-31.49606000
11.93802844,-31.49606000
11.93903324,-23.62205000
11.94003804,-7.87401500
11.94104284,-31.49606000
11.94204764,-23.62205000
11.94305244,-27.55905000
11.94405724,-31.49606000
11.94506204,-23.62205000
11.94606684,-27.55905000
11.94707164,-23.62205000
11.94807644,-23.62205000
11.94908124,-23.62205000
11.95008604,-27.55905000
11.95109084,-27.55905000
11.95209564,-27.55905000
11.95310044,-27.55905000
11.95410524,-23.62205000
11.95511004,-19.68504000
11.95611484,-23.62205000
11.95711964,-27.55905000
11.95812444,-31.49606000
11.95912924,-23.62205000
11.96013404,-23.62205000
11.96113884,-31.49606000
11.96214364,-27.55905000
11.96314844,-27.55905000
11.96415324,-27.55905000
11.96515804,-23.62205000
11.96616284,-23.62205000
11.96716764,-27.55905000
11.96817244,-27.55905000
11.96917724,-27.55905000
11.97018204,-31.49606000
11.97118684,-23.62205000
11.97219164,-23.62205000
11.97319644,-23.62205000
11.97420124,-23.62205000
11.97520604,-27.55905000
11.97621084,-31.49606000
11.97721564,-23.62205000
11.97822044,-27.55905000
11.97922524,-27.55905000
11.98023004,-23.62205000
11.98123484,-27.55905000
11.98223964,-27.55905000
11.98324444,-27.55905000
11.98424924,-31.49606000
11.98525404,-31.49606000
11.98625884,-27.55905000
11.98726364,-23.62205000
11.98826844,-23.62205000
11.98927324,-23.62205000
11.99027804,-23.62205000
11.99128284,-27.55905000
11.99228764,-27.55905000
11.99329244,-19.68504000
11.99429724,-31.49606000
11.99530204,-27.55905000
11.99630684,-23.62205000
11.99731164,-23.62205000
11.99831644,-23.62205000
11.99932124,-23.62205000
12.00032604,-23.62205000
12.00133084,-31.49606000
12.00233564,-31.49606000
12.00334044,-23.62205000
12.00434524,-23.62205000
12.00535003,-27.55905000
12.00635483,-27.55905000
12.00735963,-27.55905000
12.00836443,-31.49606000
12.00936923,-27.55905000
12.01037403,-23.62205000
12.01137883,-19.68504000
12.01238363,-27.55905000
12.01338843,-27.55905000
12.01439323,-23.62205000
12.01539803,-27.55905000
12.01640283,-39.37008000
12.01740763,-31.49606000
12.01841243,-31.49606000
12.01941723,-19.68504000
12.02042203,-23.62205000
12.02142683,-27.55905000
12.02243163,-27.55905000
12.02343643,-31.49606000
12.02444123,-31.49606000
12.02544603,-35.43307000
12.02645083,-27.55905000
12.02745563,-31.49606000
12.02846043,-27.55905000
12.02946523,-27.55905000
12.03047003,-23.62205000
12.03147483,-27.55905000
12.03247963,-27.55905000
12.03348443,-31.49606000
12.03448923,-31.49606000
12.03549403,-31.49606000
12.03649883,-23.62205000
12.03750363,-31.49606000
12.03850843,-31.49606000
12.03951323,-23.62205000
12.04051803,-31.49606000
12.04152283,-27.55905000
12.04252763,-27.55905000
12.04353243,-31.49606000
12.04453723,-27.55905000
12.04554203,-27.55905000
12.04654683,-31.49606000
12.04755163,-27.55905000
12.04855643,-31.49606000
12.04956123,-27.55905000
12.05056603,-31.49606000
12.05157083,-31.49606000
12.05257563,-23.62205000
12.05358043,-31.49606000
12.05458523,-31.49606000
12.05559003,-23.62205000
12.05659483,-23.62205000
12.05759963,-23.62205000
12.05860443,-27.55905000
12.05960923,-31.49606000
12.06061403,-31.49606000
12.06161883,-31.49606000
12.06262363,-31.49606000
12.06362843,-31.49606000
12.06463323,-27.55905000
12.06563803,-35.43307000
12.06664283,-39.37008000
12.06764763,-39.37008000
12.06865243,-31.49606000
12.06965723,-27.55905000
12.07066203,-23.62205000
12.07166683,-23.62205000
12.07267163,-31.49606000
12.07367643,-31.49606000
12.07468123,-27.55905000
12.07568603,-31.49606000
12.07669083,-31.49606000
12.07769563,-27.55905000
12.07870043,-27.55905000
12.07970523,-27.55905000
12.08071003,-27.55905000
12.08171483,-35.43307000
12.08271963,-31.49606000
12.08372443,-31.49606000
12.08472923,-31.49606000
12.08573403,-31.49606000
12.08673883,-31.49606000
12.08774363,-31.49606000
12.08874843,-31.49606000
12.08975323,-31.49606000
12.09075803,-35.43307000
12.09176283,-31.49606000
12.09276763,-31.49606000
12.09377243,-31.49606000
12.09477723,-27.55905000
12.09578203,-31.49606000
12.09678683,-31.49606000
12.09779163,-27.55905000
12.09879643,-31.49606000
12.09980123,-31.49606000
12.10080603,-27.55905000
12.10181083,-31.49606000
12.10281563,-27.55905000
12.10382043,-23.62205000
12.10482523,-23.62205000
12.10583003,-35.43307000
12.10683483,-31.49606000
12.10783963,-31.49606000
12.10884443,-35.43307000
12.10984923,-35.43307000
12.11085403,-27.55905000
12.11185883,-31.49606000
12.11286363,-23.62205000
12.11386843,-35.43307000
12.11487323,-35.43307000
12.11587803,-31.49606000
12.11688283,-23.62205000
12.11788763,-31.49606000
12.11889243,-31.49606000
12.11989723,-27.55905000
12.12090203,-35.43307000
12.12190683,-35.43307000
12.12291163,-27.55905000
12.12391643,-31.49606000
12.12492123,-27.55905000
12.12592603,-31.49606000
12.12693083,-31.49606000
12.12793563,-35.43307000
12.12894043,-31.49606000
12.12994523,-31.49606000
12.13095003,-31.49606000
12.13195483,-31.49606000
12.13295963,-35.43307000
12.13396443,-31.49606000
12.13496923,-27.55905000
12.13597403,-23.62205000
12.13697883,-35.43307000
12.13798363,-31.49606000
12.13898843,-27.55905000
12.13999323,-31.49606000
12.14099803,-27.55905000
12.14200283,-23.62205000
12.14300763,-27.55905000
12.14401243,-27.55905000
12.14501723,-23.62205000
12.14602203,-23.62205000
12.14702683,-31.49606000
12.14803163,-39.37008000
12.14903643,-39.37008000
12.15004123,-31.49606000
12.15104603,-31.49606000
12.15205083,-27.55905000
12.15305563,-31.49606000
12.15406043,-27.55905000
12.15506523,-23.62205000
12.15607003,-27.55905000
12.15707483,-31.49606000
12.15807963,-23.62205000
12.15908443,-27.55905000
12.16008923,-27.55905000
12.16109403,-31.49606000
12.16209883,-31.49606000
12.16310363,-35.43307000
12.16410843,-31.49606000
12.16511323,-31.49606000
12.16611803,-23.62205000
12.16712283,-27.55905000
12.16812763,-27.55905000
12.16913243,-27.55905000
12.17013723,-27.55905000
12.17114203,-31.49606000
12.17214683,-27.55905000
12.17315163,-27.55905000
12.17415643,-31.49606000
12.17516123,-27.55905000
12.17616603,-31.49606000
12.17717083,-27.55905000
12.17817563,-27.55905000
12.17918043,-35.43307000
12.18018523,-27.55905000
12.18119003,-27.55905000
12.18219483,-31.49606000
12.18319963,-23.62205000
12.18420443,-23.62205000
12.18520923,-31.49606000
12.18621403,-31.49606000
12.18721883,-27.55905000
12.18822363,-31.49606000
12.18922843,-43.30709000
12.19023323,-35.43307000
12.19123803,-35.43307000
12.19224283,-31.49606000
12.19324763,-23.62205000
12.19425243,-31.49606000
12.19525723,-31.49606000
12.19626203,-31.49606000
12.19726683,-31.49606000
12.19827163,-31.49606000
12.19927643,-27.55905000
12.20028123,-31.49606000
12.20128603,-27.55905000
12.20229083,-31.49606000
12.20329563,-31.49606000
12.20430043,-31.49606000
12.20530523,-31.49606000
12.20631003,-27.55905000
12.20731483,-31.49606000
12.20831963,-27.55905000
12.20932443,-27.55905000
12.21032923,-35.43307000
12.21133403,-35.43307000
12.21233883,-35.43307000
12.21334363,-31.49606000
12.21434843,-31.49606000
12.21535323,-31.49606000
12.21635803,-31.49606000
12.21736283,-31.49606000
12.21836763,-31.49606000
12.21937243,-31.49606000
12.22037723,-23.62205000
12.22138203,-31.49606000
12.22238683,-27.55905000
12.22339163,-35.43307000
12.22439643,-27.55905000
12.22540123,-31.49606000
12.22640603,-27.55905000
12.22741083,-27.55905000
12.22841563,-31.49606000
12.22942043,-31.49606000
12.23042523,-35.43307000
12.23143003,-31.49606000
12.23243483,-31.49606000
12.23343963,-31.49606000
12.23444443,-27.55905000
12.23544923,-31.49606000
12.23645403,-31.49606000
12.23745883,-27.55905000
12.23846363,-31.49606000
12.23946843,-31.49606000
12.24047323,-27.55905000
12.24147803,-31.49606000
12.24248283,-31.49606000
12.24348763,-31.49606000
12.24449243,-27.55905000
12.24549723,-31.49606000
12.24650203,-31.49606000
12.24750683,-31.49606000
12.24851163,-31.49606000
12.24951643,-31.49606000
12.25052123,-31.49606000
12.25152603,-27.55905000
12.25253083,-35.43307000
12.25353563,-27.55905000
12.25454043,-31.49606000
12.25554523,-27.55905000
12.25655003,-31.49606000
12.25755483,-31.49606000
12.25855963,-31.49606000
12.25956443,-31.49606000
12.26056923,-31.49606000
12.26157403,-31.49606000
12.26257883,-31.49606000
12.26358363,-27.55905000
12.26458843,-31.49606000
12.26559323,-27.55905000
12.26659803,-31.49606000
12.26760283,-31.49606000
12.26860763,-31.49606000
12.26961243,-27.55905000
12.27061723,-31.49606000
12.27162203,-31.49606000
12.27262683,-35.43307000
12.27363163,-35.43307000
12.27463643,-31.49606000
12.27564123,-35.43307000
12.27664603,-31.49606000
12.27765083,-31.49606000
12.27865563,-35.43307000
12.27966043,-27.55905000
12.28066523,-27.55905000
12.28167003,-23.62205000
12.28267483,-31.49606000
12.28367963,-31.49606000
12.28468443,-31.49606000
12.28568923,-27.55905000
12.28669403,-31.49606000
12.28769883,-31.49606000
12.28870363,-31.49606000
12.28970843,-31.49606000
12.29071323,-31.49606000
12.29171803,-31.49606000
12.29272283,-35.43307000
12.29372763,-35.43307000
12.29473243,-31.49606000
12.29573723,-31.49606000
12.29674203,-31.49606000
12.29774683,-27.55905000
12.29875163,-31.49606000
12.29975643,-27.55905000
12.30076123,-31.49606000
12.30176603,-31.49606000
12.30277083,-27.55905000
12.30377563,-31.49606000
12.30478043,-27.55905000
12.30578523,-23.62205000
12.30679003,-31.49606000
12.30779483,-31.49606000
12.30879963,-35.43307000
12.30980443,-31.49606000
12.31080923,-31.49606000
12.31181403,-31.49606000
12.31281883,-31.49606000
12.31382363,-31.49606000
12.31482843,-35.43307000
12.31583323,-39.37008000
12.31683803,-31.49606000
12.31784283,-35.43307000
12.31884763,-27.55905000
12.31985243,-31.49606000
12.32085723,-23.62205000
12.32186203,-27.55905000
12.32286683,-27.55905000
12.32387163,-27.55905000
12.32487643,-31.49606000
12.32588123,-31.49606000
12.32688603,-31.49606000
12.32789083,-15.74803000
12.32889563,-31.49606000
12.32990043,-31.49606000
12.33090523,-31.49606000
12.33191003,-31.49606000
12.33291483,-31.49606000
12.33391963,-35.43307000
12.33492442,-27.55905000
12.33592922,-23.62205000
12.33693402,-31.49606000
12.33793882,-27.55905000
12.33894362,-31.49606000
12.33994842,-31.49606000
12.34095322,-27.55905000
12.34195802,-31.49606000
12.34296282,-35.43307000
12.34396762,-31.49606000
12.34497242,-27.55905000
12.34597722,-31.49606000
12.34698202,-27.55905000
12.34798682,-31.49606000
12.34899162,-31.49606000
12.34999642,-31.49606000
12.35100122,-27.55905000
12.35200602,-31.49606000
12.35301082,-27.55905000
12.35401562,-27.55905000
12.35502042,-31.49606000
12.35602522,-35.43307000
12.35703002,-35.43307000
12.35803482,-35.43307000
12.35903962,-31.49606000
12.36004442,-35.43307000
12.36104922,-31.49606000
12.36205402,-27.55905000
12.36305882,-31.49606000
12.36406362,-31.49606000
12.36506842,-27.55905000
12.36607322,-23.62205000
12.36707802,-27.55905000
12.36808282,-27.55905000
12.36908762,-31.49606000
12.37009242,-27.55905000
12.37109722,-31.49606000
12.37210202,-35.43307000
12.37310682,-27.55905000
12.37411162,-39.37008000
12.37511642,-35.43307000
12.37612122,-35.43307000
12.37712602,-35.43307000
12.37813082,-27.55905000
12.37913562,-27.55905000
12.38014042,-35.43307000
12.38114522,-35.43307000
12.38215002,-31.49606000
12.38315482,-31.49606000
12.38415962,-27.55905000
12.38516442,-35.43307000
12.38616922,-27.55905000
12.38717402,-31.49606000
12.38817882,-31.49606000
12.38918362,-27.55905000
12.39018842,-31.49606000
12.39119322,-35.43307000
12.39219802,-35.43307000
12.39320282,-35.43307000
12.39420762,-23.62205000
12.39521242,-31.49606000
12.39621722,-35.43307000
12.39722202,-31.49606000
12.39822682,-35.43307000
12.39923162,-31.49606000
12.40023642,-27.55905000
12.40124122,-31.49606000
12.40224602,-31.49606000
12.40325082,-35.43307000
12.40425562,-35.43307000
12.40526042,-27.55905000
12.40626522,-35.43307000
12.40727002,-31.49606000
12.40827482,-31.49606000
12.40927962,-35.43307000
12.41028442,-31.49606000
12.41128922,-31.49606000
12.41229402,-31.49606000
12.41329882,-31.49606000
12.41430362,-31.49606000
12.41530842,-31.49606000
12.41631322,-31.49606000
12.41731802,-35.43307000
12.41832282,-31.49606000
12.41932762,-23.62205000
12.42033242,-31.49606000
12.42133722,-31.49606000
12.42234202,-35.43307000
12.42334682,-35.43307000
12.42435162,-31.49606000
12.42535642,-7.87401500
12.42636122,-31.49606000
12.42736602,-27.55905000
12.42837082,-35.43307000
12.42937562,-31.49606000
12.43038042,-27.55905000
12.43138522,-27.55905000
12.43239002,-31.49606000
12.43339482,-27.55905000
12.43439962,-23.62205000
12.43540442,-27.55905000
12.43640922,-31.49606000
12.43741402,-35.43307000
12.43841882,-35.43307000
12.43942362,-39.37008000
12.44042842,-31.49606000
12.44143322,-39.37008000
12.44243802,-35.43307000
12.44344282,-31.49606000
12.44444762,-27.55905000
12.44545242,-31.49606000
12.44645722,-31.49606000
12.44746202,-27.55905000
12.44846682,-31.49606000
12.44947162,-31.49606000
12.45047642,-31.49606000
12.45148122,-31.49606000
12.45248602,-31.49606000
12.45349082,-31.49606000
12.45449562,-31.49606000
12.45550042,-35.43307000
12.45650522,-31.49606000
12.45751002,-31.49606000
12.45851482,-31.49606000
12.45951962,-31.49606000
12.46052442,-27.55905000
12.46152922,-31.49606000
12.46253402,-31.49606000
12.46353882,-31.49606000
12.46454362,-27.55905000
12.46554842,-31.49606000
12.46655322,-31.49606000
12.46755802,-27.55905000
12.46856282,-31.49606000
12.46956762,-31.49606000
12.47057242,-27.55905000
12.47157722,-35.43307000
12.47258202,-31.49606000
12.47358682,-31.49606000
12.47459162,-27.55905000
12.47559642,-31.49606000
12.47660122,-31.49606000
12.47760602,-27.55905000
12.47861082,-39.37008000
12.47961562,-39.37008000
12.48062042,-35.43307000
12.48162522,-35.43307000
12.48263002,-31.49606000
12.48363482,-27.55905000
12.48463962,-31.49606000
12.48564442,-27.55905000
12.48664922,-27.55905000
12.48765402,-31.49606000
12.48865882,-31.49606000
12.48966362,-31.49606000
12.49066842,-31.49606000
12.49167322,-31.49606000
12.49267802,-31.49606000
12.49368282,-31.49606000
12.49468762,-27.55905000
12.49569242,-27.55905000
12.49669722,-27.55905000
12.49770202,-31.49606000
12.49870682,-31.49606000
12.49971162,-31.49606000
12.50071642,-31.49606000
12.50172122,-23.62205000
12.50272602,-23.62205000
12.50373082,-27.55905000
12.50473562,-31.49606000
12.50574042,-31.49606000
12.50674522,-31.49606000
12.50775002,-27.55905000
12.50875482,-27.55905000
12.50975962,-31.49606000
12.51076442,-23.62205000
12.51176922,-27.55905000
12.51277402,-27.55905000
12.51377882,-23.62205000
12.51478362,-23.62205000
12.51578842,-27.55905000
12.51679322,-19.68504000
12.51779802,-31.49606000
12.51880282,-31.49606000
12.51980762,-39.37008000
12.52081242,-39.37008000
12.52181722,-35.43307000
12.52282202,-19.68504000
12.52382682,-27.55905000
12.52483162,-31.49606000
12.52583642,-31.49606000
12.52684122,-23.62205000
12.52784602,-23.62205000
12.52885082,-27.55905000
12.52985562,-27.55905000
12.53086042,-23.62205000
12.53186522,-27.55905000
12.53287002,-31.49606000
12.53387482,-23.62205000
12.53487962,-27.55905000
12.53588442,-27.55905000
12.53688922,-31.49606000
12.53789402,-31.49606000
12.53889882,-31.49606000
12.53990362,-27.55905000
12.54090842,-27.55905000
12.54191322,-35.43307000
12.54291802,-27.55905000
12.54392282,-31.49606000
12.54492762,-27.55905000
12.54593242,-27.55905000
12.54693722,-31.49606000
12.54794202,-27.55905000
12.54894682,-27.55905000
12.54995162,-27.55905000
12.55095642,-31.49606000
12.55196122,-31.49606000
12.55296602,-27.55905000
12.55397082,-35.43307000
12.55497562,-31.49606000
12.55598042,-23.62205000
12.55698522,-31.49606000
12.55799002,-27.55905000
12.55899482,-27.55905000
12.55999962,-31.49606000
12.56100442,-23.62205000
12.56200922,-31.49606000
12.56301402,-31.49606000
12.56401882,-35.43307000
12.56502362,-27.55905000
12.56602842,-31.49606000
12.56703322,-31.49606000
12.56803802,-27.55905000
12.56904282,-27.55905000
12.57004762,-35.43307000
12.57105242,-31.49606000
12.57205722,-27.55905000
12.57306202,-27.55905000
12.57406682,-27.55905000
12.57507162,-27.55905000
12.57607642,-23.62205000
12.57708122,-27.55905000
12.57808602,-31.49606000
12.57909082,-27.55905000
12.58009562,-31.49606000
12.58110042,-27.55905000
12.58210522,-23.62205000
12.58311002,-27.55905000
12.58411482,-27.55905000
12.58511962,-27.55905000
12.58612442,-31.49606000
12.58712922,-27.55905000
12.58813402,-23.62205000
12.58913882,-23.62205000
12.59014362,-27.55905000
12.59114842,-27.55905000
12.59215322,-27.55905000
12.59315802,-23.62205000
12.59416282,-31.49606000
12.59516762,-27.55905000
12.59617242,-27.55905000
12.59717722,-19.68504000
12.59818202,-27.55905000
12.59918682,-23.62205000
12.60019162,-23.62205000
12.60119642,-27.55905000
12.60220122,-35.43307000
12.60320602,-31.49606000
12.60421082,-31.49606000
12.60521562,-31.49606000
12.60622042,-31.49606000
12.60722522,-35.43307000
12.60823002,-27.55905000
12.60923482,-27.55905000
12.61023962,-23.62205000
12.61124442,-27.55905000
12.61224922,-27.55905000
12.61325402,-23.62205000
12.61425882,-19.68504000
12.61526362,-27.55905000
12.61626842,-27.55905000
12.61727322,-31.49606000
12.61827802,-31.49606000
12.61928282,-31.49606000
12.62028762,-27.55905000
12.62129242,-31.49606000
12.62229722,-23.62205000
12.62330202,-23.62205000
12.62430682,-27.55905000
12.62531162,-27.55905000
12.62631642,-27.55905000
12.62732122,-23.62205000
12.62832602,-27.55905000
12.62933082,-27.55905000
12.63033562,-23.62205000
12.63134042,-31.49606000
12.63234522,-27.55905000
12.63335002,-23.62205000
12.63435482,-31.49606000
12.63535962,-27.55905000
12.63636442,-27.55905000
12.63736922,-23.62205000
12.63837402,-23.62205000
12.63937882,-27.55905000
12.64038362,-27.55905000
12.64138842,-27.55905000
12.64239322,-27.55905000
12.64339802,-35.43307000
12.64440282,-31.49606000
12.64540762,-31.49606000
12.64641242,-31.49606000
12.64741722,-27.55905000
12.64842202,-27.55905000
12.64942682,-23.62205000
12.65043162,-27.55905000
12.65143642,-23.62205000
12.65244122,-27.55905000
12.65344602,-23.62205000
12.65445082,-27.55905000
12.65545562,-27.55905000
12.65646042,-23.62205000
12.65746522,-19.68504000
12.65847002,-23.62205000
12.65947482,-31.49606000
12.66047962,-27.55905000
12.66148442,-23.62205000
12.66248922,-19.68504000
12.66349401,-23.62205000
12.66449881,-23.62205000
12.66550361,-23.62205000
12.66650841,-31.49606000
12.66751321,-23.62205000
12.66851801,-27.55905000
12.66952281,-23.62205000
12.67052761,-23.62205000
12.67153241,-31.49606000
12.67253721,-27.55905000
12.67354201,-27.55905000
12.67454681,-23.62205000
12.67555161,-19.68504000
12.67655641,-27.55905000
12.67756121,-27.55905000
12.67856601,-23.62205000
12.67957081,-27.55905000
12.68057561,-27.55905000
12.68158041,-23.62205000
12.68258521,-27.55905000
12.68359001,-31.49606000
12.68459481,-35.43307000
12.68559961,-31.49606000
12.68660441,-31.49606000
12.68760921,-27.55905000
12.68861401,-27.55905000
12.68961881,-31.49606000
12.69062361,-27.55905000
12.69162841,-23.62205000
12.69263321,-27.55905000
12.69363801,-23.62205000
12.69464281,-27.55905000
12.69564761,-23.62205000
12.69665241,-23.62205000
12.69765721,-23.62205000
12.69866201,-27.55905000
12.69966681,-27.55905000
12.70067161,-27.55905000
12.70167641,-23.62205000
12.70268121,-23.62205000
12.70368601,-23.62205000
12.70469081,-23.62205000
12.70569561,-27.55905000
12.70670041,-23.62205000
12.70770521,-23.62205000
12.70871001,-27.55905000
12.70971481,-27.55905000
12.71071961,-27.55905000
12.71172441,-27.55905000
12.71272921,-23.62205000
12.71373401,-27.55905000
12.71473881,-35.43307000
12.71574361,-27.55905000
12.71674841,-27.55905000
12.71775321,-23.62205000
12.71875801,-23.62205000
12.71976281,-27.55905000
12.72076761,-23.62205000
12.72177241,-23.62205000
12.72277721,-27.55905000
12.72378201,-23.62205000
12.72478681,-27.55905000
12.72579161,-27.55905000
12.72679641,-31.49606000
12.72780121,-31.49606000
12.72880601,-27.55905000
12.72981081,-27.55905000
12.73081561,-27.55905000
12.73182041,-27.55905000
12.73282521,-27.55905000
12.73383001,-19.68504000
12.73483481,-23.62205000
12.73583961,-23.62205000
12.73684441,-27.55905000
12.73784921,-19.68504000
12.73885401,-23.62205000
12.73985881,-19.68504000
12.74086361,-23.62205000
12.74186841,-23.62205000
12.74287321,-23.62205000
12.74387801,-23.62205000
12.74488281,-23.62205000
12.74588761,-23.62205000
12.74689241,-23.62205000
12.74789721,-27.55905000
12.74890201,-19.68504000
12.74990681,-23.62205000
12.75091161,-23.62205000
12.75191641,-23.62205000
12.75292121,-23.62205000
12.75392601,-27.55905000
12.75493081,-27.55905000
12.75593561,-27.55905000
12.75694041,-27.55905000
12.75794521,-27.55905000
12.75895001,-23.62205000
12.75995481,-27.55905000
12.76095961,-23.62205000
12.76196441,-23.62205000
12.76296921,-27.55905000
12.76397401,-23.62205000
12.76497881,-23.62205000
12.76598361,-31.49606000
12.76698841,-31.49606000
12.76799321,-27.55905000
12.76899801,-27.55905000
12.77000281,-31.49606000
12.77100761,-27.55905000
12.77201241,-27.55905000
12.77301721,-27.55905000
12.77402201,-27.55905000
12.77502681,-27.55905000
12.77603161,-27.55905000
12.77703641,-15.74803000
12.77804121,-23.62205000
12.77904601,-27.55905000
12.78005081,-23.62205000
12.78105561,-31.49606000
12.78206041,-31.49606000
12.78306521,-23.62205000
12.78407001,-19.68504000
12.78507481,-27.55905000
12.78607961,-31.49606000
12.78708441,-23.62205000
12.78808921,-23.62205000
12.78909401,-19.68504000
12.79009881,-23.62205000
12.79110361,-23.62205000
12.79210841,-23.62205000
12.79311321,-19.68504000
12.79411801,-23.62205000
12.79512281,-27.55905000
12.79612761,-27.55905000
12.79713241,-31.49606000
12.79813721,-27.55905000
12.79914201,-27.55905000
12.80014681,-19.68504000
12.80115161,-23.62205000
12.80215641,-19.68504000
12.80316121,-19.68504000
12.80416601,-23.62205000
12.80517081,-15.74803000
12.80617561,-23.62205000
12.80718041,-27.55905000
12.80818521,-15.74803000
12.80919001,-27.55905000
12.81019481,-27.55905000
12.81119961,-27.55905000
12.81220441,-27.55905000
12.81320921,-27.55905000
12.81421401,-23.62205000
12.81521881,-19.68504000
12.81622361,-23.62205000
12.81722841,-23.62205000
12.81823321,-19.68504000
12.81923801,-23.62205000
12.82024281,-23.62205000
12.82124761,-19.68504000
12.82225241,-19.68504000
12.82325721,-23.62205000
12.82426201,-23.62205000
12.82526681,-19.68504000
12.82627161,-23.62205000
12.82727641,-19.68504000
12.82828121,-23.62205000
12.82928601,-23.62205000
12.83029081,-23.62205000
12.83129561,-3.93700800
12.83230041,-23.62205000
12.83330521,-23.62205000
12.83431001,-23.62205000
12.83531481,-23.62205000
12.83631961,-23.62205000
12.83732441,-23.62205000
12.83832921,-19.68504000
12.83933401,-23.62205000
12.84033881,-23.62205000
12.84134361,-23.62205000
12.84234841,-23.62205000
12.84335321,-19.68504000
12.84435801,-23.62205000
12.84536281,-23.62205000
12.84636761,-27.55905000
12.84737241,-27.55905000
12.84837721,-35.43307000
12.84938201,-23.62205000
12.85038681,-31.49606000
12.85139161,-31.49606000
12.85239641,-19.68504000
12.85340121,-27.55905000
12.85440601,-23.62205000
12.85541081,-19.68504000
12.85641561,-23.62205000
12.85742041,-23.62205000
12.85842521,-23.62205000
12.85943001,-27.55905000
12.86043481,-19.68504000
12.86143961,-23.62205000
12.86244441,-23.62205000
12.86344921,-19.68504000
12.86445401,-15.74803000
12.86545881,-19.68504000
12.86646361,-23.62205000
12.86746841,-19.68504000
12.86847321,-23.62205000
12.86947801,-23.62205000
12.87048281,-19.68504000
12.87148761,-23.62205000
12.87249241,-23.62205000
12.87349721,-23.62205000
12.87450201,-23.62205000
12.87550681,-23.62205000
12.87651161,-23.62205000
12.87751641,-23.62205000
12.87852121,-31.49606000
12.87952601,-23.62205000
12.88053081,-19.68504000
12.88153561,-19.68504000
12.88254041,-19.68504000
12.88354521,-23.62205000
12.88455001,-23.62205000
12.88555481,-27.55905000
12.88655961,-23.62205000
12.88756441,-19.68504000
12.88856921,-19.68504000
12.88957401,-3.93700800
12.89057881,-27.55905000
12.89158361,-23.62205000
12.89258841,-19.68504000
12.89359321,-23.62205000
12.89459801,-23.62205000
12.89560281,-23.62205000
12.89660761,-23.62205000
12.89761241,-19.68504000
12.89861721,-19.68504000
12.89962201,-27.55905000
12.90062681,-23.62205000
12.90163161,-15.74803000
12.90263641,-15.74803000
12.90364121,-19.68504000
12.90464601,-19.68504000
12.90565081,-15.74803000
12.90665561,-19.68504000
12.90766041,-19.68504000
12.90866521,-19.68504000
12.90967001,-23.62205000
12.91067481,-27.55905000
12.91167961,-27.55905000
12.91268441,-19.68504000
12.91368921,-23.62205000
12.91469401,-19.68504000
12.91569881,-19.68504000
12.91670361,-23.62205000
12.91770841,-23.62205000
12.91871321,-19.68504000
12.91971801,-19.68504000
12.92072281,-23.62205000
12.92172761,-27.55905000
12.92273241,-23.62205000
12.92373721,-23.62205000
12.92474201,-23.62205000
12.92574681,-31.49606000
12.92675161,-27.55905000
12.92775641,-23.62205000
12.92876121,-3.93700800
12.92976601,-23.62205000
12.93077081,-15.74803000
12.93177561,-31.49606000
12.93278041,-27.55905000
12.93378521,-23.62205000
12.93479001,-31.49606000
12.93579481,-23.62205000
12.93679961,-19.68504000
12.93780441,-23.62205000
12.93880921,-19.68504000
12.93981401,-19.68504000
12.94081881,-19.68504000
12.94182361,-15.74803000
12.94282841,-19.68504000
12.94383321,-19.68504000
12.94483801,-23.62205000
12.94584281,-19.68504000
12.94684761,-19.68504000
12.94785241,-23.62205000
12.94885721,-19.68504000
12.94986201,-19.68504000
12.95086681,-19.68504000
12.95187161,-19.68504000
12.95287641,-19.68504000
12.95388121,-15.74803000
12.95488601,-19.68504000
12.95589081,-19.68504000
12.95689561,-15.74803000
12.95790041,-15.74803000
12.95890521,-23.62205000
12.95991001,-19.68504000
12.96091481,-23.62205000
12.96191961,-19.68504000
12.96292441,-19.68504000
12.96392921,-19.68504000
12.96493401,-19.68504000
12.96593881,-19.68504000
12.96694361,-19.68504000
12.96794841,-19.68504000
12.96895321,-19.68504000
12.96995801,-19.68504000
12.97096281,-27.55905000
12.97196761,-23.62205000
12.97297241,-23.62205000
12.97397721,-19.68504000
12.97498201,-27.55905000
12.97598681,-23.62205000
12.97699161,-19.68504000
12.97799641,-15.74803000
12.97900121,-19.68504000
12.98000601,-15.74803000
12.98101081,-15.74803000
12.98201561,-19.68504000
12.98302041,-15.74803000
12.98402521,-15.74803000
12.98503001,-19.68504000
12.98603481,-23.62205000
12.98703961,-15.74803000
12.98804441,-19.68504000
12.98904921,-19.68504000
12.99005401,-19.68504000
12.99105881,-23.62205000
12.99206360,-23.62205000
12.99306840,-19.68504000
12.99407320,-15.74803000
12.99507800,-23.62205000
12.99608280,-15.74803000
12.99708760,-19.68504000
12.99809240,-19.68504000
12.99909720,-19.68504000
13.00010200,-27.55905000
13.00110680,-19.68504000
13.00211160,-19.68504000
13.00311640,-15.74803000
13.00412120,-23.62205000
13.00512600,-19.68504000
13.00613080,-19.68504000
13.00713560,-23.62205000
13.00814040,-19.68504000
13.00914520,-19.68504000
13.01015000,-23.62205000
13.01115480,-23.62205000
13.01215960,-23.62205000
13.01316440,-19.68504000
13.01416920,-23.62205000
13.01517400,-15.74803000
13.01617880,-19.68504000
13.01718360,-19.68504000
13.01818840,-19.68504000
13.01919320,-15.74803000
13.02019800,-15.74803000
13.02120280,-11.81102000
13.02220760,-15.74803000
13.02321240,-27.55905000
13.02421720,-23.62205000
13.02522200,-23.62205000
13.02622680,-11.81102000
13.02723160,-15.74803000
13.02823640,-15.74803000
13.02924120,-19.68504000
13.03024600,-19.68504000
13.03125080,-15.74803000
13.03225560,-15.74803000
13.03326040,-19.68504000
13.03426520,-15.74803000
13.03527000,-19.68504000
13.03627480,-19.68504000
13.03727960,-19.68504000
13.03828440,-23.62205000
13.03928920,-23.62205000
13.04029400,-23.62205000
13.04129880,-27.55905000
13.04230360,-23.62205000
13.04330840,-19.68504000
13.04431320,-15.74803000
13.04531800,-15.74803000
13.04632280,-15.74803000
13.04732760,-15.74803000
13.04833240,-19.68504000
13.04933720,-23.62205000
13.05034200,-19.68504000
13.05134680,-27.55905000
13.05235160,-23.62205000
13.05335640,-19.68504000
13.05436120,-23.62205000
13.05536600,-23.62205000
13.05637080,-19.68504000
13.05737560,-19.68504000
13.05838040,-19.68504000
13.05938520,-15.74803000
13.06039000,-11.81102000
13.06139480,-15.74803000
13.06239960,-19.68504000
13.06340440,-15.74803000
13.06440920,-15.74803000
13.06541400,-19.68504000
13.06641880,-15.74803000
13.06742360,-19.68504000
13.06842840,-19.68504000
13.06943320,-15.74803000
13.07043800,-15.74803000
13.07144280,-11.81102000
13.07244760,-19.68504000
13.07345240,-19.68504000
13.07445720,-23.62205000
13.07546200,-15.74803000
13.07646680,-15.74803000
13.07747160,-23.62205000
13.07847640,-15.74803000
13.07948120,-15.74803000
13.08048600,-19.68504000
13.08149080,-19.68504000
13.08249560,-19.68504000
13.08350040,-19.68504000
13.08450520,-15.74803000
13.08551000,-15.74803000
13.08651480,-23.62205000
13.08751960,-15.74803000
13.08852440,-19.68504000
13.08952920,-19.68504000
13.09053400,-19.68504000
13.09153880,-15.74803000
13.09254360,-19.68504000
13.09354840,-23.62205000
13.09455320,-15.74803000
13.09555800,-15.74803000
13.09656280,-11.81102000
13.09756760,-11.81102000
13.09857240,-7.87401500
13.09957720,-19.68504000
13.10058200,-19.68504000
13.10158680,-15.74803000
13.10259160,-15.74803000
13.10359640,-15.74803000
13.10460120,-15.74803000
13.10560600,-19.68504000
13.10661080,-15.74803000
13.10761560,-19.68504000
13.10862040,-15.74803000
13.10962520,-15.74803000
13.11063000,-15.74803000
13.11163480,-19.68504000
13.11263960,-15.74803000
13.11364440,-15.74803000
13.11464920,-19.68504000
13.11565400,-19.68504000
13.11665880,-15.74803000
13.11766360,-19.68504000
13.11866840,-11.81102000
13.11967320,-15.74803000
13.12067800,-23.62205000
13.12168280,-19.68504000
13.12268760,-19.68504000
13.12369240,-15.74803000
13.12469720,-19.68504000
13.12570200,-15.74803000
13.12670680,-15.74803000
13.12771160,-19.68504000
13.12871640,-15.74803000
13.12972120,-15.74803000
13.13072600,-19.68504000
13.13173080,-15.74803000
13.13273560,-23.62205000
13.13374040,-23.62205000
13.13474520,-19.68504000
13.13575000,-23.62205000
13.13675480,-19.68504000
13.13775960,-19.68504000
13.13876440,-19.68504000
13.13976920,-15.74803000
13.14077400,-15.74803000
13.14177880,-15.74803000
13.14278360,-15.74803000
13.14378840,-19.68504000
13.14479320,-15.74803000
13.14579800,-15.74803000
13.14680280,-15.74803000
13.14780760,-11.81102000
13.14881240,-15.74803000
13.14981720,-19.68504000
13.15082200,-19.68504000
13.15182680,-11.81102000
13.15283160,-11.81102000
13.15383640,-23.62205000
13.15484120,-19.68504000
13.15584600,-19.68504000
13.15685080,-15.74803000
13.15785560,-11.81102000
13.15886040,-15.74803000
13.15986520,-15.74803000
13.16087000,-11.81102000
13.16187480,-15.74803000
13.16287960,-15.74803000
13.16388440,-15.74803000
13.16488920,-15.74803000
13.16589400,-15.74803000
13.16689880,-15.74803000
13.16790360,-19.68504000
13.16890840,-19.68504000
13.16991320,-15.74803000
13.17091800,-23.62205000
13.17192280,-19.68504000
13.17292760,-27.55905000
13.17393240,-19.68504000
13.17493720,-23.62205000
13.17594200,-19.68504000
13.17694680,-15.74803000
13.17795160,-11.81102000
13.17895640,-15.74803000
13.17996120,-7.87401500
13.18096600,-15.74803000
13.18197080,-15.74803000
13.18297560,-15.74803000
13.18398040,-15.74803000
13.18498520,-11.81102000
13.18599000,-15.74803000
13.18699480,-19.68504000
13.18799960,-19.68504000
13.18900440,-11.81102000
13.19000920,-11.81102000
13.19101400,-15.74803000
13.19201880,-15.74803000
13.19302360,-15.74803000
13.19402840,-15.74803000
13.19503320,-15.74803000
13.19603800,-15.74803000
13.19704280,-15.74803000
13.19804760,-11.81102000
13.19905240,-11.81102000
13.20005720,-15.74803000
13.20106200,-11.81102000
13.20206680,-15.74803000
13.20307160,-19.68504000
13.20407640,-19.68504000
13.20508120,-15.74803000
13.20608600,-15.74803000
13.20709080,-15.74803000
13.20809560,-15.74803000
13.20910040,-19.68504000
13.21010520,-15.74803000
13.21111000,-15.74803000
13.21211480,-15.74803000
13.21311960,-27.55905000
13.21412440,-19.68504000
13.21512920,-19.68504000
13.21613400,-19.68504000
13.21713880,-23.62205000
13.21814360,-15.74803000
13.21914840,-15.74803000
13.22015320,-19.68504000
13.22115800,-11.81102000
13.22216280,-11.81102000
13.22316760,-11.81102000
13.22417240,-15.74803000
13.22517720,-11.81102000
13.22618200,-11.81102000
13.22718680,-15.74803000
13.22819160,-11.81102000
13.22919640,-15.74803000
13.23020120,-15.74803000
13.23120600,-11.81102000
13.23221080,-7.87401500
13.23321560,-11.81102000
13.23422040,-11.81102000
13.23522520,-11.81102000
13.23623000,-11.81102000
13.23723480,-19.68504000
13.23823960,-7.87401500
13.23924440,-7.87401500
13.24024920,-19.68504000
13.24125400,-11.81102000
13.24225880,-19.68504000
13.24326360,-15.74803000
13.24426840,-15.74803000
13.24527320,-15.74803000
13.24627800,-15.74803000
13.24728280,-11.81102000
13.24828760,-15.74803000
13.24929240,-11.81102000
13.25029720,-11.81102000
13.25130200,-15.74803000
13.25230680,-15.74803000
13.25331160,-23.62205000
13.25431640,-19.68504000
13.25532120,-19.68504000
13.25632600,-19.68504000
13.25733080,-19.68504000
13.25833560,-15.74803000
13.25934040,-11.81102000
13.26034520,-7.87401500
13.26135000,-15.74803000
13.26235480,-11.81102000
13.26335960,-11.81102000
13.26436440,-15.74803000
13.26536920,-15.74803000
13.26637400,-15.74803000
13.26737880,-23.62205000
13.26838360,-19.68504000
13.26938840,-15.74803000
13.27039320,-19.68504000
13.27139800,-11.81102000
13.27240280,-15.74803000
13.27340760,-15.74803000
13.27441240,-15.74803000
13.27541720,-11.81102000
13.27642200,-15.74803000
13.27742680,-15.74803000
13.27843160,-15.74803000
13.27943640,-11.81102000
13.28044120,-15.74803000
13.28144600,-15.74803000
13.28245080,-11.81102000
13.28345560,-15.74803000
13.28446040,-19.68504000
13.28546520,-19.68504000
13.28647000,-11.81102000
13.28747480,-15.74803000
13.28847960,-11.81102000
13.28948440,-11.81102000
13.29048920,-7.87401500
13.29149400,-15.74803000
13.29249880,-11.81102000
13.29350360,-19.68504000
13.29450840,-15.74803000
13.29551320,-23.62205000
13.29651800,-15.74803000
13.29752280,-19.68504000
13.29852760,-15.74803000
13.29953240,-11.81102000
13.30053720,-15.74803000
13.30154200,-15.74803000
13.30254680,-11.81102000
13.30355160,-7.87401500
13.30455640,-15.74803000
13.30556120,-11.81102000
13.30656600,-11.81102000
13.30757080,-15.74803000
13.30857560,-11.81102000
13.30958040,-11.81102000
13.31058520,-11.81102000
13.31159000,-3.93700800
13.31259480,-11.81102000
13.31359960,-15.74803000
13.31460440,-15.74803000
13.31560920,-19.68504000
13.31661400,-15.74803000
13.31761880,-15.74803000
13.31862360,-11.81102000
13.31962840,-15.74803000
13.32063320,-15.74803000
13.32163799,-11.81102000
13.32264279,-11.81102000
13.32364759,-11.81102000
13.32465239,-11.81102000
13.32565719,-11.81102000
13.32666199,-15.74803000
13.32766679,-11.81102000
13.32867159,-11.81102000
13.32967639,-15.74803000
13.33068119,-15.74803000
13.33168599,-19.68504000
13.33269079,-15.74803000
13.33369559,-15.74803000
13.33470039,-11.81102000
13.33570519,-19.68504000
13.33670999,-19.68504000
13.33771479,-15.74803000
13.33871959,-19.68504000
13.33972439,-19.68504000
13.34072919,-11.81102000
13.34173399,-11.81102000
13.34273879,-11.81102000
13.34374359,-19.68504000
13.34474839,-7.87401500
13.34575319,-11.81102000
13.34675799,-15.74803000
13.34776279,-3.93700800
13.34876759,-15.74803000
13.34977239,-15.74803000
13.35077719,-15.74803000
13.35178199,-15.74803000
13.35278679,-7.87401500
13.35379159,-11.81102000
13.35479639,-11.81102000
13.35580119,-11.81102000
13.35680599,-15.74803000
13.35781079,-19.68504000
13.35881559,-11.81102000
13.35982039,-15.74803000
13.36082519,-7.87401500
13.36182999,-15.74803000
13.36283479,-7.87401500
13.36383959,-15.74803000
13.36484439,-15.74803000
13.36584919,-11.81102000
13.36685399,-15.74803000
13.36785879,-11.81102000
13.36886359,-15.74803000
13.36986839,-11.81102000
13.37087319,-11.81102000
13.37187799,-15.74803000
13.37288279,-11.81102000
13.37388759,-19.68504000
13.37489239,-11.81102000
13.37589719,-23.62205000
13.37690199,-15.74803000
13.37790679,-15.74803000
13.37891159,-15.74803000
13.37991639,-15.74803000
13.38092119,-15.74803000
13.38192599,-19.68504000
13.38293079,-7.87401500
13.38393559,-11.81102000
13.38494039,-7.87401500
13.38594519,-15.74803000
13.38694999,-11.81102000
13.38795479,-15.74803000
13.38895959,-15.74803000
13.38996439,-11.81102000
13.39096919,-11.81102000
13.39197399,-11.81102000
13.39297879,-11.81102000
13.39398359,-11.81102000
13.39498839,-15.74803000
13.39599319,-11.81102000
13.39699799,-11.81102000
13.39800279,-15.74803000
13.39900759,-11.81102000
13.40001239,-11.81102000
13.40101719,-11.81102000
13.40202199,-11.81102000
13.40302679,-11.81102000
13.40403159,-11.81102000
13.40503639,-7.87401500
13.40604119,-15.74803000
13.40704599,-15.74803000
13.40805079,-11.81102000
13.40905559,-15.74803000
13.41006039,-11.81102000
13.41106519,-15.74803000
13.41206999,-15.74803000
13.41307479,-15.74803000
13.41407959,-11.81102000
13.41508439,-15.74803000
13.41608919,-19.68504000
13.41709399,-19.68504000
13.41809879,-11.81102000
13.41910359,-15.74803000
13.42010839,-15.74803000
13.42111319,-15.74803000
13.42211799,-11.81102000
13.42312279,-11.81102000
13.42412759,-15.74803000
13.42513239,-15.74803000
13.42613719,-15.74803000
13.42714199,-15.74803000
13.42814679,-7.87401500
13.42915159,-19.68504000
13.43015639,-11.81102000
13.43116119,-15.74803000
13.43216599,3.93700800
13.43317079,-15.74803000
13.43417559,-15.74803000
13.43518039,-11.81102000
13.43618519,-7.87401500
13.43718999,-15.74803000
13.43819479,-11.81102000
13.43919959,-19.68504000
13.44020439,-19.68504000
13.44120919,-7.87401500
13.44221399,-11.81102000
13.44321879,-11.81102000
13.44422359,-11.81102000
13.44522839,-15.74803000
13.44623319,-11.81102000
13.44723799,-15.74803000
13.44824279,-15.74803000
13.44924759,-7.87401500
13.45025239,-15.74803000
13.45125719,-11.81102000
13.45226199,-11.81102000
13.45326679,-15.74803000
13.45427159,-15.74803000
13.45527639,-3.93700800
13.45628119,-19.68504000
13.45728599,-19.68504000
13.45829079,-23.62205000
13.45929559,-19.68504000
13.46030039,-15.74803000
13.46130519,-11.81102000
13.46230999,-11.81102000
13.46331479,-15.74803000
13.46431959,-15.74803000
13.46532439,-7.87401500
13.46632919,-11.81102000
13.46733399,-15.74803000
13.46833879,-15.74803000
13.46934359,-11.81102000
13.47034839,-15.74803000
13.47135319,-23.62205000
13.47235799,-15.74803000
13.47336279,-15.74803000
13.47436759,-23.62205000
13.47537239,-15.74803000
13.47637719,-19.68504000
13.47738199,-15.74803000
13.47838679,-11.81102000
13.47939159,-19.68504000
13.48039639,-19.68504000
13.48140119,-15.74803000
13.48240599,-15.74803000
13.48341079,-23.62205000
13.48441559,-19.68504000
13.48542039,-11.81102000
13.48642519,-15.74803000
13.48742999,-15.74803000
13.48843479,-15.74803000
13.48943959,-15.74803000
13.49044439,-15.74803000
13.49144919,-15.74803000
13.49245399,-15.74803000
13.49345879,-19.68504000
13.49446359,-23.62205000
13.49546839,-23.62205000
13.49647319,-23.62205000
13.49747799,-23.62205000
13.49848279,-15.74803000
13.49948759,-15.74803000
13.50049239,-15.74803000
13.50149719,-15.74803000
13.50250199,-15.74803000
13.50350679,-15.74803000
13.50451159,-11.81102000
13.50551639,-19.68504000
13.50652119,-11.81102000
13.50752599,-15.74803000
13.50853079,-19.68504000
13.50953559,-15.74803000
13.51054039,-19.68504000
13.51154519,-19.68504000
13.51254999,-19.68504000
13.51355479,-15.74803000
13.51455959,-11.81102000
13.51556439,-15.74803000
13.51656919,-19.68504000
13.51757399,-15.74803000
13.51857879,-19.68504000
13.51958359,-19.68504000
13.52058839,-15.74803000
13.52159319,-27.55905000
13.52259799,-23.62205000
13.52360279,-27.55905000
13.52460759,-23.62205000
13.52561239,-19.68504000
13.52661719,-31.49606000
13.52762199,-23.62205000
13.52862679,-19.68504000
13.52963159,-11.81102000
13.53063639,-15.74803000
13.53164119,-19.68504000
13.53264599,-19.68504000
13.53365079,-19.68504000
13.53465559,-11.81102000
13.53566039,-15.74803000
13.53666519,-19.68504000
13.53766999,-15.74803000
13.53867479,-19.68504000
13.53967959,-19.68504000
13.54068439,-15.74803000
13.54168919,-19.68504000
13.54269399,-11.81102000
13.54369879,-19.68504000
13.54470359,-23.62205000
13.54570839,-19.68504000
13.54671319,-7.87401500
13.54771799,-19.68504000
13.54872279,-19.68504000
13.54972759,-15.74803000
13.55073239,-23.62205000
13.55173719,-23.62205000
13.55274199,-15.74803000
13.55374679,-15.74803000
13.55475159,-15.74803000
13.55575639,-15.74803000
13.55676119,-19.68504000
13.55776599,-15.74803000
13.55877079,-11.81102000
13.55977559,-19.68504000
13.56078039,-15.74803000
13.56178519,-19.68504000
13.56278999,-15.74803000
13.56379479,-15.74803000
13.56479959,-15.74803000
13.56580439,-11.81102000
13.56680919,-15.74803000
13.56781399,-15.74803000
13.56881879,-15.74803000
13.56982359,-19.68504000
13.57082839,-11.81102000
13.57183319,-7.87401500
13.57283799,-15.74803000
13.57384279,-19.68504000
13.57484759,-19.68504000
13.57585239,-23.62205000
13.57685719,-19.68504000
13.57786199,-23.62205000
13.57886679,-15.74803000
13.57987159,-15.74803000
13.58087639,-15.74803000
13.58188119,-11.81102000
13.58288599,-15.74803000
13.58389079,-11.81102000
13.58489559,-7.87401500
13.58590039,-15.74803000
13.58690519,-15.74803000
13.58790999,-15.74803000
13.58891479,-15.74803000
13.58991959,-11.81102000
13.59092439,-11.81102000
13.59192919,-15.74803000
13.59293399,-19.68504000
13.59393879,-15.74803000
13.59494359,-11.81102000
13.59594839,-15.74803000
13.59695319,-15.74803000
13.59795799,-19.68504000
13.59896279,-15.74803000
13.59996759,-11.81102000
13.60097239,-15.74803000
13.60197719,-15.74803000
13.60298199,-15.74803000
13.60398679,-27.55905000
13.60499159,-15.74803000
13.60599639,-15.74803000
13.60700119,-19.68504000
13.60800599,-19.68504000
13.60901079,-15.74803000
13.61001559,-15.74803000
13.61102039,-19.68504000
13.61202519,-15.74803000
13.61302999,-11.81102000
13.61403479,-11.81102000
13.61503959,-11.81102000
13.61604439,-7.87401500
13.61704919,-11.81102000
13.61805399,-11.81102000
13.61905879,-11.81102000
13.62006359,-11.81102000
13.62106839,-11.81102000
13.62207319,-11.81102000
13.62307799,-15.74803000
13.62408279,-23.62205000
13.62508759,-15.74803000
13.62609239,-19.68504000
13.62709719,-11.81102000
13.62810199,-7.87401500
13.62910679,-15.74803000
13.63011159,-11.81102000
13.63111639,-11.81102000
13.63212119,-11.81102000
13.63312599,-3.93700800
13.63413079,-15.74803000
13.63513559,-15.74803000
13.63614039,-3.93700800
13.63714519,-19.68504000
13.63814999,-19.68504000
13.63915479,-19.68504000
13.64015959,-19.68504000
13.64116439,-19.68504000
13.64216919,-19.68504000
13.64317399,-15.74803000
13.64417879,-11.81102000
13.64518359,-11.81102000
13.64618839,-11.81102000
13.64719319,-7.87401500
13.64819799,-19.68504000
13.64920279,-15.74803000
13.65020758,-15.74803000
13.65121238,-15.74803000
13.65221718,-11.81102000
13.65322198,-15.74803000
13.65422678,-11.81102000
13.65523158,-15.74803000
13.65623638,-11.81102000
13.65724118,-15.74803000
13.65824598,-19.68504000
13.65925078,-15.74803000
13.66025558,-11.81102000
13.66126038,-11.81102000
13.66226518,-7.87401500
13.66326998,-11.81102000
13.66427478,-15.74803000
13.66527958,-11.81102000
13.66628438,-11.81102000
13.66728918,-15.74803000
13.66829398,-11.81102000
13.66929878,-11.81102000
13.67030358,-11.81102000
13.67130838,-11.81102000
13.67231318,-11.81102000
13.67331798,-15.74803000
13.67432278,-19.68504000
13.67532758,-19.68504000
13.67633238,-11.81102000
13.67733718,-15.74803000
13.67834198,-19.68504000
13.67934678,-19.68504000
13.68035158,-11.81102000
13.68135638,-11.81102000
13.68236118,-7.87401500
13.68336598,-15.74803000
13.68437078,-15.74803000
13.68537558,-11.81102000
13.68638038,-11.81102000
13.68738518,-7.87401500
13.68838998,-15.74803000
13.68939478,-19.68504000
13.69039958,-19.68504000
13.69140438,-15.74803000
13.69240918,-7.87401500
13.69341398,-11.81102000
13.69441878,-11.81102000
13.69542358,-11.81102000
13.69642838,-15.74803000
13.69743318,-11.81102000
13.69843798,-11.81102000
13.69944278,-11.81102000
13.70044758,-15.74803000
13.70145238,-11.81102000
13.70245718,-15.74803000
13.70346198,-11.81102000
13.70446678,-11.81102000
13.70547158,-15.74803000
13.70647638,-19.68504000
13.70748118,-11.81102000
13.70848598,-15.74803000
13.70949078,-19.68504000
13.71049558,-15.74803000
13.71150038,-15.74803000
13.71250518,-15.74803000
13.71350998,-15.74803000
13.71451478,-15.74803000
13.71551958,-11.81102000
13.71652438,-11.81102000
13.71752918,-7.87401500
13.71853398,-11.81102000
13.71953878,-7.87401500
13.72054358,-15.74803000
13.72154838,-23.62205000
13.72255318,-15.74803000
13.72355798,-11.81102000
13.72456278,-7.87401500
13.72556758,-11.81102000
13.72657238,-19.68504000
13.72757718,-11.81102000
13.72858198,-11.81102000
13.72958678,-19.68504000
13.73059158,-7.87401500
13.73159638,-11.81102000
13.73260118,-15.74803000
13.73360598,-11.81102000
13.73461078,-11.81102000
13.73561558,-7.87401500
13.73662038,-11.81102000
13.73762518,-15.74803000
13.73862998,-19.68504000
13.73963478,-23.62205000
13.74063958,-15.74803000
13.74164438,-11.81102000
13.74264918,-15.74803000
13.74365398,-15.74803000
13.74465878,-11.81102000
13.74566358,-11.81102000
13.74666838,-11.81102000
13.74767318,-31.49606000
13.74867798,-11.81102000
13.74968278,-23.62205000
13.75068758,-19.68504000
13.75169238,-15.74803000
13.75269718,-19.68504000
13.75370198,-7.87401500
13.75470678,-11.81102000
13.75571158,-15.74803000
13.75671638,-11.81102000
13.75772118,-15.74803000
13.75872598,-11.81102000
13.75973078,-11.81102000
13.76073558,-11.81102000
13.76174038,-15.74803000
13.76274518,-11.81102000
13.76374998,-11.81102000
13.76475478,-11.81102000
13.76575958,-19.68504000
13.76676438,-11.81102000
13.76776918,-19.68504000
13.76877398,-11.81102000
13.76977878,-11.81102000
13.77078358,-19.68504000
13.77178838,-15.74803000
13.77279318,-11.81102000
13.77379798,-7.87401500
13.77480278,-11.81102000
13.77580758,-15.74803000
13.77681238,-15.74803000
13.77781718,-11.81102000
13.77882198,-19.68504000
13.77982678,-15.74803000
13.78083158,-11.81102000
13.78183638,-15.74803000
13.78284118,-15.74803000
13.78384598,-23.62205000
13.78485078,-15.74803000
13.78585558,-19.68504000
13.78686038,-19.68504000
13.78786518,-15.74803000
13.78886998,-15.74803000
13.78987478,-11.81102000
13.79087958,-11.81102000
13.79188438,-11.81102000
13.79288918,-15.74803000
13.79389398,-7.87401500
13.79489878,-11.81102000
13.79590358,-7.87401500
13.79690838,-7.87401500
13.79791318,-11.81102000
13.79891798,-19.68504000
13.79992278,-11.81102000
13.80092758,-19.68504000
13.80193238,-11.81102000
13.80293718,-15.74803000
13.80394198,-19.68504000
13.80494678,-19.68504000
13.80595158,-15.74803000
13.80695638,-7.87401500
13.80796118,-19.68504000
13.80896598,-15.74803000
13.80997078,-3.93700800
13.81097558,-15.74803000
13.81198038,-19.68504000
13.81298518,-19.68504000
13.81398998,-11.81102000
13.81499478,-11.81102000
13.81599958,-7.87401500
13.81700438,-11.81102000
13.81800918,-11.81102000
13.81901398,-7.87401500
13.82001878,-23.62205000
13.82102358,-23.62205000
13.82202838,-11.81102000
13.82303318,-11.81102000
13.82403798,-11.81102000
13.82504278,-11.81102000
13.82604758,-11.81102000
13.82705238,-7.87401500
13.82805718,-7.87401500
13.82906198,-11.81102000
13.83006678,-7.87401500
13.83107158,-7.87401500
13.83207638,-11.81102000
13.83308118,-11.81102000
13.83408598,-11.81102000
13.83509078,-11.81102000
13.83609558,-15.74803000
13.83710038,-11.81102000
13.83810518,-11.81102000
13.83910998,-15.74803000
13.84011478,-7.87401500
13.84111958,-7.87401500
13.84212438,-11.81102000
13.84312918,-15.74803000
13.84413398,-11.81102000
13.84513878,-7.87401500
13.84614358,-11.81102000
13.84714838,-11.81102000
13.84815318,-11.81102000
13.84915798,-11.81102000
13.85016278,-15.74803000
13.85116758,-7.87401500
13.85217238,-19.68504000
13.85317718,-11.81102000
13.85418198,-15.74803000
13.85518678,-19.68504000
13.85619158,-19.68504000
13.85719638,-15.74803000
13.85820118,-15.74803000
13.85920598,-15.74803000
13.86021078,-15.74803000
13.86121558,-7.87401500
13.86222038,-11.81102000
13.86322518,-7.87401500
13.86422998,-7.87401500
13.86523478,-11.81102000
13.86623958,-11.81102000
13.86724438,-11.81102000
13.86824918,-15.74803000
13.86925398,-11.81102000
13.87025878,-15.74803000
13.87126358,-11.81102000
13.87226838,-7.87401500
13.87327318,-11.81102000
13.87427798,-11.81102000
13.87528278,-11.81102000
13.87628758,-11.81102000
13.87729238,-11.81102000
13.87829718,-11.81102000
13.87930198,-7.87401500
13.88030678,-15.74803000
13.88131158,-15.74803000
13.88231638,-11.81102000
13.88332118,-11.81102000
13.88432598,-11.81102000
13.88533078,-19.68504000
13.88633558,-15.74803000
13.88734038,-11.81102000
13.88834518,-15.74803000
13.88934998,-7.87401500
13.89035478,-11.81102000
13.89135958,-11.81102000
13.89236438,-15.74803000
13.89336918,-27.55905000
13.89437398,-15.74803000
13.89537878,-15.74803000
13.89638358,-15.74803000
13.89738838,-11.81102000
13.89839318,-15.74803000
13.89939798,-3.93700800
13.90040278,-11.81102000
13.90140758,-15.74803000
13.90241238,-11.81102000
13.90341718,-7.87401500
13.90442198,-11.81102000
13.90542678,-7.87401500
13.90643158,-11.81102000
13.90743638,-15.74803000
13.90844118,-11.81102000
13.90944598,-7.87401500
13.91045078,-7.87401500
13.91145558,-11.81102000
13.91246038,-11.81102000
13.91346518,-11.81102000
13.91446998,-7.87401500
13.91547478,-11.81102000
13.91647958,-19.68504000
13.91748438,-15.74803000
13.91848918,-15.74803000
13.91949398,-19.68504000
13.92049878,-15.74803000
13.92150358,-11.81102000
13.92250838,-11.81102000
13.92351318,-15.74803000
13.92451798,-7.87401500
13.92552278,-15.74803000
13.92652758,-15.74803000
13.92753238,-11.81102000
13.92853718,-11.81102000
13.92954198,-19.68504000
13.93054678,-23.62205000
13.93155158,-15.74803000
13.93255638,-23.62205000
13.93356118,-23.62205000
13.93456598,-15.74803000
13.93557078,0.00000000
13.93657558,-11.81102000
13.93758038,-7.87401500
13.93858518,-15.74803000
13.93958998,-15.74803000
13.94059478,-11.81102000
13.94159958,-15.74803000
13.94260438,-11.81102000
13.94360918,-11.81102000
13.94461398,-11.81102000
13.94561878,-15.74803000
13.94662358,-11.81102000
13.94762838,-11.81102000
13.94863318,-11.81102000
13.94963798,-15.74803000
13.95064278,-15.74803000
13.95164758,-19.68504000
13.95265238,-11.81102000
13.95365718,-11.81102000
13.95466198,-11.81102000
13.95566678,-11.81102000
13.95667158,-15.74803000
13.95767638,-15.74803000
13.95868118,-11.81102000
13.95968598,-11.81102000
13.96069078,-7.87401500
13.96169558,-7.87401500
13.96270038,-11.81102000
13.96370518,-11.81102000
13.96470998,-23.62205000
13.96571478,-23.62205000
13.96671958,-19.68504000
13.96772438,-19.68504000
13.96872918,-15.74803000
13.96973398,-11.81102000
13.97073878,-15.74803000
13.97174358,-3.93700800
13.97274838,-15.74803000
13.97375318,-7.87401500
13.97475798,-11.81102000
13.97576278,-7.87401500
13.97676758,-7.87401500
13.97777238,-11.81102000
13.97877717,-11.81102000
13.97978197,-11.81102000
13.98078677,-11.81102000
13.98179157,-11.81102000
13.98279637,-15.74803000
13.98380117,-15.74803000
13.98480597,-11.81102000
13.98581077,-11.81102000
13.98681557,-15.74803000
13.98782037,-11.81102000
13.98882517,-11.81102000
13.98982997,-11.81102000
13.99083477,-3.93700800
13.99183957,-7.87401500
13.99284437,-11.81102000
13.99384917,-11.81102000
13.99485397,-11.81102000
13.99585877,-11.81102000
13.99686357,-7.87401500
13.99786837,-7.87401500
13.99887317,-15.74803000
13.99987797,-7.87401500
14.00088277,-19.68504000
14.00188757,-19.68504000
14.00289237,-15.74803000
14.00389717,-15.74803000
14.00490197,-7.87401500
14.00590677,-15.74803000
14.00691157,-11.81102000
14.00791637,-7.87401500
14.00892117,-11.81102000
14.00992597,-11.81102000
14.01093077,-7.87401500
14.01193557,-7.87401500
14.01294037,-11.81102000
14.01394517,-7.87401500
14.01494997,-15.74803000
14.01595477,-11.81102000
14.01695957,-15.74803000
14.01796437,-11.81102000
14.01896917,-11.81102000
14.01997397,-15.74803000
14.02097877,-11.81102000
14.02198357,-15.74803000
14.02298837,-11.81102000
14.02399317,-7.87401500
14.02499797,-7.87401500
14.02600277,-11.81102000
14.02700757,-7.87401500
14.02801237,-11.81102000
14.02901717,-7.87401500
14.03002197,-27.55905000
14.03102677,-15.74803000
14.03203157,-15.74803000
14.03303637,3.93700800
14.03404117,-11.81102000
14.03504597,-7.87401500
14.03605077,-7.87401500
14.03705557,-23.62205000
14.03806037,-19.68504000
14.03906517,-15.74803000
14.04006997,-19.68504000
14.04107477,-11.81102000
14.04207957,-11.81102000
14.04308437,-11.81102000
14.04408917,-7.87401500
14.04509397,-7.87401500
14.04609877,-11.81102000
14.04710357,-15.74803000
14.04810837,-7.87401500
14.04911317,-19.68504000
14.05011797,-7.87401500
14.05112277,-11.81102000
14.05212757,-3.93700800
14.05313237,-7.87401500
14.05413717,-11.81102000
14.05514197,-11.81102000
14.05614677,-15.74803000
14.05715157,-7.87401500
14.05815637,-11.81102000
14.05916117,-11.81102000
14.06016597,-11.81102000
14.06117077,-11.81102000
14.06217557,-3.93700800
14.06318037,-15.74803000
14.06418517,-15.74803000
14.06518997,-11.81102000
14.06619477,-11.81102000
14.06719957,-11.81102000
14.06820437,-3.93700800
14.06920917,-7.87401500
14.07021397,-15.74803000
14.07121877,-7.87401500
14.07222357,-7.87401500
14.07322837,-23.62205000
14.07423317,-19.68504000
14.07523797,-11.81102000
14.07624277,-15.74803000
14.07724757,-15.74803000
14.07825237,-11.81102000
14.07925717,-15.74803000
14.08026197,-19.68504000
14.08126677,-11.81102000
14.08227157,-7.87401500
14.08327637,-3.93700800
14.08428117,-11.81102000
14.08528597,-7.87401500
14.08629077,-7.87401500
14.08729557,-7.87401500
14.08830037,-11.81102000
14.08930517,-11.81102000
14.09030997,-15.74803000
14.09131477,-11.81102000
14.09231957,-7.87401500
14.09332437,-11.81102000
14.09432917,-11.81102000
14.09533397,-15.74803000
14.09633877,-11.81102000
14.09734357,-15.74803000
14.09834837,-15.74803000
14.09935317,-7.87401500
14.10035797,-11.81102000
14.10136277,-7.87401500
14.10236757,-15.74803000
14.10337237,-11.81102000
14.10437717,-11.81102000
14.10538197,-11.81102000
14.10638677,-15.74803000
14.10739157,-19.68504000
14.10839637,-15.74803000
14.10940117,-19.68504000
14.11040597,-15.74803000
14.11141077,-15.74803000
14.11241557,-15.74803000
14.11342037,-19.68504000
14.11442517,-11.81102000
14.11542997,-7.87401500
14.11643477,-7.87401500
14.11743957,-11.81102000
14.11844437,-7.87401500
14.11944917,-11.81102000
14.12045397,-3.93700800
14.12145877,-11.81102000
14.12246357,-11.81102000
14.12346837,-7.87401500
14.12447317,-19.68504000
14.12547797,-15.74803000
14.12648277,-11.81102000
14.12748757,-27.55905000
14.12849237,-15.74803000
14.12949717,-19.68504000
14.13050197,-15.74803000
14.13150677,-11.81102000
14.13251157,-11.81102000
14.13351637,-7.87401500
14.13452117,-11.81102000
14.13552597,-15.74803000
14.13653077,-11.81102000
14.13753557,-7.87401500
14.13854037,-19.68504000
14.13954517,-19.68504000
14.14054997,-15.74803000
14.14155477,-11.81102000
14.14255957,-15.74803000
14.14356437,-11.81102000
14.14456917,-7.87401500
14.14557397,-15.74803000
14.14657877,-15.74803000
14.14758357,-3.93700800
14.14858837,-7.87401500
14.14959317,-11.81102000
14.15059797,-15.74803000
14.15160277,-15.74803000
14.15260757,-11.81102000
14.15361237,-11.81102000
14.15461717,-15.74803000
14.15562197,-11.81102000
14.15662677,-11.81102000
14.15763157,-15.74803000
14.15863637,-11.81102000
14.15964117,-7.87401500
14.16064597,-15.74803000
14.16165077,-11.81102000
14.16265557,-15.74803000
14.16366037,-7.87401500
14.16466517,-7.87401500
14.16566997,-15.74803000
14.16667477,-11.81102000
14.16767957,-11.81102000
14.16868437,-7.87401500
14.16968917,-15.74803000
14.17069397,-19.68504000
14.17169877,-15.74803000
14.17270357,-11.81102000
14.17370837,-19.68504000
14.17471317,-15.74803000
14.17571797,-7.87401500
14.17672277,-15.74803000
14.17772757,-11.81102000
14.17873237,-11.81102000
14.17973717,-7.87401500
14.18074197,-7.87401500
14.18174677,-7.87401500
14.18275157,-11.81102000
14.18375637,-11.81102000
14.18476117,-11.81102000
14.18576597,-11.81102000
14.18677077,-15.74803000
14.18777557,-11.81102000
14.18878037,-11.81102000
14.18978517,-15.74803000
14.19078997,-15.74803000
14.19179477,-11.81102000
14.19279957,-11.81102000
14.19380437,-15.74803000
14.19480917,-15.74803000
14.19581397,-11.81102000
14.19681877,-11.81102000
14.19782357,-11.81102000
14.19882837,-7.87401500
14.19983317,-15.74803000
14.20083797,-11.81102000
14.20184277,-11.81102000
14.20284757,-19.68504000
14.20385237,-11.81102000
14.20485717,-19.68504000
14.20586197,-15.74803000
14.20686677,-11.81102000
14.20787157,-11.81102000
14.20887637,-11.81102000
14.20988117,-11.81102000
14.21088597,-19.68504000
14.21189077,-11.81102000
14.21289557,-11.81102000
14.21390037,-3.93700800
14.21490517,-15.74803000
14.21590997,-11.81102000
14.21691477,-11.81102000
14.21791957,-11.81102000
14.21892437,-11.81102000
14.21992917,-11.81102000
14.22093397,-15.74803000
14.22193877,-11.81102000
14.22294357,-11.81102000
14.22394837,-11.81102000
14.22495317,-19.68504000
14.22595797,-15.74803000
14.22696277,-15.74803000
14.22796757,-7.87401500
14.22897237,-7.87401500
14.22997717,-15.74803000
14.23098197,-11.81102000
14.23198677,-23.62205000
14.23299157,-11.81102000
14.23399637,-11.81102000
14.23500117,-15.74803000
14.23600597,-15.74803000
14.23701077,-7.87401500
14.23801557,-23.62205000
14.23902037,-15.74803000
14.24002517,-15.74803000
14.24102997,-23.62205000
14.24203477,-15.74803000
14.24303957,-19.68504000
14.24404437,-15.74803000
14.24504917,-11.81102000
14.24605397,-11.81102000
14.24705877,-11.81102000
14.24806357,-11.81102000
14.24906837,-15.74803000
14.25007317,-11.81102000
14.25107797,-15.74803000
14.25208277,-11.81102000
14.25308757,-15.74803000
14.25409237,-15.74803000
14.25509717,-7.87401500
14.25610197,-15.74803000
14.25710677,-15.74803000
14.25811157,-15.74803000
14.25911637,-19.68504000
14.26012117,-15.74803000
14.26112597,-11.81102000
14.26213077,-11.81102000
14.26313557,-11.81102000
14.26414037,-7.87401500
14.26514517,-15.74803000
14.26614997,-11.81102000
14.26715477,-7.87401500
14.26815957,-11.81102000
14.26916437,-11.81102000
14.27016917,-11.81102000
14.27117397,-23.62205000
14.27217877,-19.68504000
14.27318357,-19.68504000
14.27418837,-19.68504000
14.27519317,-23.62205000
14.27619797,-15.74803000
14.27720277,-15.74803000
14.27820757,-15.74803000
14.27921237,-7.87401500
14.28021717,-7.87401500
14.28122197,-7.87401500
14.28222677,-11.81102000
14.28323157,-11.81102000
14.28423637,-7.87401500
14.28524117,-11.81102000
14.28624597,-11.81102000
14.28725077,-15.74803000
14.28825557,-15.74803000
14.28926037,-11.81102000
14.29026517,-19.68504000
14.29126997,-11.81102000
14.29227477,-11.81102000
14.29327957,-11.81102000
14.29428437,-7.87401500
14.29528917,-11.81102000
14.29629397,-11.81102000
14.29729877,-11.81102000
14.29830357,-11.81102000
14.29930837,-11.81102000
14.30031317,-3.93700800
14.30131797,-7.87401500
14.30232277,-7.87401500
14.30332757,-15.74803000
14.30433237,-19.68504000
14.30533717,-19.68504000
14.30634197,-15.74803000
14.30734677,-15.74803000
14.30835156,-11.81102000
14.30935636,-7.87401500
14.31036116,-15.74803000
14.31136596,-3.93700800
14.31237076,-11.81102000
14.31337556,-15.74803000
14.31438036,-7.87401500
14.31538516,-7.87401500
14.31638996,-11.81102000
14.31739476,-15.74803000
14.31839956,-11.81102000
14.31940436,-11.81102000
14.32040916,-7.87401500
14.32141396,-15.74803000
14.32241876,-15.74803000
14.32342356,-15.74803000
14.32442836,-11.81102000
14.32543316,-11.81102000
14.32643796,-11.81102000
14.32744276,-7.87401500
14.32844756,-7.87401500
14.32945236,-3.93700800
14.33045716,-19.68504000
14.33146196,-15.74803000
14.33246676,-11.81102000
14.33347156,-11.81102000
14.33447636,-11.81102000
14.33548116,-15.74803000
14.33648596,-31.49606000
14.33749076,-15.74803000
14.33849556,-11.81102000
14.33950036,-19.68504000
14.34050516,-15.74803000
14.34150996,-15.74803000
14.34251476,-11.81102000
14.34351956,-15.74803000
14.34452436,-11.81102000
14.34552916,-11.81102000
14.34653396,-7.87401500
14.34753876,-7.87401500
14.34854356,-11.81102000
14.34954836,-15.74803000
14.35055316,-11.81102000
14.35155796,-11.81102000
14.35256276,-11.81102000
14.35356756,-7.87401500
14.35457236,-11.81102000
14.35557716,-19.68504000
14.35658196,-11.81102000
14.35758676,-19.68504000
14.35859156,-11.81102000
14.35959636,-11.81102000
14.36060116,-11.81102000
14.36160596,-11.81102000
14.36261076,-15.74803000
14.36361556,-15.74803000
14.36462036,-15.74803000
14.36562516,-11.81102000
14.36662996,-11.81102000
14.36763476,-15.74803000
14.36863956,-15.74803000
14.36964436,-15.74803000
14.37064916,-11.81102000
14.37165396,-19.68504000
14.37265876,-15.74803000
14.37366356,-19.68504000
14.37466836,-7.87401500
14.37567316,-15.74803000
14.37667796,-11.81102000
14.37768276,-11.81102000
14.37868756,-7.87401500
14.37969236,-11.81102000
14.38069716,-11.81102000
14.38170196,-11.81102000
14.38270676,-11.81102000
14.38371156,-11.81102000
14.38471636,-11.81102000
14.38572116,-11.81102000
14.38672596,-11.81102000
14.38773076,-15.74803000
14.38873556,-15.74803000
14.38974036,-7.87401500
14.39074516,-11.81102000
14.39174996,-11.81102000
14.39275476,-11.81102000
14.39375956,-11.81102000
14.39476436,-7.87401500
14.39576916,-11.81102000
14.39677396,-15.74803000
14.39777876,-11.81102000
14.39878356,-11.81102000
14.39978836,-11.81102000
14.40079316,-11.81102000
14.40179796,-11.81102000
14.40280276,-7.87401500
14.40380756,-19.68504000
14.40481236,-27.55905000
14.40581716,-19.68504000
14.40682196,-15.74803000
14.40782676,-11.81102000
14.40883156,-15.74803000
14.40983636,-11.81102000
14.41084116,-11.81102000
14.41184596,-15.74803000
14.41285076,-3.93700800
14.41385556,-11.81102000
14.41486036,-7.87401500
14.41586516,-11.81102000
14.41686996,-11.81102000
14.41787476,-3.93700800
14.41887956,-11.81102000
14.41988436,-15.74803000
14.42088916,-11.81102000
14.42189396,-11.81102000
14.42289876,-11.81102000
14.42390356,-15.74803000
14.42490836,-11.81102000
14.42591316,-7.87401500
14.42691796,-15.74803000
14.42792276,-11.81102000
14.42892756,-11.81102000
14.42993236,-15.74803000
14.43093716,-7.87401500
14.43194196,-7.87401500
14.43294676,-15.74803000
14.43395156,-15.74803000
14.43495636,-15.74803000
14.43596116,-19.68504000
14.43696596,-23.62205000
14.43797076,-23.62205000
14.43897556,-11.81102000
14.43998036,-11.81102000
14.44098516,-15.74803000
14.44198996,-11.81102000
14.44299476,-15.74803000
14.44399956,-7.87401500
14.44500436,-11.81102000
14.44600916,-11.81102000
14.44701396,-11.81102000
14.44801876,-7.87401500
14.44902356,-11.81102000
14.45002836,-11.81102000
14.45103316,-7.87401500
14.45203796,-15.74803000
14.45304276,-15.74803000
14.45404756,-11.81102000
14.45505236,-11.81102000
14.45605716,-11.81102000
14.45706196,-7.87401500
14.45806676,-11.81102000
14.45907156,-7.87401500
14.46007636,-7.87401500
14.46108116,-11.81102000
14.46208596,-15.74803000
14.46309076,-11.81102000
14.46409556,-7.87401500
14.46510036,-7.87401500
14.46610516,-7.87401500
14.46710996,-15.74803000
14.46811476,-7.87401500
14.46911956,-19.68504000
14.47012436,-27.55905000
14.47112916,-15.74803000
14.47213396,-11.81102000
14.47313876,-15.74803000
14.47414356,-11.81102000
14.47514836,-7.87401500
14.47615316,-15.74803000
14.47715796,-11.81102000
14.47816276,-7.87401500
14.47916756,-7.87401500
14.48017236,-11.81102000
14.48117716,-11.81102000
14.48218196,-7.87401500
14.48318676,-11.81102000
14.48419156,-15.74803000
14.48519636,-15.74803000
14.48620116,-15.74803000
14.48720596,-15.74803000
14.48821076,-11.81102000
14.48921556,-11.81102000
14.49022036,-11.81102000
14.49122516,-7.87401500
14.49222996,-7.87401500
14.49323476,-11.81102000
14.49423956,-11.81102000
14.49524436,-11.81102000
14.49624916,-11.81102000
14.49725396,-3.93700800
14.49825876,-19.68504000
14.49926356,-15.74803000
14.50026836,-11.81102000
14.50127316,-15.74803000
14.50227796,-15.74803000
14.50328276,-11.81102000
14.50428756,-11.81102000
14.50529236,-11.81102000
14.50629716,-11.81102000
14.50730196,-3.93700800
14.50830676,-7.87401500
14.50931156,-7.87401500
14.51031636,-7.87401500
14.51132116,-11.81102000
14.51232596,-7.87401500
14.51333076,-11.81102000
14.51433556,-3.93700800
14.51534036,-15.74803000
14.51634516,-11.81102000
14.51734996,-15.74803000
14.51835476,-15.74803000
14.51935956,-11.81102000
14.52036436,-7.87401500
14.52136916,-11.81102000
14.52237396,-11.81102000
14.52337876,-11.81102000
14.52438356,-7.87401500
14.52538836,-3.93700800
14.52639316,-11.81102000
14.52739796,-11.81102000
14.52840276,-7.87401500
14.52940756,-7.87401500
14.53041236,-15.74803000
14.53141716,-11.81102000
14.53242196,-11.81102000
14.53342676,-23.62205000
14.53443156,-19.68504000
14.53543636,-15.74803000
14.53644116,3.93700800
14.53744596,-7.87401500
14.53845076,-7.87401500
14.53945556,-11.81102000
14.54046036,-11.81102000
14.54146516,-7.87401500
14.54246996,-3.93700800
14.54347476,-7.87401500
14.54447956,-3.93700800
14.54548436,-11.81102000
14.54648916,-11.81102000
14.54749396,-15.74803000
14.54849876,-3.93700800
14.54950356,-11.81102000
14.55050836,-15.74803000
14.55151316,-11.81102000
14.55251796,-15.74803000
14.55352276,-11.81102000
14.55452756,-11.81102000
14.55553236,-11.81102000
14.55653716,-7.87401500
14.55754196,-11.81102000
14.55854676,-11.81102000
14.55955156,-11.81102000
14.56055636,-7.87401500
14.56156116,-7.87401500
14.56256596,-11.81102000
14.56357076,-11.81102000
14.56457556,-7.87401500
14.56558036,-11.81102000
14.56658516,-19.68504000
14.56758996,-11.81102000
14.56859476,-23.62205000
14.56959956,-15.74803000
14.57060436,-15.74803000
14.57160916,-11.81102000
14.57261396,-11.81102000
14.57361876,-7.87401500
14.57462356,-11.81102000
14.57562836,-7.87401500
14.57663316,-3.93700800
14.57763796,-7.87401500
14.57864276,-3.93700800
14.57964756,-7.87401500
14.58065236,-7.87401500
14.58165716,-11.81102000
14.58266196,-11.81102000
14.58366676,-15.74803000
14.58467156,-15.74803000
14.58567636,-11.81102000
14.58668116,-11.81102000
14.58768596,-3.93700800
14.58869076,-11.81102000
14.58969556,-7.87401500
14.59070036,-7.87401500
14.59170516,-11.81102000
14.59270996,-11.81102000
14.59371476,-3.93700800
14.59471956,-7.87401500
14.59572436,-3.93700800
14.59672916,-15.74803000
14.59773396,-11.81102000
14.59873876,-11.81102000
14.59974356,-23.62205000
14.60074836,-23.62205000
14.60175316,-15.74803000
14.60275796,-11.81102000
14.60376276,-19.68504000
14.60476756,-15.74803000
14.60577236,-3.93700800
14.60677716,-7.87401500
14.60778196,-7.87401500
14.60878676,-7.87401500
14.60979156,-11.81102000
14.61079636,-7.87401500
14.61180116,-3.93700800
14.61280596,-11.81102000
14.61381076,-7.87401500
14.61481556,-11.81102000
14.61582036,-19.68504000
14.61682516,-11.81102000
14.61782996,-7.87401500
14.61883476,-11.81102000
14.61983956,-11.81102000
14.62084436,-7.87401500
14.62184916,-11.81102000
14.62285396,-11.81102000
14.62385876,-7.87401500
14.62486356,-7.87401500
14.62586836,-11.81102000
14.62687316,-7.87401500
14.62787796,-11.81102000
14.62888276,-11.81102000
14.62988756,-7.87401500
14.63089236,-23.62205000
14.63189716,-11.81102000
14.63290196,-19.68504000
14.63390676,-11.81102000
14.63491156,-11.81102000
14.63591636,-11.81102000
14.63692115,-7.87401500
14.63792595,-11.81102000
14.63893075,-15.74803000
14.63993555,-3.93700800
14.64094035,-3.93700800
14.64194515,-11.81102000
14.64294995,-11.81102000
14.64395475,-11.81102000
14.64495955,-11.81102000
14.64596435,-7.87401500
14.64696915,-7.87401500
14.64797395,-15.74803000
14.64897875,-11.81102000
14.64998355,-19.68504000
14.65098835,-11.81102000
14.65199315,-7.87401500
14.65299795,-3.93700800
14.65400275,-7.87401500
14.65500755,-7.87401500
14.65601235,-7.87401500
14.65701715,-11.81102000
14.65802195,-11.81102000
14.65902675,-7.87401500
14.66003155,-7.87401500
14.66103635,-7.87401500
14.66204115,-3.93700800
14.66304595,-7.87401500
14.66405075,-11.81102000
14.66505555,-11.81102000
14.66606035,-11.81102000
14.66706515,-15.74803000
14.66806995,-15.74803000
14.66907475,-15.74803000
14.67007955,-11.81102000
14.67108435,-15.74803000
14.67208915,-11.81102000
14.67309395,-7.87401500
14.67409875,-7.87401500
14.67510355,-11.81102000
14.67610835,-7.87401500
14.67711315,-15.74803000
14.67811795,-11.81102000
14.67912275,-11.81102000
14.68012755,-15.74803000
14.68113235,-11.81102000
14.68213715,-11.81102000
14.68314195,-7.87401500
14.68414675,-11.81102000
14.68515155,-11.81102000
14.68615635,-3.93700800
14.68716115,-7.87401500
14.68816595,-11.81102000
14.68917075,-11.81102000
14.69017555,-11.81102000
14.69118035,-7.87401500
14.69218515,-7.87401500
14.69318995,-7.87401500
14.69419475,-7.87401500
14.69519955,-11.81102000
14.69620435,-15.74803000
14.69720915,-11.81102000
14.69821395,-11.81102000
14.69921875,-15.74803000
14.70022355,-11.81102000
14.70122835,-15.74803000
14.70223315,-11.81102000
14.70323795,-15.74803000
14.70424275,-11.81102000
14.70524755,-7.87401500
14.70625235,-11.81102000
14.70725715,-7.87401500
14.70826195,-7.87401500
14.70926675,-7.87401500
14.71027155,-7.87401500
14.71127635,-7.87401500
14.71228115,-7.87401500
14.71328595,-7.87401500
14.71429075,-11.81102000
14.71529555,-7.87401500
14.71630035,-7.87401500
14.71730515,-7.87401500
14.71830995,-7.87401500
14.71931475,-11.81102000
14.72031955,-11.81102000
14.72132435,-7.87401500
14.72232915,-11.81102000
14.72333395,-11.81102000
14.72433875,-3.93700800
14.72534355,-3.93700800
14.72634835,-11.81102000
14.72735315,-11.81102000
14.72835795,-11.81102000
14.72936275,-11.81102000
14.73036755,-11.81102000
14.73137235,-11.81102000
14.73237715,-15.74803000
14.73338195,-15.74803000
14.73438675,-19.68504000
14.73539155,-19.68504000
14.73639635,-15.74803000
14.73740115,-7.87401500
14.73840595,-7.87401500
14.73941075,-3.93700800
14.74041555,-3.93700800
14.74142035,-11.81102000
14.74242515,-7.87401500
14.74342995,-3.93700800
14.74443475,-11.81102000
14.74543955,-11.81102000
14.74644435,-11.81102000
14.74744915,-11.81102000
14.74845395,-11.81102000
14.74945875,-7.87401500
14.75046355,-3.93700800
14.75146835,-15.74803000
14.75247315,-11.81102000
14.75347795,-7.87401500
14.75448275,-11.81102000
14.75548755,-7.87401500
14.75649235,-3.93700800
14.75749715,-11.81102000
14.75850195,-7.87401500
14.75950675,-7.87401500
14.76051155,-11.81102000
14.76151635,-11.81102000
14.76252115,-11.81102000
14.76352595,-15.74803000
14.76453075,-11.81102000
14.76553555,-19.68504000
14.76654035,-15.74803000
14.76754515,-11.81102000
14.76854995,-11.81102000
14.76955475,-7.87401500
14.77055955,-7.87401500
14.77156435,-7.87401500
14.77256915,-7.87401500
14.77357395,-11.81102000
14.77457875,-3.93700800
14.77558355,-7.87401500
14.77658835,-11.81102000
14.77759315,-11.81102000
14.77859795,-7.87401500
14.77960275,-15.74803000
14.78060755,-3.93700800
14.78161235,-7.87401500
14.78261715,-11.81102000
14.78362195,-7.87401500
14.78462675,-7.87401500
14.78563155,-3.93700800
14.78663635,-3.93700800
14.78764115,-11.81102000
14.78864595,-7.87401500
14.78965075,-11.81102000
14.79065555,-3.93700800
14.79166035,-7.87401500
14.79266515,-7.87401500
14.79366995,-11.81102000
14.79467475,-11.81102000
14.79567955,-7.87401500
14.79668435,-7.87401500
14.79768915,-11.81102000
14.79869395,-19.68504000
14.79969875,-19.68504000
14.80070355,-15.74803000
14.80170835,-11.81102000
14.80271315,-7.87401500
14.80371795,-7.87401500
14.80472275,-7.87401500
14.80572755,-7.87401500
14.80673235,-3.93700800
14.80773715,-15.74803000
14.80874195,-7.87401500
14.80974675,-11.81102000
14.81075155,-11.81102000
14.81175635,-11.81102000
14.81276115,-7.87401500
14.81376595,-7.87401500
14.81477075,-7.87401500
14.81577555,-7.87401500
14.81678035,-7.87401500
14.81778515,-7.87401500
14.81878995,-11.81102000
14.81979475,-7.87401500
14.82079955,-11.81102000
14.82180435,-11.81102000
14.82280915,-7.87401500
14.82381395,-7.87401500
14.82481875,-3.93700800
14.82582355,-15.74803000
14.82682835,-11.81102000
14.82783315,-7.87401500
14.82883795,-7.87401500
14.82984275,-3.93700800
14.83084755,-27.55905000
14.83185235,-15.74803000
14.83285715,-11.81102000
14.83386195,-11.81102000
14.83486675,-11.81102000
14.83587155,-7.87401500
14.83687635,-7.87401500
14.83788115,-7.87401500
14.83888595,-7.87401500
14.83989075,-11.81102000
14.84089555,-3.93700800
14.84190035,-7.87401500
14.84290515,-7.87401500
14.84390995,-11.81102000
14.84491475,-7.87401500
14.84591955,-7.87401500
14.84692435,-7.87401500
14.84792915,-7.87401500
14.84893395,-7.87401500
14.84993875,-11.81102000
14.85094355,-3.93700800
14.85194835,-3.93700800
14.85295315,-11.81102000
14.85395795,-7.87401500
14.85496275,-3.93700800
14.85596755,-7.87401500
14.85697235,-11.81102000
14.85797715,-3.93700800
14.85898195,-7.87401500
14.85998675,-7.87401500
14.86099155,-15.74803000
14.86199635,-7.87401500
14.86300115,-7.87401500
14.86400595,-15.74803000
14.86501075,-7.87401500
14.86601555,-11.81102000
14.86702035,-11.81102000
14.86802515,-11.81102000
14.86902995,-11.81102000
14.87003475,-7.87401500
14.87103955,0.00000000
14.87204435,-3.93700800
14.87304915,-3.93700800
14.87405395,-3.93700800
14.87505875,-11.81102000
14.87606355,-7.87401500
14.87706835,-15.74803000
14.87807315,-3.93700800
14.87907795,-3.93700800
14.88008275,-7.87401500
14.88108755,-7.87401500
14.88209235,-7.87401500
14.88309715,-7.87401500
14.88410195,-7.87401500
14.88510675,-7.87401500
14.88611155,-7.87401500
14.88711635,-3.93700800
14.88812115,-7.87401500
14.88912595,-7.87401500
14.89013075,-7.87401500
14.89113555,-7.87401500
14.89214035,-7.87401500
14.89314515,-11.81102000
14.89414995,-7.87401500
14.89515475,-3.93700800
14.89615955,-7.87401500
14.89716435,-19.68504000
14.89816915,-11.81102000
14.89917395,-11.81102000
14.90017875,-11.81102000
14.90118355,-11.81102000
14.90218835,-19.68504000
14.90319315,-7.87401500
14.90419795,-7.87401500
14.90520275,-3.93700800
14.90620755,-3.93700800
14.90721235,-11.81102000
14.90821715,-11.81102000
14.90922195,-15.74803000
14.91022675,-7.87401500
14.91123155,-3.93700800
14.91223635,-7.87401500
14.91324115,-7.87401500
14.91424595,-11.81102000
14.91525075,-7.87401500
14.91625555,0.00000000
14.91726035,-7.87401500
14.91826515,-7.87401500
14.91926995,-3.93700800
14.92027475,-7.87401500
14.92127955,-7.87401500
14.92228435,-7.87401500
14.92328915,-15.74803000
14.92429395,-7.87401500
14.92529875,-11.81102000
14.92630355,-11.81102000
14.92730835,-7.87401500
14.92831315,-11.81102000
14.92931795,-11.81102000
14.93032275,-23.62205000
14.93132755,-15.74803000
14.93233235,-15.74803000
14.93333715,-11.81102000
14.93434195,-7.87401500
14.93534675,-7.87401500
14.93635155,-11.81102000
14.93735635,-7.87401500
14.93836115,-7.87401500
14.93936595,-19.68504000
14.94037075,-11.81102000
14.94137555,-11.81102000
14.94238035,3.93700800
14.94338515,-7.87401500
14.94438995,-7.87401500
14.94539475,-7.87401500
14.94639955,-3.93700800
14.94740435,-11.81102000
14.94840915,-7.87401500
14.94941395,-7.87401500
14.95041875,-3.93700800
14.95142355,-3.93700800
14.95242835,-7.87401500
14.95343315,-3.93700800
14.95443795,-7.87401500
14.95544275,-7.87401500
14.95644755,-7.87401500
14.95745235,-11.81102000
14.95845715,-7.87401500
14.95946195,-7.87401500
14.96046675,-7.87401500
14.96147155,-3.93700800
14.96247635,-7.87401500
14.96348115,-11.81102000
14.96448595,-11.81102000
14.96549074,-11.81102000
14.96649554,-15.74803000
14.96750034,-3.93700800
14.96850514,-11.81102000
14.96950994,-3.93700800
14.97051474,-3.93700800
14.97151954,-11.81102000
14.97252434,-7.87401500
14.97352914,0.00000000
14.97453394,-11.81102000
14.97553874,-7.87401500
14.97654354,-7.87401500
14.97754834,-3.93700800
14.97855314,-7.87401500
14.97955794,-11.81102000
14.98056274,-11.81102000
14.98156754,0.00000000
14.98257234,0.00000000
14.98357714,-7.87401500
14.98458194,-7.87401500
14.98558674,-3.93700800
14.98659154,-3.93700800
14.98759634,-7.87401500
14.98860114,-7.87401500
14.98960594,-11.81102000
14.99061074,-15.74803000
14.99161554,-7.87401500
14.99262034,-3.93700800
14.99362514,-7.87401500
14.99462994,-7.87401500
14.99563474,-19.68504000
14.99663954,-11.81102000
14.99764434,-15.74803000
14.99864914,-15.74803000
14.99965394,-7.87401500
15.00065874,-7.87401500
15.00166354,-7.87401500
15.00266834,-3.93700800
15.00367314,-11.81102000
15.00467794,-7.87401500
15.00568274,-11.81102000
15.00668754,-7.87401500
15.00769234,-3.93700800
15.00869714,-7.87401500
15.00970194,-7.87401500
15.01070674,-11.81102000
15.01171154,-7.87401500
15.01271634,-7.87401500
15.01372114,-7.87401500
15.01472594,-7.87401500
15.01573074,-3.93700800
15.01673554,-11.81102000
15.01774034,-15.74803000
15.01874514,-7.87401500
15.01974994,-3.93700800
15.02075474,-3.93700800
15.02175954,-11.81102000
15.02276434,-7.87401500
15.02376914,-3.93700800
15.02477394,-7.87401500
15.02577874,-3.93700800
15.02678354,-7.87401500
15.02778834,-3.93700800
15.02879314,-7.87401500
15.02979794,-15.74803000
15.03080274,-11.81102000
15.03180754,-7.87401500
15.03281234,-7.87401500
15.03381714,-3.93700800
15.03482194,-7.87401500
15.03582674,-7.87401500
15.03683154,-19.68504000
15.03783634,-11.81102000
15.03884114,-11.81102000
15.03984594,3.93700800
15.04085074,-7.87401500
15.04185554,-7.87401500
15.04286034,-7.87401500
15.04386514,-7.87401500
15.04486994,-3.93700800
15.04587474,-3.93700800
15.04687954,-7.87401500
15.04788434,-3.93700800
15.04888914,-7.87401500
15.04989394,-3.93700800
15.05089874,-3.93700800
15.05190354,-3.93700800
15.05290834,-7.87401500
15.05391314,-11.81102000
15.05491794,-11.81102000
15.05592274,-11.81102000
15.05692754,-11.81102000
15.05793234,-7.87401500
15.05893714,-3.93700800
15.05994194,-3.93700800
15.06094674,-15.74803000
15.06195154,-7.87401500
15.06295634,-3.93700800
15.06396114,-3.93700800
15.06496594,-7.87401500
15.06597074,-3.93700800
15.06697554,-3.93700800
15.06798034,-7.87401500
15.06898514,-7.87401500
15.06998994,-3.93700800
15.07099474,-3.93700800
15.07199954,-3.93700800
15.07300434,0.00000000
15.07400914,0.00000000
15.07501394,0.00000000
15.07601874,-3.93700800
15.07702354,-3.93700800
15.07802834,-3.93700800
15.07903314,-3.93700800
15.08003794,0.00000000
15.08104274,-7.87401500
15.08204754,-3.93700800
15.08305234,-3.93700800
15.08405714,0.00000000
15.08506194,-7.87401500
15.08606674,-7.87401500
15.08707154,-11.81102000
15.08807634,-3.93700800
15.08908114,0.00000000
15.09008594,0.00000000
15.09109074,-3.93700800
15.09209554,-3.93700800
15.09310034,-3.93700800
15.09410514,-7.87401500
15.09510994,-15.74803000
15.09611474,-3.93700800
15.09711954,-7.87401500
15.09812434,0.00000000
15.09912914,-3.93700800
15.10013394,0.00000000
15.10113874,-3.93700800
15.10214354,0.00000000
15.10314834,-3.93700800
15.10415314,-3.93700800
15.10515794,-3.93700800
15.10616274,0.00000000
15.10716754,-3.93700800
15.10817234,0.00000000
15.10917714,0.00000000
15.11018194,-7.87401500
15.11118674,-3.93700800
15.11219154,0.00000000
15.11319634,-3.93700800
15.11420114,-7.87401500
15.11520594,0.00000000
15.11621074,-3.93700800
15.11721554,-3.93700800
15.11822034,0.00000000
15.11922514,-3.93700800
15.12022994,-3.93700800
15.12123474,0.00000000
15.12223954,-3.93700800
15.12324434,0.00000000
15.12424914,-3.93700800
15.12525394,0.00000000
15.12625874,-7.87401500
15.12726354,-7.87401500
15.12826834,-3.93700800
15.12927314,-11.81102000
15.13027794,-11.81102000
15.13128274,-7.87401500
15.13228754,-3.93700800
15.13329234,0.00000000
15.13429714,-7.87401500
15.13530194,-3.93700800
15.13630674,-3.93700800
15.13731154,3.93700800
15.13831634,0.00000000
15.13932114,3.93700800
15.14032594,0.00000000
15.14133074,0.00000000
15.14233554,0.00000000
15.14334034,0.00000000
15.14434514,0.00000000
15.14534994,0.00000000
15.14635474,3.93700800
15.14735954,3.93700800
15.14836434,0.00000000
15.14936914,3.93700800
15.15037394,-3.93700800
15.15137874,-3.93700800
15.15238354,-3.93700800
15.15338834,3.93700800
15.15439314,0.00000000
15.15539794,-3.93700800
15.15640274,-3.93700800
15.15740754,3.93700800
15.15841234,0.00000000
15.15941714,-3.93700800
15.16042194,0.00000000
15.16142674,-7.87401500
15.16243154,-3.93700800
15.16343634,-3.93700800
15.16444114,-3.93700800
15.16544594,0.00000000
15.16645074,0.00000000
15.16745554,-7.87401500
15.16846034,-7.87401500
15.16946514,-3.93700800
15.17046994,-3.93700800
15.17147474,-3.93700800
15.17247954,0.00000000
15.17348434,-3.93700800
15.17448914,3.93700800
15.17549394,0.00000000
15.17649874,-3.93700800
15.17750354,-3.93700800
15.17850834,0.00000000
15.17951314,0.00000000
15.18051794,0.00000000
15.18152274,3.93700800
15.18252754,-3.93700800
15.18353234,-7.87401500
15.18453714,-7.87401500
15.18554194,-3.93700800
15.18654674,0.00000000
15.18755154,3.93700800
15.18855634,-3.93700800
15.18956114,0.00000000
15.19056594,0.00000000
15.19157074,-3.93700800
15.19257554,0.00000000
15.19358034,-3.93700800
15.19458514,-3.93700800
15.19558994,-11.81102000
15.19659474,-7.87401500
15.19759954,0.00000000
15.19860434,-3.93700800
15.19960914,-3.93700800
15.20061394,-3.93700800
15.20161874,-7.87401500
15.20262354,0.00000000
15.20362834,3.93700800
15.20463314,3.93700800
15.20563794,0.00000000
15.20664274,0.00000000
15.20764754,0.00000000
15.20865234,0.00000000
15.20965714,0.00000000
15.21066194,3.93700800
15.21166674,3.93700800
15.21267154,0.00000000
15.21367634,0.00000000
15.21468114,3.93700800
15.21568594,3.93700800
15.21669074,-3.93700800
15.21769554,-3.93700800
15.21870034,0.00000000
15.21970514,3.93700800
15.22070994,7.87401500
15.22171474,3.93700800
15.22271954,3.93700800
15.22372434,0.00000000
15.22472914,0.00000000
15.22573394,3.93700800
15.22673874,0.00000000
15.22774354,3.93700800
15.22874834,0.00000000
15.22975314,-3.93700800
15.23075794,-3.93700800
15.23176274,-7.87401500
15.23276754,0.00000000
15.23377234,-7.87401500
15.23477714,7.87401500
15.23578194,-3.93700800
15.23678674,0.00000000
15.23779154,3.93700800
15.23879634,7.87401500
15.23980114,-3.93700800
15.24080594,7.87401500
15.24181074,3.93700800
15.24281554,3.93700800
15.24382034,3.93700800
15.24482514,7.87401500
15.24582994,7.87401500
15.24683474,3.93700800
15.24783954,3.93700800
15.24884434,-3.93700800
15.24984914,3.93700800
15.25085394,3.93700800
15.25185874,3.93700800
15.25286354,3.93700800
15.25386834,3.93700800
15.25487314,3.93700800
15.25587794,3.93700800
15.25688274,-3.93700800
15.25788754,3.93700800
15.25889234,0.00000000
15.25989714,3.93700800
15.26090194,-3.93700800
15.26190674,7.87401500
15.26291154,7.87401500
15.26391634,-11.81102000
15.26492114,-11.81102000
15.26592594,0.00000000
15.26693074,-3.93700800
15.26793554,3.93700800
15.26894034,3.93700800
15.26994514,7.87401500
15.27094994,0.00000000
15.27195474,0.00000000
15.27295954,3.93700800
15.27396434,7.87401500
15.27496914,3.93700800
15.27597394,3.93700800
15.27697874,3.93700800
15.27798354,3.93700800
15.27898834,3.93700800
15.27999314,3.93700800
15.28099794,0.00000000
15.28200274,0.00000000
15.28300754,3.93700800
15.28401234,3.93700800
15.28501714,0.00000000
15.28602194,3.93700800
15.28702674,7.87401500
15.28803154,3.93700800
15.28903634,3.93700800
15.29004114,3.93700800
15.29104594,3.93700800
15.29205074,7.87401500
15.29305554,3.93700800
15.29406034,7.87401500
15.29506513,7.87401500
15.29606993,3.93700800
15.29707473,-3.93700800
15.29807953,-3.93700800
15.29908433,3.93700800
15.30008913,3.93700800
15.30109393,-3.93700800
15.30209873,0.00000000
15.30310353,0.00000000
15.30410833,3.93700800
15.30511313,7.87401500
15.30611793,3.93700800
15.30712273,3.93700800
15.30812753,3.93700800
15.30913233,3.93700800
15.31013713,3.93700800
15.31114193,3.93700800
15.31214673,7.87401500
15.31315153,0.00000000
15.31415633,0.00000000
15.31516113,3.93700800
15.31616593,3.93700800
15.31717073,7.87401500
15.31817553,7.87401500
15.31918033,7.87401500
15.32018513,7.87401500
15.32118993,3.93700800
15.32219473,3.93700800
15.32319953,3.93700800
15.32420433,3.93700800
15.32520913,3.93700800
15.32621393,0.00000000
15.32721873,0.00000000
15.32822353,7.87401500
15.32922833,0.00000000
15.33023313,0.00000000
15.33123793,0.00000000
15.33224273,7.87401500
15.33324753,3.93700800
15.33425233,3.93700800
15.33525713,3.93700800
15.33626193,3.93700800
15.33726673,3.93700800
15.33827153,7.87401500
15.33927633,0.00000000
15.34028113,0.00000000
15.34128593,3.93700800
15.34229073,3.93700800
15.34329553,3.93700800
15.34430033,3.93700800
15.34530513,3.93700800
15.34630993,3.93700800
15.34731473,3.93700800
15.34831953,7.87401500
15.34932433,7.87401500
15.35032913,7.87401500
15.35133393,0.00000000
15.35233873,7.87401500
15.35334353,7.87401500
15.35434833,7.87401500
15.35535313,3.93700800
15.35635793,3.93700800
15.35736273,7.87401500
15.35836753,3.93700800
15.35937233,7.87401500
15.36037713,7.87401500
15.36138193,7.87401500
15.36238673,0.00000000
15.36339153,3.93700800
15.36439633,0.00000000
15.36540113,7.87401500
15.36640593,7.87401500
15.36741073,3.93700800
15.36841553,3.93700800
15.36942033,7.87401500
15.37042513,7.87401500
15.37142993,3.93700800
15.37243473,3.93700800
15.37343953,3.93700800
15.37444433,3.93700800
15.37544913,7.87401500
15.37645393,3.93700800
15.37745873,3.93700800
15.37846353,-3.93700800
15.37946833,0.00000000
15.38047313,3.93700800
15.38147793,3.93700800
15.38248273,7.87401500
15.38348753,7.87401500
15.38449233,3.93700800
15.38549713,11.81102000
15.38650193,3.93700800
15.38750673,7.87401500
15.38851153,7.87401500
15.38951633,7.87401500
15.39052113,7.87401500
15.39152593,11.81102000
15.39253073,7.87401500
15.39353553,3.93700800
15.39454033,3.93700800
15.39554513,3.93700800
15.39654993,3.93700800
15.39755473,3.93700800
15.39855953,7.87401500
15.39956433,7.87401500
15.40056913,11.81102000
15.40157393,3.93700800
15.40257873,3.93700800
15.40358353,11.81102000
15.40458833,3.93700800
15.40559313,3.93700800
15.40659793,7.87401500
15.40760273,7.87401500
15.40860753,7.87401500
15.40961233,7.87401500
15.41061713,7.87401500
15.41162193,3.93700800
15.41262673,0.00000000
15.41363153,3.93700800
15.41463633,7.87401500
15.41564113,7.87401500
15.41664593,7.87401500
15.41765073,7.87401500
15.41865553,7.87401500
15.41966033,7.87401500
15.42066513,11.81102000
15.42166993,3.93700800
15.42267473,7.87401500
15.42367953,7.87401500
15.42468433,11.81102000
15.42568913,7.87401500
15.42669393,3.93700800
15.42769873,3.93700800
15.42870353,3.93700800
15.42970833,7.87401500
15.43071313,3.93700800
15.43171793,7.87401500
15.43272273,11.81102000
15.43372753,7.87401500
15.43473233,7.87401500
15.43573713,11.81102000
15.43674193,0.00000000
15.43774673,0.00000000
15.43875153,11.81102000
15.43975633,7.87401500
15.44076113,3.93700800
15.44176593,3.93700800
15.44277073,3.93700800
15.44377553,7.87401500
15.44478033,0.00000000
15.44578513,23.62205000
15.44678993,-3.93700800
15.44779473,3.93700800
15.44879953,3.93700800
15.44980433,3.93700800
15.45080913,7.87401500
15.45181393,7.87401500
15.45281873,11.81102000
15.45382353,7.87401500
15.45482833,7.87401500
15.45583313,11.81102000
15.45683793,7.87401500
15.45784273,7.87401500
15.45884753,7.87401500
15.45985233,7.87401500
15.46085713,3.93700800
15.46186193,3.93700800
15.46286673,7.87401500
15.46387153,7.87401500
15.46487633,3.93700800
15.46588113,11.81102000
15.46688593,7.87401500
15.46789073,7.87401500
15.46889553,11.81102000
15.46990033,7.87401500
15.47090513,11.81102000
15.47190993,7.87401500
15.47291473,11.81102000
15.47391953,11.81102000
15.47492433,7.87401500
15.47592913,3.93700800
15.47693393,7.87401500
15.47793873,3.93700800
15.47894353,7.87401500
15.47994833,7.87401500
15.48095313,7.87401500
15.48195793,11.81102000
15.48296273,15.74803000
15.48396753,3.93700800
15.48497233,3.93700800
15.48597713,7.87401500
15.48698193,7.87401500
15.48798673,7.87401500
15.48899153,11.81102000
15.48999633,11.81102000
15.49100113,7.87401500
15.49200593,7.87401500
15.49301073,3.93700800
15.49401553,7.87401500
15.49502033,11.81102000
15.49602513,11.81102000
15.49702993,7.87401500
15.49803473,11.81102000
15.49903953,11.81102000
15.50004433,7.87401500
15.50104913,7.87401500
15.50205393,11.81102000
15.50305873,7.87401500
15.50406353,11.81102000
15.50506833,7.87401500
15.50607313,11.81102000
15.50707793,11.81102000
15.50808273,11.81102000
15.50908753,7.87401500
15.51009233,7.87401500
15.51109713,7.87401500
15.51210193,11.81102000
15.51310673,7.87401500
15.51411153,11.81102000
15.51511633,7.87401500
15.51612113,11.81102000
15.51712593,11.81102000
15.51813073,7.87401500
15.51913553,7.87401500
15.52014033,3.93700800
15.52114513,7.87401500
15.52214993,3.93700800
15.52315473,7.87401500
15.52415953,7.87401500
15.52516433,-3.93700800
15.52616913,3.93700800
15.52717393,11.81102000
15.52817873,11.81102000
15.52918353,7.87401500
15.53018833,11.81102000
15.53119313,7.87401500
15.53219793,3.93700800
15.53320273,11.81102000
15.53420753,11.81102000
15.53521233,7.87401500
15.53621713,11.81102000
15.53722193,7.87401500
15.53822673,3.93700800
15.53923153,7.87401500
15.54023633,0.00000000
15.54124113,11.81102000
15.54224593,7.87401500
15.54325073,23.62205000
15.54425553,7.87401500
15.54526033,7.87401500
15.54626513,11.81102000
15.54726993,7.87401500
15.54827473,7.87401500
15.54927953,11.81102000
15.55028433,3.93700800
15.55128913,7.87401500
15.55229393,11.81102000
15.55329873,7.87401500
15.55430353,11.81102000
15.55530833,11.81102000
15.55631313,11.81102000
15.55731793,11.81102000
15.55832273,-3.93700800
15.55932753,7.87401500
15.56033233,3.93700800
15.56133713,7.87401500
15.56234193,11.81102000
15.56334673,3.93700800
15.56435153,3.93700800
15.56535633,7.87401500
15.56636113,11.81102000
15.56736593,7.87401500
15.56837073,15.74803000
15.56937553,3.93700800
15.57038033,11.81102000
15.57138513,11.81102000
15.57238993,15.74803000
15.57339473,3.93700800
15.57439953,11.81102000
15.57540433,7.87401500
15.57640913,11.81102000
15.57741393,11.81102000
15.57841873,11.81102000
15.57942353,11.81102000
15.58042833,7.87401500
15.58143313,7.87401500
15.58243793,11.81102000
15.58344273,11.81102000
15.58444753,7.87401500
15.58545233,11.81102000
15.58645713,11.81102000
15.58746193,7.87401500
15.58846673,11.81102000
15.58947153,0.00000000
15.59047633,7.87401500
15.59148113,3.93700800
15.59248593,11.81102000
15.59349073,7.87401500
15.59449553,7.87401500
15.59550033,3.93700800
15.59650513,7.87401500
15.59750993,7.87401500
15.59851473,7.87401500
15.59951953,7.87401500
15.60052433,7.87401500
15.60152913,7.87401500
15.60253393,7.87401500
15.60353873,11.81102000
15.60454353,11.81102000
15.60554833,3.93700800
15.60655313,7.87401500
15.60755793,7.87401500
15.60856273,11.81102000
15.60956753,15.74803000
15.61057233,11.81102000
15.61157713,7.87401500
15.61258193,11.81102000
15.61358673,7.87401500
15.61459153,7.87401500
15.61559633,11.81102000
15.61660113,15.74803000
15.61760593,11.81102000
15.61861073,7.87401500
15.61961553,7.87401500
15.62062033,11.81102000
15.62162513,15.74803000
15.62262993,7.87401500
15.62363472,7.87401500
15.62463952,11.81102000
15.62564432,11.81102000
15.62664912,7.87401500
15.62765392,11.81102000
15.62865872,-3.93700800
15.62966352,0.00000000
15.63066832,7.87401500
15.63167312,3.93700800
15.63267792,3.93700800
15.63368272,7.87401500
15.63468752,11.81102000
15.63569232,7.87401500
15.63669712,7.87401500
15.63770192,0.00000000
15.63870672,11.81102000
15.63971152,7.87401500
15.64071632,11.81102000
15.64172112,11.81102000
15.64272592,15.74803000
15.64373072,7.87401500
15.64473552,7.87401500
15.64574032,11.81102000
15.64674512,15.74803000
15.64774992,11.81102000
15.64875472,11.81102000
15.64975952,11.81102000
15.65076432,11.81102000
15.65176912,7.87401500
15.65277392,11.81102000
15.65377872,11.81102000
15.65478352,7.87401500
15.65578832,7.87401500
15.65679312,11.81102000
15.65779792,11.81102000
15.65880272,15.74803000
15.65980752,7.87401500
15.66081232,11.81102000
15.66181712,11.81102000
15.66282192,11.81102000
15.66382672,15.74803000
15.66483152,15.74803000
15.66583632,3.93700800
15.66684112,11.81102000
15.66784592,15.74803000
15.66885072,15.74803000
15.66985552,19.68504000
15.67086032,19.68504000
15.67186512,19.68504000
15.67286992,19.68504000
15.67387472,27.55905000
15.67487952,31.49606000
15.67588432,35.43307000
15.67688912,39.37008000
15.67789392,35.43307000
15.67889872,35.43307000
15.67990352,39.37008000
15.68090832,39.37008000
15.68191312,43.30709000
15.68291792,43.30709000
15.68392272,43.30709000
15.68492752,47.24409000
15.68593232,47.24409000
15.68693712,43.30709000
15.68794192,43.30709000
15.68894672,51.18110000
15.68995152,51.18110000
15.69095632,47.24409000
15.69196112,51.18110000
15.69296592,47.24409000
15.69397072,47.24409000
15.69497552,47.24409000
15.69598032,51.18110000
15.69698512,43.30709000
15.69798992,47.24409000
15.69899472,47.24409000
15.69999952,47.24409000
15.70100432,43.30709000
15.70200912,47.24409000
15.70301392,35.43307000
15.70401872,35.43307000
15.70502352,43.30709000
15.70602832,39.37008000
15.70703312,47.24409000
15.70803792,43.30709000
15.70904272,43.30709000
15.71004752,43.30709000
15.71105232,43.30709000
15.71205712,43.30709000
15.71306192,43.30709000
15.71406672,43.30709000
15.71507152,47.24409000
15.71607632,47.24409000
15.71708112,43.30709000
15.71808592,51.18110000
15.71909072,51.18110000
15.72009552,43.30709000
15.72110032,47.24409000
15.72210512,51.18110000
15.72310992,51.18110000
15.72411472,55.11811000
15.72511952,59.05511000
15.72612432,55.11811000
15.72712912,55.11811000
15.72813392,51.18110000
15.72913872,55.11811000
15.73014352,55.11811000
15.73114832,62.99212000
15.73215312,62.99212000
15.73315792,59.05511000
15.73416272,62.99212000
15.73516752,51.18110000
15.73617232,55.11811000
15.73717712,62.99212000
15.73818192,59.05511000
15.73918672,59.05511000
15.74019152,59.05511000
15.74119632,55.11811000
15.74220112,59.05511000
15.74320592,59.05511000
15.74421072,59.05511000
15.74521552,62.99212000
15.74622032,59.05511000
15.74722512,66.92913000
15.74822992,62.99212000
15.74923472,66.92913000
15.75023952,62.99212000
15.75124432,59.05511000
15.75224912,59.05511000
15.75325392,55.11811000
15.75425872,59.05511000
15.75526352,59.05511000
15.75626832,62.99212000
15.75727312,62.99212000
15.75827792,62.99212000
15.75928272,59.05511000
15.76028752,66.92913000
15.76129232,66.92913000
15.76229712,66.92913000
15.76330192,62.99212000
15.76430672,62.99212000
15.76531152,62.99212000
15.76631632,66.92913000
15.76732112,62.99212000
15.76832592,70.86613000
15.76933072,62.99212000
15.77033552,66.92913000
15.77134032,70.86613000
15.77234512,74.80315000
15.77334992,70.86613000
15.77435472,70.86613000
15.77535952,74.80315000
15.77636432,70.86613000
15.77736912,74.80315000
15.77837392,70.86613000
15.77937872,66.92913000
15.78038352,74.80315000
15.78138832,66.92913000
15.78239312,74.80315000
15.78339792,78.74015000
15.78440272,74.80315000
15.78540752,78.74015000
15.78641232,74.80315000
15.78741712,78.74015000
15.78842192,82.67715000
15.78942672,78.74015000
15.79043152,78.74015000
15.79143632,78.74015000
15.79244112,74.80315000
15.79344592,78.74015000
15.79445072,78.74015000
15.79545552,78.74015000
15.79646032,78.74015000
15.79746512,78.74015000
15.79846992,78.74015000
15.79947472,78.74015000
15.80047952,78.74015000
15.80148432,78.74015000
15.80248912,70.86613000
15.80349392,82.67715000
15.80449872,74.80315000
15.80550352,78.74015000
15.80650832,78.74015000
15.80751312,78.74015000
15.80851792,74.80315000
15.80952272,82.67715000
15.81052752,82.67715000
15.81153232,82.67715000
15.81253712,82.67715000
15.81354192,82.67715000
15.81454672,82.67715000
15.81555152,74.80315000
15.81655632,78.74015000
15.81756112,74.80315000
15.81856592,78.74015000
15.81957072,78.74015000
15.82057552,86.61417000
15.82158032,78.74015000
15.82258512,86.61417000
15.82358992,86.61417000
15.82459472,82.67715000
15.82559952,90.55118000
15.82660432,90.55118000
15.82760912,86.61417000
15.82861392,86.61417000
15.82961872,86.61417000
15.83062352,86.61417000
15.83162832,86.61417000
15.83263312,82.67715000
15.83363792,86.61417000
15.83464272,86.61417000
15.83564752,86.61417000
15.83665232,86.61417000
15.83765712,90.55118000
15.83866192,90.55118000
15.83966672,86.61417000
15.84067152,86.61417000
15.84167632,86.61417000
15.84268112,86.61417000
15.84368592,90.55118000
15.84469072,90.55118000
15.84569552,90.55118000
15.84670032,90.55118000
15.84770512,82.67715000
15.84870992,86.61417000
15.84971472,86.61417000
15.85071952,90.55118000
15.85172432,98.42519000
15.85272912,86.61417000
15.85373392,82.67715000
15.85473872,82.67715000
15.85574352,90.55118000
15.85674832,90.55118000
15.85775312,94.48818000
15.85875792,90.55118000
15.85976272,98.42519000
15.86076752,90.55118000
15.86177232,98.42519000
15.86277712,94.48818000
15.86378192,94.48818000
15.86478672,94.48818000
15.86579152,90.55118000
15.86679632,94.48818000
15.86780112,90.55118000
15.86880592,94.48818000
15.86981072,98.42519000
15.87081552,94.48818000
15.87182032,94.48818000
15.87282512,94.48818000
15.87382992,94.48818000
15.87483472,98.42519000
15.87583952,94.48818000
15.87684432,102.36220000
15.87784912,94.48818000
15.87885392,98.42519000
15.87985872,98.42519000
15.88086352,98.42519000
15.88186832,94.48818000
15.88287312,94.48818000
15.88387792,98.42519000
15.88488272,102.36220000
15.88588752,110.23620000
15.88689232,106.29920000
15.88789712,98.42519000
15.88890192,106.29920000
15.88990672,98.42519000
15.89091152,102.36220000
15.89191632,102.36220000
15.89292112,102.36220000
15.89392592,98.42519000
15.89493072,102.36220000
15.89593552,102.36220000
15.89694032,106.29920000
15.89794512,102.36220000
15.89894992,106.29920000
15.89995472,106.29920000
15.90095952,106.29920000
15.90196432,110.23620000
15.90296912,102.36220000
15.90397392,106.29920000
15.90497872,106.29920000
15.90598352,110.23620000
15.90698832,98.42519000
15.90799312,110.23620000
15.90899792,110.23620000
15.91000272,102.36220000
15.91100752,106.29920000
15.91201232,110.23620000
15.91301712,110.23620000
15.91402192,102.36220000
15.91502672,106.29920000
15.91603152,102.36220000
15.91703632,106.29920000
15.91804112,106.29920000
15.91904592,110.23620000
15.92005072,110.23620000
15.92105552,106.29920000
15.92206032,106.29920000
15.92306512,114.17320000
15.92406992,106.29920000
15.92507472,110.23620000
15.92607952,114.17320000
15.92708432,106.29920000
15.92808912,110.23620000
15.92909392,110.23620000
15.93009872,106.29920000
15.93110352,106.29920000
15.93210832,110.23620000
15.93311312,114.17320000
15.93411792,114.17320000
15.93512272,114.17320000
15.93612752,114.17320000
15.93713232,114.17320000
15.93813712,118.11020000
15.93914192,118.11020000
15.94014672,110.23620000
15.94115152,114.17320000
15.94215632,110.23620000
15.94316112,110.23620000
15.94416592,114.17320000
15.94517072,114.17320000
15.94617552,98.42519000
15.94718032,110.23620000
15.94818512,110.23620000
15.94918992,129.92120000
15.95019472,114.17320000
15.95119952,110.23620000
15.95220431,110.23620000
15.95320911,114.17320000
15.95421391,110.23620000
15.95521871,114.17320000
15.95622351,118.11020000
15.95722831,114.17320000
15.95823311,118.11020000
15.95923791,114.17320000
15.96024271,114.17320000
15.96124751,118.11020000
15.96225231,114.17320000
15.96325711,110.23620000
15.96426191,106.29920000
15.96526671,110.23620000
15.96627151,114.17320000
15.96727631,118.11020000
15.96828111,114.17320000
15.96928591,118.11020000
15.97029071,122.04720000
15.97129551,122.04720000
15.97230031,122.04720000
15.97330511,118.11020000
15.97430991,125.98420000
15.97531471,125.98420000
15.97631951,122.04720000
15.97732431,125.98420000
15.97832911,122.04720000
15.97933391,118.11020000
15.98033871,118.11020000
15.98134351,118.11020000
15.98234831,122.04720000
15.98335311,125.98420000
15.98435791,125.98420000
15.98536271,122.04720000
15.98636751,125.98420000
15.98737231,122.04720000
15.98837711,125.98420000
15.98938191,125.98420000
15.99038671,122.04720000
15.99139151,122.04720000
15.99239631,122.04720000
15.99340111,125.98420000
15.99440591,125.98420000
15.99541071,118.11020000
15.99641551,125.98420000
15.99742031,122.04720000
15.99842511,114.17320000
15.99942991,122.04720000
16.00043471,122.04720000
16.00143951,125.98420000
16.00244431,125.98420000
16.00344911,129.92120000
16.00445391,125.98420000
16.00545871,129.92120000
16.00646351,129.92120000
16.00746831,125.98420000
16.00847311,129.92120000
16.00947791,129.92120000
16.01048271,129.92120000
16.01148751,125.98420000
16.01249231,129.92120000
16.01349711,129.92120000
16.01450191,133.85830000
16.01550671,133.85830000
16.01651151,129.92120000
16.01751631,133.85830000
16.01852111,133.85830000
16.01952591,129.92120000
16.02053071,133.85830000
16.02153551,137.79530000
16.02254031,133.85830000
16.02354511,133.85830000
16.02454991,137.79530000
16.02555471,133.85830000
16.02655951,137.79530000
16.02756431,133.85830000
16.02856911,133.85830000
16.02957391,129.92120000
16.03057871,133.85830000
16.03158351,145.66930000
16.03258831,133.85830000
16.03359311,141.73230000
16.03459791,125.98420000
16.03560271,129.92120000
16.03660751,125.98420000
16.03761231,133.85830000
16.03861711,133.85830000
16.03962191,137.79530000
16.04062671,137.79530000
16.04163151,133.85830000
16.04263631,133.85830000
16.04364111,125.98420000
16.04464591,137.79530000
16.04565071,137.79530000
16.04665551,153.54330000
16.04766031,137.79530000
16.04866511,133.85830000
16.04966991,137.79530000
16.05067471,141.73230000
16.05167951,137.79530000
16.05268431,141.73230000
16.05368911,141.73230000
16.05469391,133.85830000
16.05569871,137.79530000
16.05670351,137.79530000
16.05770831,133.85830000
16.05871311,133.85830000
16.05971791,137.79530000
16.06072271,137.79530000
16.06172751,137.79530000
16.06273231,137.79530000
16.06373711,141.73230000
16.06474191,141.73230000
16.06574671,141.73230000
16.06675151,141.73230000
16.06775631,145.66930000
16.06876111,145.66930000
16.06976591,141.73230000
16.07077071,145.66930000
16.07177551,161.41730000
16.07278031,137.79530000
16.07378511,141.73230000
16.07478991,145.66930000
16.07579471,145.66930000
16.07679951,141.73230000
16.07780431,145.66930000
16.07880911,153.54330000
16.07981391,153.54330000
16.08081871,149.60630000
16.08182351,153.54330000
16.08282831,149.60630000
16.08383311,153.54330000
16.08483791,153.54330000
16.08584271,153.54330000
16.08684751,161.41730000
16.08785231,153.54330000
16.08885711,153.54330000
16.08986191,153.54330000
16.09086671,157.48030000
16.09187151,153.54330000
16.09287631,149.60630000
16.09388111,145.66930000
16.09488591,149.60630000
16.09589071,153.54330000
16.09689551,149.60630000
16.09790031,149.60630000
16.09890511,153.54330000
16.09990991,149.60630000
16.10091471,153.54330000
16.10191951,157.48030000
16.10292431,153.54330000
16.10392911,149.60630000
16.10493391,149.60630000
16.10593871,153.54330000
16.10694351,145.66930000
16.10794831,157.48030000
16.10895311,137.79530000
16.10995791,141.73230000
16.11096271,141.73230000
16.11196751,149.60630000
16.11297231,153.54330000
16.11397711,153.54330000
16.11498191,149.60630000
16.11598671,153.54330000
16.11699151,153.54330000
16.11799631,161.41730000
16.11900111,157.48030000
16.12000591,153.54330000
16.12101071,157.48030000
16.12201551,153.54330000
16.12302031,157.48030000
16.12402511,157.48030000
16.12502991,161.41730000
16.12603471,161.41730000
16.12703951,161.41730000
16.12804431,161.41730000
16.12904911,161.41730000
16.13005391,161.41730000
16.13105871,161.41730000
16.13206351,161.41730000
16.13306831,169.29130000
16.13407311,165.35430000
16.13507791,161.41730000
16.13608271,169.29130000
16.13708751,165.35430000
16.13809231,161.41730000
16.13909711,169.29130000
16.14010191,169.29130000
16.14110671,157.48030000
16.14211151,157.48030000
16.14311631,161.41730000
16.14412111,169.29130000
16.14512591,169.29130000
16.14613071,161.41730000
16.14713551,161.41730000
16.14814031,161.41730000
16.14914511,165.35430000
16.15014991,161.41730000
16.15115471,165.35430000
16.15215951,169.29130000
16.15316431,161.41730000
16.15416911,157.48030000
16.15517391,169.29130000
16.15617871,161.41730000
16.15718351,161.41730000
16.15818831,165.35430000
16.15919311,157.48030000
16.16019791,161.41730000
16.16120271,165.35430000
16.16220751,165.35430000
16.16321231,161.41730000
16.16421711,161.41730000
16.16522191,165.35430000
16.16622671,165.35430000
16.16723151,165.35430000
16.16823631,165.35430000
16.16924111,165.35430000
16.17024591,165.35430000
16.17125071,165.35430000
16.17225551,169.29130000
16.17326031,169.29130000
16.17426511,165.35430000
16.17526991,165.35430000
16.17627471,165.35430000
16.17727951,173.22830000
16.17828431,173.22830000
16.17928911,173.22830000
16.18029391,173.22830000
16.18129871,165.35430000
16.18230351,161.41730000
16.18330831,165.35430000
16.18431311,165.35430000
16.18531791,169.29130000
16.18632271,173.22830000
16.18732751,177.16530000
16.18833231,173.22830000
16.18933711,173.22830000
16.19034191,173.22830000
16.19134671,169.29130000
16.19235151,169.29130000
16.19335631,173.22830000
16.19436111,173.22830000
16.19536591,169.29130000
16.19637071,169.29130000
16.19737551,169.29130000
16.19838031,169.29130000
16.19938511,169.29130000
16.20038991,165.35430000
16.20139471,169.29130000
16.20239951,173.22830000
16.20340431,169.29130000
16.20440911,173.22830000
16.20541391,169.29130000
16.20641871,165.35430000
16.20742351,169.29130000
16.20842831,169.29130000
16.20943311,173.22830000
16.21043791,173.22830000
16.21144271,169.29130000
16.21244751,165.35430000
16.21345231,173.22830000
16.21445711,173.22830000
16.21546191,169.29130000
16.21646671,169.29130000
16.21747151,173.22830000
16.21847631,169.29130000
16.21948111,173.22830000
16.22048591,181.10240000
16.22149071,173.22830000
16.22249551,177.16530000
16.22350031,177.16530000
16.22450511,177.16530000
16.22550991,177.16530000
16.22651471,185.03940000
16.22751951,177.16530000
16.22852431,177.16530000
16.22952911,181.10240000
16.23053391,181.10240000
16.23153871,181.10240000
16.23254351,181.10240000
16.23354831,177.16530000
16.23455311,177.16530000
16.23555791,181.10240000
16.23656271,177.16530000
16.23756751,177.16530000
16.23857231,177.16530000
16.23957711,181.10240000
16.24058191,173.22830000
16.24158671,188.97640000
16.24259151,185.03940000
16.24359631,177.16530000
16.24460111,181.10240000
16.24560591,177.16530000
16.24661071,181.10240000
16.24761551,181.10240000
16.24862031,181.10240000
16.24962511,173.22830000
16.25062991,173.22830000
16.25163471,177.16530000
16.25263951,181.10240000
16.25364431,177.16530000
16.25464911,181.10240000
16.25565391,177.16530000
16.25665871,177.16530000
16.25766351,188.97640000
16.25866831,188.97640000
16.25967311,188.97640000
16.26067791,185.03940000
16.26168271,185.03940000
16.26268751,188.97640000
16.26369231,188.97640000
16.26469711,188.97640000
16.26570191,188.97640000
16.26670671,192.91340000
16.26771151,188.97640000
16.26871631,185.03940000
16.26972111,185.03940000
16.27072591,188.97640000
16.27173071,185.03940000
16.27273551,188.97640000
16.27374031,185.03940000
16.27474511,185.03940000
16.27574991,185.03940000
16.27675471,181.10240000
16.27775951,192.91340000
16.27876431,188.97640000
16.27976911,188.97640000
16.28077391,188.97640000
16.28177870,188.97640000
16.28278350,185.03940000
16.28378830,192.91340000
16.28479310,185.03940000
16.28579790,181.10240000
16.28680270,185.03940000
16.28780750,181.10240000
16.28881230,188.97640000
16.28981710,181.10240000
16.29082190,192.91340000
16.29182670,188.97640000
16.29283150,192.91340000
16.29383630,192.91340000
16.29484110,188.97640000
16.29584590,196.85040000
16.29685070,192.91340000
16.29785550,188.97640000
16.29886030,192.91340000
16.29986510,196.85040000
16.30086990,192.91340000
16.30187470,200.78740000
16.30287950,192.91340000
16.30388430,188.97640000
16.30488910,185.03940000
16.30589390,188.97640000
16.30689870,196.85040000
16.30790350,192.91340000
16.30890830,192.91340000
16.30991310,192.91340000
16.31091790,192.91340000
16.31192270,196.85040000
16.31292750,192.91340000
16.31393230,192.91340000
16.31493710,196.85040000
16.31594190,192.91340000
16.31694670,196.85040000
16.31795150,192.91340000
16.31895630,188.97640000
16.31996110,188.97640000
16.32096590,188.97640000
16.32197070,185.03940000
16.32297550,188.97640000
16.32398030,192.91340000
16.32498510,192.91340000
16.32598990,192.91340000
16.32699470,196.85040000
16.32799950,196.85040000
16.32900430,204.72440000
16.33000910,200.78740000
16.33101390,196.85040000
16.33201870,196.85040000
16.33302350,200.78740000
16.33402830,196.85040000
16.33503310,196.85040000
16.33603790,192.91340000
16.33704270,196.85040000
16.33804750,192.91340000
16.33905230,196.85040000
16.34005710,196.85040000
16.34106190,196.85040000
16.34206670,200.78740000
16.34307150,196.85040000
16.34407630,200.78740000
16.34508110,200.78740000
16.34608590,196.85040000
16.34709070,196.85040000
16.34809550,196.85040000
16.34910030,196.85040000
16.35010510,192.91340000
16.35110990,196.85040000
16.35211470,188.97640000
16.35311950,188.97640000
16.35412430,196.85040000
16.35512910,212.59840000
16.35613390,200.78740000
16.35713870,192.91340000
16.35814350,192.91340000
16.35914830,196.85040000
16.36015310,196.85040000
16.36115790,200.78740000
16.36216270,204.72440000
16.36316750,200.78740000
16.36417230,204.72440000
16.36517710,204.72440000
16.36618190,204.72440000
16.36718670,200.78740000
16.36819150,204.72440000
16.36919630,200.78740000
16.37020110,200.78740000
16.37120590,200.78740000
16.37221070,200.78740000
16.37321550,200.78740000
16.37422030,200.78740000
16.37522510,204.72440000
16.37622990,204.72440000
16.37723470,200.78740000
16.37823950,204.72440000
16.37924430,204.72440000
16.38024910,204.72440000
16.38125390,204.72440000
16.38225870,204.72440000
16.38326350,204.72440000
16.38426830,212.59840000
16.38527310,196.85040000
16.38627790,200.78740000
16.38728270,204.72440000
16.38828750,200.78740000
16.38929230,204.72440000
16.39029710,204.72440000
16.39130190,200.78740000
16.39230670,192.91340000
16.39331150,200.78740000
16.39431630,200.78740000
16.39532110,200.78740000
16.39632590,204.72440000
16.39733070,208.66140000
16.39833550,204.72440000
16.39934030,208.66140000
16.40034510,204.72440000
16.40134990,200.78740000
16.40235470,204.72440000
16.40335950,208.66140000
16.40436430,208.66140000
16.40536910,208.66140000
16.40637390,204.72440000
16.40737870,204.72440000
16.40838350,204.72440000
16.40938830,208.66140000
16.41039310,204.72440000
16.41139790,204.72440000
16.41240270,208.66140000
16.41340750,208.66140000
16.41441230,204.72440000
16.41541710,208.66140000
16.41642190,208.66140000
16.41742670,208.66140000
16.41843150,200.78740000
16.41943630,204.72440000
16.42044110,204.72440000
16.42144590,216.53540000
16.42245070,204.72440000
16.42345550,208.66140000
16.42446030,208.66140000
16.42546510,212.59840000
16.42646990,204.72440000
16.42747470,208.66140000
16.42847950,208.66140000
16.42948430,200.78740000
16.43048910,200.78740000
16.43149390,204.72440000
16.43249870,204.72440000
16.43350350,204.72440000
16.43450830,204.72440000
16.43551310,204.72440000
16.43651790,208.66140000
16.43752270,212.59840000
16.43852750,208.66140000
16.43953230,212.59840000
16.44053710,204.72440000
16.44154190,208.66140000
16.44254670,208.66140000
16.44355150,204.72440000
16.44455630,208.66140000
16.44556110,204.72440000
16.44656590,208.66140000
16.44757070,208.66140000
16.44857550,208.66140000
16.44958030,192.91340000
16.45058510,204.72440000
16.45158990,204.72440000
16.45259470,228.34640000
16.45359950,208.66140000
16.45460430,212.59840000
16.45560910,212.59840000
16.45661390,212.59840000
16.45761870,212.59840000
16.45862350,208.66140000
16.45962830,208.66140000
16.46063310,208.66140000
16.46163790,212.59840000
16.46264270,212.59840000
16.46364750,216.53540000
16.46465230,208.66140000
16.46565710,216.53540000
16.46666190,200.78740000
16.46766670,204.72440000
16.46867150,204.72440000
16.46967630,212.59840000
16.47068110,216.53540000
16.47168590,212.59840000
16.47269070,212.59840000
16.47369550,212.59840000
16.47470030,212.59840000
16.47570510,216.53540000
16.47670990,212.59840000
16.47771470,212.59840000
16.47871950,212.59840000
16.47972430,212.59840000
16.48072910,212.59840000
16.48173390,220.47240000
16.48273870,208.66140000
16.48374350,212.59840000
16.48474830,212.59840000
16.48575310,212.59840000
16.48675790,216.53540000
16.48776270,216.53540000
16.48876750,212.59840000
16.48977230,212.59840000
16.49077710,208.66140000
16.49178190,212.59840000
16.49278670,212.59840000
16.49379150,212.59840000
16.49479630,212.59840000
16.49580110,216.53540000
16.49680590,212.59840000
16.49781070,216.53540000
16.49881550,208.66140000
16.49982030,208.66140000
16.50082510,212.59840000
16.50182990,216.53540000
16.50283470,216.53540000
16.50383950,204.72440000
16.50484430,208.66140000
16.50584910,208.66140000
16.50685390,212.59840000
16.50785870,208.66140000
16.50886350,216.53540000
16.50986830,216.53540000
16.51087310,220.47240000
16.51187790,212.59840000
16.51288270,220.47240000
16.51388750,216.53540000
16.51489230,216.53540000
16.51589710,212.59840000
16.51690190,212.59840000
16.51790670,216.53540000
16.51891150,212.59840000
16.51991630,216.53540000
16.52092110,212.59840000
16.52192590,220.47240000
16.52293070,216.53540000
16.52393550,216.53540000
16.52494030,212.59840000
16.52594510,216.53540000
16.52694990,216.53540000
16.52795470,212.59840000
16.52895950,220.47240000
16.52996430,212.59840000
16.53096910,216.53540000
16.53197390,212.59840000
16.53297870,212.59840000
16.53398350,216.53540000
16.53498830,216.53540000
16.53599310,212.59840000
16.53699790,212.59840000
16.53800270,212.59840000
16.53900750,212.59840000
16.54001230,216.53540000
16.54101710,212.59840000
16.54202190,208.66140000
16.54302670,208.66140000
16.54403150,208.66140000
16.54503630,216.53540000
16.54604110,208.66140000
16.54704590,204.72440000
16.54805070,212.59840000
16.54905550,212.59840000
16.55006030,212.59840000
16.55106510,208.66140000
16.55206990,216.53540000
16.55307470,212.59840000
16.55407950,212.59840000
16.55508430,212.59840000
16.55608910,212.59840000
16.55709390,204.72440000
16.55809870,208.66140000
16.55910350,208.66140000
16.56010830,212.59840000
16.56111310,212.59840000
16.56211790,208.66140000
16.56312270,216.53540000
16.56412750,204.72440000
16.56513230,212.59840000
16.56613710,212.59840000
16.56714190,216.53540000
16.56814670,212.59840000
16.56915150,216.53540000
16.57015630,212.59840000
16.57116110,216.53540000
16.57216590,212.59840000
16.57317070,220.47240000
16.57417550,216.53540000
16.57518030,220.47240000
16.57618510,220.47240000
16.57718990,220.47240000
16.57819470,216.53540000
16.57919950,212.59840000
16.58020430,216.53540000
16.58120910,216.53540000
16.58221390,224.40940000
16.58321870,220.47240000
16.58422350,224.40940000
16.58522830,220.47240000
16.58623310,224.40940000
16.58723790,228.34640000
16.58824270,224.40940000
16.58924750,224.40940000
16.59025230,224.40940000
16.59125710,220.47240000
16.59226190,220.47240000
16.59326670,224.40940000
16.59427150,220.47240000
16.59527630,216.53540000
16.59628110,216.53540000
16.59728590,216.53540000
16.59829070,216.53540000
16.59929550,220.47240000
16.60030030,216.53540000
16.60130510,224.40940000
16.60230990,212.59840000
16.60331470,220.47240000
16.60431950,216.53540000
16.60532430,216.53540000
16.60632910,216.53540000
16.60733390,212.59840000
16.60833870,216.53540000
16.60934350,208.66140000
16.61034829,216.53540000
16.61135309,212.59840000
16.61235789,212.59840000
16.61336269,216.53540000
16.61436749,212.59840000
16.61537229,208.66140000
16.61637709,212.59840000
16.61738189,216.53540000
16.61838669,216.53540000
16.61939149,212.59840000
16.62039629,216.53540000
16.62140109,216.53540000
16.62240589,216.53540000
16.62341069,216.53540000
16.62441549,220.47240000
16.62542029,220.47240000
16.62642509,216.53540000
16.62742989,216.53540000
16.62843469,220.47240000
16.62943949,216.53540000
16.63044429,216.53540000
16.63144909,216.53540000
16.63245389,220.47240000
16.63345869,216.53540000
16.63446349,220.47240000
16.63546829,224.40940000
16.63647309,220.47240000
16.63747789,220.47240000
16.63848269,216.53540000
16.63948749,220.47240000
16.64049229,216.53540000
16.64149709,220.47240000
16.64250189,220.47240000
16.64350669,220.47240000
16.64451149,220.47240000
16.64551629,212.59840000
16.64652109,220.47240000
16.64752589,220.47240000
16.64853069,220.47240000
16.64953549,212.59840000
16.65054029,220.47240000
16.65154509,220.47240000
16.65254989,216.53540000
16.65355469,216.53540000
16.65455949,220.47240000
16.65556429,220.47240000
16.65656909,220.47240000
16.65757389,220.47240000
16.65857869,220.47240000
16.65958349,220.47240000
16.66058829,224.40940000
16.66159309,216.53540000
16.66259789,216.53540000
16.66360269,224.40940000
16.66460749,220.47240000
16.66561229,216.53540000
16.66661709,220.47240000
16.66762189,220.47240000
16.66862669,220.47240000
16.66963149,220.47240000
16.67063629,220.47240000
16.67164109,216.53540000
16.67264589,216.53540000
16.67365069,216.53540000
16.67465549,220.47240000
16.67566029,216.53540000
16.67666509,216.53540000
16.67766989,212.59840000
16.67867469,212.59840000
16.67967949,212.59840000
16.68068429,220.47240000
16.68168909,220.47240000
16.68269389,216.53540000
16.68369869,216.53540000
16.68470349,216.53540000
16.68570829,216.53540000
16.68671309,212.59840000
16.68771789,212.59840000
16.68872269,216.53540000
16.68972749,220.47240000
16.69073229,208.66140000
16.69173709,208.66140000
16.69274189,208.66140000
16.69374669,212.59840000
16.69475149,204.72440000
16.69575629,220.47240000
16.69676109,216.53540000
16.69776589,216.53540000
16.69877069,212.59840000
16.69977549,216.53540000
16.70078029,216.53540000
16.70178509,220.47240000
16.70278989,212.59840000
16.70379469,208.66140000
16.70479949,212.59840000
16.70580429,216.53540000
16.70680909,212.59840000
16.70781389,212.59840000
16.70881869,212.59840000
16.70982349,212.59840000
16.71082829,204.72440000
16.71183309,208.66140000
16.71283789,212.59840000
16.71384269,212.59840000
16.71484749,212.59840000
16.71585229,216.53540000
16.71685709,212.59840000
16.71786189,212.59840000
16.71886669,212.59840000
16.71987149,212.59840000
16.72087629,212.59840000
16.72188109,212.59840000
16.72288589,212.59840000
16.72389069,216.53540000
16.72489549,212.59840000
16.72590029,212.59840000
16.72690509,208.66140000
16.72790989,208.66140000
16.72891469,204.72440000
16.72991949,212.59840000
16.73092429,208.66140000
16.73192909,208.66140000
16.73293389,212.59840000
16.73393869,220.47240000
16.73494349,216.53540000
16.73594829,216.53540000
16.73695309,216.53540000
16.73795789,216.53540000
16.73896269,216.53540000
16.73996749,212.59840000
16.74097229,216.53540000
16.74197709,204.72440000
16.74298189,208.66140000
16.74398669,212.59840000
16.74499149,216.53540000
16.74599629,212.59840000
16.74700109,212.59840000
16.74800589,216.53540000
16.74901069,204.72440000
16.75001549,212.59840000
16.75102029,208.66140000
16.75202509,212.59840000
16.75302989,212.59840000
16.75403469,212.59840000
16.75503949,208.66140000
16.75604429,208.66140000
16.75704909,212.59840000
16.75805389,212.59840000
16.75905869,208.66140000
16.76006349,208.66140000
16.76106829,204.72440000
16.76207309,212.59840000
16.76307789,212.59840000
16.76408269,212.59840000
16.76508749,216.53540000
16.76609229,204.72440000
16.76709709,204.72440000
16.76810189,204.72440000
16.76910669,212.59840000
16.77011149,212.59840000
16.77111629,216.53540000
16.77212109,212.59840000
16.77312589,212.59840000
16.77413069,216.53540000
16.77513549,212.59840000
16.77614029,216.53540000
16.77714509,212.59840000
16.77814989,216.53540000
16.77915469,216.53540000
16.78015949,212.59840000
16.78116429,216.53540000
16.78216909,216.53540000
16.78317389,212.59840000
16.78417869,216.53540000
16.78518349,212.59840000
16.78618829,212.59840000
16.78719309,212.59840000
16.78819789,212.59840000
16.78920269,212.59840000
16.79020749,212.59840000
16.79121229,212.59840000
16.79221709,208.66140000
16.79322189,204.72440000
16.79422669,216.53540000
16.79523149,212.59840000
16.79623629,212.59840000
16.79724109,216.53540000
16.79824589,216.53540000
16.79925069,212.59840000
16.80025549,208.66140000
16.80126029,216.53540000
16.80226509,208.66140000
16.80326989,212.59840000
16.80427469,208.66140000
16.80527949,208.66140000
16.80628429,212.59840000
16.80728909,212.59840000
16.80829389,208.66140000
16.80929869,216.53540000
16.81030349,216.53540000
16.81130829,212.59840000
16.81231309,212.59840000
16.81331789,216.53540000
16.81432269,216.53540000
16.81532749,212.59840000
16.81633229,216.53540000
16.81733709,212.59840000
16.81834189,212.59840000
16.81934669,212.59840000
16.82035149,212.59840000
16.82135629,212.59840000
16.82236109,216.53540000
16.82336589,212.59840000
16.82437069,208.66140000
16.82537549,212.59840000
16.82638029,208.66140000
16.82738509,208.66140000
16.82838989,208.66140000
16.82939469,204.72440000
16.83039949,204.72440000
16.83140429,212.59840000
16.83240909,208.66140000
16.83341389,208.66140000
16.83441869,212.59840000
16.83542349,204.72440000
16.83642829,212.59840000
16.83743309,196.85040000
16.83843789,200.78740000
16.83944269,196.85040000
16.84044749,200.78740000
16.84145229,200.78740000
16.84245709,204.72440000
16.84346189,208.66140000
16.84446669,204.72440000
16.84547149,204.72440000
16.84647629,212.59840000
16.84748109,208.66140000
16.84848589,204.72440000
16.84949069,204.72440000
16.85049549,208.66140000
16.85150029,208.66140000
16.85250509,204.72440000
16.85350989,204.72440000
16.85451469,204.72440000
16.85551949,200.78740000
16.85652429,208.66140000
16.85752909,204.72440000
16.85853389,200.78740000
16.85953869,204.72440000
16.86054349,208.66140000
16.86154829,204.72440000
16.86255309,204.72440000
16.86355789,204.72440000
16.86456269,208.66140000
16.86556749,204.72440000
16.86657229,204.72440000
16.86757709,204.72440000
16.86858189,200.78740000
16.86958669,204.72440000
16.87059149,204.72440000
16.87159629,204.72440000
16.87260109,192.91340000
16.87360589,196.85040000
16.87461069,192.91340000
16.87561549,196.85040000
16.87662029,200.78740000
16.87762509,204.72440000
16.87862989,204.72440000
16.87963469,200.78740000
16.88063949,204.72440000
16.88164429,200.78740000
16.88264909,200.78740000
16.88365389,200.78740000
16.88465869,200.78740000
16.88566349,208.66140000
16.88666829,200.78740000
16.88767309,200.78740000
16.88867789,200.78740000
16.88968269,200.78740000
16.89068749,200.78740000
16.89169229,204.72440000
16.89269709,204.72440000
16.89370189,200.78740000
16.89470669,204.72440000
16.89571149,200.78740000
16.89671629,204.72440000
16.89772109,204.72440000
16.89872589,200.78740000
16.89973069,200.78740000
16.90073549,200.78740000
16.90174029,208.66140000
16.90274509,204.72440000
16.90374989,204.72440000
16.90475469,208.66140000
16.90575949,204.72440000
16.90676429,200.78740000
16.90776909,196.85040000
16.90877389,200.78740000
16.90977869,200.78740000
16.91078349,204.72440000
16.91178829,200.78740000
16.91279309,200.78740000
16.91379789,204.72440000
16.91480269,204.72440000
16.91580749,204.72440000
16.91681229,204.72440000
16.91781709,208.66140000
16.91882189,204.72440000
16.91982669,204.72440000
16.92083149,204.72440000
16.92183629,204.72440000
16.92284109,204.72440000
16.92384589,204.72440000
16.92485069,204.72440000
16.92585549,200.78740000
16.92686029,208.66140000
16.92786509,204.72440000
16.92886989,208.66140000
16.92987469,200.78740000
16.93087949,200.78740000
16.93188429,200.78740000
16.93288909,204.72440000
16.93389389,204.72440000
16.93489869,204.72440000
16.93590349,204.72440000
16.93690829,204.72440000
16.93791309,204.72440000
16.93891788,200.78740000
16.93992268,208.66140000
16.94092748,204.72440000
16.94193228,204.72440000
16.94293708,204.72440000
16.94394188,200.78740000
16.94494668,212.59840000
16.94595148,204.72440000
16.94695628,200.78740000
16.94796108,200.78740000
16.94896588,204.72440000
16.94997068,204.72440000
16.95097548,204.72440000
16.95198028,204.72440000
16.95298508,196.85040000
16.95398988,200.78740000
16.95499468,200.78740000
16.95599948,220.47240000
16.95700428,200.78740000
16.95800908,204.72440000
16.95901388,204.72440000
16.96001868,204.72440000
16.96102348,200.78740000
16.96202828,204.72440000
16.96303308,208.66140000
16.96403788,204.72440000
16.96504268,212.59840000
16.96604748,204.72440000
16.96705228,204.72440000
16.96805708,204.72440000
16.96906188,204.72440000
16.97006668,200.78740000
16.97107148,204.72440000
16.97207628,200.78740000
16.97308108,208.66140000
16.97408588,200.78740000
16.97509068,208.66140000
16.97609548,204.72440000
16.97710028,204.72440000
16.97810508,204.72440000
16.97910988,204.72440000
16.98011468,200.78740000
16.98111948,204.72440000
16.98212428,204.72440000
16.98312908,208.66140000
16.98413388,200.78740000
16.98513868,200.78740000
16.98614348,200.78740000
16.98714828,196.85040000
16.98815308,200.78740000
16.98915788,208.66140000
16.99016268,204.72440000
16.99116748,204.72440000
16.99217228,204.72440000
16.99317708,204.72440000
16.99418188,208.66140000
16.99518668,200.78740000
16.99619148,204.72440000
16.99719628,204.72440000
16.99820108,196.85040000
16.99920588,200.78740000
17.00021068,204.72440000
17.00121548,200.78740000
17.00222028,200.78740000
17.00322508,192.91340000
17.00422988,200.78740000
17.00523468,204.72440000
17.00623948,204.72440000
17.00724428,204.72440000
17.00824908,200.78740000
17.00925388,200.78740000
17.01025868,204.72440000
17.01126348,204.72440000
17.01226828,204.72440000
17.01327308,204.72440000
17.01427788,204.72440000
17.01528268,204.72440000
17.01628748,208.66140000
17.01729228,196.85040000
17.01829708,204.72440000
17.01930188,200.78740000
17.02030668,204.72440000
17.02131148,188.97640000
17.02231628,196.85040000
17.02332108,204.72440000
17.02432588,200.78740000
17.02533068,204.72440000
17.02633548,200.78740000
17.02734028,200.78740000
17.02834508,204.72440000
17.02934988,208.66140000
17.03035468,204.72440000
17.03135948,204.72440000
17.03236428,200.78740000
17.03336908,200.78740000
17.03437388,200.78740000
17.03537868,200.78740000
17.03638348,204.72440000
17.03738828,200.78740000
17.03839308,208.66140000
17.03939788,204.72440000
17.04040268,204.72440000
17.04140748,204.72440000
17.04241228,204.72440000
17.04341708,204.72440000
17.04442188,204.72440000
17.04542668,204.72440000
17.04643148,204.72440000
17.04743628,208.66140000
17.04844108,208.66140000
17.04944588,204.72440000
17.05045068,188.97640000
17.05145548,200.78740000
17.05246028,204.72440000
17.05346508,216.53540000
17.05446988,204.72440000
17.05547468,204.72440000
17.05647948,204.72440000
17.05748428,204.72440000
17.05848908,204.72440000
17.05949388,196.85040000
17.06049868,204.72440000
17.06150348,200.78740000
17.06250828,196.85040000
17.06351308,204.72440000
17.06451788,204.72440000
17.06552268,208.66140000
17.06652748,204.72440000
17.06753228,200.78740000
17.06853708,200.78740000
17.06954188,196.85040000
17.07054668,204.72440000
17.07155148,204.72440000
17.07255628,208.66140000
17.07356108,208.66140000
17.07456588,204.72440000
17.07557068,204.72440000
17.07657548,204.72440000
17.07758028,208.66140000
17.07858508,200.78740000
17.07958988,208.66140000
17.08059468,204.72440000
17.08159948,208.66140000
17.08260428,204.72440000
17.08360908,200.78740000
17.08461388,204.72440000
17.08561868,204.72440000
17.08662348,208.66140000
17.08762828,212.59840000
17.08863308,208.66140000
17.08963788,208.66140000
17.09064268,204.72440000
17.09164748,204.72440000
17.09265228,208.66140000
17.09365708,208.66140000
17.09466188,204.72440000
17.09566668,208.66140000
17.09667148,200.78740000
17.09767628,200.78740000
17.09868108,204.72440000
17.09968588,196.85040000
17.10069068,204.72440000
17.10169548,200.78740000
17.10270028,208.66140000
17.10370508,208.66140000
17.10470988,204.72440000
17.10571468,212.59840000
17.10671948,212.59840000
17.10772428,208.66140000
17.10872908,208.66140000
17.10973388,216.53540000
17.11073868,208.66140000
17.11174348,204.72440000
17.11274828,208.66140000
17.11375308,208.66140000
17.11475788,208.66140000
17.11576268,200.78740000
17.11676748,204.72440000
17.11777228,200.78740000
17.11877708,204.72440000
17.11978188,212.59840000
17.12078668,208.66140000
17.12179148,204.72440000
17.12279628,212.59840000
17.12380108,204.72440000
17.12480588,208.66140000
17.12581068,212.59840000
17.12681548,208.66140000
17.12782028,204.72440000
17.12882508,204.72440000
17.12982988,208.66140000
17.13083468,204.72440000
17.13183948,208.66140000
17.13284428,208.66140000
17.13384908,208.66140000
17.13485388,204.72440000
17.13585868,204.72440000
17.13686348,196.85040000
17.13786828,204.72440000
17.13887308,208.66140000
17.13987788,204.72440000
17.14088268,212.59840000
17.14188748,212.59840000
17.14289228,208.66140000
17.14389708,212.59840000
17.14490188,212.59840000
17.14590668,212.59840000
17.14691148,216.53540000
17.14791628,204.72440000
17.14892108,212.59840000
17.14992588,204.72440000
17.15093068,212.59840000
17.15193548,212.59840000
17.15294028,212.59840000
17.15394508,216.53540000
17.15494988,208.66140000
17.15595468,212.59840000
17.15695948,212.59840000
17.15796428,212.59840000
17.15896908,212.59840000
17.15997388,208.66140000
17.16097868,216.53540000
17.16198348,204.72440000
17.16298828,220.47240000
17.16399308,208.66140000
17.16499788,212.59840000
17.16600268,204.72440000
17.16700748,212.59840000
17.16801228,212.59840000
17.16901708,212.59840000
17.17002188,212.59840000
17.17102668,204.72440000
17.17203148,208.66140000
17.17303628,208.66140000
17.17404108,212.59840000
17.17504588,208.66140000
17.17605068,212.59840000
17.17705548,208.66140000
17.17806028,212.59840000
17.17906508,208.66140000
17.18006988,216.53540000
17.18107468,208.66140000
17.18207948,208.66140000
17.18308428,208.66140000
17.18408908,208.66140000
17.18509388,208.66140000
17.18609868,212.59840000
17.18710348,212.59840000
17.18810828,204.72440000
17.18911308,208.66140000
17.19011788,212.59840000
17.19112268,212.59840000
17.19212748,208.66140000
17.19313228,212.59840000
17.19413708,204.72440000
17.19514188,208.66140000
17.19614668,208.66140000
17.19715148,204.72440000
17.19815628,204.72440000
17.19916108,208.66140000
17.20016588,208.66140000
17.20117068,204.72440000
17.20217548,208.66140000
17.20318028,212.59840000
17.20418508,208.66140000
17.20518988,208.66140000
17.20619468,208.66140000
17.20719948,208.66140000
17.20820428,220.47240000
17.20920908,212.59840000
17.21021388,212.59840000
17.21121868,188.97640000
17.21222348,204.72440000
17.21322828,204.72440000
17.21423308,200.78740000
17.21523788,204.72440000
17.21624268,212.59840000
17.21724748,212.59840000
17.21825228,212.59840000
17.21925708,212.59840000
17.22026188,208.66140000
17.22126668,208.66140000
17.22227148,212.59840000
17.22327628,212.59840000
17.22428108,208.66140000
17.22528588,212.59840000
17.22629068,204.72440000
17.22729548,208.66140000
17.22830028,208.66140000
17.22930508,204.72440000
17.23030988,204.72440000
17.23131468,200.78740000
17.23231948,204.72440000
17.23332428,200.78740000
17.23432908,208.66140000
17.23533388,204.72440000
17.23633868,200.78740000
17.23734348,204.72440000
17.23834828,208.66140000
17.23935308,204.72440000
17.24035788,200.78740000
17.24136268,204.72440000
17.24236748,196.85040000
17.24337228,204.72440000
17.24437708,200.78740000
17.24538188,192.91340000
17.24638668,192.91340000
17.24739148,192.91340000
17.24839628,212.59840000
17.24940108,192.91340000
17.25040588,200.78740000
17.25141068,196.85040000
17.25241548,196.85040000
17.25342028,200.78740000
17.25442508,200.78740000
17.25542988,200.78740000
17.25643468,192.91340000
17.25743948,200.78740000
17.25844428,196.85040000
17.25944908,196.85040000
17.26045388,196.85040000
17.26145868,196.85040000
17.26246348,192.91340000
17.26346828,192.91340000
17.26447308,200.78740000
17.26547788,196.85040000
17.26648268,200.78740000
17.26748748,196.85040000
17.26849227,196.85040000
17.26949707,192.91340000
17.27050187,192.91340000
17.27150667,196.85040000
17.27251147,196.85040000
17.27351627,192.91340000
17.27452107,192.91340000
17.27552587,196.85040000
17.27653067,196.85040000
17.27753547,196.85040000
17.27854027,188.97640000
17.27954507,188.97640000
17.28054987,188.97640000
17.28155467,192.91340000
17.28255947,192.91340000
17.28356427,196.85040000
17.28456907,188.97640000
17.28557387,208.66140000
17.28657867,188.97640000
17.28758347,188.97640000
17.28858827,192.91340000
17.28959307,192.91340000
17.29059787,192.91340000
17.29160267,196.85040000
17.29260747,196.85040000
17.29361227,192.91340000
17.29461707,192.91340000
17.29562187,192.91340000
17.29662667,188.97640000
17.29763147,192.91340000
17.29863627,196.85040000
17.29964107,192.91340000
17.30064587,188.97640000
17.30165067,192.91340000
17.30265547,188.97640000
17.30366027,196.85040000
17.30466507,188.97640000
17.30566987,192.91340000
17.30667467,188.97640000
17.30767947,188.97640000
17.30868427,192.91340000
17.30968907,188.97640000
17.31069387,188.97640000
17.31169867,185.03940000
17.31270347,188.97640000
17.31370827,192.91340000
17.31471307,196.85040000
17.31571787,188.97640000
17.31672267,192.91340000
17.31772747,192.91340000
17.31873227,188.97640000
17.31973707,185.03940000
17.32074187,192.91340000
17.32174667,181.10240000
17.32275147,185.03940000
17.32375627,185.03940000
17.32476107,185.03940000
17.32576587,188.97640000
17.32677067,185.03940000
17.32777547,181.10240000
17.32878027,192.91340000
17.32978507,196.85040000
17.33078987,188.97640000
17.33179467,196.85040000
17.33279947,188.97640000
17.33380427,192.91340000
17.33480907,192.91340000
17.33581387,196.85040000
17.33681867,188.97640000
17.33782347,192.91340000
17.33882827,192.91340000
17.33983307,185.03940000
17.34083787,188.97640000
17.34184267,192.91340000
17.34284747,188.97640000
17.34385227,188.97640000
17.34485707,192.91340000
17.34586187,188.97640000
17.34686667,196.85040000
17.34787147,188.97640000
17.34887627,192.91340000
17.34988107,188.97640000
17.35088587,196.85040000
17.35189067,192.91340000
17.35289547,196.85040000
17.35390027,192.91340000
17.35490507,196.85040000
17.35590987,192.91340000
17.35691467,192.91340000
17.35791947,196.85040000
17.35892427,185.03940000
17.35992907,185.03940000
17.36093387,185.03940000
17.36193867,200.78740000
17.36294347,200.78740000
17.36394827,196.85040000
17.36495307,196.85040000
17.36595787,192.91340000
17.36696267,196.85040000
17.36796747,200.78740000
17.36897227,200.78740000
17.36997707,200.78740000
17.37098187,196.85040000
17.37198667,196.85040000
17.37299147,200.78740000
17.37399627,196.85040000
17.37500107,200.78740000
17.37600587,196.85040000
17.37701067,196.85040000
17.37801547,192.91340000
17.37902027,200.78740000
17.38002507,196.85040000
17.38102987,200.78740000
17.38203467,196.85040000
17.38303947,196.85040000
17.38404427,196.85040000
17.38504907,196.85040000
17.38605387,196.85040000
17.38705867,196.85040000
17.38806347,200.78740000
17.38906827,192.91340000
17.39007307,196.85040000
17.39107787,200.78740000
17.39208267,192.91340000
17.39308747,192.91340000
17.39409227,196.85040000
17.39509707,196.85040000
17.39610187,200.78740000
17.39710667,192.91340000
17.39811147,196.85040000
17.39911627,181.10240000
17.40012107,192.91340000
17.40112587,192.91340000
17.40213067,192.91340000
17.40313547,196.85040000
17.40414027,196.85040000
17.40514507,196.85040000
17.40614987,200.78740000
17.40715467,200.78740000
17.40815947,192.91340000
17.40916427,188.97640000
17.41016907,192.91340000
17.41117387,200.78740000
17.41217867,200.78740000
17.41318347,192.91340000
17.41418827,192.91340000
17.41519307,196.85040000
17.41619787,200.78740000
17.41720267,200.78740000
17.41820747,204.72440000
17.41921227,196.85040000
17.42021707,196.85040000
17.42122187,200.78740000
17.42222667,200.78740000
17.42323147,192.91340000
17.42423627,200.78740000
17.42524107,188.97640000
17.42624587,196.85040000
17.42725067,200.78740000
17.42825547,196.85040000
17.42926027,192.91340000
17.43026507,196.85040000
17.43126987,196.85040000
17.43227467,192.91340000
17.43327947,192.91340000
17.43428427,196.85040000
17.43528907,192.91340000
17.43629387,196.85040000
17.43729867,200.78740000
17.43830347,188.97640000
17.43930827,188.97640000
17.44031307,192.91340000
17.44131787,188.97640000
17.44232267,196.85040000
17.44332747,192.91340000
17.44433227,192.91340000
17.44533707,196.85040000
17.44634187,196.85040000
17.44734667,200.78740000
17.44835147,196.85040000
17.44935627,196.85040000
17.45036107,196.85040000
17.45136587,196.85040000
17.45237067,192.91340000
17.45337547,196.85040000
17.45438027,196.85040000
17.45538507,196.85040000
17.45638987,181.10240000
17.45739467,192.91340000
17.45839947,192.91340000
17.45940427,212.59840000
17.46040907,192.91340000
17.46141387,192.91340000
17.46241867,196.85040000
17.46342347,196.85040000
17.46442827,196.85040000
17.46543307,200.78740000
17.46643787,196.85040000
17.46744267,196.85040000
17.46844747,192.91340000
17.46945227,200.78740000
17.47045707,196.85040000
17.47146187,192.91340000
17.47246667,192.91340000
17.47347147,188.97640000
17.47447627,192.91340000
17.47548107,192.91340000
17.47648587,200.78740000
17.47749067,185.03940000
17.47849547,200.78740000
17.47950027,192.91340000
17.48050507,192.91340000
17.48150987,200.78740000
17.48251467,200.78740000
17.48351947,200.78740000
17.48452427,200.78740000
17.48552907,200.78740000
17.48653387,200.78740000
17.48753867,196.85040000
17.48854347,200.78740000
17.48954827,196.85040000
17.49055307,196.85040000
17.49155787,196.85040000
17.49256267,196.85040000
17.49356747,192.91340000
17.49457227,200.78740000
17.49557707,200.78740000
17.49658187,196.85040000
17.49758667,200.78740000
17.49859147,196.85040000
17.49959627,204.72440000
17.50060107,196.85040000
17.50160587,196.85040000
17.50261067,200.78740000
17.50361547,196.85040000
17.50462027,196.85040000
17.50562507,196.85040000
17.50662987,188.97640000
17.50763467,192.91340000
17.50863947,196.85040000
17.50964427,200.78740000
17.51064907,200.78740000
17.51165387,196.85040000
17.51265867,200.78740000
17.51366347,192.91340000
17.51466827,192.91340000
17.51567307,196.85040000
17.51667787,196.85040000
17.51768267,196.85040000
17.51868747,204.72440000
17.51969227,204.72440000
17.52069707,204.72440000
17.52170187,196.85040000
17.52270667,192.91340000
17.52371147,196.85040000
17.52471627,200.78740000
17.52572107,204.72440000
17.52672587,200.78740000
17.52773067,200.78740000
17.52873547,196.85040000
17.52974027,204.72440000
17.53074507,200.78740000
17.53174987,204.72440000
17.53275467,200.78740000
17.53375947,204.72440000
17.53476427,196.85040000
17.53576907,200.78740000
17.53677387,196.85040000
17.53777867,200.78740000
17.53878347,200.78740000
17.53978827,200.78740000
17.54079307,200.78740000
17.54179787,200.78740000
17.54280267,204.72440000
17.54380747,204.72440000
17.54481227,204.72440000
17.54581707,196.85040000
17.54682187,200.78740000
17.54782667,196.85040000
17.54883147,200.78740000
17.54983627,208.66140000
17.55084107,192.91340000
17.55184587,192.91340000
17.55285067,196.85040000
17.55385547,181.10240000
17.55486027,188.97640000
17.55586507,196.85040000
17.55686987,216.53540000
17.55787467,200.78740000
17.55887947,200.78740000
17.55988427,196.85040000
17.56088907,204.72440000
17.56189387,200.78740000
17.56289867,200.78740000
17.56390347,200.78740000
17.56490827,200.78740000
17.56591307,192.91340000
17.56691787,200.78740000
17.56792267,200.78740000
17.56892747,196.85040000
17.56993227,200.78740000
17.57093707,192.91340000
17.57194187,196.85040000
17.57294667,200.78740000
17.57395147,204.72440000
17.57495627,196.85040000
17.57596107,188.97640000
17.57696587,200.78740000
17.57797067,192.91340000
17.57897547,200.78740000
17.57998027,196.85040000
17.58098507,196.85040000
17.58198987,192.91340000
17.58299467,200.78740000
17.58399947,196.85040000
17.58500427,200.78740000
17.58600907,192.91340000
17.58701387,192.91340000
17.58801867,188.97640000
17.58902347,185.03940000
17.59002827,192.91340000
17.59103307,188.97640000
17.59203787,192.91340000
17.59304267,192.91340000
17.59404747,192.91340000
17.59505227,196.85040000
17.59605707,196.85040000
17.59706186,200.78740000
17.59806666,196.85040000
17.59907146,196.85040000
17.60007626,196.85040000
17.60108106,192.91340000
17.60208586,196.85040000
17.60309066,192.91340000
17.60409546,192.91340000
17.60510026,196.85040000
17.60610506,196.85040000
17.60710986,192.91340000
17.60811466,196.85040000
17.60911946,192.91340000
17.61012426,196.85040000
17.61112906,200.78740000
17.61213386,196.85040000
17.61313866,188.97640000
17.61414346,196.85040000
17.61514826,192.91340000
17.61615306,196.85040000
17.61715786,196.85040000
17.61816266,192.91340000
17.61916746,192.91340000
17.62017226,188.97640000
17.62117706,188.97640000
17.62218186,192.91340000
17.62318666,196.85040000
17.62419146,192.91340000
17.62519626,192.91340000
17.62620106,192.91340000
17.62720586,196.85040000
17.62821066,192.91340000
17.62921546,192.91340000
17.63022026,188.97640000
17.63122506,192.91340000
17.63222986,188.97640000
17.63323466,196.85040000
17.63423946,192.91340000
17.63524426,196.85040000
17.63624906,196.85040000
17.63725386,188.97640000
17.63825866,192.91340000
17.63926346,196.85040000
17.64026826,204.72440000
17.64127306,192.91340000
17.64227786,188.97640000
17.64328266,200.78740000
17.64428746,196.85040000
17.64529226,196.85040000
17.64629706,196.85040000
17.64730186,192.91340000
17.64830666,196.85040000
17.64931146,196.85040000
17.65031626,196.85040000
17.65132106,188.97640000
17.65232586,192.91340000
17.65333066,185.03940000
17.65433546,196.85040000
17.65534026,196.85040000
17.65634506,200.78740000
17.65734986,188.97640000
17.65835466,196.85040000
17.65935946,196.85040000
17.66036426,192.91340000
17.66136906,196.85040000
17.66237386,192.91340000
17.66337866,192.91340000
17.66438346,192.91340000
17.66538826,200.78740000
17.66639306,196.85040000
17.66739786,185.03940000
17.66840266,188.97640000
17.66940746,188.97640000
17.67041226,188.97640000
17.67141706,196.85040000
17.67242186,192.91340000
17.67342666,192.91340000
17.67443146,196.85040000
17.67543626,200.78740000
17.67644106,196.85040000
17.67744586,196.85040000
17.67845066,200.78740000
17.67945546,196.85040000
17.68046026,192.91340000
17.68146506,196.85040000
17.68246986,192.91340000
17.68347466,196.85040000
17.68447946,188.97640000
17.68548426,192.91340000
17.68648906,188.97640000
17.68749386,196.85040000
17.68849866,188.97640000
17.68950346,200.78740000
17.69050826,196.85040000
17.69151306,196.85040000
17.69251786,196.85040000
17.69352266,200.78740000
17.69452746,196.85040000
17.69553226,196.85040000
17.69653706,196.85040000
17.69754186,200.78740000
17.69854666,196.85040000
17.69955146,192.91340000
17.70055626,192.91340000
17.70156106,188.97640000
17.70256586,192.91340000
17.70357066,196.85040000
17.70457546,196.85040000
17.70558026,188.97640000
17.70658506,192.91340000
17.70758986,192.91340000
17.70859466,192.91340000
17.70959946,196.85040000
17.71060426,196.85040000
17.71160906,192.91340000
17.71261386,196.85040000
17.71361866,196.85040000
17.71462346,200.78740000
17.71562826,192.91340000
17.71663306,196.85040000
17.71763786,188.97640000
17.71864266,192.91340000
17.71964746,196.85040000
17.72065226,196.85040000
17.72165706,192.91340000
17.72266186,196.85040000
17.72366666,200.78740000
17.72467146,188.97640000
17.72567626,200.78740000
17.72668106,192.91340000
17.72768586,196.85040000
17.72869066,192.91340000
17.72969546,196.85040000
17.73070026,196.85040000
17.73170506,192.91340000
17.73270986,196.85040000
17.73371466,192.91340000
17.73471946,192.91340000
17.73572426,196.85040000
17.73672906,192.91340000
17.73773386,196.85040000
17.73873866,192.91340000
17.73974346,192.91340000
17.74074826,188.97640000
17.74175306,200.78740000
17.74275786,188.97640000
17.74376266,208.66140000
17.74476746,188.97640000
17.74577226,196.85040000
17.74677706,188.97640000
17.74778186,192.91340000
17.74878666,188.97640000
17.74979146,188.97640000
17.75079626,188.97640000
17.75180106,200.78740000
17.75280586,192.91340000
17.75381066,192.91340000
17.75481546,192.91340000
17.75582026,188.97640000
17.75682506,188.97640000
17.75782986,196.85040000
17.75883466,192.91340000
17.75983946,192.91340000
17.76084426,192.91340000
17.76184906,192.91340000
17.76285386,188.97640000
17.76385866,188.97640000
17.76486346,192.91340000
17.76586826,185.03940000
17.76687306,185.03940000
17.76787786,192.91340000
17.76888266,192.91340000
17.76988746,188.97640000
17.77089226,196.85040000
17.77189706,188.97640000
17.77290186,196.85040000
17.77390666,188.97640000
17.77491146,192.91340000
17.77591626,192.91340000
17.77692106,192.91340000
17.77792586,192.91340000
17.77893066,192.91340000
17.77993546,188.97640000
17.78094026,192.91340000
17.78194506,173.22830000
17.78294986,177.16530000
17.78395466,188.97640000
17.78495946,192.91340000
17.78596426,185.03940000
17.78696906,188.97640000
17.78797386,188.97640000
17.78897866,188.97640000
17.78998346,188.97640000
17.79098826,192.91340000
17.79199306,188.97640000
17.79299786,192.91340000
17.79400266,192.91340000
17.79500746,192.91340000
17.79601226,192.91340000
17.79701706,188.97640000
17.79802186,188.97640000
17.79902666,188.97640000
17.80003146,192.91340000
17.80103626,188.97640000
17.80204106,188.97640000
17.80304586,192.91340000
17.80405066,188.97640000
17.80505546,192.91340000
17.80606026,188.97640000
17.80706506,188.97640000
17.80806986,188.97640000
17.80907466,192.91340000
17.81007946,192.91340000
17.81108426,188.97640000
17.81208906,188.97640000
17.81309386,188.97640000
17.81409866,188.97640000
17.81510346,181.10240000
17.81610826,188.97640000
17.81711306,188.97640000
17.81811786,192.91340000
17.81912266,188.97640000
17.82012746,181.10240000
17.82113226,181.10240000
17.82213706,185.03940000
17.82314186,181.10240000
17.82414666,188.97640000
17.82515146,188.97640000
17.82615626,188.97640000
17.82716106,188.97640000
17.82816586,188.97640000
17.82917066,188.97640000
17.83017546,188.97640000
17.83118026,188.97640000
17.83218506,185.03940000
17.83318986,188.97640000
17.83419466,188.97640000
17.83519946,188.97640000
17.83620426,185.03940000
17.83720906,185.03940000
17.83821386,192.91340000
17.83921866,185.03940000
17.84022346,188.97640000
17.84122826,185.03940000
17.84223306,185.03940000
17.84323786,192.91340000
17.84424266,185.03940000
17.84524746,188.97640000
17.84625226,181.10240000
17.84725706,188.97640000
17.84826186,188.97640000
17.84926666,188.97640000
17.85027146,192.91340000
17.85127626,188.97640000
17.85228106,188.97640000
17.85328586,188.97640000
17.85429066,188.97640000
17.85529546,188.97640000
17.85630026,188.97640000
17.85730506,188.97640000
17.85830986,192.91340000
17.85931466,188.97640000
17.86031946,185.03940000
17.86132426,185.03940000
17.86232906,173.22830000
17.86333386,181.10240000
17.86433866,188.97640000
17.86534346,188.97640000
17.86634826,196.85040000
17.86735306,188.97640000
17.86835786,192.91340000
17.86936266,185.03940000
17.87036746,188.97640000
17.87137226,188.97640000
17.87237706,185.03940000
17.87338186,188.97640000
17.87438666,185.03940000
17.87539146,185.03940000
17.87639626,185.03940000
17.87740106,185.03940000
17.87840586,188.97640000
17.87941066,181.10240000
17.88041546,181.10240000
17.88142026,181.10240000
17.88242506,185.03940000
17.88342986,185.03940000
17.88443466,181.10240000
17.88543946,181.10240000
17.88644426,188.97640000
17.88744906,181.10240000
17.88845386,188.97640000
17.88945866,188.97640000
17.89046346,181.10240000
17.89146826,188.97640000
17.89247306,188.97640000
17.89347786,185.03940000
17.89448266,181.10240000
17.89548746,181.10240000
17.89649226,181.10240000
17.89749706,181.10240000
17.89850186,181.10240000
17.89950666,181.10240000
17.90051146,185.03940000
17.90151626,188.97640000
17.90252106,185.03940000
17.90352586,188.97640000
17.90453066,185.03940000
17.90553546,185.03940000
17.90654026,181.10240000
17.90754506,185.03940000
17.90854986,185.03940000
17.90955466,185.03940000
17.91055946,188.97640000
17.91156426,185.03940000
17.91256906,181.10240000
17.91357386,181.10240000
17.91457866,185.03940000
17.91558346,181.10240000
17.91658826,185.03940000
17.91759306,185.03940000
17.91859786,181.10240000
17.91960266,185.03940000
17.92060746,181.10240000
17.92161226,181.10240000
17.92261706,181.10240000
17.92362186,185.03940000
17.92462666,185.03940000
17.92563146,185.03940000
17.92663625,181.10240000
17.92764105,181.10240000
17.92864585,181.10240000
17.92965065,185.03940000
17.93065545,177.16530000
17.93166025,188.97640000
17.93266505,181.10240000
17.93366985,185.03940000
17.93467465,181.10240000
17.93567945,181.10240000
17.93668425,181.10240000
17.93768905,181.10240000
17.93869385,181.10240000
17.93969865,177.16530000
17.94070345,177.16530000
17.94170825,181.10240000
17.94271305,185.03940000
17.94371785,181.10240000
17.94472265,181.10240000
17.94572745,185.03940000
17.94673225,181.10240000
17.94773705,181.10240000
17.94874185,181.10240000
17.94974665,185.03940000
17.95075145,181.10240000
17.95175625,181.10240000
17.95276105,177.16530000
17.95376585,181.10240000
17.95477065,185.03940000
17.95577545,181.10240000
17.95678025,177.16530000
17.95778505,185.03940000
17.95878985,181.10240000
17.95979465,173.22830000
17.96079945,181.10240000
17.96180425,177.16530000
17.96280905,200.78740000
17.96381385,177.16530000
17.96481865,181.10240000
17.96582345,181.10240000
17.96682825,188.97640000
17.96783305,181.10240000
17.96883785,185.03940000
17.96984265,185.03940000
17.97084745,181.10240000
17.97185225,185.03940000
17.97285705,181.10240000
17.97386185,185.03940000
17.97486665,181.10240000
17.97587145,177.16530000
17.97687625,173.22830000
17.97788105,177.16530000
17.97888585,181.10240000
17.97989065,177.16530000
17.98089545,181.10240000
17.98190025,181.10240000
17.98290505,181.10240000
17.98390985,181.10240000
17.98491465,181.10240000
17.98591945,185.03940000
17.98692425,181.10240000
17.98792905,188.97640000
17.98893385,181.10240000
17.98993865,177.16530000
17.99094345,177.16530000
17.99194825,177.16530000
17.99295305,173.22830000
17.99395785,177.16530000
17.99496265,177.16530000
17.99596745,185.03940000
17.99697225,177.16530000
17.99797705,177.16530000
17.99898185,177.16530000
17.99998665,177.16530000
18.00099145,185.03940000
18.00199625,181.10240000
18.00300105,181.10240000
18.00400585,177.16530000
18.00501065,177.16530000
18.00601545,177.16530000
18.00702025,181.10240000
18.00802505,177.16530000
18.00902985,177.16530000
18.01003465,169.29130000
18.01103945,177.16530000
18.01204425,181.10240000
18.01304905,181.10240000
18.01405385,177.16530000
18.01505865,173.22830000
18.01606345,173.22830000
18.01706825,173.22830000
18.01807305,173.22830000
18.01907785,177.16530000
18.02008265,181.10240000
18.02108745,177.16530000
18.02209225,181.10240000
18.02309705,181.10240000
18.02410185,177.16530000
18.02510665,181.10240000
18.02611145,177.16530000
18.02711625,177.16530000
18.02812105,177.16530000
18.02912585,177.16530000
18.03013065,177.16530000
18.03113545,177.16530000
18.03214025,181.10240000
18.03314505,181.10240000
18.03414985,173.22830000
18.03515465,177.16530000
18.03615945,177.16530000
18.03716425,177.16530000
18.03816905,181.10240000
18.03917385,181.10240000
18.04017865,177.16530000
18.04118345,177.16530000
18.04218825,177.16530000
18.04319305,173.22830000
18.04419785,177.16530000
18.04520265,177.16530000
18.04620745,177.16530000
18.04721225,185.03940000
18.04821705,181.10240000
18.04922185,173.22830000
18.05022665,181.10240000
18.05123145,177.16530000
18.05223625,169.29130000
18.05324105,173.22830000
18.05424585,169.29130000
18.05525065,173.22830000
18.05625545,177.16530000
18.05726025,161.41730000
18.05826505,177.16530000
18.05926985,173.22830000
18.06027465,192.91340000
18.06127945,177.16530000
18.06228425,177.16530000
18.06328905,177.16530000
18.06429385,177.16530000
18.06529865,173.22830000
18.06630345,173.22830000
18.06730825,177.16530000
18.06831305,173.22830000
18.06931785,177.16530000
18.07032265,177.16530000
18.07132745,173.22830000
18.07233225,177.16530000
18.07333705,177.16530000
18.07434185,169.29130000
18.07534665,169.29130000
18.07635145,173.22830000
18.07735625,173.22830000
18.07836105,173.22830000
18.07936585,173.22830000
18.08037065,181.10240000
18.08137545,173.22830000
18.08238025,173.22830000
18.08338505,177.16530000
18.08438985,177.16530000
18.08539465,173.22830000
18.08639945,177.16530000
18.08740425,173.22830000
18.08840905,185.03940000
18.08941385,177.16530000
18.09041865,173.22830000
18.09142345,173.22830000
18.09242825,169.29130000
18.09343305,173.22830000
18.09443785,173.22830000
18.09544265,177.16530000
18.09644745,173.22830000
18.09745225,173.22830000
18.09845705,177.16530000
18.09946185,181.10240000
18.10046665,177.16530000
18.10147145,177.16530000
18.10247625,177.16530000
18.10348105,177.16530000
18.10448585,173.22830000
18.10549065,177.16530000
18.10649545,173.22830000
18.10750025,169.29130000
18.10850505,173.22830000
18.10950985,177.16530000
18.11051465,177.16530000
18.11151945,173.22830000
18.11252425,177.16530000
18.11352905,177.16530000
18.11453385,177.16530000
18.11553865,177.16530000
18.11654345,177.16530000
18.11754825,177.16530000
18.11855305,173.22830000
18.11955785,173.22830000
18.12056265,173.22830000
18.12156745,173.22830000
18.12257225,173.22830000
18.12357705,169.29130000
18.12458185,173.22830000
18.12558665,173.22830000
18.12659145,173.22830000
18.12759625,173.22830000
18.12860105,173.22830000
18.12960585,173.22830000
18.13061065,169.29130000
18.13161545,169.29130000
18.13262025,169.29130000
18.13362505,173.22830000
18.13462985,177.16530000
18.13563465,173.22830000
18.13663945,173.22830000
18.13764425,173.22830000
18.13864905,173.22830000
18.13965385,173.22830000
18.14065865,173.22830000
18.14166345,177.16530000
18.14266825,173.22830000
18.14367305,173.22830000
18.14467785,173.22830000
18.14568265,173.22830000
18.14668745,173.22830000
18.14769225,177.16530000
18.14869705,169.29130000
18.14970185,173.22830000
18.15070665,173.22830000
18.15171145,169.29130000
18.15271625,173.22830000
18.15372105,173.22830000
18.15472585,165.35430000
18.15573065,173.22830000
18.15673545,169.29130000
18.15774025,181.10240000
18.15874505,169.29130000
18.15974985,177.16530000
18.16075465,173.22830000
18.16175945,169.29130000
18.16276425,177.16530000
18.16376905,177.16530000
18.16477385,173.22830000
18.16577865,177.16530000
18.16678345,173.22830000
18.16778825,173.22830000
18.16879305,161.41730000
18.16979785,169.29130000
18.17080265,165.35430000
18.17180745,165.35430000
18.17281225,165.35430000
18.17381705,173.22830000
18.17482185,177.16530000
18.17582665,185.03940000
18.17683145,169.29130000
18.17783625,177.16530000
18.17884105,177.16530000
18.17984585,173.22830000
18.18085065,173.22830000
18.18185545,177.16530000
18.18286025,169.29130000
18.18386505,173.22830000
18.18486985,173.22830000
18.18587465,173.22830000
18.18687945,173.22830000
18.18788425,165.35430000
18.18888905,169.29130000
18.18989385,169.29130000
18.19089865,173.22830000
18.19190345,177.16530000
18.19290825,169.29130000
18.19391305,173.22830000
18.19491785,173.22830000
18.19592265,173.22830000
18.19692745,169.29130000
18.19793225,173.22830000
18.19893705,169.29130000
18.19994185,165.35430000
18.20094665,173.22830000
18.20195145,173.22830000
18.20295625,177.16530000
18.20396105,165.35430000
18.20496585,173.22830000
18.20597065,165.35430000
18.20697545,165.35430000
18.20798025,185.03940000
18.20898505,169.29130000
18.20998985,165.35430000
18.21099465,169.29130000
18.21199945,169.29130000
18.21300425,169.29130000
18.21400905,173.22830000
18.21501385,177.16530000
18.21601865,177.16530000
18.21702345,177.16530000
18.21802825,173.22830000
18.21903305,177.16530000
18.22003785,173.22830000
18.22104265,169.29130000
18.22204745,169.29130000
18.22305225,169.29130000
18.22405705,177.16530000
18.22506185,173.22830000
18.22606665,173.22830000
18.22707145,173.22830000
18.22807625,169.29130000
18.22908105,173.22830000
18.23008585,169.29130000
18.23109065,169.29130000
18.23209545,173.22830000
18.23310025,173.22830000
18.23410505,169.29130000
18.23510985,169.29130000
18.23611465,173.22830000
18.23711945,169.29130000
18.23812425,173.22830000
18.23912905,169.29130000
18.24013385,169.29130000
18.24113865,173.22830000
18.24214345,173.22830000
18.24314825,165.35430000
18.24415305,165.35430000
18.24515785,169.29130000
18.24616265,169.29130000
18.24716745,157.48030000
18.24817225,165.35430000
18.24917705,169.29130000
18.25018185,169.29130000
18.25118665,165.35430000
18.25219145,165.35430000
18.25319625,169.29130000
18.25420105,173.22830000
18.25520584,177.16530000
18.25621064,177.16530000
18.25721544,177.16530000
18.25822024,173.22830000
18.25922504,173.22830000
18.26022984,169.29130000
18.26123464,177.16530000
18.26223944,169.29130000
18.26324424,173.22830000
18.26424904,173.22830000
18.26525384,169.29130000
18.26625864,173.22830000
18.26726344,173.22830000
18.26826824,169.29130000
18.26927304,169.29130000
18.27027784,169.29130000
18.27128264,161.41730000
18.27228744,173.22830000
18.27329224,177.16530000
18.27429704,173.22830000
18.27530184,173.22830000
18.27630664,173.22830000
18.27731144,169.29130000
18.27831624,169.29130000
18.27932104,169.29130000
18.28032584,173.22830000
18.28133064,169.29130000
18.28233544,173.22830000
18.28334024,173.22830000
18.28434504,169.29130000
18.28534984,161.41730000
18.28635464,161.41730000
18.28735944,161.41730000
18.28836424,169.29130000
18.28936904,165.35430000
18.29037384,173.22830000
18.29137864,173.22830000
18.29238344,173.22830000
18.29338824,173.22830000
18.29439304,169.29130000
18.29539784,173.22830000
18.29640264,173.22830000
18.29740744,173.22830000
18.29841224,177.16530000
18.29941704,177.16530000
18.30042184,169.29130000
18.30142664,169.29130000
18.30243144,169.29130000
18.30343624,165.35430000
18.30444104,177.16530000
18.30544584,173.22830000
18.30645064,169.29130000
18.30745544,173.22830000
18.30846024,169.29130000
18.30946504,169.29130000
18.31046984,169.29130000
18.31147464,169.29130000
18.31247944,173.22830000
18.31348424,169.29130000
18.31448904,173.22830000
18.31549384,173.22830000
18.31649864,165.35430000
18.31750344,165.35430000
18.31850824,169.29130000
18.31951304,169.29130000
18.32051784,173.22830000
18.32152264,169.29130000
18.32252744,173.22830000
18.32353224,173.22830000
18.32453704,165.35430000
18.32554184,165.35430000
18.32654664,169.29130000
18.32755144,165.35430000
18.32855624,169.29130000
18.32956104,173.22830000
18.33056584,173.22830000
18.33157064,173.22830000
18.33257544,169.29130000
18.33358024,173.22830000
18.33458504,165.35430000
18.33558984,169.29130000
18.33659464,169.29130000
18.33759944,169.29130000
18.33860424,173.22830000
18.33960904,165.35430000
18.34061384,169.29130000
18.34161864,173.22830000
18.34262344,177.16530000
18.34362824,169.29130000
18.34463304,165.35430000
18.34563784,169.29130000
18.34664264,169.29130000
18.34764744,173.22830000
18.34865224,165.35430000
18.34965704,165.35430000
18.35066184,165.35430000
18.35166664,161.41730000
18.35267144,169.29130000
18.35367624,169.29130000
18.35468104,169.29130000
18.35568584,173.22830000
18.35669064,173.22830000
18.35769544,165.35430000
18.35870024,169.29130000
18.35970504,177.16530000
18.36070984,173.22830000
18.36171464,173.22830000
18.36271944,181.10240000
18.36372424,165.35430000
18.36472904,165.35430000
18.36573384,153.54330000
18.36673864,165.35430000
18.36774344,165.35430000
18.36874824,169.29130000
18.36975304,173.22830000
18.37075784,169.29130000
18.37176264,169.29130000
18.37276744,173.22830000
18.37377224,169.29130000
18.37477704,165.35430000
18.37578184,173.22830000
18.37678664,173.22830000
18.37779144,169.29130000
18.37879624,169.29130000
18.37980104,169.29130000
18.38080584,173.22830000
18.38181064,169.29130000
18.38281544,165.35430000
18.38382024,161.41730000
18.38482504,173.22830000
18.38582984,177.16530000
18.38683464,169.29130000
18.38783944,173.22830000
18.38884424,165.35430000
18.38984904,165.35430000
18.39085384,169.29130000
18.39185864,177.16530000
18.39286344,169.29130000
18.39386824,165.35430000
18.39487304,161.41730000
18.39587784,169.29130000
18.39688264,165.35430000
18.39788744,169.29130000
18.39889224,165.35430000
18.39989704,165.35430000
18.40090184,165.35430000
18.40190664,153.54330000
18.40291144,165.35430000
18.40391624,165.35430000
18.40492104,165.35430000
18.40592584,169.29130000
18.40693064,165.35430000
18.40793544,173.22830000
18.40894024,177.16530000
18.40994504,173.22830000
18.41094984,173.22830000
18.41195464,177.16530000
18.41295944,169.29130000
18.41396424,173.22830000
18.41496904,169.29130000
18.41597384,169.29130000
18.41697864,169.29130000
18.41798344,169.29130000
18.41898824,173.22830000
18.41999304,173.22830000
18.42099784,169.29130000
18.42200264,173.22830000
18.42300744,169.29130000
18.42401224,173.22830000
18.42501704,169.29130000
18.42602184,169.29130000
18.42702664,169.29130000
18.42803144,169.29130000
18.42903624,165.35430000
18.43004104,173.22830000
18.43104584,169.29130000
18.43205064,165.35430000
18.43305544,165.35430000
18.43406024,169.29130000
18.43506504,173.22830000
18.43606984,169.29130000
18.43707464,165.35430000
18.43807944,169.29130000
18.43908424,169.29130000
18.44008904,165.35430000
18.44109384,165.35430000
18.44209864,161.41730000
18.44310344,169.29130000
18.44410824,169.29130000
18.44511304,165.35430000
18.44611784,165.35430000
18.44712264,177.16530000
18.44812744,169.29130000
18.44913224,169.29130000
18.45013704,177.16530000
18.45114184,169.29130000
18.45214664,173.22830000
18.45315144,169.29130000
18.45415624,173.22830000
18.45516104,169.29130000
18.45616584,169.29130000
18.45717064,169.29130000
18.45817544,169.29130000
18.45918024,169.29130000
18.46018504,165.35430000
18.46118984,173.22830000
18.46219464,169.29130000
18.46319944,153.54330000
18.46420424,169.29130000
18.46520904,169.29130000
18.46621384,188.97640000
18.46721864,169.29130000
18.46822344,173.22830000
18.46922824,169.29130000
18.47023304,173.22830000
18.47123784,165.35430000
18.47224264,169.29130000
18.47324744,169.29130000
18.47425224,165.35430000
18.47525704,173.22830000
18.47626184,169.29130000
18.47726664,173.22830000
18.47827144,173.22830000
18.47927624,157.48030000
18.48028104,161.41730000
18.48128584,165.35430000
18.48229064,165.35430000
18.48329544,165.35430000
18.48430024,165.35430000
18.48530504,169.29130000
18.48630984,173.22830000
18.48731464,173.22830000
18.48831944,173.22830000
18.48932424,169.29130000
18.49032904,169.29130000
18.49133384,169.29130000
18.49233864,169.29130000
18.49334344,169.29130000
18.49434824,169.29130000
18.49535304,165.35430000
18.49635784,165.35430000
18.49736264,169.29130000
18.49836744,165.35430000
18.49937224,169.29130000
18.50037704,169.29130000
18.50138184,169.29130000
18.50238664,169.29130000
18.50339144,173.22830000
18.50439624,165.35430000
18.50540104,161.41730000
18.50640584,161.41730000
18.50741064,165.35430000
18.50841544,165.35430000
18.50942024,169.29130000
18.51042504,173.22830000
18.51142984,165.35430000
18.51243464,161.41730000
18.51343944,169.29130000
18.51444424,165.35430000
18.51544904,173.22830000
18.51645384,169.29130000
18.51745864,165.35430000
18.51846344,161.41730000
18.51946824,161.41730000
18.52047304,161.41730000
18.52147784,161.41730000
18.52248264,169.29130000
18.52348744,165.35430000
18.52449224,169.29130000
18.52549704,169.29130000
18.52650184,173.22830000
18.52750664,165.35430000
18.52851144,169.29130000
18.52951624,165.35430000
18.53052104,165.35430000
18.53152584,165.35430000
18.53253064,169.29130000
18.53353544,169.29130000
18.53454024,165.35430000
18.53554504,169.29130000
18.53654984,165.35430000
18.53755464,161.41730000
18.53855944,169.29130000
18.53956424,169.29130000
18.54056904,169.29130000
18.54157384,165.35430000
18.54257864,169.29130000
18.54358344,169.29130000
18.54458824,165.35430000
18.54559304,161.41730000
18.54659784,165.35430000
18.54760264,165.35430000
18.54860744,173.22830000
18.54961224,165.35430000
18.55061704,165.35430000
18.55162184,165.35430000
18.55262664,165.35430000
18.55363144,165.35430000
18.55463624,165.35430000
18.55564104,169.29130000
18.55664584,161.41730000
18.55765064,157.48030000
18.55865544,165.35430000
18.55966024,161.41730000
18.56066504,153.54330000
18.56166984,169.29130000
18.56267464,165.35430000
18.56367944,181.10240000
18.56468424,165.35430000
18.56568904,165.35430000
18.56669384,169.29130000
18.56769864,169.29130000
18.56870344,169.29130000
18.56970824,169.29130000
18.57071304,169.29130000
18.57171784,165.35430000
18.57272264,165.35430000
18.57372744,173.22830000
18.57473224,165.35430000
18.57573704,161.41730000
18.57674184,161.41730000
18.57774664,165.35430000
18.57875144,161.41730000
18.57975624,161.41730000
18.58076104,165.35430000
18.58176584,165.35430000
18.58277064,161.41730000
18.58377543,165.35430000
18.58478023,169.29130000
18.58578503,165.35430000
18.58678983,169.29130000
18.58779463,169.29130000
18.58879943,169.29130000
18.58980423,165.35430000
18.59080903,169.29130000
18.59181383,169.29130000
18.59281863,169.29130000
18.59382343,169.29130000
18.59482823,161.41730000
18.59583303,157.48030000
18.59683783,165.35430000
18.59784263,165.35430000
18.59884743,169.29130000
18.59985223,169.29130000
18.60085703,169.29130000
18.60186183,169.29130000
18.60286663,165.35430000
18.60387143,173.22830000
18.60487623,165.35430000
18.60588103,173.22830000
18.60688583,169.29130000
18.60789063,165.35430000
18.60889543,165.35430000
18.60990023,169.29130000
18.61090503,157.48030000
18.61190983,161.41730000
18.61291463,173.22830000
18.61391943,169.29130000
18.61492423,169.29130000
18.61592903,173.22830000
18.61693383,169.29130000
18.61793863,165.35430000
18.61894343,169.29130000
18.61994823,169.29130000
18.62095303,169.29130000
18.62195783,169.29130000
18.62296263,169.29130000
18.62396743,165.35430000
18.62497223,169.29130000
18.62597703,165.35430000
18.62698183,165.35430000
18.62798663,169.29130000
18.62899143,169.29130000
18.62999623,169.29130000
18.63100103,169.29130000
18.63200583,165.35430000
18.63301063,173.22830000
18.63401543,157.48030000
18.63502023,161.41730000
18.63602503,161.41730000
18.63702983,161.41730000
18.63803463,169.29130000
18.63903943,165.35430000
18.64004423,169.29130000
18.64104903,169.29130000
18.64205383,169.29130000
18.64305863,161.41730000
18.64406343,165.35430000
18.64506823,169.29130000
18.64607303,173.22830000
18.64707783,169.29130000
18.64808263,165.35430000
18.64908743,169.29130000
18.65009223,169.29130000
18.65109703,173.22830000
18.65210183,169.29130000
18.65310663,165.35430000
18.65411143,169.29130000
18.65511623,169.29130000
18.65612103,165.35430000
18.65712583,169.29130000
18.65813063,161.41730000
18.65913543,165.35430000
18.66014023,161.41730000
18.66114503,169.29130000
18.66214983,169.29130000
18.66315463,169.29130000
18.66415943,165.35430000
18.66516423,165.35430000
18.66616903,165.35430000
18.66717383,169.29130000
18.66817863,165.35430000
18.66918343,165.35430000
18.67018823,169.29130000
18.67119303,165.35430000
18.67219783,169.29130000
18.67320263,169.29130000
18.67420743,161.41730000
18.67521223,161.41730000
18.67621703,161.41730000
18.67722183,161.41730000
18.67822663,165.35430000
18.67923143,165.35430000
18.68023623,173.22830000
18.68124103,165.35430000
18.68224583,173.22830000
18.68325063,169.29130000
18.68425543,173.22830000
18.68526023,169.29130000
18.68626503,169.29130000
18.68726983,169.29130000
18.68827463,165.35430000
18.68927943,169.29130000
18.69028423,169.29130000
18.69128903,161.41730000
18.69229383,165.35430000
18.69329863,165.35430000
18.69430343,169.29130000
18.69530823,169.29130000
18.69631303,169.29130000
18.69731783,165.35430000
18.69832263,173.22830000
18.69932743,169.29130000
18.70033223,165.35430000
18.70133703,165.35430000
18.70234183,165.35430000
18.70334663,165.35430000
18.70435143,165.35430000
18.70535623,169.29130000
18.70636103,169.29130000
18.70736583,161.41730000
18.70837063,169.29130000
18.70937543,161.41730000
18.71038023,169.29130000
18.71138503,165.35430000
18.71238983,165.35430000
18.71339463,165.35430000
18.71439943,161.41730000
18.71540423,157.48030000
18.71640903,165.35430000
18.71741383,173.22830000
18.71841863,169.29130000
18.71942343,169.29130000
18.72042823,169.29130000
18.72143303,169.29130000
18.72243783,165.35430000
18.72344263,165.35430000
18.72444743,161.41730000
18.72545223,169.29130000
18.72645703,165.35430000
18.72746183,165.35430000
18.72846663,169.29130000
18.72947143,165.35430000
18.73047623,161.41730000
18.73148103,173.22830000
18.73248583,165.35430000
18.73349063,161.41730000
18.73449543,161.41730000
18.73550023,169.29130000
18.73650503,165.35430000
18.73750983,165.35430000
18.73851463,169.29130000
18.73951943,165.35430000
18.74052423,161.41730000
18.74152903,165.35430000
18.74253383,165.35430000
18.74353863,165.35430000
18.74454343,169.29130000
18.74554823,165.35430000
18.74655303,161.41730000
18.74755783,165.35430000
18.74856263,165.35430000
18.74956743,165.35430000
18.75057223,169.29130000
18.75157703,169.29130000
18.75258183,161.41730000
18.75358663,161.41730000
18.75459143,165.35430000
18.75559623,157.48030000
18.75660103,161.41730000
18.75760583,165.35430000
18.75861063,169.29130000
18.75961543,169.29130000
18.76062023,173.22830000
18.76162503,165.35430000
18.76262983,169.29130000
18.76363463,169.29130000
18.76463943,165.35430000
18.76564423,165.35430000
18.76664903,161.41730000
18.76765383,165.35430000
18.76865863,165.35430000
18.76966343,165.35430000
18.77066823,169.29130000
18.77167303,161.41730000
18.77267783,161.41730000
18.77368263,161.41730000
18.77468743,161.41730000
18.77569223,161.41730000
18.77669703,165.35430000
18.77770183,161.41730000
18.77870663,165.35430000
18.77971143,161.41730000
18.78071623,165.35430000
18.78172103,161.41730000
18.78272583,165.35430000
18.78373063,157.48030000
18.78473543,165.35430000
18.78574023,165.35430000
18.78674503,165.35430000
18.78774983,165.35430000
18.78875463,161.41730000
18.78975943,161.41730000
18.79076423,161.41730000
18.79176903,173.22830000
18.79277383,157.48030000
18.79377863,161.41730000
18.79478343,161.41730000
18.79578823,165.35430000
18.79679303,161.41730000
18.79779783,165.35430000
18.79880263,165.35430000
18.79980743,165.35430000
18.80081223,169.29130000
18.80181703,165.35430000
18.80282183,165.35430000
18.80382663,157.48030000
18.80483143,161.41730000
18.80583623,161.41730000
18.80684103,165.35430000
18.80784583,169.29130000
18.80885063,169.29130000
18.80985543,165.35430000
18.81086023,169.29130000
18.81186503,165.35430000
18.81286983,161.41730000
18.81387463,161.41730000
18.81487943,161.41730000
18.81588423,161.41730000
18.81688903,157.48030000
18.81789383,165.35430000
18.81889863,165.35430000
18.81990343,165.35430000
18.82090823,161.41730000
18.82191303,165.35430000
18.82291783,165.35430000
18.82392263,161.41730000
18.82492743,161.41730000
18.82593223,161.41730000
18.82693703,161.41730000
18.82794183,165.35430000
18.82894663,165.35430000
18.82995143,153.54330000
18.83095623,157.48030000
18.83196103,161.41730000
18.83296583,161.41730000
18.83397063,157.48030000
18.83497543,161.41730000
18.83598023,165.35430000
18.83698503,161.41730000
18.83798983,165.35430000
18.83899463,165.35430000
18.83999943,165.35430000
18.84100423,173.22830000
18.84200903,161.41730000
18.84301383,165.35430000
18.84401863,165.35430000
18.84502343,161.41730000
18.84602823,161.41730000
18.84703303,165.35430000
18.84803783,161.41730000
18.84904263,161.41730000
18.85004743,165.35430000
18.85105223,165.35430000
18.85205703,165.35430000
18.85306183,161.41730000
18.85406663,161.41730000
18.85507143,157.48030000
18.85607623,161.41730000
18.85708103,161.41730000
18.85808583,157.48030000
18.85909063,161.41730000
18.86009543,157.48030000
18.86110023,161.41730000
18.86210503,161.41730000
18.86310983,161.41730000
18.86411463,161.41730000
18.86511943,157.48030000
18.86612423,165.35430000
18.86712903,161.41730000
18.86813383,161.41730000
18.86913863,149.60630000
18.87014343,149.60630000
18.87114823,149.60630000
18.87215303,169.29130000
18.87315783,157.48030000
18.87416263,157.48030000
18.87516743,161.41730000
18.87617223,165.35430000
18.87717703,161.41730000
18.87818183,161.41730000
18.87918663,161.41730000
18.88019143,161.41730000
18.88119623,161.41730000
18.88220103,157.48030000
18.88320583,157.48030000
18.88421063,165.35430000
18.88521543,157.48030000
18.88622023,153.54330000
18.88722503,157.48030000
18.88822983,153.54330000
18.88923463,153.54330000
18.89023943,157.48030000
18.89124423,153.54330000
18.89224903,153.54330000
18.89325383,161.41730000
18.89425863,161.41730000
18.89526343,157.48030000
18.89626823,153.54330000
18.89727303,157.48030000
18.89827783,157.48030000
18.89928263,161.41730000
18.90028743,161.41730000
18.90129223,157.48030000
18.90229703,145.66930000
18.90330183,157.48030000
18.90430663,149.60630000
18.90531143,157.48030000
18.90631623,161.41730000
18.90732103,157.48030000
18.90832583,157.48030000
18.90933063,157.48030000
18.91033543,157.48030000
18.91134023,149.60630000
18.91234503,149.60630000
18.91334982,153.54330000
18.91435462,149.60630000
18.91535942,161.41730000
18.91636422,157.48030000
18.91736902,157.48030000
18.91837382,153.54330000
18.91937862,157.48030000
18.92038342,153.54330000
18.92138822,157.48030000
18.92239302,153.54330000
18.92339782,157.48030000
18.92440262,153.54330000
18.92540742,157.48030000
18.92641222,157.48030000
18.92741702,157.48030000
18.92842182,153.54330000
18.92942662,157.48030000
18.93043142,153.54330000
18.93143622,153.54330000
18.93244102,149.60630000
18.93344582,153.54330000
18.93445062,153.54330000
18.93545542,153.54330000
18.93646022,153.54330000
18.93746502,153.54330000
18.93846982,157.48030000
18.93947462,157.48030000
18.94047942,153.54330000
18.94148422,153.54330000
18.94248902,149.60630000
18.94349382,153.54330000
18.94449862,149.60630000
18.94550342,153.54330000
18.94650822,149.60630000
18.94751302,161.41730000
18.94851782,149.60630000
18.94952262,145.66930000
18.95052742,149.60630000
18.95153222,145.66930000
18.95253702,153.54330000
18.95354182,149.60630000
18.95454662,153.54330000
18.95555142,157.48030000
18.95655622,153.54330000
18.95756102,157.48030000
18.95856582,153.54330000
18.95957062,153.54330000
18.96057542,157.48030000
18.96158022,153.54330000
18.96258502,149.60630000
18.96358982,153.54330000
18.96459462,149.60630000
18.96559942,141.73230000
18.96660422,137.79530000
18.96760902,145.66930000
18.96861382,145.66930000
18.96961862,165.35430000
18.97062342,153.54330000
18.97162822,149.60630000
18.97263302,145.66930000
18.97363782,149.60630000
18.97464262,149.60630000
18.97564742,149.60630000
18.97665222,149.60630000
18.97765702,149.60630000
18.97866182,153.54330000
18.97966662,153.54330000
18.98067142,149.60630000
18.98167622,153.54330000
18.98268102,149.60630000
18.98368582,149.60630000
18.98469062,149.60630000
18.98569542,137.79530000
18.98670022,149.60630000
18.98770502,145.66930000
18.98870982,149.60630000
18.98971462,145.66930000
18.99071942,145.66930000
18.99172422,149.60630000
18.99272902,145.66930000
18.99373382,149.60630000
18.99473862,149.60630000
18.99574342,149.60630000
18.99674822,149.60630000
18.99775302,145.66930000
18.99875782,149.60630000
18.99976262,145.66930000
19.00076742,145.66930000
19.00177222,145.66930000
19.00277702,149.60630000
19.00378182,145.66930000
19.00478662,145.66930000
19.00579142,145.66930000
19.00679622,145.66930000
19.00780102,149.60630000
19.00880582,145.66930000
19.00981062,149.60630000
19.01081542,149.60630000
19.01182022,145.66930000
19.01282502,149.60630000
19.01382982,141.73230000
19.01483462,149.60630000
19.01583942,137.79530000
19.01684422,141.73230000
19.01784902,137.79530000
19.01885382,141.73230000
19.01985862,145.66930000
19.02086342,145.66930000
19.02186822,145.66930000
19.02287302,145.66930000
19.02387782,137.79530000
19.02488262,145.66930000
19.02588742,137.79530000
19.02689222,137.79530000
19.02789702,145.66930000
19.02890182,137.79530000
19.02990662,141.73230000
19.03091142,145.66930000
19.03191622,145.66930000
19.03292102,141.73230000
19.03392582,145.66930000
19.03493062,145.66930000
19.03593542,141.73230000
19.03694022,141.73230000
19.03794502,149.60630000
19.03894982,141.73230000
19.03995462,141.73230000
19.04095942,141.73230000
19.04196422,141.73230000
19.04296902,141.73230000
19.04397382,137.79530000
19.04497862,141.73230000
19.04598342,145.66930000
19.04698822,145.66930000
19.04799302,137.79530000
19.04899782,137.79530000
19.05000262,141.73230000
19.05100742,141.73230000
19.05201222,137.79530000
19.05301702,141.73230000
19.05402182,141.73230000
19.05502662,137.79530000
19.05603142,141.73230000
19.05703622,137.79530000
19.05804102,137.79530000
19.05904582,137.79530000
19.06005062,141.73230000
19.06105542,133.85830000
19.06206022,133.85830000
19.06306502,137.79530000
19.06406982,114.17320000
19.06507462,125.98420000
19.06607942,133.85830000
19.06708422,137.79530000
19.06808902,133.85830000
19.06909382,133.85830000
19.07009862,137.79530000
19.07110342,141.73230000
19.07210822,137.79530000
19.07311302,137.79530000
19.07411782,133.85830000
19.07512262,137.79530000
19.07612742,137.79530000
19.07713222,133.85830000
19.07813702,137.79530000
19.07914182,133.85830000
19.08014662,133.85830000
19.08115142,137.79530000
19.08215622,129.92120000
19.08316102,133.85830000
19.08416582,133.85830000
19.08517062,137.79530000
19.08617542,133.85830000
19.08718022,137.79530000
19.08818502,137.79530000
19.08918982,137.79530000
19.09019462,129.92120000
19.09119942,133.85830000
19.09220422,133.85830000
19.09320902,125.98420000
19.09421382,141.73230000
19.09521862,133.85830000
19.09622342,137.79530000
19.09722822,125.98420000
19.09823302,129.92120000
19.09923782,129.92120000
19.10024262,133.85830000
19.10124742,129.92120000
19.10225222,133.85830000
19.10325702,118.11020000
19.10426182,125.98420000
19.10526662,122.04720000
19.10627142,129.92120000
19.10727622,125.98420000
19.10828102,129.92120000
19.10928582,133.85830000
19.11029062,129.92120000
19.11129542,129.92120000
19.11230022,129.92120000
19.11330502,125.98420000
19.11430982,129.92120000
19.11531462,129.92120000
19.11631942,129.92120000
19.11732422,125.98420000
19.11832902,125.98420000
19.11933382,125.98420000
19.12033862,125.98420000
19.12134342,125.98420000
19.12234822,125.98420000
19.12335302,125.98420000
19.12435782,125.98420000
19.12536262,125.98420000
19.12636742,122.04720000
19.12737222,129.92120000
19.12837702,122.04720000
19.12938182,122.04720000
19.13038662,118.11020000
19.13139142,122.04720000
19.13239622,122.04720000
19.13340102,122.04720000
19.13440582,125.98420000
19.13541062,122.04720000
19.13641542,122.04720000
19.13742022,129.92120000
19.13842502,118.11020000
19.13942982,129.92120000
19.14043462,122.04720000
19.14143942,118.11020000
19.14244422,118.11020000
19.14344902,122.04720000
19.14445382,114.17320000
19.14545862,118.11020000
19.14646342,118.11020000
19.14746822,122.04720000
19.14847302,118.11020000
19.14947782,125.98420000
19.15048262,125.98420000
19.15148742,122.04720000
19.15249222,125.98420000
19.15349702,129.92120000
19.15450182,122.04720000
19.15550662,125.98420000
19.15651142,122.04720000
19.15751622,122.04720000
19.15852102,122.04720000
19.15952582,122.04720000
19.16053062,122.04720000
19.16153542,118.11020000
19.16254022,118.11020000
19.16354502,114.17320000
19.16454982,122.04720000
19.16555462,122.04720000
19.16655942,122.04720000
19.16756422,118.11020000
19.16856902,122.04720000
19.16957382,118.11020000
19.17057862,114.17320000
19.17158342,122.04720000
19.17258822,125.98420000
19.17359302,118.11020000
19.17459782,122.04720000
19.17560262,122.04720000
19.17660742,118.11020000
19.17761222,114.17320000
19.17861702,118.11020000
19.17962182,114.17320000
19.18062662,114.17320000
19.18163142,114.17320000
19.18263622,114.17320000
19.18364102,110.23620000
19.18464582,114.17320000
19.18565062,118.11020000
19.18665542,118.11020000
19.18766022,118.11020000
19.18866502,118.11020000
19.18966982,118.11020000
19.19067462,122.04720000
19.19167942,118.11020000
19.19268422,114.17320000
19.19368902,122.04720000
19.19469382,106.29920000
19.19569862,114.17320000
19.19670342,122.04720000
19.19770822,110.23620000
19.19871302,118.11020000
19.19971782,118.11020000
19.20072262,114.17320000
19.20172742,114.17320000
19.20273222,118.11020000
19.20373702,118.11020000
19.20474182,122.04720000
19.20574662,122.04720000
19.20675142,118.11020000
19.20775622,114.17320000
19.20876102,114.17320000
19.20976582,118.11020000
19.21077062,110.23620000
19.21177542,110.23620000
19.21278022,114.17320000
19.21378502,118.11020000
19.21478982,118.11020000
19.21579462,118.11020000
19.21679942,118.11020000
19.21780422,122.04720000
19.21880902,118.11020000
19.21981382,118.11020000
19.22081862,114.17320000
19.22182342,118.11020000
19.22282822,110.23620000
19.22383302,118.11020000
19.22483782,118.11020000
19.22584262,122.04720000
19.22684742,118.11020000
19.22785222,118.11020000
19.22885702,118.11020000
19.22986182,125.98420000
19.23086662,118.11020000
19.23187142,122.04720000
19.23287622,122.04720000
19.23388102,118.11020000
19.23488582,118.11020000
19.23589062,122.04720000
19.23689542,118.11020000
19.23790022,122.04720000
19.23890502,122.04720000
19.23990982,118.11020000
19.24091462,106.29920000
19.24191941,110.23620000
19.24292421,102.36220000
19.24392901,102.36220000
19.24493381,110.23620000
19.24593861,106.29920000
19.24694341,102.36220000
19.24794821,106.29920000
19.24895301,110.23620000
19.24995781,110.23620000
19.25096261,102.36220000
19.25196741,106.29920000
19.25297221,102.36220000
19.25397701,94.48818000
19.25498181,106.29920000
19.25598661,98.42519000
19.25699141,94.48818000
19.25799621,98.42519000
19.25900101,90.55118000
19.26000581,86.61417000
19.26101061,90.55118000
19.26201541,94.48818000
19.26302021,94.48818000
19.26402501,94.48818000
19.26502981,98.42519000
19.26603461,94.48818000
19.26703941,98.42519000
19.26804421,98.42519000
19.26904901,102.36220000
19.27005381,98.42519000
19.27105861,98.42519000
19.27206341,102.36220000
19.27306821,102.36220000
19.27407301,102.36220000
19.27507781,94.48818000
19.27608261,102.36220000
19.27708741,102.36220000
19.27809221,102.36220000
19.27909701,106.29920000
19.28010181,106.29920000
19.28110661,106.29920000
19.28211141,102.36220000
19.28311621,110.23620000
19.28412101,110.23620000
19.28512581,106.29920000
19.28613061,106.29920000
19.28713541,110.23620000
19.28814021,110.23620000
19.28914501,106.29920000
19.29014981,110.23620000
19.29115461,110.23620000
19.29215941,106.29920000
19.29316421,106.29920000
19.29416901,106.29920000
19.29517381,106.29920000
19.29617861,110.23620000
19.29718341,106.29920000
19.29818821,102.36220000
19.29919301,118.11020000
19.30019781,98.42519000
19.30120261,98.42519000
19.30220741,102.36220000
19.30321221,94.48818000
19.30421701,98.42519000
19.30522181,102.36220000
19.30622661,102.36220000
19.30723141,98.42519000
19.30823621,102.36220000
19.30924101,98.42519000
19.31024581,98.42519000
19.31125061,98.42519000
19.31225541,98.42519000
19.31326021,102.36220000
19.31426501,98.42519000
19.31526981,94.48818000
19.31627461,102.36220000
19.31727941,98.42519000
19.31828421,98.42519000
19.31928901,98.42519000
19.32029381,102.36220000
19.32129861,102.36220000
19.32230341,102.36220000
19.32330821,94.48818000
19.32431301,98.42519000
19.32531781,94.48818000
19.32632261,94.48818000
19.32732741,98.42519000
19.32833221,102.36220000
19.32933701,98.42519000
19.33034181,94.48818000
19.33134661,98.42519000
19.33235141,98.42519000
19.33335621,102.36220000
19.33436101,102.36220000
19.33536581,98.42519000
19.33637061,102.36220000
19.33737541,102.36220000
19.33838021,102.36220000
19.33938501,94.48818000
19.34038981,90.55118000
19.34139461,90.55118000
19.34239941,94.48818000
19.34340421,90.55118000
19.34440901,102.36220000
19.34541381,98.42519000
19.34641861,102.36220000
19.34742341,102.36220000
19.34842821,98.42519000
19.34943301,98.42519000
19.35043781,102.36220000
19.35144261,98.42519000
19.35244741,98.42519000
19.35345221,98.42519000
19.35445701,98.42519000
19.35546181,98.42519000
19.35646661,98.42519000
19.35747141,94.48818000
19.35847621,94.48818000
19.35948101,98.42519000
19.36048581,94.48818000
19.36149061,90.55118000
19.36249541,94.48818000
19.36350021,102.36220000
19.36450501,98.42519000
19.36550981,94.48818000
19.36651461,94.48818000
19.36751941,102.36220000
19.36852421,98.42519000
19.36952901,98.42519000
19.37053381,98.42519000
19.37153861,98.42519000
19.37254341,82.67715000
19.37354821,94.48818000
19.37455301,94.48818000
19.37555781,110.23620000
19.37656261,98.42519000
19.37756741,98.42519000
19.37857221,86.61417000
19.37957701,90.55118000
19.38058181,90.55118000
19.38158661,86.61417000
19.38259141,94.48818000
19.38359621,94.48818000
19.38460101,94.48818000
19.38560581,94.48818000
19.38661061,94.48818000
19.38761541,94.48818000
19.38862021,94.48818000
19.38962501,86.61417000
19.39062981,94.48818000
19.39163461,90.55118000
19.39263941,94.48818000
19.39364421,94.48818000
19.39464901,94.48818000
19.39565381,94.48818000
19.39665861,90.55118000
19.39766341,86.61417000
19.39866821,86.61417000
19.39967301,94.48818000
19.40067781,90.55118000
19.40168261,90.55118000
19.40268741,90.55118000
19.40369221,94.48818000
19.40469701,86.61417000
19.40570181,86.61417000
19.40670661,90.55118000
19.40771141,86.61417000
19.40871621,94.48818000
19.40972101,90.55118000
19.41072581,86.61417000
19.41173061,86.61417000
19.41273541,86.61417000
19.41374021,90.55118000
19.41474501,86.61417000
19.41574981,94.48818000
19.41675461,94.48818000
19.41775941,86.61417000
19.41876421,86.61417000
19.41976901,90.55118000
19.42077381,86.61417000
19.42177861,82.67715000
19.42278341,90.55118000
19.42378821,86.61417000
19.42479301,94.48818000
19.42579781,94.48818000
19.42680261,94.48818000
19.42780741,90.55118000
19.42881221,98.42519000
19.42981701,90.55118000
19.43082181,90.55118000
19.43182661,94.48818000
19.43283141,94.48818000
19.43383621,86.61417000
19.43484101,90.55118000
19.43584581,90.55118000
19.43685061,86.61417000
19.43785541,82.67715000
19.43886021,90.55118000
19.43986501,82.67715000
19.44086981,82.67715000
19.44187461,90.55118000
19.44287941,90.55118000
19.44388421,90.55118000
19.44488901,90.55118000
19.44589381,90.55118000
19.44689861,90.55118000
19.44790341,90.55118000
19.44890821,90.55118000
19.44991301,86.61417000
19.45091781,86.61417000
19.45192261,82.67715000
19.45292741,82.67715000
19.45393221,86.61417000
19.45493701,82.67715000
19.45594181,86.61417000
19.45694661,78.74015000
19.45795141,78.74015000
19.45895621,78.74015000
19.45996101,82.67715000
19.46096581,82.67715000
19.46197061,86.61417000
19.46297541,90.55118000
19.46398021,90.55118000
19.46498501,90.55118000
19.46598981,90.55118000
19.46699461,90.55118000
19.46799941,90.55118000
19.46900421,94.48818000
19.47000901,78.74015000
19.47101381,86.61417000
19.47201861,86.61417000
19.47302341,102.36220000
19.47402821,86.61417000
19.47503301,86.61417000
19.47603781,86.61417000
19.47704261,90.55118000
19.47804741,82.67715000
19.47905221,82.67715000
19.48005701,86.61417000
19.48106181,82.67715000
19.48206661,82.67715000
19.48307141,90.55118000
19.48407621,90.55118000
19.48508101,82.67715000
19.48608581,78.74015000
19.48709061,78.74015000
19.48809541,82.67715000
19.48910021,86.61417000
19.49010501,86.61417000
19.49110981,90.55118000
19.49211461,86.61417000
19.49311941,86.61417000
19.49412421,82.67715000
19.49512901,86.61417000
19.49613381,86.61417000
19.49713861,82.67715000
19.49814341,74.80315000
19.49914821,78.74015000
19.50015301,78.74015000
19.50115781,82.67715000
19.50216261,82.67715000
19.50316741,82.67715000
19.50417221,82.67715000
19.50517701,82.67715000
19.50618181,86.61417000
19.50718661,86.61417000
19.50819141,86.61417000
19.50919621,90.55118000
19.51020101,82.67715000
19.51120581,86.61417000
19.51221061,86.61417000
19.51321541,82.67715000
19.51422021,82.67715000
19.51522501,86.61417000
19.51622981,82.67715000
19.51723461,86.61417000
19.51823941,86.61417000
19.51924421,78.74015000
19.52024901,78.74015000
19.52125381,82.67715000
19.52225861,86.61417000
19.52326341,82.67715000
19.52426821,86.61417000
19.52527301,86.61417000
19.52627781,82.67715000
19.52728261,86.61417000
19.52828741,86.61417000
19.52929221,86.61417000
19.53029701,86.61417000
19.53130181,86.61417000
19.53230661,82.67715000
19.53331141,86.61417000
19.53431621,86.61417000
19.53532101,82.67715000
19.53632581,70.86613000
19.53733061,78.74015000
19.53833541,70.86613000
19.53934021,82.67715000
19.54034501,78.74015000
19.54134981,78.74015000
19.54235461,82.67715000
19.54335941,86.61417000
19.54436421,90.55118000
19.54536901,86.61417000
19.54637381,86.61417000
19.54737861,86.61417000
19.54838341,82.67715000
19.54938821,82.67715000
19.55039301,86.61417000
19.55139781,78.74015000
19.55240261,78.74015000
19.55340741,78.74015000
19.55441221,82.67715000
19.55541701,82.67715000
19.55642181,86.61417000
19.55742661,78.74015000
19.55843141,82.67715000
19.55943621,82.67715000
19.56044101,78.74015000
19.56144581,82.67715000
19.56245061,82.67715000
19.56345541,78.74015000
19.56446021,86.61417000
19.56546501,82.67715000
19.56646981,82.67715000
19.56747461,74.80315000
19.56847941,78.74015000
19.56948421,82.67715000
19.57048900,90.55118000
19.57149380,82.67715000
19.57249860,82.67715000
19.57350340,82.67715000
19.57450820,82.67715000
19.57551300,66.92913000
19.57651780,70.86613000
19.57752260,78.74015000
19.57852740,78.74015000
19.57953220,78.74015000
19.58053700,78.74015000
19.58154180,78.74015000
19.58254660,86.61417000
19.58355140,82.67715000
19.58455620,78.74015000
19.58556100,78.74015000
19.58656580,78.74015000
19.58757060,82.67715000
19.58857540,82.67715000
19.58958020,78.74015000
19.59058500,78.74015000
19.59158980,78.74015000
19.59259460,86.61417000
19.59359940,74.80315000
19.59460420,82.67715000
19.59560900,78.74015000
19.59661380,74.80315000
19.59761860,78.74015000
19.59862340,74.80315000
19.59962820,78.74015000
19.60063300,70.86613000
19.60163780,74.80315000
19.60264260,70.86613000
19.60364740,78.74015000
19.60465220,74.80315000
19.60565700,74.80315000
19.60666180,74.80315000
19.60766660,70.86613000
19.60867140,70.86613000
19.60967620,74.80315000
19.61068100,70.86613000
19.61168580,66.92913000
19.61269060,74.80315000
19.61369540,70.86613000
19.61470020,70.86613000
19.61570500,86.61417000
19.61670980,62.99212000
19.61771460,62.99212000
19.61871940,62.99212000
19.61972420,74.80315000
19.62072900,74.80315000
19.62173380,70.86613000
19.62273860,74.80315000
19.62374340,70.86613000
19.62474820,74.80315000
19.62575300,74.80315000
19.62675780,66.92913000
19.62776260,70.86613000
19.62876740,70.86613000
19.62977220,70.86613000
19.63077700,74.80315000
19.63178180,70.86613000
19.63278660,70.86613000
19.63379140,70.86613000
19.63479620,66.92913000
19.63580100,66.92913000
19.63680580,78.74015000
19.63781060,74.80315000
19.63881540,66.92913000
19.63982020,70.86613000
19.64082500,70.86613000
19.64182980,66.92913000
19.64283460,62.99212000
19.64383940,70.86613000
19.64484420,70.86613000
19.64584900,78.74015000
19.64685380,66.92913000
19.64785860,66.92913000
19.64886340,70.86613000
19.64986820,66.92913000
19.65087300,62.99212000
19.65187780,74.80315000
19.65288260,66.92913000
19.65388740,66.92913000
19.65489220,70.86613000
19.65589700,62.99212000
19.65690180,62.99212000
19.65790660,62.99212000
19.65891140,62.99212000
19.65991620,66.92913000
19.66092100,62.99212000
19.66192580,70.86613000
19.66293060,66.92913000
19.66393540,70.86613000
19.66494020,66.92913000
19.66594500,62.99212000
19.66694980,62.99212000
19.66795460,70.86613000
19.66895940,66.92913000
19.66996420,62.99212000
19.67096900,66.92913000
19.67197380,62.99212000
19.67297860,62.99212000
19.67398340,66.92913000
19.67498820,66.92913000
19.67599300,62.99212000
19.67699780,66.92913000
19.67800260,62.99212000
19.67900740,66.92913000
19.68001220,62.99212000
19.68101700,59.05511000
19.68202180,59.05511000
19.68302660,66.92913000
19.68403140,66.92913000
19.68503620,70.86613000
19.68604100,66.92913000
19.68704580,66.92913000
19.68805060,66.92913000
19.68905540,62.99212000
19.69006020,62.99212000
19.69106500,62.99212000
19.69206980,66.92913000
19.69307460,62.99212000
19.69407940,62.99212000
19.69508420,62.99212000
19.69608900,59.05511000
19.69709380,55.11811000
19.69809860,62.99212000
19.69910340,59.05511000
19.70010820,62.99212000
19.70111300,66.92913000
19.70211780,62.99212000
19.70312260,66.92913000
19.70412740,66.92913000
19.70513220,70.86613000
19.70613700,66.92913000
19.70714180,66.92913000
19.70814660,66.92913000
19.70915140,62.99212000
19.71015620,66.92913000
19.71116100,62.99212000
19.71216580,62.99212000
19.71317060,59.05511000
19.71417540,59.05511000
19.71518020,62.99212000
19.71618500,59.05511000
19.71718980,66.92913000
19.71819460,62.99212000
19.71919940,66.92913000
19.72020420,62.99212000
19.72120900,62.99212000
19.72221380,66.92913000
19.72321860,66.92913000
19.72422340,66.92913000
19.72522820,66.92913000
19.72623300,62.99212000
19.72723780,62.99212000
19.72824260,66.92913000
19.72924740,66.92913000
19.73025220,62.99212000
19.73125700,59.05511000
19.73226180,55.11811000
19.73326660,66.92913000
19.73427140,59.05511000
19.73527620,62.99212000
19.73628100,55.11811000
19.73728580,59.05511000
19.73829060,59.05511000
19.73929540,59.05511000
19.74030020,62.99212000
19.74130500,62.99212000
19.74230980,59.05511000
19.74331460,62.99212000
19.74431940,62.99212000
19.74532420,62.99212000
19.74632900,59.05511000
19.74733380,59.05511000
19.74833860,59.05511000
19.74934340,59.05511000
19.75034820,62.99212000
19.75135300,59.05511000
19.75235780,59.05511000
19.75336260,62.99212000
19.75436740,62.99212000
19.75537220,59.05511000
19.75637700,55.11811000
19.75738180,59.05511000
19.75838660,62.99212000
19.75939140,62.99212000
19.76039620,62.99212000
19.76140100,62.99212000
19.76240580,55.11811000
19.76341060,55.11811000
19.76441540,55.11811000
19.76542020,62.99212000
19.76642500,59.05511000
19.76742980,59.05511000
19.76843460,55.11811000
19.76943940,55.11811000
19.77044420,59.05511000
19.77144900,66.92913000
19.77245380,59.05511000
19.77345860,59.05511000
19.77446340,62.99212000
19.77546820,51.18110000
19.77647300,55.11811000
19.77747780,51.18110000
19.77848260,43.30709000
19.77948740,51.18110000
19.78049220,55.11811000
19.78149700,74.80315000
19.78250180,62.99212000
19.78350660,51.18110000
19.78451140,59.05511000
19.78551620,59.05511000
19.78652100,55.11811000
19.78752580,55.11811000
19.78853060,55.11811000
19.78953540,55.11811000
19.79054020,55.11811000
19.79154500,51.18110000
19.79254980,55.11811000
19.79355460,55.11811000
19.79455940,59.05511000
19.79556420,51.18110000
19.79656900,51.18110000
19.79757380,55.11811000
19.79857860,51.18110000
19.79958340,55.11811000
19.80058820,55.11811000
19.80159300,62.99212000
19.80259780,55.11811000
19.80360260,55.11811000
19.80460740,55.11811000
19.80561220,59.05511000
19.80661700,59.05511000
19.80762180,59.05511000
19.80862660,55.11811000
19.80963140,51.18110000
19.81063620,62.99212000
19.81164100,55.11811000
19.81264580,51.18110000
19.81365060,59.05511000
19.81465540,51.18110000
19.81566020,51.18110000
19.81666500,55.11811000
19.81766980,51.18110000
19.81867460,59.05511000
19.81967940,55.11811000
19.82068420,59.05511000
19.82168900,55.11811000
19.82269380,55.11811000
19.82369860,55.11811000
19.82470340,51.18110000
19.82570820,51.18110000
19.82671300,55.11811000
19.82771780,51.18110000
19.82872260,47.24409000
19.82972740,51.18110000
19.83073220,51.18110000
19.83173700,59.05511000
19.83274180,51.18110000
19.83374660,55.11811000
19.83475140,51.18110000
19.83575620,55.11811000
19.83676100,59.05511000
19.83776580,47.24409000
19.83877060,55.11811000
19.83977540,55.11811000
19.84078020,55.11811000
19.84178500,55.11811000
19.84278980,55.11811000
19.84379460,47.24409000
19.84479940,51.18110000
19.84580420,51.18110000
19.84680900,55.11811000
19.84781380,55.11811000
19.84881860,55.11811000
19.84982340,55.11811000
19.85082820,51.18110000
19.85183300,55.11811000
19.85283780,51.18110000
19.85384260,43.30709000
19.85484740,51.18110000
19.85585220,51.18110000
19.85685700,51.18110000
19.85786180,55.11811000
19.85886660,55.11811000
19.85987140,51.18110000
19.86087620,55.11811000
19.86188100,47.24409000
19.86288580,55.11811000
19.86389060,51.18110000
19.86489540,55.11811000
19.86590020,47.24409000
19.86690500,51.18110000
19.86790980,51.18110000
19.86891460,51.18110000
19.86991940,47.24409000
19.87092420,51.18110000
19.87192900,51.18110000
19.87293380,47.24409000
19.87393860,51.18110000
19.87494340,51.18110000
19.87594820,35.43307000
19.87695300,47.24409000
19.87795780,43.30709000
19.87896260,62.99212000
19.87996740,47.24409000
19.88097220,51.18110000
19.88197700,51.18110000
19.88298180,51.18110000
19.88398660,51.18110000
19.88499140,43.30709000
19.88599620,51.18110000
19.88700100,47.24409000
19.88800580,51.18110000
19.88901060,47.24409000
19.89001540,51.18110000
19.89102020,43.30709000
19.89202500,39.37008000
19.89302980,39.37008000
19.89403460,43.30709000
19.89503940,47.24409000
19.89604420,51.18110000
19.89704900,47.24409000
19.89805380,51.18110000
19.89905860,51.18110000
19.90006339,47.24409000
19.90106819,51.18110000
19.90207299,51.18110000
19.90307779,51.18110000
19.90408259,51.18110000
19.90508739,51.18110000
19.90609219,51.18110000
19.90709699,51.18110000
19.90810179,51.18110000
19.90910659,51.18110000
19.91011139,43.30709000
19.91111619,43.30709000
19.91212099,47.24409000
19.91312579,51.18110000
19.91413059,43.30709000
19.91513539,47.24409000
19.91614019,47.24409000
19.91714499,43.30709000
19.91814979,51.18110000
19.91915459,47.24409000
19.92015939,51.18110000
19.92116419,47.24409000
19.92216899,43.30709000
19.92317379,47.24409000
19.92417859,47.24409000
19.92518339,43.30709000
19.92618819,47.24409000
19.92719299,43.30709000
19.92819779,47.24409000
19.92920259,47.24409000
19.93020739,43.30709000
19.93121219,43.30709000
19.93221699,39.37008000
19.93322179,43.30709000
19.93422659,47.24409000
19.93523139,47.24409000
19.93623619,47.24409000
19.93724099,47.24409000
19.93824579,51.18110000
19.93925059,47.24409000
19.94025539,47.24409000
19.94126019,47.24409000
19.94226499,43.30709000
19.94326979,43.30709000
19.94427459,47.24409000
19.94527939,47.24409000
19.94628419,47.24409000
19.94728899,47.24409000
19.94829379,43.30709000
19.94929859,47.24409000
19.95030339,43.30709000
19.95130819,51.18110000
19.95231299,47.24409000
19.95331779,43.30709000
19.95432259,47.24409000
19.95532739,47.24409000
19.95633219,43.30709000
19.95733699,39.37008000
19.95834179,43.30709000
19.95934659,47.24409000
19.96035139,43.30709000
19.96135619,39.37008000
19.96236099,43.30709000
19.96336579,43.30709000
19.96437059,43.30709000
19.96537539,43.30709000
19.96638019,43.30709000
19.96738499,47.24409000
19.96838979,43.30709000
19.96939459,43.30709000
19.97039939,39.37008000
19.97140419,51.18110000
19.97240899,35.43307000
19.97341379,35.43307000
19.97441859,43.30709000
19.97542339,35.43307000
19.97642819,55.11811000
19.97743299,43.30709000
19.97843779,43.30709000
19.97944259,51.18110000
19.98044739,43.30709000
19.98145219,47.24409000
19.98245699,51.18110000
19.98346179,43.30709000
19.98446659,47.24409000
19.98547139,47.24409000
19.98647619,43.30709000
19.98748099,43.30709000
19.98848579,47.24409000
19.98949059,43.30709000
19.99049539,39.37008000
19.99150019,39.37008000
19.99250499,43.30709000
19.99350979,47.24409000
19.99451459,43.30709000
19.99551939,39.37008000
19.99652419,43.30709000
19.99752899,39.37008000
19.99853379,39.37008000
19.99953859,43.30709000
20.00054339,43.30709000
20.00154819,39.37008000
20.00255299,43.30709000
20.00355779,39.37008000
20.00456259,39.37008000
20.00556739,39.37008000
20.00657219,39.37008000
20.00757699,43.30709000
20.00858179,39.37008000
20.00958659,43.30709000
20.01059139,35.43307000
20.01159619,43.30709000
20.01260099,27.55905000
20.01360579,31.49606000
20.01461059,39.37008000
20.01561539,39.37008000
20.01662019,39.37008000
20.01762499,39.37008000
20.01862979,43.30709000
20.01963459,43.30709000
20.02063939,43.30709000
20.02164419,39.37008000
20.02264899,39.37008000
20.02365379,39.37008000
20.02465859,43.30709000
20.02566339,39.37008000
20.02666819,43.30709000
20.02767299,43.30709000
20.02867779,39.37008000
20.02968259,39.37008000
20.03068739,43.30709000
20.03169219,43.30709000
20.03269699,43.30709000
20.03370179,39.37008000
20.03470659,43.30709000
20.03571139,43.30709000
20.03671619,39.37008000
20.03772099,39.37008000
20.03872579,47.24409000
20.03973059,43.30709000
20.04073539,39.37008000
20.04174019,43.30709000
20.04274499,43.30709000
20.04374979,43.30709000
20.04475459,39.37008000
20.04575939,39.37008000
20.04676419,39.37008000
20.04776899,47.24409000
20.04877379,35.43307000
20.04977859,43.30709000
20.05078339,35.43307000
20.05178819,31.49606000
20.05279299,39.37008000
20.05379779,35.43307000
20.05480259,35.43307000
20.05580739,35.43307000
20.05681219,35.43307000
20.05781699,43.30709000
20.05882179,47.24409000
20.05982659,43.30709000
20.06083139,43.30709000
20.06183619,39.37008000
20.06284099,43.30709000
20.06384579,43.30709000
20.06485059,39.37008000
20.06585539,39.37008000
20.06686019,39.37008000
20.06786499,43.30709000
20.06886979,39.37008000
20.06987459,43.30709000
20.07087939,35.43307000
20.07188419,35.43307000
20.07288899,35.43307000
20.07389379,39.37008000
20.07489859,39.37008000
20.07590339,35.43307000
20.07690819,35.43307000
20.07791299,39.37008000
20.07891779,35.43307000
20.07992259,35.43307000
20.08092739,43.30709000
20.08193219,39.37008000
20.08293699,39.37008000
20.08394179,43.30709000
20.08494659,43.30709000
20.08595139,39.37008000
20.08695619,35.43307000
20.08796099,35.43307000
20.08896579,35.43307000
20.08997059,39.37008000
20.09097539,39.37008000
20.09198019,23.62205000
20.09298499,35.43307000
20.09398979,39.37008000
20.09499459,35.43307000
20.09599939,43.30709000
20.09700419,35.43307000
20.09800899,43.30709000
20.09901379,43.30709000
20.10001859,39.37008000
20.10102339,43.30709000
20.10202819,39.37008000
20.10303299,39.37008000
20.10403779,35.43307000
20.10504259,39.37008000
20.10604739,39.37008000
20.10705219,39.37008000
20.10805699,39.37008000
20.10906179,35.43307000
20.11006659,31.49606000
20.11107139,35.43307000
20.11207619,35.43307000
20.11308099,35.43307000
20.11408579,35.43307000
20.11509059,35.43307000
20.11609539,35.43307000
20.11710019,35.43307000
20.11810499,39.37008000
20.11910979,39.37008000
20.12011459,31.49606000
20.12111939,35.43307000
20.12212419,35.43307000
20.12312899,39.37008000
20.12413379,31.49606000
20.12513859,39.37008000
20.12614339,35.43307000
20.12714819,35.43307000
20.12815299,35.43307000
20.12915779,35.43307000
20.13016259,39.37008000
20.13116739,35.43307000
20.13217219,31.49606000
20.13317699,27.55905000
20.13418179,27.55905000
20.13518659,31.49606000
20.13619139,27.55905000
20.13719619,35.43307000
20.13820099,35.43307000
20.13920579,39.37008000
20.14021059,43.30709000
20.14121539,39.37008000
20.14222019,47.24409000
20.14322499,39.37008000
20.14422979,39.37008000
20.14523459,39.37008000
20.14623939,35.43307000
20.14724419,39.37008000
20.14824899,35.43307000
20.14925379,39.37008000
20.15025859,31.49606000
20.15126339,39.37008000
20.15226819,31.49606000
20.15327299,31.49606000
20.15427779,35.43307000
20.15528259,39.37008000
20.15628739,31.49606000
20.15729219,35.43307000
20.15829699,39.37008000
20.15930179,27.55905000
20.16030659,35.43307000
20.16131139,35.43307000
20.16231619,31.49606000
20.16332099,35.43307000
20.16432579,35.43307000
20.16533059,39.37008000
20.16633539,35.43307000
20.16734019,35.43307000
20.16834499,31.49606000
20.16934979,31.49606000
20.17035459,35.43307000
20.17135939,39.37008000
20.17236419,31.49606000
20.17336899,31.49606000
20.17437379,31.49606000
20.17537859,35.43307000
20.17638339,31.49606000
20.17738819,35.43307000
20.17839299,35.43307000
20.17939779,35.43307000
20.18040259,43.30709000
20.18140739,35.43307000
20.18241219,35.43307000
20.18341699,39.37008000
20.18442179,31.49606000
20.18542659,31.49606000
20.18643139,39.37008000
20.18743619,35.43307000
20.18844099,35.43307000
20.18944579,31.49606000
20.19045059,39.37008000
20.19145539,31.49606000
20.19246019,39.37008000
20.19346499,35.43307000
20.19446979,35.43307000
20.19547459,31.49606000
20.19647939,35.43307000
20.19748419,35.43307000
20.19848899,35.43307000
20.19949379,35.43307000
20.20049859,31.49606000
20.20150339,27.55905000
20.20250819,31.49606000
20.20351299,31.49606000
20.20451779,31.49606000
20.20552259,35.43307000
20.20652739,35.43307000
20.20753219,35.43307000
20.20853699,35.43307000
20.20954179,35.43307000
20.21054659,31.49606000
20.21155139,35.43307000
20.21255619,27.55905000
20.21356099,31.49606000
20.21456579,31.49606000
20.21557059,35.43307000
20.21657539,35.43307000
20.21758019,31.49606000
20.21858499,31.49606000
20.21958979,31.49606000
20.22059459,39.37008000
20.22159939,39.37008000
20.22260419,35.43307000
20.22360899,35.43307000
20.22461379,35.43307000
20.22561859,31.49606000
20.22662339,31.49606000
20.22762819,31.49606000
20.22863298,35.43307000
20.22963778,35.43307000
20.23064258,23.62205000
20.23164738,35.43307000
20.23265218,27.55905000
20.23365698,31.49606000
20.23466178,27.55905000
20.23566658,35.43307000
20.23667138,23.62205000
20.23767618,31.49606000
20.23868098,35.43307000
20.23968578,35.43307000
20.24069058,35.43307000
20.24169538,31.49606000
20.24270018,39.37008000
20.24370498,27.55905000
20.24470978,31.49606000
20.24571458,35.43307000
20.24671938,31.49606000
20.24772418,31.49606000
20.24872898,35.43307000
20.24973378,23.62205000
20.25073858,31.49606000
20.25174338,27.55905000
20.25274818,27.55905000
20.25375298,23.62205000
20.25475778,23.62205000
20.25576258,23.62205000
20.25676738,31.49606000
20.25777218,31.49606000
20.25877698,27.55905000
20.25978178,35.43307000
20.26078658,35.43307000
20.26179138,27.55905000
20.26279618,31.49606000
20.26380098,35.43307000
20.26480578,27.55905000
20.26581058,27.55905000
20.26681538,27.55905000
20.26782018,23.62205000
20.26882498,31.49606000
20.26982978,31.49606000
20.27083458,27.55905000
20.27183938,31.49606000
20.27284418,27.55905000
20.27384898,35.43307000
20.27485378,27.55905000
20.27585858,31.49606000
20.27686338,31.49606000
20.27786818,23.62205000
20.27887298,27.55905000
20.27987778,27.55905000
20.28088258,31.49606000
20.28188738,19.68504000
20.28289218,27.55905000
20.28389698,27.55905000
20.28490178,47.24409000
20.28590658,31.49606000
20.28691138,27.55905000
20.28791618,27.55905000
20.28892098,31.49606000
20.28992578,27.55905000
20.29093058,23.62205000
20.29193538,19.68504000
20.29294018,23.62205000
20.29394498,23.62205000
20.29494978,19.68504000
20.29595458,31.49606000
20.29695938,27.55905000
20.29796418,31.49606000
20.29896898,31.49606000
20.29997378,27.55905000
20.30097858,27.55905000
20.30198338,35.43307000
20.30298818,27.55905000
20.30399298,31.49606000
20.30499778,27.55905000
20.30600258,35.43307000
20.30700738,31.49606000
20.30801218,31.49606000
20.30901698,35.43307000
20.31002178,27.55905000
20.31102658,27.55905000
20.31203138,31.49606000
20.31303618,27.55905000
20.31404098,31.49606000
20.31504578,27.55905000
20.31605058,23.62205000
20.31705538,23.62205000
20.31806018,27.55905000
20.31906498,23.62205000
20.32006978,27.55905000
20.32107458,31.49606000
20.32207938,27.55905000
20.32308418,31.49606000
20.32408898,31.49606000
20.32509378,27.55905000
20.32609858,27.55905000
20.32710338,35.43307000
20.32810818,23.62205000
20.32911298,27.55905000
20.33011778,31.49606000
20.33112258,23.62205000
20.33212738,15.74803000
20.33313218,27.55905000
20.33413698,23.62205000
20.33514178,27.55905000
20.33614658,31.49606000
20.33715138,31.49606000
20.33815618,31.49606000
20.33916098,31.49606000
20.34016578,31.49606000
20.34117058,27.55905000
20.34217538,27.55905000
20.34318018,31.49606000
20.34418498,31.49606000
20.34518978,27.55905000
20.34619458,27.55905000
20.34719938,27.55905000
20.34820418,23.62205000
20.34920898,27.55905000
20.35021378,31.49606000
20.35121858,27.55905000
20.35222338,23.62205000
20.35322818,27.55905000
20.35423298,27.55905000
20.35523778,23.62205000
20.35624258,27.55905000
20.35724738,31.49606000
20.35825218,27.55905000
20.35925698,31.49606000
20.36026178,31.49606000
20.36126658,27.55905000
20.36227138,31.49606000
20.36327618,31.49606000
20.36428098,27.55905000
20.36528578,23.62205000
20.36629058,35.43307000
20.36729538,27.55905000
20.36830018,27.55905000
20.36930498,31.49606000
20.37030978,31.49606000
20.37131458,27.55905000
20.37231938,19.68504000
20.37332418,23.62205000
20.37432898,15.74803000
20.37533378,19.68504000
20.37633858,23.62205000
20.37734338,27.55905000
20.37834818,27.55905000
20.37935298,19.68504000
20.38035778,23.62205000
20.38136258,27.55905000
20.38236738,31.49606000
20.38337218,35.43307000
20.38437698,27.55905000
20.38538178,27.55905000
20.38638658,23.62205000
20.38739138,27.55905000
20.38839618,27.55905000
20.38940098,31.49606000
20.39040578,27.55905000
20.39141058,23.62205000
20.39241538,27.55905000
20.39342018,27.55905000
20.39442498,23.62205000
20.39542978,27.55905000
20.39643458,23.62205000
20.39743938,23.62205000
20.39844418,23.62205000
20.39944898,23.62205000
20.40045378,23.62205000
20.40145858,27.55905000
20.40246338,19.68504000
20.40346818,23.62205000
20.40447298,27.55905000
20.40547778,27.55905000
20.40648258,23.62205000
20.40748738,27.55905000
20.40849218,27.55905000
20.40949698,23.62205000
20.41050178,23.62205000
20.41150658,27.55905000
20.41251138,15.74803000
20.41351618,15.74803000
20.41452098,23.62205000
20.41552578,19.68504000
20.41653058,27.55905000
20.41753538,23.62205000
20.41854018,31.49606000
20.41954498,23.62205000
20.42054978,27.55905000
20.42155458,23.62205000
20.42255938,27.55905000
20.42356418,27.55905000
20.42456898,27.55905000
20.42557378,27.55905000
20.42657858,27.55905000
20.42758338,23.62205000
20.42858818,23.62205000
20.42959298,23.62205000
20.43059778,19.68504000
20.43160258,23.62205000
20.43260738,23.62205000
20.43361218,31.49606000
20.43461698,23.62205000
20.43562178,23.62205000
20.43662658,27.55905000
20.43763138,23.62205000
20.43863618,23.62205000
20.43964098,19.68504000
20.44064578,23.62205000
20.44165058,27.55905000
20.44265538,23.62205000
20.44366018,27.55905000
20.44466498,23.62205000
20.44566978,19.68504000
20.44667458,23.62205000
20.44767938,23.62205000
20.44868418,23.62205000
20.44968898,23.62205000
20.45069378,27.55905000
20.45169858,27.55905000
20.45270338,23.62205000
20.45370818,27.55905000
20.45471298,19.68504000
20.45571778,23.62205000
20.45672258,27.55905000
20.45772738,23.62205000
20.45873218,23.62205000
20.45973698,27.55905000
20.46074178,23.62205000
20.46174658,23.62205000
20.46275138,23.62205000
20.46375618,27.55905000
20.46476098,23.62205000
20.46576578,23.62205000
20.46677058,27.55905000
20.46777538,23.62205000
20.46878018,19.68504000
20.46978498,23.62205000
20.47078978,19.68504000
20.47179458,27.55905000
20.47279938,23.62205000
20.47380418,27.55905000
20.47480898,23.62205000
20.47581378,23.62205000
20.47681858,19.68504000
20.47782338,19.68504000
20.47882818,23.62205000
20.47983298,23.62205000
20.48083778,23.62205000
20.48184258,19.68504000
20.48284738,19.68504000
20.48385218,23.62205000
20.48485698,23.62205000
20.48586178,23.62205000
20.48686658,23.62205000
20.48787138,27.55905000
20.48887618,23.62205000
20.48988098,27.55905000
20.49088578,23.62205000
20.49189058,23.62205000
20.49289538,19.68504000
20.49390018,19.68504000
20.49490498,15.74803000
20.49590978,23.62205000
20.49691458,27.55905000
20.49791938,27.55905000
20.49892418,27.55905000
20.49992898,27.55905000
20.50093378,31.49606000
20.50193858,31.49606000
20.50294338,23.62205000
20.50394818,23.62205000
20.50495298,27.55905000
20.50595778,23.62205000
20.50696258,19.68504000
20.50796738,23.62205000
20.50897218,19.68504000
20.50997698,19.68504000
20.51098178,11.81102000
20.51198658,19.68504000
20.51299138,23.62205000
20.51399618,23.62205000
20.51500098,15.74803000
20.51600578,23.62205000
20.51701058,19.68504000
20.51801538,19.68504000
20.51902018,27.55905000
20.52002498,19.68504000
20.52102978,23.62205000
20.52203458,23.62205000
20.52303938,19.68504000
20.52404418,19.68504000
20.52504898,19.68504000
20.52605378,19.68504000
20.52705858,19.68504000
20.52806338,19.68504000
20.52906818,23.62205000
20.53007298,23.62205000
20.53107778,23.62205000
20.53208258,19.68504000
20.53308738,15.74803000
20.53409218,23.62205000
20.53509698,15.74803000
20.53610178,19.68504000
20.53710658,27.55905000
20.53811138,31.49606000
20.53911618,27.55905000
20.54012098,23.62205000
20.54112578,19.68504000
20.54213058,23.62205000
20.54313538,19.68504000
20.54414018,23.62205000
20.54514498,23.62205000
20.54614978,19.68504000
20.54715458,23.62205000
20.54815938,15.74803000
20.54916418,19.68504000
20.55016898,23.62205000
20.55117378,19.68504000
20.55217858,23.62205000
20.55318338,19.68504000
20.55418818,19.68504000
20.55519298,19.68504000
20.55619778,19.68504000
20.55720257,23.62205000
20.55820737,19.68504000
20.55921217,19.68504000
20.56021697,15.74803000
20.56122177,11.81102000
20.56222657,27.55905000
20.56323137,19.68504000
20.56423617,23.62205000
20.56524097,23.62205000
20.56624577,19.68504000
20.56725057,19.68504000
20.56825537,23.62205000
20.56926017,23.62205000
20.57026497,15.74803000
20.57126977,19.68504000
20.57227457,19.68504000
20.57327937,19.68504000
20.57428417,11.81102000
20.57528897,15.74803000
20.57629377,15.74803000
20.57729857,27.55905000
20.57830337,19.68504000
20.57930817,23.62205000
20.58031297,23.62205000
20.58131777,27.55905000
20.58232257,15.74803000
20.58332737,19.68504000
20.58433217,23.62205000
20.58533697,19.68504000
20.58634177,19.68504000
20.58734657,23.62205000
20.58835137,19.68504000
20.58935617,19.68504000
20.59036097,15.74803000
20.59136577,15.74803000
20.59237057,15.74803000
20.59337537,31.49606000
20.59438017,19.68504000
20.59538497,19.68504000
20.59638977,19.68504000
20.59739457,19.68504000
20.59839937,19.68504000
20.59940417,23.62205000
20.60040897,23.62205000
20.60141377,27.55905000
20.60241857,19.68504000
20.60342337,27.55905000
20.60442817,15.74803000
20.60543297,23.62205000
20.60643777,23.62205000
20.60744257,15.74803000
20.60844737,19.68504000
20.60945217,15.74803000
20.61045697,23.62205000
20.61146177,15.74803000
20.61246657,19.68504000
20.61347137,11.81102000
20.61447617,15.74803000
20.61548097,19.68504000
20.61648577,15.74803000
20.61749057,19.68504000
20.61849537,19.68504000
20.61950017,15.74803000
20.62050497,27.55905000
20.62150977,15.74803000
20.62251457,23.62205000
20.62351937,15.74803000
20.62452417,15.74803000
20.62552897,19.68504000
20.62653377,19.68504000
20.62753857,19.68504000
20.62854337,19.68504000
20.62954817,23.62205000
20.63055297,23.62205000
20.63155777,19.68504000
20.63256257,19.68504000
20.63356737,19.68504000
20.63457217,19.68504000
20.63557697,19.68504000
20.63658177,15.74803000
20.63758657,19.68504000
20.63859137,23.62205000
20.63959617,19.68504000
20.64060097,15.74803000
20.64160577,19.68504000
20.64261057,23.62205000
20.64361537,19.68504000
20.64462017,19.68504000
20.64562497,19.68504000
20.64662977,19.68504000
20.64763457,19.68504000
20.64863937,15.74803000
20.64964417,23.62205000
20.65064897,19.68504000
20.65165377,23.62205000
20.65265857,19.68504000
20.65366337,23.62205000
20.65466817,11.81102000
20.65567297,19.68504000
20.65667777,11.81102000
20.65768257,15.74803000
20.65868737,23.62205000
20.65969217,23.62205000
20.66069697,19.68504000
20.66170177,23.62205000
20.66270657,19.68504000
20.66371137,19.68504000
20.66471617,15.74803000
20.66572097,15.74803000
20.66672577,19.68504000
20.66773057,19.68504000
20.66873537,19.68504000
20.66974017,15.74803000
20.67074497,19.68504000
20.67174977,15.74803000
20.67275457,11.81102000
20.67375937,11.81102000
20.67476417,19.68504000
20.67576897,19.68504000
20.67677377,15.74803000
20.67777857,19.68504000
20.67878337,19.68504000
20.67978817,19.68504000
20.68079297,19.68504000
20.68179777,23.62205000
20.68280257,15.74803000
20.68380737,15.74803000
20.68481217,19.68504000
20.68581697,15.74803000
20.68682177,19.68504000
20.68782657,11.81102000
20.68883137,15.74803000
20.68983617,15.74803000
20.69084097,35.43307000
20.69184577,19.68504000
20.69285057,7.87401500
20.69385537,7.87401500
20.69486017,7.87401500
20.69586497,7.87401500
20.69686977,19.68504000
20.69787457,15.74803000
20.69887937,19.68504000
20.69988417,19.68504000
20.70088897,19.68504000
20.70189377,23.62205000
20.70289857,19.68504000
20.70390337,19.68504000
20.70490817,15.74803000
20.70591297,15.74803000
20.70691777,15.74803000
20.70792257,15.74803000
20.70892737,19.68504000
20.70993217,19.68504000
20.71093697,19.68504000
20.71194177,15.74803000
20.71294657,19.68504000
20.71395137,19.68504000
20.71495617,19.68504000
20.71596097,19.68504000
20.71696577,19.68504000
20.71797057,19.68504000
20.71897537,23.62205000
20.71998017,15.74803000
20.72098497,11.81102000
20.72198977,19.68504000
20.72299457,15.74803000
20.72399937,15.74803000
20.72500417,15.74803000
20.72600897,15.74803000
20.72701377,15.74803000
20.72801857,15.74803000
20.72902337,15.74803000
20.73002817,19.68504000
20.73103297,19.68504000
20.73203777,3.93700800
20.73304257,7.87401500
20.73404737,7.87401500
20.73505217,15.74803000
20.73605697,11.81102000
20.73706177,11.81102000
20.73806657,7.87401500
20.73907137,15.74803000
20.74007617,15.74803000
20.74108097,23.62205000
20.74208577,15.74803000
20.74309057,23.62205000
20.74409537,19.68504000
20.74510017,15.74803000
20.74610497,15.74803000
20.74710977,19.68504000
20.74811457,15.74803000
20.74911937,15.74803000
20.75012417,11.81102000
20.75112897,19.68504000
20.75213377,15.74803000
20.75313857,19.68504000
20.75414337,11.81102000
20.75514817,11.81102000
20.75615297,15.74803000
20.75715777,15.74803000
20.75816257,15.74803000
20.75916737,15.74803000
20.76017217,15.74803000
20.76117697,15.74803000
20.76218177,11.81102000
20.76318657,15.74803000
20.76419137,15.74803000
20.76519617,15.74803000
20.76620097,15.74803000
20.76720577,19.68504000
20.76821057,15.74803000
20.76921537,19.68504000
20.77022017,7.87401500
20.77122497,15.74803000
20.77222977,15.74803000
20.77323457,7.87401500
20.77423937,15.74803000
20.77524417,11.81102000
20.77624897,11.81102000
20.77725377,11.81102000
20.77825857,19.68504000
20.77926337,19.68504000
20.78026817,19.68504000
20.78127297,19.68504000
20.78227777,15.74803000
20.78328257,19.68504000
20.78428737,19.68504000
20.78529217,0.00000000
20.78629697,19.68504000
20.78730177,11.81102000
20.78830657,15.74803000
20.78931137,11.81102000
20.79031617,19.68504000
20.79132097,15.74803000
20.79232577,19.68504000
20.79333057,15.74803000
20.79433537,19.68504000
20.79534017,19.68504000
20.79634497,19.68504000
20.79734977,11.81102000
20.79835457,15.74803000
20.79935937,19.68504000
20.80036417,15.74803000
20.80136897,15.74803000
20.80237377,11.81102000
20.80337857,15.74803000
20.80438337,11.81102000
20.80538817,11.81102000
20.80639297,15.74803000
20.80739777,11.81102000
20.80840257,19.68504000
20.80940737,15.74803000
20.81041217,11.81102000
20.81141697,15.74803000
20.81242177,15.74803000
20.81342657,7.87401500
20.81443137,11.81102000
20.81543617,11.81102000
20.81644097,7.87401500
20.81744577,3.93700800
20.81845057,11.81102000
20.81945537,11.81102000
20.82046017,11.81102000
20.82146497,19.68504000
20.82246977,15.74803000
20.82347457,15.74803000
20.82447937,19.68504000
20.82548417,19.68504000
20.82648897,19.68504000
20.82749377,19.68504000
20.82849857,19.68504000
20.82950337,19.68504000
20.83050817,11.81102000
20.83151297,23.62205000
20.83251777,15.74803000
20.83352257,15.74803000
20.83452737,11.81102000
20.83553217,11.81102000
20.83653697,7.87401500
20.83754177,15.74803000
20.83854657,15.74803000
20.83955137,15.74803000
20.84055617,15.74803000
20.84156097,19.68504000
20.84256577,19.68504000
20.84357057,15.74803000
20.84457537,15.74803000
20.84558017,15.74803000
20.84658497,15.74803000
20.84758977,11.81102000
20.84859457,15.74803000
20.84959937,15.74803000
20.85060417,11.81102000
20.85160897,7.87401500
20.85261377,15.74803000
20.85361857,11.81102000
20.85462337,7.87401500
20.85562817,11.81102000
20.85663297,7.87401500
20.85763777,7.87401500
20.85864257,11.81102000
20.85964737,11.81102000
20.86065217,11.81102000
20.86165697,19.68504000
20.86266177,11.81102000
20.86366657,15.74803000
20.86467137,15.74803000
20.86567617,15.74803000
20.86668097,11.81102000
20.86768577,11.81102000
20.86869057,11.81102000
20.86969537,11.81102000
20.87070017,15.74803000
20.87170497,15.74803000
20.87270977,15.74803000
20.87371457,15.74803000
20.87471937,15.74803000
20.87572417,11.81102000
20.87672897,15.74803000
20.87773377,15.74803000
20.87873857,19.68504000
20.87974337,15.74803000
20.88074817,19.68504000
20.88175297,19.68504000
20.88275777,7.87401500
20.88376257,11.81102000
20.88476737,11.81102000
20.88577217,11.81102000
20.88677696,19.68504000
20.88778176,11.81102000
20.88878656,15.74803000
20.88979136,11.81102000
20.89079616,15.74803000
20.89180096,11.81102000
20.89280576,11.81102000
20.89381056,11.81102000
20.89481536,7.87401500
20.89582016,7.87401500
20.89682496,7.87401500
20.89782976,11.81102000
20.89883456,11.81102000
20.89983936,11.81102000
20.90084416,11.81102000
20.90184896,15.74803000
20.90285376,19.68504000
20.90385856,15.74803000
20.90486336,11.81102000
20.90586816,19.68504000
20.90687296,19.68504000
20.90787776,15.74803000
20.90888256,15.74803000
20.90988736,15.74803000
20.91089216,19.68504000
20.91189696,15.74803000
20.91290176,15.74803000
20.91390656,11.81102000
20.91491136,11.81102000
20.91591616,11.81102000
20.91692096,7.87401500
20.91792576,7.87401500
20.91893056,15.74803000
20.91993536,11.81102000
20.92094016,11.81102000
20.92194496,11.81102000
20.92294976,15.74803000
20.92395456,11.81102000
20.92495936,11.81102000
20.92596416,11.81102000
20.92696896,11.81102000
20.92797376,19.68504000
20.92897856,11.81102000
20.92998336,11.81102000
20.93098816,11.81102000
20.93199296,7.87401500
20.93299776,11.81102000
20.93400256,15.74803000
20.93500736,19.68504000
20.93601216,7.87401500
20.93701696,3.93700800
20.93802176,11.81102000
20.93902656,11.81102000
20.94003136,7.87401500
20.94103616,19.68504000
20.94204096,15.74803000
20.94304576,11.81102000
20.94405056,7.87401500
20.94505536,15.74803000
20.94606016,19.68504000
20.94706496,19.68504000
20.94806976,11.81102000
20.94907456,11.81102000
20.95007936,7.87401500
20.95108416,15.74803000
20.95208896,11.81102000
20.95309376,11.81102000
20.95409856,15.74803000
20.95510336,15.74803000
20.95610816,11.81102000
20.95711296,11.81102000
20.95811776,15.74803000
20.95912256,19.68504000
20.96012736,15.74803000
20.96113216,11.81102000
20.96213696,15.74803000
20.96314176,15.74803000
20.96414656,11.81102000
20.96515136,7.87401500
20.96615616,7.87401500
20.96716096,11.81102000
20.96816576,15.74803000
20.96917056,15.74803000
20.97017536,19.68504000
20.97118016,11.81102000
20.97218496,11.81102000
20.97318976,11.81102000
20.97419456,11.81102000
20.97519936,11.81102000
20.97620416,11.81102000
20.97720896,7.87401500
20.97821376,0.00000000
20.97921856,15.74803000
20.98022336,7.87401500
20.98122816,15.74803000
20.98223296,11.81102000
20.98323776,19.68504000
20.98424256,11.81102000
20.98524736,19.68504000
20.98625216,19.68504000
20.98725696,15.74803000
20.98826176,15.74803000
20.98926656,15.74803000
20.99027136,11.81102000
20.99127616,15.74803000
20.99228096,15.74803000
20.99328576,11.81102000
20.99429056,11.81102000
20.99529536,11.81102000
20.99630016,11.81102000
20.99730496,7.87401500
20.99830976,11.81102000
20.99931456,11.81102000
21.00031936,11.81102000
21.00132416,15.74803000
21.00232896,11.81102000
21.00333376,7.87401500
21.00433856,11.81102000
21.00534336,11.81102000
21.00634816,11.81102000
21.00735296,11.81102000
21.00835776,11.81102000
21.00936256,7.87401500
21.01036736,7.87401500
21.01137216,15.74803000
21.01237696,11.81102000
21.01338176,11.81102000
21.01438656,11.81102000
21.01539136,7.87401500
21.01639616,19.68504000
21.01740096,11.81102000
21.01840576,3.93700800
21.01941056,15.74803000
21.02041536,11.81102000
21.02142016,15.74803000
21.02242496,15.74803000
21.02342976,11.81102000
21.02443456,15.74803000
21.02543936,15.74803000
21.02644416,15.74803000
21.02744896,11.81102000
21.02845376,11.81102000
21.02945856,11.81102000
21.03046336,11.81102000
21.03146816,11.81102000
21.03247296,11.81102000
21.03347776,15.74803000
21.03448256,11.81102000
21.03548736,7.87401500
21.03649216,11.81102000
21.03749696,11.81102000
21.03850176,7.87401500
21.03950656,15.74803000
21.04051136,15.74803000
21.04151616,7.87401500
21.04252096,15.74803000
21.04352576,11.81102000
21.04453056,11.81102000
21.04553536,11.81102000
21.04654016,11.81102000
21.04754496,11.81102000
21.04854976,11.81102000
21.04955456,15.74803000
21.05055936,15.74803000
21.05156416,11.81102000
21.05256896,11.81102000
21.05357376,11.81102000
21.05457856,11.81102000
21.05558336,11.81102000
21.05658816,15.74803000
21.05759296,3.93700800
21.05859776,3.93700800
21.05960256,7.87401500
21.06060736,7.87401500
21.06161216,11.81102000
21.06261696,11.81102000
21.06362176,11.81102000
21.06462656,11.81102000
21.06563136,15.74803000
21.06663616,11.81102000
21.06764096,15.74803000
21.06864576,11.81102000
21.06965056,15.74803000
21.07065536,15.74803000
21.07166016,11.81102000
21.07266496,15.74803000
21.07366976,11.81102000
21.07467456,15.74803000
21.07567936,11.81102000
21.07668416,11.81102000
21.07768896,11.81102000
21.07869376,11.81102000
21.07969856,7.87401500
21.08070336,15.74803000
21.08170816,11.81102000
21.08271296,15.74803000
21.08371776,7.87401500
21.08472256,11.81102000
21.08572736,15.74803000
21.08673216,11.81102000
21.08773696,11.81102000
21.08874176,15.74803000
21.08974656,11.81102000
21.09075136,7.87401500
21.09175616,11.81102000
21.09276096,11.81102000
21.09376576,7.87401500
21.09477056,11.81102000
21.09577536,3.93700800
21.09678016,23.62205000
21.09778496,11.81102000
21.09878976,-3.93700800
21.09979456,3.93700800
21.10079936,7.87401500
21.10180416,11.81102000
21.10280896,11.81102000
21.10381376,15.74803000
21.10481856,11.81102000
21.10582336,11.81102000
21.10682816,7.87401500
21.10783296,11.81102000
21.10883776,15.74803000
21.10984256,3.93700800
21.11084736,11.81102000
21.11185216,7.87401500
21.11285696,11.81102000
21.11386176,11.81102000
21.11486656,15.74803000
21.11587136,11.81102000
21.11687616,11.81102000
21.11788096,11.81102000
21.11888576,7.87401500
21.11989056,7.87401500
21.12089536,15.74803000
21.12190016,7.87401500
21.12290496,7.87401500
21.12390976,11.81102000
21.12491456,11.81102000
21.12591936,11.81102000
21.12692416,7.87401500
21.12792896,7.87401500
21.12893376,7.87401500
21.12993856,15.74803000
21.13094336,11.81102000
21.13194816,7.87401500
21.13295296,3.93700800
21.13395776,11.81102000
21.13496256,15.74803000
21.13596736,7.87401500
21.13697216,15.74803000
21.13797696,7.87401500
21.13898176,7.87401500
21.13998656,3.93700800
21.14099136,7.87401500
21.14199616,3.93700800
21.14300096,3.93700800
21.14400576,3.93700800
21.14501056,7.87401500
21.14601536,11.81102000
21.14702016,11.81102000
21.14802496,11.81102000
21.14902976,19.68504000
21.15003456,11.81102000
21.15103936,7.87401500
21.15204416,15.74803000
21.15304896,15.74803000
21.15405376,11.81102000
21.15505856,7.87401500
21.15606336,11.81102000
21.15706816,7.87401500
21.15807296,11.81102000
21.15907776,7.87401500
21.16008256,3.93700800
21.16108736,3.93700800
21.16209216,11.81102000
21.16309696,11.81102000
21.16410176,7.87401500
21.16510656,7.87401500
21.16611136,7.87401500
21.16711616,7.87401500
21.16812096,7.87401500
21.16912576,15.74803000
21.17013056,3.93700800
21.17113536,11.81102000
21.17214016,7.87401500
21.17314496,7.87401500
21.17414976,7.87401500
21.17515456,7.87401500
21.17615936,7.87401500
21.17716416,7.87401500
21.17816896,7.87401500
21.17917376,7.87401500
21.18017856,3.93700800
21.18118336,3.93700800
21.18218816,7.87401500
21.18319296,11.81102000
21.18419776,7.87401500
21.18520256,11.81102000
21.18620736,11.81102000
21.18721216,15.74803000
21.18821696,15.74803000
21.18922176,11.81102000
21.19022656,15.74803000
21.19123136,3.93700800
21.19223616,7.87401500
21.19324096,7.87401500
21.19424576,19.68504000
21.19525056,7.87401500
21.19625536,11.81102000
21.19726016,7.87401500
21.19826496,11.81102000
21.19926976,7.87401500
21.20027456,7.87401500
21.20127936,7.87401500
21.20228416,7.87401500
21.20328896,3.93700800
21.20429376,7.87401500
21.20529856,7.87401500
21.20630336,7.87401500
21.20730816,7.87401500
21.20831296,7.87401500
21.20931776,7.87401500
21.21032256,7.87401500
21.21132736,3.93700800
21.21233216,11.81102000
21.21333696,7.87401500
21.21434176,7.87401500
21.21534655,7.87401500
21.21635135,11.81102000
21.21735615,15.74803000
21.21836095,11.81102000
21.21936575,7.87401500
21.22037055,3.93700800
21.22137535,7.87401500
21.22238015,0.00000000
21.22338495,7.87401500
21.22438975,0.00000000
21.22539455,3.93700800
21.22639935,3.93700800
21.22740415,7.87401500
21.22840895,7.87401500
21.22941375,11.81102000
21.23041855,7.87401500
21.23142335,11.81102000
21.23242815,7.87401500
21.23343295,11.81102000
21.23443775,7.87401500
21.23544255,15.74803000
21.23644735,7.87401500
21.23745215,7.87401500
21.23845695,11.81102000
21.23946175,7.87401500
21.24046655,3.93700800
21.24147135,7.87401500
21.24247615,7.87401500
21.24348095,7.87401500
21.24448575,7.87401500
21.24549055,7.87401500
21.24649535,7.87401500
21.24750015,7.87401500
21.24850495,7.87401500
21.24950975,11.81102000
21.25051455,3.93700800
21.25151935,11.81102000
21.25252415,7.87401500
21.25352895,7.87401500
21.25453375,7.87401500
21.25553855,7.87401500
21.25654335,7.87401500
21.25754815,0.00000000
21.25855295,7.87401500
21.25955775,7.87401500
21.26056255,11.81102000
21.26156735,0.00000000
21.26257215,3.93700800
21.26357695,3.93700800
21.26458175,11.81102000
21.26558655,7.87401500
21.26659135,7.87401500
21.26759615,7.87401500
21.26860095,7.87401500
21.26960575,11.81102000
21.27061055,15.74803000
21.27161535,7.87401500
21.27262015,7.87401500
21.27362495,7.87401500
21.27462975,7.87401500
21.27563455,11.81102000
21.27663935,7.87401500
21.27764415,7.87401500
21.27864895,7.87401500
21.27965375,7.87401500
21.28065855,3.93700800
21.28166335,7.87401500
21.28266815,7.87401500
21.28367295,3.93700800
21.28467775,7.87401500
21.28568255,7.87401500
21.28668735,7.87401500
21.28769215,3.93700800
21.28869695,-7.87401500
21.28970175,11.81102000
21.29070655,0.00000000
21.29171135,11.81102000
21.29271615,7.87401500
21.29372095,7.87401500
21.29472575,7.87401500
21.29573055,7.87401500
21.29673535,7.87401500
21.29774015,3.93700800
21.29874495,7.87401500
21.29974975,7.87401500
21.30075455,7.87401500
21.30175935,0.00000000
21.30276415,-3.93700800
21.30376895,3.93700800
21.30477375,0.00000000
21.30577855,3.93700800
21.30678335,3.93700800
21.30778815,3.93700800
21.30879295,7.87401500
21.30979775,7.87401500
21.31080255,7.87401500
21.31180735,11.81102000
21.31281215,7.87401500
21.31381695,11.81102000
21.31482175,7.87401500
21.31582655,7.87401500
21.31683135,7.87401500
21.31783615,7.87401500
21.31884095,7.87401500
21.31984575,7.87401500
21.32085055,7.87401500
21.32185535,3.93700800
21.32286015,3.93700800
21.32386495,7.87401500
21.32486975,7.87401500
21.32587455,3.93700800
21.32687935,7.87401500
21.32788415,7.87401500
21.32888895,7.87401500
21.32989375,3.93700800
21.33089855,7.87401500
21.33190335,7.87401500
21.33290815,7.87401500
21.33391295,3.93700800
21.33491775,7.87401500
21.33592255,7.87401500
21.33692735,3.93700800
21.33793215,3.93700800
21.33893695,7.87401500
21.33994175,7.87401500
21.34094655,3.93700800
21.34195135,7.87401500
21.34295615,3.93700800
21.34396095,3.93700800
21.34496575,3.93700800
21.34597055,0.00000000
21.34697535,3.93700800
21.34798015,7.87401500
21.34898495,7.87401500
21.34998975,7.87401500
21.35099455,7.87401500
21.35199935,7.87401500
21.35300415,7.87401500
21.35400895,3.93700800
21.35501375,3.93700800
21.35601855,3.93700800
21.35702335,7.87401500
21.35802815,7.87401500
21.35903295,11.81102000
21.36003775,3.93700800
21.36104255,3.93700800
21.36204735,3.93700800
21.36305215,7.87401500
21.36405695,3.93700800
21.36506175,7.87401500
21.36606655,11.81102000
21.36707135,3.93700800
21.36807615,7.87401500
21.36908095,7.87401500
21.37008575,7.87401500
21.37109055,3.93700800
21.37209535,3.93700800
21.37310015,7.87401500
21.37410495,3.93700800
21.37510975,0.00000000
21.37611455,3.93700800
21.37711935,7.87401500
21.37812415,7.87401500
21.37912895,3.93700800
21.38013375,3.93700800
21.38113855,3.93700800
21.38214335,7.87401500
21.38314815,0.00000000
21.38415295,3.93700800
21.38515775,7.87401500
21.38616255,0.00000000
21.38716735,0.00000000
21.38817215,0.00000000
21.38917695,7.87401500
21.39018175,11.81102000
21.39118655,7.87401500
21.39219135,7.87401500
21.39319615,3.93700800
21.39420095,7.87401500
21.39520575,3.93700800
21.39621055,7.87401500
21.39721535,11.81102000
21.39822015,3.93700800
21.39922495,7.87401500
21.40022975,3.93700800
21.40123455,3.93700800
21.40223935,3.93700800
21.40324415,3.93700800
21.40424895,0.00000000
21.40525375,-3.93700800
21.40625855,3.93700800
21.40726335,3.93700800
21.40826815,7.87401500
21.40927295,3.93700800
21.41027775,3.93700800
21.41128255,7.87401500
21.41228735,3.93700800
21.41329215,0.00000000
21.41429695,3.93700800
21.41530175,3.93700800
21.41630655,7.87401500
21.41731135,7.87401500
21.41831615,0.00000000
21.41932095,-3.93700800
21.42032575,3.93700800
21.42133055,0.00000000
21.42233535,7.87401500
21.42334015,-3.93700800
21.42434495,3.93700800
21.42534975,0.00000000
21.42635455,7.87401500
21.42735935,0.00000000
21.42836415,3.93700800
21.42936895,7.87401500
21.43037375,3.93700800
21.43137855,7.87401500
21.43238335,3.93700800
21.43338815,7.87401500
21.43439295,3.93700800
21.43539775,3.93700800
21.43640255,3.93700800
21.43740735,0.00000000
21.43841215,3.93700800
21.43941695,7.87401500
21.44042175,3.93700800
21.44142655,3.93700800
21.44243135,0.00000000
21.44343615,3.93700800
21.44444095,3.93700800
21.44544575,0.00000000
21.44645055,7.87401500
21.44745535,7.87401500
21.44846015,7.87401500
21.44946495,3.93700800
21.45046975,3.93700800
21.45147455,0.00000000
21.45247935,0.00000000
21.45348415,0.00000000
21.45448895,3.93700800
21.45549375,3.93700800
21.45649855,3.93700800
21.45750335,3.93700800
21.45850815,3.93700800
21.45951295,3.93700800
21.46051775,3.93700800
21.46152255,3.93700800
21.46252735,3.93700800
21.46353215,3.93700800
21.46453695,0.00000000
21.46554175,0.00000000
21.46654655,3.93700800
21.46755135,0.00000000
21.46855615,0.00000000
21.46956095,0.00000000
21.47056575,3.93700800
21.47157055,3.93700800
21.47257535,3.93700800
21.47358015,3.93700800
21.47458495,3.93700800
21.47558975,3.93700800
21.47659455,3.93700800
21.47759935,3.93700800
21.47860415,0.00000000
21.47960895,3.93700800
21.48061375,0.00000000
21.48161855,0.00000000
21.48262335,3.93700800
21.48362815,-3.93700800
21.48463295,-3.93700800
21.48563775,-3.93700800
21.48664255,3.93700800
21.48764735,3.93700800
21.48865215,0.00000000
21.48965695,0.00000000
21.49066175,0.00000000
21.49166655,0.00000000
21.49267135,0.00000000
21.49367615,3.93700800
21.49468095,3.93700800
21.49568575,0.00000000
21.49669055,3.93700800
21.49769535,-3.93700800
21.49870015,7.87401500
21.49970495,7.87401500
21.50070975,-3.93700800
21.50171455,-3.93700800
21.50271935,3.93700800
21.50372415,3.93700800
21.50472895,0.00000000
21.50573375,-7.87401500
21.50673855,-3.93700800
21.50774335,0.00000000
21.50874815,0.00000000
21.50975295,3.93700800
21.51075775,0.00000000
21.51176255,3.93700800
21.51276735,0.00000000
21.51377215,3.93700800
21.51477695,0.00000000
21.51578175,0.00000000
21.51678655,-7.87401500
21.51779135,-3.93700800
21.51879615,-3.93700800
21.51980095,0.00000000
21.52080575,0.00000000
21.52181055,0.00000000
21.52281535,-3.93700800
21.52382015,3.93700800
21.52482495,0.00000000
21.52582975,0.00000000
21.52683455,-3.93700800
21.52783935,-3.93700800
21.52884415,0.00000000
21.52984895,0.00000000
21.53085375,3.93700800
21.53185855,3.93700800
21.53286335,-3.93700800
21.53386815,-7.87401500
21.53487295,-3.93700800
21.53587775,3.93700800
21.53688255,0.00000000
21.53788735,3.93700800
21.53889215,0.00000000
21.53989695,-3.93700800
21.54090175,0.00000000
21.54190655,0.00000000
21.54291135,-3.93700800
21.54391614,3.93700800
21.54492094,-3.93700800
21.54592574,-7.87401500
21.54693054,-3.93700800
21.54793534,-3.93700800
21.54894014,-3.93700800
21.54994494,-3.93700800
21.55094974,-3.93700800
21.55195454,0.00000000
21.55295934,3.93700800
21.55396414,-3.93700800
21.55496894,0.00000000
21.55597374,0.00000000
21.55697854,0.00000000
21.55798334,0.00000000
21.55898814,0.00000000
21.55999294,-3.93700800
21.56099774,0.00000000
21.56200254,0.00000000
21.56300734,3.93700800
21.56401214,0.00000000
21.56501694,0.00000000
21.56602174,-7.87401500
21.56702654,-3.93700800
21.56803134,-3.93700800
21.56903614,3.93700800
21.57004094,-3.93700800
21.57104574,0.00000000
21.57205054,0.00000000
21.57305534,0.00000000
21.57406014,-7.87401500
21.57506494,0.00000000
21.57606974,0.00000000
21.57707454,0.00000000
21.57807934,0.00000000
21.57908414,-3.93700800
21.58008894,0.00000000
21.58109374,-7.87401500
21.58209854,-3.93700800
21.58310334,-7.87401500
21.58410814,-3.93700800
21.58511294,-3.93700800
21.58611774,-3.93700800
21.58712254,-3.93700800
21.58812734,-7.87401500
21.58913214,-7.87401500
21.59013694,-3.93700800
21.59114174,-3.93700800
21.59214654,-3.93700800
21.59315134,0.00000000
21.59415614,0.00000000
21.59516094,3.93700800
21.59616574,0.00000000
21.59717054,-3.93700800
21.59817534,-3.93700800
21.59918014,-3.93700800
21.60018494,11.81102000
21.60118974,0.00000000
21.60219454,-3.93700800
21.60319934,-3.93700800
21.60420414,-3.93700800
21.60520894,0.00000000
21.60621374,-3.93700800
21.60721854,-3.93700800
21.60822334,-3.93700800
21.60922814,-3.93700800
21.61023294,-3.93700800
21.61123774,0.00000000
21.61224254,-3.93700800
21.61324734,-3.93700800
21.61425214,-7.87401500
21.61525694,-7.87401500
21.61626174,-3.93700800
21.61726654,-3.93700800
21.61827134,0.00000000
21.61927614,0.00000000
21.62028094,0.00000000
21.62128574,0.00000000
21.62229054,0.00000000
21.62329534,0.00000000
21.62430014,3.93700800
21.62530494,7.87401500
21.62630974,-7.87401500
21.62731454,3.93700800
21.62831934,7.87401500
21.62932414,11.81102000
21.63032894,3.93700800
21.63133374,11.81102000
21.63233854,11.81102000
21.63334334,11.81102000
21.63434814,19.68504000
21.63535294,15.74803000
21.63635774,19.68504000
21.63736254,19.68504000
21.63836734,19.68504000
21.63937214,23.62205000
21.64037694,19.68504000
21.64138174,15.74803000
21.64238654,11.81102000
21.64339134,15.74803000
21.64439614,11.81102000
21.64540094,7.87401500
21.64640574,3.93700800
21.64741054,7.87401500
21.64841534,0.00000000
21.64942014,0.00000000
21.65042494,0.00000000
21.65142974,-7.87401500
21.65243454,-7.87401500
21.65343934,-3.93700800
21.65444414,-11.81102000
21.65544894,-11.81102000
21.65645374,-15.74803000
21.65745854,-11.81102000
21.65846334,-15.74803000
21.65946814,-19.68504000
21.66047294,-15.74803000
21.66147774,-19.68504000
21.66248254,-19.68504000
21.66348734,-19.68504000
21.66449214,-19.68504000
21.66549694,-11.81102000
21.66650174,-11.81102000
21.66750654,-19.68504000
21.66851134,-15.74803000
21.66951614,-15.74803000
21.67052094,-11.81102000
21.67152574,-7.87401500
21.67253054,-3.93700800
21.67353534,3.93700800
21.67454014,3.93700800
21.67554494,7.87401500
21.67654974,7.87401500
21.67755454,11.81102000
21.67855934,11.81102000
21.67956414,11.81102000
21.68056894,7.87401500
21.68157374,7.87401500
21.68257854,0.00000000
21.68358334,0.00000000
21.68458814,-3.93700800
21.68559294,-3.93700800
21.68659774,-3.93700800
21.68760254,0.00000000
21.68860734,-3.93700800
21.68961214,0.00000000
21.69061694,7.87401500
21.69162174,7.87401500
21.69262654,0.00000000
21.69363134,0.00000000
21.69463614,-11.81102000
21.69564094,0.00000000
21.69664574,-3.93700800
21.69765054,3.93700800
21.69865534,3.93700800
21.69966014,0.00000000
21.70066494,0.00000000
21.70166974,0.00000000
21.70267454,3.93700800
21.70367934,-3.93700800
21.70468414,0.00000000
21.70568894,-3.93700800
21.70669374,0.00000000
21.70769854,0.00000000
21.70870334,-11.81102000
21.70970814,-3.93700800
21.71071294,-3.93700800
21.71171774,-7.87401500
21.71272254,-3.93700800
21.71372734,-3.93700800
21.71473214,0.00000000
21.71573694,3.93700800
21.71674174,3.93700800
21.71774654,3.93700800
21.71875134,3.93700800
21.71975614,0.00000000
21.72076094,3.93700800
21.72176574,3.93700800
21.72277054,3.93700800
21.72377534,3.93700800
21.72478014,3.93700800
21.72578494,0.00000000
21.72678974,3.93700800
21.72779454,0.00000000
21.72879934,-3.93700800
21.72980414,-7.87401500
21.73080894,7.87401500
21.73181374,0.00000000
21.73281854,7.87401500
21.73382334,0.00000000
21.73482814,0.00000000
21.73583294,0.00000000
21.73683774,0.00000000
21.73784254,0.00000000
21.73884734,0.00000000
21.73985214,3.93700800
21.74085694,0.00000000
21.74186174,-3.93700800
21.74286654,3.93700800
21.74387134,0.00000000
21.74487614,0.00000000
21.74588094,3.93700800
21.74688574,7.87401500
21.74789054,3.93700800
21.74889534,-3.93700800
21.74990014,0.00000000
21.75090494,0.00000000
21.75190974,-3.93700800
21.75291454,7.87401500
21.75391934,0.00000000
21.75492414,0.00000000
21.75592894,3.93700800
21.75693374,0.00000000
21.75793854,0.00000000
21.75894334,0.00000000
21.75994814,3.93700800
21.76095294,-3.93700800
21.76195774,-3.93700800
21.76296254,7.87401500
21.76396734,3.93700800
21.76497214,3.93700800
21.76597694,3.93700800
21.76698174,3.93700800
21.76798654,-3.93700800
21.76899134,0.00000000
21.76999614,-3.93700800
21.77100094,0.00000000
21.77200574,0.00000000
21.77301054,0.00000000
21.77401534,0.00000000
21.77502014,3.93700800
21.77602494,3.93700800
21.77702974,0.00000000
21.77803454,0.00000000
21.77903934,0.00000000
21.78004414,3.93700800
21.78104894,3.93700800
21.78205374,0.00000000
21.78305854,0.00000000
21.78406334,7.87401500
21.78506814,0.00000000
21.78607294,3.93700800
21.78707774,0.00000000
21.78808254,-7.87401500
21.78908734,-7.87401500
21.79009214,-3.93700800
21.79109694,0.00000000
21.79210174,-11.81102000
21.79310654,0.00000000
21.79411134,0.00000000
21.79511614,3.93700800
21.79612094,3.93700800
21.79712574,3.93700800
21.79813054,7.87401500
21.79913534,7.87401500
21.80014014,0.00000000
21.80114494,3.93700800
21.80214974,3.93700800
21.80315454,3.93700800
21.80415934,3.93700800
21.80516414,3.93700800
21.80616894,0.00000000
21.80717374,3.93700800
21.80817854,3.93700800
21.80918334,-3.93700800
21.81018814,0.00000000
21.81119294,0.00000000
21.81219774,3.93700800
21.81320254,3.93700800
21.81420734,3.93700800
21.81521214,0.00000000
21.81621694,3.93700800
21.81722174,3.93700800
21.81822654,3.93700800
21.81923134,0.00000000
21.82023614,3.93700800
21.82124094,3.93700800
21.82224574,0.00000000
21.82325054,0.00000000
21.82425534,3.93700800
21.82526014,0.00000000
21.82626494,-3.93700800
21.82726974,0.00000000
21.82827454,3.93700800
21.82927934,0.00000000
21.83028414,0.00000000
21.83128894,0.00000000
21.83229374,0.00000000
21.83329854,3.93700800
21.83430334,3.93700800
21.83530814,3.93700800
21.83631294,0.00000000
21.83731774,3.93700800
21.83832254,7.87401500
21.83932734,7.87401500
21.84033214,7.87401500
21.84133694,0.00000000
21.84234174,3.93700800
21.84334654,-3.93700800
21.84435134,3.93700800
21.84535614,3.93700800
21.84636094,3.93700800
21.84736574,0.00000000
21.84837054,3.93700800
21.84937534,3.93700800
21.85038014,3.93700800
21.85138494,3.93700800
21.85238974,3.93700800
21.85339454,3.93700800
21.85439934,3.93700800
21.85540414,3.93700800
21.85640894,3.93700800
21.85741374,3.93700800
21.85841854,-7.87401500
21.85942334,0.00000000
21.86042814,0.00000000
21.86143294,3.93700800
21.86243774,3.93700800
21.86344254,3.93700800
21.86444734,3.93700800
21.86545214,0.00000000
21.86645694,3.93700800
21.86746174,3.93700800
21.86846654,3.93700800
21.86947134,3.93700800
21.87047614,-3.93700800
21.87148094,-3.93700800
21.87248574,0.00000000
21.87349053,0.00000000
21.87449533,0.00000000
21.87550013,0.00000000
21.87650493,7.87401500
21.87750973,3.93700800
21.87851453,3.93700800
21.87951933,7.87401500
21.88052413,7.87401500
21.88152893,7.87401500
21.88253373,3.93700800
21.88353853,0.00000000
21.88454333,7.87401500
21.88554813,3.93700800
21.88655293,3.93700800
21.88755773,3.93700800
21.88856253,3.93700800
21.88956733,-3.93700800
21.89057213,0.00000000
21.89157693,3.93700800
21.89258173,11.81102000
21.89358653,7.87401500
21.89459133,7.87401500
21.89559613,3.93700800
21.89660093,7.87401500
21.89760573,3.93700800
21.89861053,7.87401500
21.89961533,3.93700800
21.90062013,3.93700800
21.90162493,0.00000000
21.90262973,3.93700800
21.90363453,7.87401500
21.90463933,7.87401500
21.90564413,0.00000000
21.90664893,3.93700800
21.90765373,0.00000000
21.90865853,3.93700800
21.90966333,3.93700800
21.91066813,-3.93700800
21.91167293,-3.93700800
21.91267773,0.00000000
21.91368253,-3.93700800
21.91468733,-3.93700800
21.91569213,3.93700800
21.91669693,0.00000000
21.91770173,3.93700800
21.91870653,7.87401500
21.91971133,11.81102000
21.92071613,3.93700800
21.92172093,7.87401500
21.92272573,0.00000000
21.92373053,0.00000000
21.92473533,0.00000000
21.92574013,7.87401500
21.92674493,0.00000000
21.92774973,3.93700800
21.92875453,7.87401500
21.92975933,0.00000000
21.93076413,11.81102000
21.93176893,0.00000000
21.93277373,3.93700800
21.93377853,0.00000000
21.93478333,3.93700800
21.93578813,3.93700800
21.93679293,3.93700800
21.93779773,7.87401500
21.93880253,3.93700800
21.93980733,3.93700800
21.94081213,3.93700800
21.94181693,7.87401500
21.94282173,3.93700800
21.94382653,11.81102000
21.94483133,7.87401500
21.94583613,7.87401500
21.94684093,7.87401500
21.94784573,3.93700800
21.94885053,3.93700800
21.94985533,3.93700800
21.95086013,0.00000000
21.95186493,19.68504000
21.95286973,-3.93700800
21.95387453,-3.93700800
21.95487933,0.00000000
21.95588413,-3.93700800
21.95688893,0.00000000
21.95789373,0.00000000
21.95889853,7.87401500
21.95990333,3.93700800
21.96090813,3.93700800
21.96191293,7.87401500
21.96291773,7.87401500
21.96392253,7.87401500
21.96492733,7.87401500
21.96593213,7.87401500
21.96693693,3.93700800
21.96794173,7.87401500
21.96894653,3.93700800
21.96995133,7.87401500
21.97095613,7.87401500
21.97196093,0.00000000
21.97296573,7.87401500
21.97397053,7.87401500
21.97497533,3.93700800
21.97598013,7.87401500
21.97698493,7.87401500
21.97798973,3.93700800
21.97899453,7.87401500
21.97999933,7.87401500
21.98100413,7.87401500
21.98200893,7.87401500
21.98301373,7.87401500
21.98401853,7.87401500
21.98502333,3.93700800
21.98602813,7.87401500
21.98703293,3.93700800
21.98803773,0.00000000
21.98904253,7.87401500
21.99004733,3.93700800
21.99105213,3.93700800
21.99205693,0.00000000
21.99306173,3.93700800
21.99406653,3.93700800
21.99507133,3.93700800
21.99607613,7.87401500
21.99708093,7.87401500
21.99808573,7.87401500
21.99909053,7.87401500
22.00009533,3.93700800
22.00110013,7.87401500
22.00210493,7.87401500
22.00310973,3.93700800
22.00411453,3.93700800
22.00511933,7.87401500
22.00612413,23.62205000
22.00712893,7.87401500
22.00813373,7.87401500
22.00913853,7.87401500
22.01014333,7.87401500
22.01114813,3.93700800
22.01215293,7.87401500
22.01315773,11.81102000
22.01416253,7.87401500
22.01516733,7.87401500
22.01617213,11.81102000
22.01717693,7.87401500
22.01818173,7.87401500
22.01918653,7.87401500
22.02019133,3.93700800
22.02119613,11.81102000
22.02220093,0.00000000
22.02320573,7.87401500
22.02421053,7.87401500
22.02521533,3.93700800
22.02622013,3.93700800
22.02722493,7.87401500
22.02822973,-3.93700800
22.02923453,-3.93700800
22.03023933,3.93700800
22.03124413,0.00000000
22.03224893,0.00000000
22.03325373,7.87401500
22.03425853,3.93700800
22.03526333,7.87401500
22.03626813,3.93700800
22.03727293,3.93700800
22.03827773,0.00000000
22.03928253,7.87401500
22.04028733,7.87401500
22.04129213,7.87401500
22.04229693,11.81102000
22.04330173,11.81102000
22.04430653,3.93700800
22.04531133,7.87401500
22.04631613,7.87401500
22.04732093,11.81102000
22.04832573,7.87401500
22.04933053,11.81102000
22.05033533,3.93700800
22.05134013,3.93700800
22.05234493,3.93700800
22.05334973,0.00000000
22.05435453,0.00000000
22.05535933,7.87401500
22.05636413,7.87401500
22.05736893,3.93700800
22.05837373,7.87401500
22.05937853,3.93700800
22.06038333,3.93700800
22.06138813,3.93700800
22.06239293,7.87401500
22.06339773,3.93700800
22.06440253,3.93700800
22.06540733,7.87401500
22.06641213,7.87401500
22.06741693,3.93700800
22.06842173,3.93700800
22.06942653,0.00000000
22.07043133,0.00000000
22.07143613,3.93700800
22.07244093,7.87401500
22.07344573,0.00000000
22.07445053,3.93700800
22.07545533,3.93700800
22.07646013,3.93700800
22.07746493,7.87401500
22.07846973,7.87401500
22.07947453,3.93700800
22.08047933,7.87401500
22.08148413,7.87401500
22.08248893,7.87401500
22.08349373,11.81102000
22.08449853,7.87401500
22.08550333,3.93700800
22.08650813,3.93700800
22.08751293,3.93700800
22.08851773,7.87401500
22.08952253,7.87401500
22.09052733,7.87401500
22.09153213,7.87401500
22.09253693,3.93700800
22.09354173,3.93700800
22.09454653,7.87401500
22.09555133,11.81102000
22.09655613,7.87401500
22.09756093,7.87401500
22.09856573,7.87401500
22.09957053,3.93700800
22.10057533,-3.93700800
22.10158013,0.00000000
22.10258493,3.93700800
22.10358973,19.68504000
22.10459453,3.93700800
22.10559933,3.93700800
22.10660413,7.87401500
22.10760893,7.87401500
22.10861373,7.87401500
22.10961853,7.87401500
22.11062333,7.87401500
22.11162813,0.00000000
22.11263293,0.00000000
22.11363773,3.93700800
22.11464253,3.93700800
22.11564733,3.93700800
22.11665213,7.87401500
22.11765693,7.87401500
22.11866173,7.87401500
22.11966653,3.93700800
22.12067133,7.87401500
22.12167613,7.87401500
22.12268093,11.81102000
22.12368573,11.81102000
22.12469053,7.87401500
22.12569533,7.87401500
22.12670013,7.87401500
22.12770493,7.87401500
22.12870973,3.93700800
22.12971453,11.81102000
22.13071933,15.74803000
22.13172413,11.81102000
22.13272893,7.87401500
22.13373373,3.93700800
22.13473853,7.87401500
22.13574333,7.87401500
22.13674813,7.87401500
22.13775293,7.87401500
22.13875773,7.87401500
22.13976253,7.87401500
22.14076733,3.93700800
22.14177213,3.93700800
22.14277693,7.87401500
22.14378173,11.81102000
22.14478653,7.87401500
22.14579133,11.81102000
22.14679613,7.87401500
22.14780093,11.81102000
22.14880573,7.87401500
22.14981053,0.00000000
22.15081533,0.00000000
22.15182013,3.93700800
22.15282493,3.93700800
22.15382973,3.93700800
22.15483453,0.00000000
22.15583933,3.93700800
22.15684413,7.87401500
22.15784893,7.87401500
22.15885373,7.87401500
22.15985853,11.81102000
22.16086333,11.81102000
22.16186813,7.87401500
22.16287293,11.81102000
22.16387773,7.87401500
22.16488253,7.87401500
22.16588733,11.81102000
22.16689213,11.81102000
22.16789693,3.93700800
22.16890173,7.87401500
22.16990653,7.87401500
22.17091133,11.81102000
22.17191613,7.87401500
22.17292093,11.81102000
22.17392573,11.81102000
22.17493053,11.81102000
22.17593533,7.87401500
22.17694013,7.87401500
22.17794493,11.81102000
22.17894973,7.87401500
22.17995453,11.81102000
22.18095933,11.81102000
22.18196413,3.93700800
22.18296893,3.93700800
22.18397373,3.93700800
22.18497853,7.87401500
22.18598333,7.87401500
22.18698813,7.87401500
22.18799293,7.87401500
22.18899773,7.87401500
22.19000253,7.87401500
22.19100733,7.87401500
22.19201213,11.81102000
22.19301693,3.93700800
22.19402173,3.93700800
22.19502653,0.00000000
22.19603133,3.93700800
22.19703613,7.87401500
22.19804093,-7.87401500
22.19904573,3.93700800
22.20005053,7.87401500
22.20105533,11.81102000
22.20206012,3.93700800
22.20306492,11.81102000
22.20406972,7.87401500
22.20507452,7.87401500
22.20607932,11.81102000
22.20708412,7.87401500
22.20808892,7.87401500
22.20909372,11.81102000
22.21009852,7.87401500
22.21110332,3.93700800
22.21210812,11.81102000
22.21311292,11.81102000
22.21411772,7.87401500
22.21512252,3.93700800
22.21612732,0.00000000
22.21713212,3.93700800
22.21813692,11.81102000
22.21914172,11.81102000
22.22014652,7.87401500
22.22115132,7.87401500
22.22215612,11.81102000
22.22316092,7.87401500
22.22416572,7.87401500
22.22517052,7.87401500
22.22617532,7.87401500
22.22718012,3.93700800
22.22818492,7.87401500
22.22918972,3.93700800
22.23019452,7.87401500
22.23119932,0.00000000
22.23220412,3.93700800
22.23320892,-3.93700800
22.23421372,3.93700800
22.23521852,0.00000000
22.23622332,11.81102000
22.23722812,7.87401500
22.23823292,7.87401500
22.23923772,3.93700800
22.24024252,3.93700800
22.24124732,3.93700800
22.24225212,7.87401500
22.24325692,7.87401500
22.24426172,7.87401500
22.24526652,7.87401500
22.24627132,7.87401500
22.24727612,0.00000000
22.24828092,7.87401500
22.24928572,3.93700800
22.25029052,7.87401500
22.25129532,7.87401500
22.25230012,7.87401500
22.25330492,3.93700800
22.25430972,7.87401500
22.25531452,3.93700800
22.25631932,3.93700800
22.25732412,7.87401500
22.25832892,11.81102000
22.25933372,3.93700800
22.26033852,3.93700800
22.26134332,7.87401500
22.26234812,7.87401500
22.26335292,3.93700800
22.26435772,7.87401500
22.26536252,3.93700800
22.26636732,11.81102000
22.26737212,7.87401500
22.26837692,3.93700800
22.26938172,11.81102000
22.27038652,7.87401500
22.27139132,11.81102000
22.27239612,19.68504000
22.27340092,3.93700800
22.27440572,3.93700800
22.27541052,3.93700800
22.27641532,3.93700800
22.27742012,7.87401500
22.27842492,7.87401500
22.27942972,7.87401500
22.28043452,3.93700800
22.28143932,0.00000000
22.28244412,3.93700800
22.28344892,7.87401500
22.28445372,3.93700800
22.28545852,11.81102000
22.28646332,7.87401500
22.28746812,7.87401500
22.28847292,3.93700800
22.28947772,7.87401500
22.29048252,7.87401500
22.29148732,3.93700800
22.29249212,3.93700800
22.29349692,3.93700800
22.29450172,3.93700800
22.29550652,0.00000000
22.29651132,7.87401500
22.29751612,7.87401500
22.29852092,7.87401500
22.29952572,3.93700800
22.30053052,7.87401500
22.30153532,3.93700800
22.30254012,7.87401500
22.30354492,3.93700800
22.30454972,0.00000000
22.30555452,3.93700800
22.30655932,7.87401500
22.30756412,0.00000000
22.30856892,7.87401500
22.30957372,7.87401500
22.31057852,3.93700800
22.31158332,-3.93700800
22.31258812,0.00000000
22.31359292,-3.93700800
22.31459772,3.93700800
22.31560252,7.87401500
22.31660732,3.93700800
22.31761212,7.87401500
22.31861692,7.87401500
22.31962172,3.93700800
22.32062652,7.87401500
22.32163132,11.81102000
22.32263612,7.87401500
22.32364092,7.87401500
22.32464572,7.87401500
22.32565052,11.81102000
22.32665532,11.81102000
22.32766012,11.81102000
22.32866492,7.87401500
22.32966972,3.93700800
22.33067452,3.93700800
22.33167932,11.81102000
22.33268412,7.87401500
22.33368892,11.81102000
22.33469372,7.87401500
22.33569852,7.87401500
22.33670332,7.87401500
22.33770812,11.81102000
22.33871292,7.87401500
22.33971772,7.87401500
22.34072252,7.87401500
22.34172732,7.87401500
22.34273212,7.87401500
22.34373692,7.87401500
22.34474172,7.87401500
22.34574652,3.93700800
22.34675132,7.87401500
22.34775612,11.81102000
22.34876092,7.87401500
22.34976572,0.00000000
22.35077052,0.00000000
22.35177532,7.87401500
22.35278012,3.93700800
22.35378492,3.93700800
22.35478972,7.87401500
22.35579452,7.87401500
22.35679932,7.87401500
22.35780412,7.87401500
22.35880892,7.87401500
22.35981372,7.87401500
22.36081852,7.87401500
22.36182332,0.00000000
22.36282812,7.87401500
22.36383292,15.74803000
22.36483772,7.87401500
22.36584252,0.00000000
22.36684732,7.87401500
22.36785212,7.87401500
22.36885692,0.00000000
22.36986172,7.87401500
22.37086652,7.87401500
22.37187132,3.93700800
22.37287612,7.87401500
22.37388092,7.87401500
22.37488572,7.87401500
22.37589052,11.81102000
22.37689532,11.81102000
22.37790012,7.87401500
22.37890492,3.93700800
22.37990972,7.87401500
22.38091452,7.87401500
22.38191932,3.93700800
22.38292412,7.87401500
22.38392892,7.87401500
22.38493372,3.93700800
22.38593852,7.87401500
22.38694332,7.87401500
22.38794812,3.93700800
22.38895292,-3.93700800
22.38995772,0.00000000
22.39096252,3.93700800
22.39196732,7.87401500
22.39297212,-3.93700800
22.39397692,0.00000000
22.39498172,0.00000000
22.39598652,7.87401500
22.39699132,7.87401500
22.39799612,7.87401500
22.39900092,11.81102000
22.40000572,11.81102000
22.40101052,7.87401500
22.40201532,7.87401500
22.40302012,7.87401500
22.40402492,7.87401500
22.40502972,7.87401500
22.40603452,7.87401500
22.40703932,3.93700800
22.40804412,3.93700800
22.40904892,7.87401500
22.41005372,3.93700800
22.41105852,3.93700800
22.41206332,11.81102000
22.41306812,11.81102000
22.41407292,3.93700800
22.41507772,7.87401500
22.41608252,7.87401500
22.41708732,7.87401500
22.41809212,3.93700800
22.41909692,11.81102000
22.42010172,7.87401500
22.42110652,0.00000000
22.42211132,7.87401500
22.42311612,7.87401500
22.42412092,3.93700800
22.42512572,7.87401500
22.42613052,3.93700800
22.42713532,3.93700800
22.42814012,-3.93700800
22.42914492,0.00000000
22.43014972,-3.93700800
22.43115452,0.00000000
22.43215932,3.93700800
22.43316412,0.00000000
22.43416892,3.93700800
22.43517372,7.87401500
22.43617852,3.93700800
22.43718332,3.93700800
22.43818812,7.87401500
22.43919292,7.87401500
22.44019772,3.93700800
22.44120252,7.87401500
22.44220732,0.00000000
22.44321212,0.00000000
22.44421692,0.00000000
22.44522172,7.87401500
22.44622652,3.93700800
22.44723132,7.87401500
22.44823612,3.93700800
22.44924092,3.93700800
22.45024572,3.93700800
22.45125052,7.87401500
22.45225532,0.00000000
22.45326012,15.74803000
22.45426492,7.87401500
22.45526972,3.93700800
22.45627452,3.93700800
22.45727932,3.93700800
22.45828412,3.93700800
22.45928892,0.00000000
22.46029372,7.87401500
22.46129852,3.93700800
22.46230332,11.81102000
22.46330812,7.87401500
22.46431292,7.87401500
22.46531772,7.87401500
22.46632252,3.93700800
22.46732732,3.93700800
22.46833212,3.93700800
22.46933692,-3.93700800
22.47034172,0.00000000
22.47134652,0.00000000
22.47235132,0.00000000
22.47335612,3.93700800
22.47436092,7.87401500
22.47536572,0.00000000
22.47637052,3.93700800
22.47737532,3.93700800
22.47838012,7.87401500
22.47938492,11.81102000
22.48038972,7.87401500
22.48139452,7.87401500
22.48239932,7.87401500
22.48340412,3.93700800
22.48440892,0.00000000
22.48541372,3.93700800
22.48641852,7.87401500
22.48742332,7.87401500
22.48842812,3.93700800
22.48943292,7.87401500
22.49043772,0.00000000
22.49144252,3.93700800
22.49244732,3.93700800
22.49345212,3.93700800
22.49445692,3.93700800
22.49546172,7.87401500
22.49646652,3.93700800
22.49747132,7.87401500
22.49847612,3.93700800
22.49948092,7.87401500
22.50048572,3.93700800
22.50149052,7.87401500
22.50249532,7.87401500
22.50350012,7.87401500
22.50450492,7.87401500
22.50550972,3.93700800
22.50651452,0.00000000
22.50751932,0.00000000
22.50852412,7.87401500
22.50952892,15.74803000
22.51053372,0.00000000
22.51153852,7.87401500
22.51254332,3.93700800
22.51354812,3.93700800
22.51455292,7.87401500
22.51555772,7.87401500
22.51656252,7.87401500
22.51756732,7.87401500
22.51857212,7.87401500
22.51957692,3.93700800
22.52058172,3.93700800
22.52158652,7.87401500
22.52259132,7.87401500
22.52359612,7.87401500
22.52460092,7.87401500
22.52560572,3.93700800
22.52661052,3.93700800
22.52761532,7.87401500
22.52862012,7.87401500
22.52962492,3.93700800
22.53062971,7.87401500
22.53163451,7.87401500
22.53263931,3.93700800
22.53364411,3.93700800
22.53464891,3.93700800
22.53565371,7.87401500
22.53665851,7.87401500
22.53766331,7.87401500
22.53866811,7.87401500
22.53967291,3.93700800
22.54067771,7.87401500
22.54168251,3.93700800
22.54268731,7.87401500
22.54369211,7.87401500
22.54469691,3.93700800
22.54570171,-3.93700800
22.54670651,7.87401500
22.54771131,3.93700800
22.54871611,-3.93700800
22.54972091,0.00000000
22.55072571,3.93700800
22.55173051,3.93700800
22.55273531,7.87401500
22.55374011,7.87401500
22.55474491,7.87401500
22.55574971,3.93700800
22.55675451,11.81102000
22.55775931,7.87401500
22.55876411,3.93700800
22.55976891,11.81102000
22.56077371,7.87401500
22.56177851,7.87401500
22.56278331,7.87401500
22.56378811,3.93700800
22.56479291,11.81102000
22.56579771,11.81102000
22.56680251,7.87401500
22.56780731,7.87401500
22.56881211,7.87401500
22.56981691,7.87401500
22.57082171,7.87401500
22.57182651,7.87401500
22.57283131,3.93700800
22.57383611,0.00000000
22.57484091,3.93700800
22.57584571,11.81102000
22.57685051,7.87401500
22.57785531,7.87401500
22.57886011,7.87401500
22.57986491,7.87401500
22.58086971,3.93700800
22.58187451,7.87401500
22.58287931,7.87401500
22.58388411,7.87401500
22.58488891,15.74803000
22.58589371,3.93700800
22.58689851,7.87401500
22.58790331,15.74803000
22.58890811,-3.93700800
22.58991291,3.93700800
22.59091771,0.00000000
22.59192251,7.87401500
22.59292731,3.93700800
22.59393211,7.87401500
22.59493691,0.00000000
22.59594171,3.93700800
22.59694651,0.00000000
22.59795131,7.87401500
22.59895611,3.93700800
22.59996091,7.87401500
22.60096571,7.87401500
22.60197051,3.93700800
22.60297531,7.87401500
22.60398011,-3.93700800
22.60498491,0.00000000
22.60598971,3.93700800
22.60699451,7.87401500
22.60799931,7.87401500
22.60900411,3.93700800
22.61000891,3.93700800
22.61101371,0.00000000
22.61201851,3.93700800
22.61302331,7.87401500
22.61402811,7.87401500
22.61503291,3.93700800
22.61603771,7.87401500
22.61704251,7.87401500
22.61804731,7.87401500
22.61905211,11.81102000
22.62005691,7.87401500
22.62106171,0.00000000
22.62206651,0.00000000
22.62307131,7.87401500
22.62407611,3.93700800
22.62508091,11.81102000
22.62608571,11.81102000
22.62709051,7.87401500
22.62809531,7.87401500
22.62910011,0.00000000
22.63010491,0.00000000
22.63110971,3.93700800
22.63211451,3.93700800
22.63311931,7.87401500
22.63412411,3.93700800
22.63512891,3.93700800
22.63613371,0.00000000
22.63713851,0.00000000
22.63814331,3.93700800
22.63914811,0.00000000
22.64015291,3.93700800
22.64115771,11.81102000
22.64216251,3.93700800
22.64316731,7.87401500
22.64417211,3.93700800
22.64517691,3.93700800
22.64618171,3.93700800
22.64718651,3.93700800
22.64819131,7.87401500
22.64919611,7.87401500
22.65020091,3.93700800
22.65120571,7.87401500
22.65221051,7.87401500
22.65321531,3.93700800
22.65422011,3.93700800
22.65522491,0.00000000
22.65622971,7.87401500
22.65723451,7.87401500
22.65823931,7.87401500
22.65924411,3.93700800
22.66024891,7.87401500
22.66125371,7.87401500
22.66225851,7.87401500
22.66326331,0.00000000
22.66426811,7.87401500
22.66527291,7.87401500
22.66627771,11.81102000
22.66728251,11.81102000
22.66828731,-3.93700800
22.66929211,0.00000000
22.67029691,-3.93700800
22.67130171,-3.93700800
22.67230651,3.93700800
22.67331131,3.93700800
22.67431611,0.00000000
22.67532091,3.93700800
22.67632571,3.93700800
22.67733051,11.81102000
22.67833531,11.81102000
22.67934011,7.87401500
22.68034491,11.81102000
22.68134971,3.93700800
22.68235451,7.87401500
22.68335931,11.81102000
22.68436411,7.87401500
22.68536891,7.87401500
22.68637371,0.00000000
22.68737851,-3.93700800
22.68838331,11.81102000
22.68938811,3.93700800
22.69039291,3.93700800
22.69139771,3.93700800
22.69240251,7.87401500
22.69340731,3.93700800
22.69441211,7.87401500
22.69541691,7.87401500
22.69642171,3.93700800
22.69742651,7.87401500
22.69843131,3.93700800
22.69943611,0.00000000
22.70044091,3.93700800
22.70144571,-7.87401500
22.70245051,0.00000000
22.70345531,7.87401500
22.70446011,15.74803000
22.70546491,7.87401500
22.70646971,7.87401500
22.70747451,-3.93700800
22.70847931,0.00000000
22.70948411,0.00000000
22.71048891,0.00000000
22.71149371,3.93700800
22.71249851,0.00000000
22.71350331,7.87401500
22.71450811,11.81102000
22.71551291,7.87401500
22.71651771,7.87401500
22.71752251,11.81102000
22.71852731,3.93700800
22.71953211,3.93700800
22.72053691,7.87401500
22.72154171,7.87401500
22.72254651,7.87401500
22.72355131,7.87401500
22.72455611,7.87401500
22.72556091,3.93700800
22.72656571,7.87401500
22.72757051,7.87401500
22.72857531,11.81102000
22.72958011,11.81102000
22.73058491,7.87401500
22.73158971,15.74803000
22.73259451,7.87401500
22.73359931,11.81102000
22.73460411,7.87401500
22.73560891,7.87401500
22.73661371,3.93700800
22.73761851,7.87401500
22.73862331,7.87401500
22.73962811,7.87401500
22.74063291,7.87401500
22.74163771,7.87401500
22.74264251,11.81102000
22.74364731,7.87401500
22.74465211,3.93700800
22.74565691,3.93700800
22.74666171,7.87401500
22.74766651,-11.81102000
22.74867131,3.93700800
22.74967611,0.00000000
22.75068091,-3.93700800
22.75168571,-3.93700800
22.75269051,7.87401500
22.75369531,11.81102000
22.75470011,7.87401500
22.75570491,15.74803000
22.75670971,15.74803000
22.75771451,7.87401500
22.75871931,7.87401500
22.75972411,7.87401500
22.76072891,11.81102000
22.76173371,11.81102000
22.76273851,11.81102000
22.76374331,7.87401500
22.76474811,7.87401500
22.76575291,7.87401500
22.76675771,7.87401500
22.76776251,3.93700800
22.76876731,7.87401500
22.76977211,11.81102000
22.77077691,7.87401500
22.77178171,11.81102000
22.77278651,7.87401500
22.77379131,7.87401500
22.77479611,7.87401500
22.77580091,7.87401500
22.77680571,7.87401500
22.77781051,7.87401500
22.77881531,7.87401500
22.77982011,3.93700800
22.78082491,7.87401500
22.78182971,7.87401500
22.78283451,7.87401500
22.78383931,3.93700800
22.78484411,3.93700800
22.78584891,7.87401500
22.78685371,-3.93700800
22.78785851,-3.93700800
22.78886331,0.00000000
22.78986811,0.00000000
22.79087291,0.00000000
22.79187771,7.87401500
22.79288251,7.87401500
22.79388731,7.87401500
22.79489211,11.81102000
22.79589691,11.81102000
22.79690171,7.87401500
22.79790651,7.87401500
22.79891131,3.93700800
22.79991611,3.93700800
22.80092091,7.87401500
22.80192571,11.81102000
22.80293051,7.87401500
22.80393531,7.87401500
22.80494011,7.87401500
22.80594491,7.87401500
22.80694971,11.81102000
22.80795451,7.87401500
22.80895931,3.93700800
22.80996411,11.81102000
22.81096891,7.87401500
22.81197371,7.87401500
22.81297851,7.87401500
22.81398331,7.87401500
22.81498811,7.87401500
22.81599291,3.93700800
22.81699771,3.93700800
22.81800251,3.93700800
22.81900731,7.87401500
22.82001211,7.87401500
22.82101691,7.87401500
22.82202171,7.87401500
22.82302651,7.87401500
22.82403131,7.87401500
22.82503611,3.93700800
22.82604091,7.87401500
22.82704571,11.81102000
22.82805051,3.93700800
22.82905531,3.93700800
22.83006011,3.93700800
22.83106491,3.93700800
22.83206971,0.00000000
22.83307451,3.93700800
22.83407931,3.93700800
22.83508411,7.87401500
22.83608891,15.74803000
22.83709371,7.87401500
22.83809851,7.87401500
22.83910331,11.81102000
22.84010811,7.87401500
22.84111291,3.93700800
22.84211771,7.87401500
22.84312251,7.87401500
22.84412731,3.93700800
22.84513211,7.87401500
22.84613691,7.87401500
22.84714171,7.87401500
22.84814651,3.93700800
22.84915131,3.93700800
22.85015611,3.93700800
22.85116091,7.87401500
22.85216571,7.87401500
22.85317051,3.93700800
22.85417531,11.81102000
22.85518011,11.81102000
22.85618491,7.87401500
22.85718971,3.93700800
22.85819451,11.81102000
22.85919931,11.81102000
22.86020410,7.87401500
22.86120890,7.87401500
22.86221370,11.81102000
22.86321850,7.87401500
22.86422330,3.93700800
22.86522810,3.93700800
22.86623290,3.93700800
22.86723770,3.93700800
22.86824250,3.93700800
22.86924730,3.93700800
22.87025210,0.00000000
22.87125690,11.81102000
22.87226170,7.87401500
22.87326650,7.87401500
22.87427130,11.81102000
22.87527610,15.74803000
22.87628090,7.87401500
22.87728570,7.87401500
22.87829050,7.87401500
22.87929530,11.81102000
22.88030010,7.87401500
22.88130490,3.93700800
22.88230970,3.93700800
22.88331450,7.87401500
22.88431930,11.81102000
22.88532410,3.93700800
22.88632890,7.87401500
22.88733370,7.87401500
22.88833850,7.87401500
22.88934330,3.93700800
22.89034810,3.93700800
22.89135290,7.87401500
22.89235770,3.93700800
22.89336250,7.87401500
22.89436730,11.81102000
22.89537210,7.87401500
22.89637690,0.00000000
22.89738170,7.87401500
22.89838650,0.00000000
22.89939130,11.81102000
22.90039610,7.87401500
22.90140090,3.93700800
22.90240570,7.87401500
22.90341050,3.93700800
22.90441530,3.93700800
22.90542010,11.81102000
22.90642490,11.81102000
22.90742970,3.93700800
22.90843450,3.93700800
22.90943930,0.00000000
22.91044410,0.00000000
22.91144890,3.93700800
22.91245370,3.93700800
22.91345850,3.93700800
22.91446330,3.93700800
22.91546810,15.74803000
22.91647290,7.87401500
22.91747770,3.93700800
22.91848250,11.81102000
22.91948730,7.87401500
22.92049210,7.87401500
22.92149690,7.87401500
22.92250170,15.74803000
22.92350650,3.93700800
22.92451130,3.93700800
22.92551610,7.87401500
22.92652090,11.81102000
22.92752570,7.87401500
22.92853050,11.81102000
22.92953530,3.93700800
22.93054010,3.93700800
22.93154490,3.93700800
22.93254970,7.87401500
22.93355450,3.93700800
22.93455930,7.87401500
22.93556410,7.87401500
22.93656890,3.93700800
22.93757370,3.93700800
22.93857850,7.87401500
22.93958330,7.87401500
22.94058810,7.87401500
22.94159290,3.93700800
22.94259770,7.87401500
22.94360250,7.87401500
22.94460730,-3.93700800
22.94561210,-3.93700800
22.94661690,0.00000000
22.94762170,-3.93700800
22.94862650,7.87401500
22.94963130,3.93700800
22.95063610,3.93700800
22.95164090,11.81102000
22.95264570,11.81102000
22.95365050,7.87401500
22.95465530,15.74803000
22.95566010,11.81102000
22.95666490,11.81102000
22.95766970,11.81102000
22.95867450,3.93700800
22.95967930,11.81102000
22.96068410,11.81102000
22.96168890,7.87401500
22.96269370,0.00000000
22.96369850,11.81102000
22.96470330,15.74803000
22.96570810,7.87401500
22.96671290,7.87401500
22.96771770,11.81102000
22.96872250,3.93700800
22.96972730,15.74803000
22.97073210,7.87401500
22.97173690,11.81102000
22.97274170,7.87401500
22.97374650,7.87401500
22.97475130,7.87401500
22.97575610,15.74803000
22.97676090,7.87401500
22.97776570,7.87401500
22.97877050,-7.87401500
22.97977530,-3.93700800
22.98078010,3.93700800
22.98178490,3.93700800
22.98278970,3.93700800
22.98379450,7.87401500
22.98479930,11.81102000
22.98580410,7.87401500
22.98680890,7.87401500
22.98781370,11.81102000
22.98881850,7.87401500
22.98982330,7.87401500
22.99082810,15.74803000
22.99183290,7.87401500
22.99283770,3.93700800
22.99384250,3.93700800
22.99484730,3.93700800
22.99585210,7.87401500
22.99685690,15.74803000
22.99786170,11.81102000
22.99886650,11.81102000
22.99987130,7.87401500
23.00087610,7.87401500
23.00188090,7.87401500
23.00288570,7.87401500
23.00389050,11.81102000
23.00489530,7.87401500
23.00590010,11.81102000
23.00690490,7.87401500
23.00790970,7.87401500
23.00891450,15.74803000
23.00991930,3.93700800
23.01092410,3.93700800
23.01192890,0.00000000
23.01293370,23.62205000
23.01393850,7.87401500
23.01494330,11.81102000
23.01594810,0.00000000
23.01695290,0.00000000
23.01795770,-3.93700800
23.01896250,3.93700800
23.01996730,3.93700800
23.02097210,3.93700800
23.02197690,7.87401500
23.02298170,7.87401500
23.02398650,7.87401500
23.02499130,7.87401500
23.02599610,7.87401500
23.02700090,-3.93700800
23.02800570,3.93700800
23.02901050,7.87401500
23.03001530,7.87401500
23.03102010,7.87401500
23.03202490,7.87401500
23.03302970,3.93700800
23.03403450,7.87401500
23.03503930,3.93700800
23.03604410,3.93700800
23.03704890,7.87401500
23.03805370,7.87401500
23.03905850,7.87401500
23.04006330,3.93700800
23.04106810,11.81102000
23.04207290,3.93700800
23.04307770,0.00000000
23.04408250,3.93700800
23.04508730,3.93700800
23.04609210,11.81102000
23.04709690,3.93700800
23.04810170,11.81102000
23.04910650,11.81102000
23.05011130,3.93700800
23.05111610,7.87401500
23.05212090,3.93700800
23.05312570,7.87401500
23.05413050,3.93700800
23.05513530,7.87401500
23.05614010,7.87401500
23.05714490,3.93700800
23.05814970,3.93700800
23.05915450,0.00000000
23.06015930,0.00000000
23.06116410,3.93700800
23.06216890,3.93700800
23.06317370,7.87401500
23.06417850,7.87401500
23.06518330,3.93700800
23.06618810,7.87401500
23.06719290,11.81102000
23.06819770,7.87401500
23.06920250,7.87401500
23.07020730,11.81102000
23.07121210,3.93700800
23.07221690,3.93700800
23.07322170,3.93700800
23.07422650,7.87401500
23.07523130,3.93700800
23.07623610,0.00000000
23.07724090,0.00000000
23.07824570,3.93700800
23.07925050,11.81102000
23.08025530,11.81102000
23.08126010,3.93700800
23.08226490,3.93700800
23.08326970,11.81102000
23.08427450,7.87401500
23.08527930,3.93700800
23.08628410,7.87401500
23.08728890,11.81102000
23.08829370,7.87401500
23.08929850,7.87401500
23.09030330,7.87401500
23.09130810,7.87401500
23.09231290,0.00000000
23.09331770,3.93700800
23.09432250,7.87401500
23.09532730,3.93700800
23.09633210,11.81102000
23.09733690,7.87401500
23.09834170,-7.87401500
23.09934650,3.93700800
23.10035130,0.00000000
23.10135610,3.93700800
23.10236090,3.93700800
23.10336570,7.87401500
23.10437050,7.87401500
23.10537530,7.87401500
23.10638010,7.87401500
23.10738490,-7.87401500
23.10838970,3.93700800
23.10939450,7.87401500
23.11039930,23.62205000
23.11140410,3.93700800
23.11240890,7.87401500
23.11341370,7.87401500
23.11441850,15.74803000
23.11542330,7.87401500
23.11642810,7.87401500
23.11743290,11.81102000
23.11843770,7.87401500
23.11944250,3.93700800
23.12044730,7.87401500
23.12145210,11.81102000
23.12245690,11.81102000
23.12346170,11.81102000
23.12446650,11.81102000
23.12547130,7.87401500
23.12647610,0.00000000
23.12748090,7.87401500
23.12848570,11.81102000
23.12949050,7.87401500
23.13049530,3.93700800
23.13150010,7.87401500
23.13250490,7.87401500
23.13350970,11.81102000
23.13451450,11.81102000
23.13551930,7.87401500
23.13652410,11.81102000
23.13752890,3.93700800
23.13853370,0.00000000
23.13953850,3.93700800
23.14054330,0.00000000
23.14154810,3.93700800
23.14255290,3.93700800
23.14355770,3.93700800
23.14456250,7.87401500
23.14556730,7.87401500
23.14657210,7.87401500
23.14757690,7.87401500
23.14858170,15.74803000
23.14958650,7.87401500
23.15059130,15.74803000
23.15159610,7.87401500
23.15260090,11.81102000
23.15360570,15.74803000
23.15461050,7.87401500
23.15561530,7.87401500
23.15662010,3.93700800
23.15762490,3.93700800
23.15862970,7.87401500
23.15963450,7.87401500
23.16063930,7.87401500
23.16164410,7.87401500
23.16264890,11.81102000
23.16365370,11.81102000
23.16465850,7.87401500
23.16566330,7.87401500
23.16666810,7.87401500
23.16767290,7.87401500
23.16867770,7.87401500
23.16968250,3.93700800
23.17068730,7.87401500
23.17169210,7.87401500
23.17269690,7.87401500
23.17370170,7.87401500
23.17470650,7.87401500
23.17571130,0.00000000
23.17671610,0.00000000
23.17772090,0.00000000
23.17872570,3.93700800
23.17973050,3.93700800
23.18073530,3.93700800
23.18174010,11.81102000
23.18274490,11.81102000
23.18374970,7.87401500
23.18475450,7.87401500
23.18575930,3.93700800
23.18676410,7.87401500
23.18776890,11.81102000
23.18877369,7.87401500
23.18977849,7.87401500
23.19078329,0.00000000
23.19178809,11.81102000
23.19279289,11.81102000
23.19379769,3.93700800
23.19480249,3.93700800
23.19580729,7.87401500
23.19681209,7.87401500
23.19781689,7.87401500
23.19882169,7.87401500
23.19982649,0.00000000
23.20083129,11.81102000
23.20183609,7.87401500
23.20284089,7.87401500
23.20384569,7.87401500
23.20485049,-7.87401500
23.20585529,7.87401500
23.20686009,3.93700800
23.20786489,11.81102000
23.20886969,7.87401500
23.20987449,11.81102000
23.21087929,7.87401500
23.21188409,3.93700800
23.21288889,3.93700800
23.21389369,7.87401500
23.21489849,3.93700800
23.21590329,-3.93700800
23.21690809,3.93700800
23.21791289,3.93700800
23.21891769,-3.93700800
23.21992249,3.93700800
23.22092729,7.87401500
23.22193209,7.87401500
23.22293689,7.87401500
23.22394169,11.81102000
23.22494649,7.87401500
23.22595129,11.81102000
23.22695609,7.87401500
23.22796089,7.87401500
23.22896569,7.87401500
23.22997049,7.87401500
23.23097529,7.87401500
23.23198009,7.87401500
23.23298489,7.87401500
23.23398969,3.93700800
23.23499449,7.87401500
23.23599929,7.87401500
23.23700409,7.87401500
23.23800889,7.87401500
23.23901369,7.87401500
23.24001849,0.00000000
23.24102329,11.81102000
23.24202809,7.87401500
23.24303289,3.93700800
23.24403769,7.87401500
23.24504249,7.87401500
23.24604729,3.93700800
23.24705209,3.93700800
23.24805689,7.87401500
23.24906169,3.93700800
23.25006649,7.87401500
23.25107129,11.81102000
23.25207609,7.87401500
23.25308089,7.87401500
23.25408569,0.00000000
23.25509049,0.00000000
23.25609529,-7.87401500
23.25710009,7.87401500
23.25810489,0.00000000
23.25910969,3.93700800
23.26011449,7.87401500
23.26111929,7.87401500
23.26212409,7.87401500
23.26312889,7.87401500
23.26413369,7.87401500
23.26513849,7.87401500
23.26614329,7.87401500
23.26714809,7.87401500
23.26815289,7.87401500
23.26915769,3.93700800
23.27016249,7.87401500
23.27116729,3.93700800
23.27217209,3.93700800
23.27317689,7.87401500
23.27418169,3.93700800
23.27518649,15.74803000
23.27619129,11.81102000
23.27719609,7.87401500
23.27820089,7.87401500
23.27920569,7.87401500
23.28021049,3.93700800
23.28121529,7.87401500
23.28222009,11.81102000
23.28322489,15.74803000
23.28422969,7.87401500
23.28523449,7.87401500
23.28623929,11.81102000
23.28724409,3.93700800
23.28824889,7.87401500
23.28925369,3.93700800
23.29025849,7.87401500
23.29126329,7.87401500
23.29226809,7.87401500
23.29327289,0.00000000
23.29427769,0.00000000
23.29528249,3.93700800
23.29628729,0.00000000
23.29729209,3.93700800
23.29829689,3.93700800
23.29930169,7.87401500
23.30030649,7.87401500
23.30131129,7.87401500
23.30231609,0.00000000
23.30332089,0.00000000
23.30432569,3.93700800
23.30533049,15.74803000
23.30633529,3.93700800
23.30734009,3.93700800
23.30834489,11.81102000
23.30934969,3.93700800
23.31035449,7.87401500
23.31135929,7.87401500
23.31236409,11.81102000
23.31336889,7.87401500
23.31437369,11.81102000
23.31537849,7.87401500
23.31638329,7.87401500
23.31738809,7.87401500
23.31839289,7.87401500
23.31939769,3.93700800
23.32040249,3.93700800
23.32140729,7.87401500
23.32241209,7.87401500
23.32341689,7.87401500
23.32442169,11.81102000
23.32542649,7.87401500
23.32643129,7.87401500
23.32743609,7.87401500
23.32844089,15.74803000
23.32944569,11.81102000
23.33045049,7.87401500
23.33145529,11.81102000
23.33246009,3.93700800
23.33346489,3.93700800
23.33446969,3.93700800
23.33547449,-7.87401500
23.33647929,0.00000000
23.33748409,3.93700800
23.33848889,7.87401500
23.33949369,3.93700800
23.34049849,15.74803000
23.34150329,15.74803000
23.34250809,3.93700800
23.34351289,11.81102000
23.34451769,7.87401500
23.34552249,11.81102000
23.34652729,7.87401500
23.34753209,11.81102000
23.34853689,11.81102000
23.34954169,7.87401500
23.35054649,7.87401500
23.35155129,7.87401500
23.35255609,7.87401500
23.35356089,7.87401500
23.35456569,15.74803000
23.35557049,3.93700800
23.35657529,11.81102000
23.35758009,7.87401500
23.35858489,7.87401500
23.35958969,7.87401500
23.36059449,7.87401500
23.36159929,7.87401500
23.36260409,7.87401500
23.36360889,11.81102000
23.36461369,11.81102000
23.36561849,11.81102000
23.36662329,7.87401500
23.36762809,3.93700800
23.36863289,3.93700800
23.36963769,3.93700800
23.37064249,15.74803000
23.37164729,7.87401500
23.37265209,7.87401500
23.37365689,3.93700800
23.37466169,3.93700800
23.37566649,0.00000000
23.37667129,3.93700800
23.37767609,3.93700800
23.37868089,7.87401500
23.37968569,7.87401500
23.38069049,7.87401500
23.38169529,11.81102000
23.38270009,7.87401500
23.38370489,3.93700800
23.38470969,3.93700800
23.38571449,11.81102000
23.38671929,7.87401500
23.38772409,7.87401500
23.38872889,11.81102000
23.38973369,11.81102000
23.39073849,11.81102000
23.39174329,7.87401500
23.39274809,7.87401500
23.39375289,3.93700800
23.39475769,7.87401500
23.39576249,11.81102000
23.39676729,3.93700800
23.39777209,7.87401500
23.39877689,7.87401500
23.39978169,0.00000000
23.40078649,3.93700800
23.40179129,3.93700800
23.40279609,7.87401500
23.40380089,7.87401500
23.40480569,3.93700800
23.40581049,7.87401500
23.40681529,11.81102000
23.40782009,7.87401500
23.40882489,7.87401500
23.40982969,7.87401500
23.41083449,11.81102000
23.41183929,7.87401500
23.41284409,3.93700800
23.41384889,3.93700800
23.41485369,3.93700800
23.41585849,7.87401500
23.41686329,3.93700800
23.41786809,7.87401500
23.41887289,3.93700800
23.41987769,7.87401500
23.42088249,11.81102000
23.42188729,7.87401500
23.42289209,7.87401500
23.42389689,11.81102000
23.42490169,7.87401500
23.42590649,3.93700800
23.42691129,7.87401500
23.42791609,3.93700800
23.42892089,7.87401500
23.42992569,7.87401500
23.43093049,7.87401500
23.43193529,7.87401500
23.43294009,3.93700800
23.43394489,3.93700800
23.43494969,0.00000000
23.43595449,15.74803000
23.43695929,3.93700800
23.43796409,7.87401500
23.43896889,7.87401500
23.43997369,7.87401500
23.44097849,7.87401500
23.44198329,7.87401500
23.44298809,15.74803000
23.44399289,3.93700800
23.44499769,7.87401500
23.44600249,11.81102000
23.44700729,7.87401500
23.44801209,7.87401500
23.44901689,3.93700800
23.45002169,3.93700800
23.45102649,0.00000000
23.45203129,3.93700800
23.45303609,3.93700800
23.45404089,3.93700800
23.45504569,7.87401500
23.45605049,3.93700800
23.45705529,7.87401500
23.45806009,7.87401500
23.45906489,7.87401500
23.46006969,7.87401500
23.46107449,7.87401500
23.46207929,7.87401500
23.46308409,7.87401500
23.46408889,7.87401500
23.46509369,7.87401500
23.46609849,3.93700800
23.46710329,7.87401500
23.46810809,7.87401500
23.46911289,3.93700800
23.47011769,11.81102000
23.47112249,7.87401500
23.47212729,11.81102000
23.47313209,3.93700800
23.47413689,7.87401500
23.47514169,11.81102000
23.47614649,7.87401500
23.47715129,3.93700800
23.47815609,7.87401500
23.47916089,7.87401500
23.48016569,3.93700800
23.48117049,3.93700800
23.48217529,7.87401500
23.48318009,3.93700800
23.48418489,3.93700800
23.48518969,11.81102000
23.48619449,7.87401500
23.48719929,7.87401500
23.48820409,7.87401500
23.48920889,11.81102000
23.49021369,-3.93700800
23.49121849,7.87401500
23.49222329,3.93700800
23.49322809,3.93700800
23.49423289,7.87401500
23.49523769,7.87401500
23.49624249,7.87401500
23.49724729,3.93700800
23.49825209,7.87401500
23.49925689,3.93700800
23.50026169,7.87401500
23.50126649,11.81102000
23.50227129,7.87401500
23.50327609,15.74803000
23.50428089,7.87401500
23.50528569,7.87401500
23.50629049,7.87401500
23.50729529,11.81102000
23.50830009,7.87401500
23.50930489,3.93700800
23.51030969,7.87401500
23.51131449,11.81102000
23.51231929,7.87401500
23.51332409,3.93700800
23.51432889,3.93700800
23.51533369,3.93700800
23.51633849,23.62205000
23.51734328,7.87401500
23.51834808,7.87401500
23.51935288,7.87401500
23.52035768,7.87401500
23.52136248,3.93700800
23.52236728,7.87401500
23.52337208,7.87401500
23.52437688,7.87401500
23.52538168,7.87401500
23.52638648,11.81102000
23.52739128,7.87401500
23.52839608,3.93700800
23.52940088,0.00000000
23.53040568,-3.93700800
23.53141048,7.87401500
23.53241528,7.87401500
23.53342008,7.87401500
23.53442488,3.93700800
23.53542968,7.87401500
23.53643448,15.74803000
23.53743928,15.74803000
23.53844408,11.81102000
23.53944888,3.93700800
23.54045368,15.74803000
23.54145848,3.93700800
23.54246328,7.87401500
23.54346808,7.87401500
23.54447288,11.81102000
23.54547768,7.87401500
23.54648248,0.00000000
23.54748728,3.93700800
23.54849208,7.87401500
23.54949688,7.87401500
23.55050168,3.93700800
23.55150648,11.81102000
23.55251128,7.87401500
23.55351608,7.87401500
23.55452088,7.87401500
23.55552568,11.81102000
23.55653048,3.93700800
23.55753528,7.87401500
23.55854008,15.74803000
23.55954488,3.93700800
23.56054968,7.87401500
23.56155448,11.81102000
23.56255928,0.00000000
23.56356408,7.87401500
23.56456888,7.87401500
23.56557368,7.87401500
23.56657848,3.93700800
23.56758328,0.00000000
23.56858808,3.93700800
23.56959288,3.93700800
23.57059768,7.87401500
23.57160248,7.87401500
23.57260728,7.87401500
23.57361208,11.81102000
23.57461688,7.87401500
23.57562168,11.81102000
23.57662648,7.87401500
23.57763128,7.87401500
23.57863608,11.81102000
23.57964088,3.93700800
23.58064568,3.93700800
23.58165048,7.87401500
23.58265528,11.81102000
23.58366008,11.81102000
23.58466488,11.81102000
23.58566968,3.93700800
23.58667448,7.87401500
23.58767928,3.93700800
23.58868408,7.87401500
23.58968888,11.81102000
23.59069368,19.68504000
23.59169848,7.87401500
23.59270328,11.81102000
23.59370808,7.87401500
23.59471288,3.93700800
23.59571768,7.87401500
23.59672248,7.87401500
23.59772728,11.81102000
23.59873208,7.87401500
23.59973688,7.87401500
23.60074168,7.87401500
23.60174648,7.87401500
23.60275128,11.81102000
23.60375608,11.81102000
23.60476088,11.81102000
23.60576568,7.87401500
23.60677048,3.93700800
23.60777528,3.93700800
23.60878008,7.87401500
23.60978488,3.93700800
23.61078968,-3.93700800
23.61179448,3.93700800
23.61279928,3.93700800
23.61380408,27.55905000
23.61480888,7.87401500
23.61581368,7.87401500
23.61681848,11.81102000
23.61782328,15.74803000
23.61882808,7.87401500
23.61983288,7.87401500
23.62083768,11.81102000
23.62184248,7.87401500
23.62284728,7.87401500
23.62385208,7.87401500
23.62485688,7.87401500
23.62586168,3.93700800
23.62686648,3.93700800
23.62787128,7.87401500
23.62887608,7.87401500
23.62988088,3.93700800
23.63088568,11.81102000
23.63189048,7.87401500
23.63289528,11.81102000
23.63390008,7.87401500
23.63490488,11.81102000
23.63590968,7.87401500
23.63691448,7.87401500
23.63791928,11.81102000
23.63892408,7.87401500
23.63992888,7.87401500
23.64093368,11.81102000
23.64193848,7.87401500
23.64294328,7.87401500
23.64394808,3.93700800
23.64495288,11.81102000
23.64595768,-3.93700800
23.64696248,3.93700800
23.64796728,7.87401500
23.64897208,7.87401500
23.64997688,3.93700800
23.65098168,7.87401500
23.65198648,3.93700800
23.65299128,11.81102000
23.65399608,7.87401500
23.65500088,7.87401500
23.65600568,11.81102000
23.65701048,11.81102000
23.65801528,15.74803000
23.65902008,11.81102000
23.66002488,0.00000000
23.66102968,3.93700800
23.66203448,7.87401500
23.66303928,7.87401500
23.66404408,7.87401500
23.66504888,11.81102000
23.66605368,3.93700800
23.66705848,7.87401500
23.66806328,11.81102000
23.66906808,3.93700800
23.67007288,7.87401500
23.67107768,15.74803000
23.67208248,3.93700800
23.67308728,7.87401500
23.67409208,7.87401500
23.67509688,7.87401500
23.67610168,0.00000000
23.67710648,7.87401500
23.67811128,3.93700800
23.67911608,7.87401500
23.68012088,7.87401500
23.68112568,11.81102000
23.68213048,11.81102000
23.68313528,7.87401500
23.68414008,7.87401500
23.68514488,0.00000000
23.68614968,0.00000000
23.68715448,3.93700800
23.68815928,3.93700800
23.68916408,7.87401500
23.69016888,11.81102000
23.69117368,11.81102000
23.69217848,7.87401500
23.69318328,11.81102000
23.69418808,7.87401500
23.69519288,7.87401500
23.69619768,3.93700800
23.69720248,7.87401500
23.69820728,7.87401500
23.69921208,7.87401500
23.70021688,7.87401500
23.70122168,11.81102000
23.70222648,7.87401500
23.70323128,7.87401500
23.70423608,7.87401500
23.70524088,7.87401500
23.70624568,7.87401500
23.70725048,7.87401500
23.70825528,-7.87401500
23.70926008,7.87401500
23.71026488,7.87401500
23.71126968,7.87401500
23.71227448,3.93700800
23.71327928,7.87401500
23.71428408,3.93700800
23.71528888,7.87401500
23.71629368,7.87401500
23.71729848,7.87401500
23.71830328,11.81102000
23.71930808,7.87401500
23.72031288,7.87401500
23.72131768,7.87401500
23.72232248,11.81102000
23.72332728,7.87401500
23.72433208,3.93700800
23.72533688,0.00000000
23.72634168,3.93700800
23.72734648,0.00000000
23.72835128,7.87401500
23.72935608,11.81102000
23.73036088,7.87401500
23.73136568,7.87401500
23.73237048,11.81102000
23.73337528,11.81102000
23.73438008,7.87401500
23.73538488,11.81102000
23.73638968,7.87401500
23.73739448,7.87401500
23.73839928,7.87401500
23.73940408,11.81102000
23.74040888,7.87401500
23.74141368,3.93700800
23.74241848,3.93700800
23.74342328,3.93700800
23.74442808,11.81102000
23.74543288,7.87401500
23.74643768,7.87401500
23.74744248,7.87401500
23.74844728,11.81102000
23.74945208,11.81102000
23.75045688,3.93700800
23.75146168,7.87401500
23.75246648,7.87401500
23.75347128,11.81102000
23.75447608,11.81102000
23.75548088,7.87401500
23.75648568,0.00000000
23.75749048,3.93700800
23.75849528,3.93700800
23.75950008,7.87401500
23.76050488,0.00000000
23.76150968,0.00000000
23.76251448,3.93700800
23.76351928,3.93700800
23.76452408,3.93700800
23.76552888,7.87401500
23.76653368,11.81102000
23.76753848,3.93700800
23.76854328,11.81102000
23.76954808,11.81102000
23.77055288,7.87401500
23.77155768,7.87401500
23.77256248,7.87401500
23.77356728,11.81102000
23.77457208,3.93700800
23.77557688,7.87401500
23.77658168,7.87401500
23.77758648,7.87401500
23.77859128,7.87401500
23.77959608,15.74803000
23.78060088,7.87401500
23.78160568,7.87401500
23.78261048,15.74803000
23.78361528,7.87401500
23.78462008,3.93700800
23.78562488,11.81102000
23.78662968,11.81102000
23.78763448,11.81102000
23.78863928,11.81102000
23.78964408,3.93700800
23.79064888,3.93700800
23.79165368,3.93700800
23.79265848,11.81102000
23.79366328,11.81102000
23.79466808,7.87401500
23.79567288,11.81102000
23.79667768,7.87401500
23.79768248,15.74803000
23.79868728,11.81102000
23.79969208,19.68504000
23.80069688,3.93700800
23.80170168,7.87401500
23.80270648,3.93700800
23.80371128,3.93700800
23.80471608,11.81102000
23.80572088,0.00000000
23.80672568,11.81102000
23.80773048,7.87401500
23.80873528,11.81102000
23.80974008,3.93700800
23.81074488,7.87401500
23.81174968,7.87401500
23.81275448,11.81102000
23.81375928,3.93700800
23.81476408,7.87401500
23.81576888,7.87401500
23.81677368,7.87401500
23.81777848,11.81102000
23.81878328,7.87401500
23.81978808,11.81102000
23.82079288,11.81102000
23.82179768,3.93700800
23.82280248,0.00000000
23.82380728,7.87401500
23.82481208,3.93700800
23.82581688,3.93700800
23.82682168,7.87401500
23.82782648,7.87401500
23.82883128,11.81102000
23.82983608,3.93700800
23.83084088,7.87401500
23.83184568,3.93700800
23.83285048,3.93700800
23.83385528,7.87401500
23.83486008,7.87401500
23.83586488,7.87401500
23.83686968,7.87401500
23.83787448,7.87401500
23.83887928,-3.93700800
23.83988408,-3.93700800
23.84088888,3.93700800
23.84189368,7.87401500
23.84289848,7.87401500
23.84390328,3.93700800
23.84490808,7.87401500
23.84591288,0.00000000
23.84691767,11.81102000
23.84792247,7.87401500
23.84892727,7.87401500
23.84993207,11.81102000
23.85093687,7.87401500
23.85194167,3.93700800
23.85294647,11.81102000
23.85395127,7.87401500
23.85495607,3.93700800
23.85596087,3.93700800
23.85696567,7.87401500
23.85797047,7.87401500
23.85897527,11.81102000
23.85998007,3.93700800
23.86098487,3.93700800
23.86198967,7.87401500
23.86299447,11.81102000
23.86399927,7.87401500
23.86500407,-3.93700800
23.86600887,15.74803000
23.86701367,7.87401500
23.86801847,7.87401500
23.86902327,7.87401500
23.87002807,7.87401500
23.87103287,7.87401500
23.87203767,0.00000000
23.87304247,3.93700800
23.87404727,7.87401500
23.87505207,3.93700800
23.87605687,0.00000000
23.87706167,3.93700800
23.87806647,3.93700800
23.87907127,3.93700800
23.88007607,3.93700800
23.88108087,7.87401500
23.88208567,7.87401500
23.88309047,7.87401500
23.88409527,11.81102000
23.88510007,11.81102000
23.88610487,7.87401500
23.88710967,7.87401500
23.88811447,7.87401500
23.88911927,7.87401500
23.89012407,11.81102000
23.89112887,7.87401500
23.89213367,11.81102000
23.89313847,11.81102000
23.89414327,11.81102000
23.89514807,11.81102000
23.89615287,11.81102000
23.89715767,11.81102000
23.89816247,7.87401500
23.89916727,11.81102000
23.90017207,7.87401500
23.90117687,11.81102000
23.90218167,15.74803000
23.90318647,3.93700800
23.90419127,7.87401500
23.90519607,3.93700800
23.90620087,11.81102000
23.90720567,7.87401500
23.90821047,11.81102000
23.90921527,11.81102000
23.91022007,7.87401500
23.91122487,7.87401500
23.91222967,7.87401500
23.91323447,7.87401500
23.91423927,7.87401500
23.91524407,7.87401500
23.91624887,3.93700800
23.91725367,11.81102000
23.91825847,0.00000000
23.91926327,11.81102000
23.92026807,0.00000000
23.92127287,7.87401500
23.92227767,15.74803000
23.92328247,11.81102000
23.92428727,11.81102000
23.92529207,11.81102000
23.92629687,7.87401500
23.92730167,11.81102000
23.92830647,3.93700800
23.92931127,19.68504000
23.93031607,11.81102000
23.93132087,7.87401500
23.93232567,11.81102000
23.93333047,7.87401500
23.93433527,7.87401500
23.93534007,15.74803000
23.93634487,3.93700800
23.93734967,7.87401500
23.93835447,0.00000000
23.93935927,7.87401500
23.94036407,7.87401500
23.94136887,15.74803000
23.94237367,11.81102000
23.94337847,7.87401500
23.94438327,7.87401500
23.94538807,7.87401500
23.94639287,11.81102000
23.94739767,7.87401500
23.94840247,11.81102000
23.94940727,7.87401500
23.95041207,15.74803000
23.95141687,7.87401500
23.95242167,7.87401500
23.95342647,11.81102000
23.95443127,0.00000000
23.95543607,7.87401500
23.95644087,7.87401500
23.95744567,3.93700800
23.95845047,15.74803000
23.95945527,7.87401500
23.96046007,15.74803000
23.96146487,7.87401500
23.96246967,11.81102000
23.96347447,7.87401500
23.96447927,7.87401500
23.96548407,7.87401500
23.96648887,11.81102000
23.96749367,15.74803000
23.96849847,3.93700800
23.96950327,3.93700800
23.97050807,7.87401500
23.97151287,3.93700800
23.97251767,7.87401500
23.97352247,7.87401500
23.97452727,7.87401500
23.97553207,7.87401500
23.97653687,7.87401500
23.97754167,7.87401500
23.97854647,7.87401500
23.97955127,7.87401500
23.98055607,7.87401500
23.98156087,11.81102000
23.98256567,7.87401500
23.98357047,7.87401500
23.98457527,3.93700800
23.98558007,3.93700800
23.98658487,7.87401500
23.98758967,3.93700800
23.98859447,11.81102000
23.98959927,7.87401500
23.99060407,7.87401500
23.99160887,0.00000000
23.99261367,3.93700800
23.99361847,3.93700800
23.99462327,3.93700800
23.99562807,7.87401500
23.99663287,3.93700800
23.99763767,7.87401500
23.99864247,7.87401500
23.99964727,7.87401500
24.00065207,3.93700800
24.00165687,7.87401500
24.00266167,3.93700800
24.00366647,11.81102000
24.00467127,7.87401500
24.00567607,7.87401500
24.00668087,7.87401500
24.00768567,7.87401500
24.00869047,7.87401500
24.00969527,7.87401500
24.01070007,11.81102000
24.01170487,3.93700800
24.01270967,3.93700800
24.01371447,11.81102000
24.01471927,7.87401500
24.01572407,7.87401500
24.01672887,0.00000000
24.01773367,11.81102000
24.01873847,3.93700800
24.01974327,19.68504000
24.02074807,11.81102000
24.02175287,7.87401500
24.02275767,7.87401500
24.02376247,15.74803000
24.02476727,7.87401500
24.02577207,7.87401500
24.02677687,7.87401500
24.02778167,11.81102000
24.02878647,7.87401500
24.02979127,11.81102000
24.03079607,23.62205000
24.03180087,3.93700800
24.03280567,0.00000000
24.03381047,0.00000000
24.03481527,0.00000000
24.03582007,7.87401500
24.03682487,11.81102000
24.03782967,11.81102000
24.03883447,11.81102000
24.03983927,7.87401500
24.04084407,7.87401500
24.04184887,7.87401500
24.04285367,7.87401500
24.04385847,7.87401500
24.04486327,7.87401500
24.04586807,11.81102000
24.04687287,3.93700800
24.04787767,3.93700800
24.04888247,11.81102000
24.04988727,11.81102000
24.05089207,7.87401500
24.05189687,7.87401500
24.05290167,11.81102000
24.05390647,11.81102000
24.05491127,11.81102000
24.05591607,7.87401500
24.05692087,7.87401500
24.05792567,3.93700800
24.05893047,11.81102000
24.05993527,3.93700800
24.06094007,7.87401500
24.06194487,11.81102000
24.06294967,7.87401500
24.06395447,11.81102000
24.06495927,7.87401500
24.06596407,0.00000000
24.06696887,3.93700800
24.06797367,0.00000000
24.06897847,7.87401500
24.06998327,3.93700800
24.07098807,3.93700800
24.07199287,0.00000000
24.07299767,7.87401500
24.07400247,7.87401500
24.07500727,7.87401500
24.07601207,7.87401500
24.07701687,11.81102000
24.07802167,7.87401500
24.07902647,7.87401500
24.08003127,7.87401500
24.08103607,15.74803000
24.08204087,3.93700800
24.08304567,3.93700800
24.08405047,7.87401500
24.08505527,11.81102000
24.08606007,11.81102000
24.08706487,11.81102000
24.08806967,11.81102000
24.08907447,7.87401500
24.09007927,15.74803000
24.09108407,7.87401500
24.09208887,7.87401500
24.09309367,7.87401500
24.09409847,11.81102000
24.09510327,15.74803000
24.09610807,7.87401500
24.09711287,11.81102000
24.09811767,3.93700800
24.09912247,7.87401500
24.10012727,3.93700800
24.10113207,11.81102000
24.10213687,7.87401500
24.10314167,7.87401500
24.10414647,11.81102000
24.10515127,7.87401500
24.10615607,11.81102000
24.10716087,3.93700800
24.10816567,0.00000000
24.10917047,3.93700800
24.11017527,7.87401500
24.11118007,3.93700800
24.11218487,7.87401500
24.11318967,7.87401500
24.11419447,0.00000000
24.11519927,3.93700800
24.11620407,7.87401500
24.11720887,23.62205000
24.11821367,11.81102000
24.11921847,11.81102000
24.12022327,11.81102000
24.12122807,7.87401500
24.12223287,7.87401500
24.12323767,7.87401500
24.12424247,7.87401500
24.12524727,11.81102000
24.12625207,11.81102000
24.12725687,7.87401500
24.12826167,11.81102000
24.12926647,7.87401500
24.13027127,11.81102000
24.13127607,3.93700800
24.13228087,3.93700800
24.13328567,7.87401500
24.13429047,7.87401500
24.13529527,7.87401500
24.13630007,7.87401500
24.13730487,7.87401500
24.13830967,7.87401500
24.13931447,7.87401500
24.14031927,7.87401500
24.14132407,3.93700800
24.14232887,7.87401500
24.14333367,7.87401500
24.14433847,11.81102000
24.14534327,0.00000000
24.14634807,0.00000000
24.14735287,0.00000000
24.14835767,3.93700800
24.14936247,3.93700800
24.15036727,7.87401500
24.15137207,7.87401500
24.15237687,11.81102000
24.15338167,7.87401500
24.15438647,7.87401500
24.15539127,15.74803000
24.15639607,7.87401500
24.15740087,11.81102000
24.15840567,15.74803000
24.15941047,3.93700800
24.16041527,7.87401500
24.16142007,7.87401500
24.16242487,7.87401500
24.16342967,7.87401500
24.16443447,7.87401500
24.16543927,7.87401500
24.16644407,11.81102000
24.16744887,11.81102000
24.16845367,7.87401500
24.16945847,7.87401500
24.17046327,11.81102000
24.17146807,7.87401500
24.17247287,7.87401500
24.17347767,11.81102000
24.17448247,7.87401500
24.17548726,11.81102000
24.17649206,7.87401500
24.17749686,7.87401500
24.17850166,7.87401500
24.17950646,3.93700800
24.18051126,3.93700800
24.18151606,7.87401500
24.18252086,3.93700800
24.18352566,7.87401500
24.18453046,7.87401500
24.18553526,3.93700800
24.18654006,7.87401500
24.18754486,3.93700800
24.18854966,7.87401500
24.18955446,11.81102000
24.19055926,7.87401500
24.19156406,11.81102000
24.19256886,11.81102000
24.19357366,11.81102000
24.19457846,7.87401500
24.19558326,11.81102000
24.19658806,7.87401500
24.19759286,7.87401500
24.19859766,15.74803000
24.19960246,11.81102000
24.20060726,3.93700800
24.20161206,7.87401500
24.20261686,3.93700800
24.20362166,15.74803000
24.20462646,11.81102000
24.20563126,7.87401500
24.20663606,7.87401500
24.20764086,11.81102000
24.20864566,11.81102000
24.20965046,11.81102000
24.21065526,11.81102000
24.21166006,-3.93700800
24.21266486,3.93700800
24.21366966,7.87401500
24.21467446,19.68504000
24.21567926,7.87401500
24.21668406,11.81102000
24.21768886,11.81102000
24.21869366,3.93700800
24.21969846,11.81102000
24.22070326,11.81102000
24.22170806,7.87401500
24.22271286,3.93700800
24.22371766,0.00000000
24.22472246,0.00000000
24.22572726,7.87401500
24.22673206,11.81102000
24.22773686,7.87401500
24.22874166,3.93700800
24.22974646,7.87401500
24.23075126,7.87401500
24.23175606,15.74803000
24.23276086,11.81102000
24.23376566,7.87401500
24.23477046,19.68504000
24.23577526,11.81102000
24.23678006,7.87401500
24.23778486,11.81102000
24.23878966,7.87401500
24.23979446,11.81102000
24.24079926,7.87401500
24.24180406,11.81102000
24.24280886,11.81102000
24.24381366,15.74803000
24.24481846,7.87401500
24.24582326,3.93700800
24.24682806,7.87401500
24.24783286,7.87401500
24.24883766,11.81102000
24.24984246,15.74803000
24.25084726,11.81102000
24.25185206,11.81102000
24.25285686,11.81102000
24.25386166,7.87401500
24.25486646,7.87401500
24.25587126,11.81102000
24.25687606,19.68504000
24.25788086,11.81102000
24.25888566,7.87401500
24.25989046,11.81102000
24.26089526,0.00000000
24.26190006,0.00000000
24.26290486,3.93700800
24.26390966,7.87401500
24.26491446,7.87401500
24.26591926,0.00000000
24.26692406,7.87401500
24.26792886,7.87401500
24.26893366,7.87401500
24.26993846,15.74803000
24.27094326,7.87401500
24.27194806,11.81102000
24.27295286,7.87401500
24.27395766,7.87401500
24.27496246,7.87401500
24.27596726,11.81102000
24.27697206,7.87401500
24.27797686,3.93700800
24.27898166,3.93700800
24.27998646,7.87401500
24.28099126,11.81102000
24.28199606,7.87401500
24.28300086,7.87401500
24.28400566,11.81102000
24.28501046,3.93700800
24.28601526,7.87401500
24.28702006,7.87401500
24.28802486,7.87401500
24.28902966,11.81102000
24.29003446,3.93700800
24.29103926,7.87401500
24.29204406,7.87401500
24.29304886,7.87401500
24.29405366,3.93700800
24.29505846,3.93700800
24.29606326,7.87401500
24.29706806,11.81102000
24.29807286,11.81102000
24.29907766,-3.93700800
24.30008246,7.87401500
24.30108726,11.81102000
24.30209206,7.87401500
24.30309686,7.87401500
24.30410166,7.87401500
24.30510646,11.81102000
24.30611126,3.93700800
24.30711606,11.81102000
24.30812086,15.74803000
24.30912566,0.00000000
24.31013046,7.87401500
24.31113526,11.81102000
24.31214006,11.81102000
24.31314486,11.81102000
24.31414966,3.93700800
24.31515446,7.87401500
24.31615926,15.74803000
24.31716406,11.81102000
24.31816886,7.87401500
24.31917366,7.87401500
24.32017846,11.81102000
24.32118326,11.81102000
24.32218806,3.93700800
24.32319286,11.81102000
24.32419766,7.87401500
24.32520246,7.87401500
24.32620726,7.87401500
24.32721206,3.93700800
24.32821686,3.93700800
24.32922166,11.81102000
24.33022646,3.93700800
24.33123126,7.87401500
24.33223606,11.81102000
24.33324086,7.87401500
24.33424566,7.87401500
24.33525046,7.87401500
24.33625526,7.87401500
24.33726006,3.93700800
24.33826486,3.93700800
24.33926966,7.87401500
24.34027446,7.87401500
24.34127926,7.87401500
24.34228406,7.87401500
24.34328886,3.93700800
24.34429366,11.81102000
24.34529846,7.87401500
24.34630326,11.81102000
24.34730806,7.87401500
24.34831286,3.93700800
24.34931766,7.87401500
24.35032246,7.87401500
24.35132726,11.81102000
24.35233206,7.87401500
24.35333686,11.81102000
24.35434166,7.87401500
24.35534646,7.87401500
24.35635126,11.81102000
24.35735606,11.81102000
24.35836086,11.81102000
24.35936566,7.87401500
24.36037046,7.87401500
24.36137526,11.81102000
24.36238006,15.74803000
24.36338486,7.87401500
24.36438966,11.81102000
24.36539446,11.81102000
24.36639926,7.87401500
24.36740406,11.81102000
24.36840886,11.81102000
24.36941366,11.81102000
24.37041846,11.81102000
24.37142326,7.87401500
24.37242806,11.81102000
24.37343286,7.87401500
24.37443766,11.81102000
24.37544246,-11.81102000
24.37644726,3.93700800
24.37745206,7.87401500
24.37845686,7.87401500
24.37946166,7.87401500
24.38046646,11.81102000
24.38147126,7.87401500
24.38247606,11.81102000
24.38348086,7.87401500
24.38448566,11.81102000
24.38549046,15.74803000
24.38649526,11.81102000
24.38750006,7.87401500
24.38850486,11.81102000
24.38950966,7.87401500
24.39051446,11.81102000
24.39151926,7.87401500
24.39252406,3.93700800
24.39352886,11.81102000
24.39453366,7.87401500
24.39553846,3.93700800
24.39654326,11.81102000
24.39754806,11.81102000
24.39855286,7.87401500
24.39955766,11.81102000
24.40056246,11.81102000
24.40156726,7.87401500
24.40257206,11.81102000
24.40357686,11.81102000
24.40458166,7.87401500
24.40558646,11.81102000
24.40659126,7.87401500
24.40759606,7.87401500
24.40860086,3.93700800
24.40960566,15.74803000
24.41061046,7.87401500
24.41161526,11.81102000
24.41262006,11.81102000
24.41362486,15.74803000
24.41462966,3.93700800
24.41563446,3.93700800
24.41663926,11.81102000
24.41764406,11.81102000
24.41864886,7.87401500
24.41965366,11.81102000
24.42065846,3.93700800
24.42166326,7.87401500
24.42266806,3.93700800
24.42367286,3.93700800
24.42467766,7.87401500
24.42568246,7.87401500
24.42668726,7.87401500
24.42769206,7.87401500
24.42869686,15.74803000
24.42970166,7.87401500
24.43070646,7.87401500
24.43171126,11.81102000
24.43271606,7.87401500
24.43372086,3.93700800
24.43472566,11.81102000
24.43573046,11.81102000
24.43673526,11.81102000
24.43774006,7.87401500
24.43874486,11.81102000
24.43974966,7.87401500
24.44075446,3.93700800
24.44175926,11.81102000
24.44276406,7.87401500
24.44376886,7.87401500
24.44477366,11.81102000
24.44577846,7.87401500
24.44678326,7.87401500
24.44778806,11.81102000
24.44879286,3.93700800
24.44979766,7.87401500
24.45080246,7.87401500
24.45180726,0.00000000
24.45281206,3.93700800
24.45381686,11.81102000
24.45482166,7.87401500
24.45582646,0.00000000
24.45683126,3.93700800
24.45783606,7.87401500
24.45884086,11.81102000
24.45984566,7.87401500
24.46085046,11.81102000
24.46185526,11.81102000
24.46286006,11.81102000
24.46386486,7.87401500
24.46486966,7.87401500
24.46587446,7.87401500
24.46687926,7.87401500
24.46788406,11.81102000
24.46888886,11.81102000
24.46989366,11.81102000
24.47089846,7.87401500
24.47190326,11.81102000
24.47290806,3.93700800
24.47391286,7.87401500
24.47491766,7.87401500
24.47592246,11.81102000
24.47692726,11.81102000
24.47793206,11.81102000
24.47893686,15.74803000
24.47994166,7.87401500
24.48094646,11.81102000
24.48195126,7.87401500
24.48295606,11.81102000
24.48396086,7.87401500
24.48496566,7.87401500
24.48597046,11.81102000
24.48697526,3.93700800
24.48798006,7.87401500
24.48898486,3.93700800
24.48998966,0.00000000
24.49099446,7.87401500
24.49199926,7.87401500
24.49300406,7.87401500
24.49400886,7.87401500
24.49501366,7.87401500
24.49601846,15.74803000
24.49702326,7.87401500
24.49802806,11.81102000
24.49903286,15.74803000
24.50003766,11.81102000
24.50104246,11.81102000
24.50204726,11.81102000
24.50305206,7.87401500
24.50405685,7.87401500
24.50506165,11.81102000
24.50606645,7.87401500
24.50707125,7.87401500
24.50807605,11.81102000
24.50908085,7.87401500
24.51008565,3.93700800
24.51109045,11.81102000
24.51209525,7.87401500
24.51310005,7.87401500
24.51410485,7.87401500
24.51510965,11.81102000
24.51611445,11.81102000
24.51711925,11.81102000
24.51812405,7.87401500
24.51912885,11.81102000
24.52013365,7.87401500
24.52113845,7.87401500
24.52214325,7.87401500
24.52314805,15.74803000
24.52415285,11.81102000
24.52515765,11.81102000
24.52616245,7.87401500
24.52716725,11.81102000
24.52817205,7.87401500
24.52917685,3.93700800
24.53018165,11.81102000
24.53118645,11.81102000
24.53219125,3.93700800
24.53319605,7.87401500
24.53420085,11.81102000
24.53520565,0.00000000
24.53621045,11.81102000
24.53721525,7.87401500
24.53822005,7.87401500
24.53922485,7.87401500
24.54022965,11.81102000
24.54123445,7.87401500
24.54223925,7.87401500
24.54324405,11.81102000
24.54424885,11.81102000
24.54525365,11.81102000
24.54625845,11.81102000
24.54726325,7.87401500
24.54826805,11.81102000
24.54927285,11.81102000
24.55027765,7.87401500
24.55128245,7.87401500
24.55228725,15.74803000
24.55329205,3.93700800
24.55429685,7.87401500
24.55530165,7.87401500
24.55630645,11.81102000
24.55731125,11.81102000
24.55831605,11.81102000
24.55932085,11.81102000
24.56032565,11.81102000
24.56133045,7.87401500
24.56233525,11.81102000
24.56334005,7.87401500
24.56434485,11.81102000
24.56534965,15.74803000
24.56635445,7.87401500
24.56735925,7.87401500
24.56836405,15.74803000
24.56936885,3.93700800
24.57037365,7.87401500
24.57137845,7.87401500
24.57238325,11.81102000
24.57338805,15.74803000
24.57439285,7.87401500
24.57539765,11.81102000
24.57640245,11.81102000
24.57740725,11.81102000
24.57841205,7.87401500
24.57941685,11.81102000
24.58042165,15.74803000
24.58142645,7.87401500
24.58243125,11.81102000
24.58343605,7.87401500
24.58444085,15.74803000
24.58544565,15.74803000
24.58645045,3.93700800
24.58745525,3.93700800
24.58846005,11.81102000
24.58946485,11.81102000
24.59046965,3.93700800
24.59147445,3.93700800
24.59247925,11.81102000
24.59348405,7.87401500
24.59448885,3.93700800
24.59549365,15.74803000
24.59649845,3.93700800
24.59750325,7.87401500
24.59850805,7.87401500
24.59951285,11.81102000
24.60051765,7.87401500
24.60152245,7.87401500
24.60252725,7.87401500
24.60353205,-3.93700800
24.60453685,0.00000000
24.60554165,3.93700800
24.60654645,7.87401500
24.60755125,3.93700800
24.60855605,3.93700800
24.60956085,7.87401500
24.61056565,11.81102000
24.61157045,11.81102000
24.61257525,3.93700800
24.61358005,7.87401500
24.61458485,11.81102000
24.61558965,7.87401500
24.61659445,7.87401500
24.61759925,3.93700800
24.61860405,7.87401500
24.61960885,7.87401500
24.62061365,31.49606000
24.62161845,15.74803000
24.62262325,15.74803000
24.62362805,11.81102000
24.62463285,11.81102000
24.62563765,11.81102000
24.62664245,7.87401500
24.62764725,7.87401500
24.62865205,7.87401500
24.62965685,11.81102000
24.63066165,15.74803000
24.63166645,7.87401500
24.63267125,7.87401500
24.63367605,7.87401500
24.63468085,3.93700800
24.63568565,7.87401500
24.63669045,7.87401500
24.63769525,11.81102000
24.63870005,3.93700800
24.63970485,7.87401500
24.64070965,7.87401500
24.64171445,3.93700800
24.64271925,11.81102000
24.64372405,3.93700800
24.64472885,3.93700800
24.64573365,7.87401500
24.64673845,7.87401500
24.64774325,7.87401500
24.64874805,11.81102000
24.64975285,15.74803000
24.65075765,0.00000000
24.65176245,3.93700800
24.65276725,7.87401500
24.65377205,11.81102000
24.65477685,3.93700800
24.65578165,11.81102000
24.65678645,11.81102000
24.65779125,11.81102000
24.65879605,7.87401500
24.65980085,7.87401500
24.66080565,11.81102000
24.66181045,11.81102000
24.66281525,7.87401500
24.66382005,11.81102000
24.66482485,7.87401500
24.66582965,3.93700800
24.66683445,7.87401500
24.66783925,3.93700800
24.66884405,7.87401500
24.66984885,7.87401500
24.67085365,7.87401500
24.67185845,7.87401500
24.67286325,7.87401500
24.67386805,7.87401500
24.67487285,7.87401500
24.67587765,7.87401500
24.67688245,7.87401500
24.67788725,11.81102000
24.67889205,11.81102000
24.67989685,3.93700800
24.68090165,3.93700800
24.68190645,7.87401500
24.68291125,7.87401500
24.68391605,3.93700800
24.68492085,7.87401500
24.68592565,11.81102000
24.68693045,11.81102000
24.68793525,11.81102000
24.68894005,11.81102000
24.68994485,7.87401500
24.69094965,7.87401500
24.69195445,11.81102000
24.69295925,3.93700800
24.69396405,11.81102000
24.69496885,7.87401500
24.69597365,15.74803000
24.69697845,15.74803000
24.69798325,7.87401500
24.69898805,11.81102000
24.69999285,7.87401500
24.70099765,3.93700800
24.70200245,11.81102000
24.70300725,15.74803000
24.70401205,11.81102000
24.70501685,11.81102000
24.70602165,3.93700800
24.70702645,11.81102000
24.70803125,11.81102000
24.70903605,7.87401500
24.71004085,11.81102000
24.71104565,7.87401500
24.71205045,11.81102000
24.71305525,15.74803000
24.71406005,11.81102000
24.71506485,0.00000000
24.71606965,11.81102000
24.71707445,-3.93700800
24.71807925,11.81102000
24.71908405,7.87401500
24.72008885,7.87401500
24.72109365,7.87401500
24.72209845,11.81102000
24.72310325,11.81102000
24.72410805,11.81102000
24.72511285,11.81102000
24.72611765,15.74803000
24.72712245,11.81102000
24.72812725,11.81102000
24.72913205,11.81102000
24.73013685,11.81102000
24.73114165,15.74803000
24.73214645,7.87401500
24.73315125,7.87401500
24.73415605,7.87401500
24.73516085,11.81102000
24.73616565,11.81102000
24.73717045,15.74803000
24.73817525,11.81102000
24.73918005,7.87401500
24.74018485,11.81102000
24.74118965,7.87401500
24.74219445,7.87401500
24.74319925,7.87401500
24.74420405,11.81102000
24.74520885,19.68504000
24.74621365,7.87401500
24.74721845,11.81102000
24.74822325,3.93700800
24.74922805,7.87401500
24.75023285,7.87401500
24.75123765,15.74803000
24.75224245,3.93700800
24.75324725,15.74803000
24.75425205,3.93700800
24.75525685,3.93700800
24.75626165,7.87401500
24.75726645,11.81102000
24.75827125,3.93700800
24.75927605,7.87401500
24.76028085,7.87401500
24.76128565,7.87401500
24.76229045,11.81102000
24.76329525,7.87401500
24.76430005,7.87401500
24.76530485,3.93700800
24.76630965,3.93700800
24.76731445,11.81102000
24.76831925,11.81102000
24.76932405,15.74803000
24.77032885,11.81102000
24.77133365,7.87401500
24.77233845,15.74803000
24.77334325,11.81102000
24.77434805,7.87401500
24.77535285,15.74803000
24.77635765,11.81102000
24.77736245,11.81102000
24.77836725,15.74803000
24.77937205,7.87401500
24.78037685,7.87401500
24.78138165,7.87401500
24.78238645,7.87401500
24.78339125,11.81102000
24.78439605,7.87401500
24.78540085,7.87401500
24.78640565,7.87401500
24.78741045,7.87401500
24.78841525,7.87401500
24.78942005,3.93700800
24.79042485,7.87401500
24.79142965,3.93700800
24.79243445,3.93700800
24.79343925,11.81102000
24.79444405,3.93700800
24.79544885,3.93700800
24.79645365,3.93700800
24.79745845,11.81102000
24.79846325,3.93700800
24.79946805,11.81102000
24.80047285,11.81102000
24.80147765,7.87401500
24.80248245,11.81102000
24.80348725,15.74803000
24.80449205,7.87401500
24.80549685,7.87401500
24.80650165,11.81102000
24.80750645,7.87401500
24.80851125,11.81102000
24.80951605,7.87401500
24.81052085,15.74803000
24.81152565,15.74803000
24.81253045,-3.93700800
24.81353525,3.93700800
24.81454005,7.87401500
24.81554485,19.68504000
24.81654965,7.87401500
24.81755445,11.81102000
24.81855925,15.74803000
24.81956405,7.87401500
24.82056885,7.87401500
24.82157365,7.87401500
24.82257845,15.74803000
24.82358325,15.74803000
24.82458805,15.74803000
24.82559285,11.81102000
24.82659765,7.87401500
24.82760245,11.81102000
24.82860725,11.81102000
24.82961205,7.87401500
24.83061685,7.87401500
24.83162165,3.93700800
24.83262645,7.87401500
24.83363124,11.81102000
24.83463604,7.87401500
24.83564084,11.81102000
24.83664564,7.87401500
24.83765044,11.81102000
24.83865524,7.87401500
24.83966004,11.81102000
24.84066484,11.81102000
24.84166964,11.81102000
24.84267444,7.87401500
24.84367924,11.81102000
24.84468404,11.81102000
24.84568884,7.87401500
24.84669364,7.87401500
24.84769844,7.87401500
24.84870324,11.81102000
24.84970804,15.74803000
24.85071284,7.87401500
24.85171764,11.81102000
24.85272244,15.74803000
24.85372724,11.81102000
24.85473204,11.81102000
24.85573684,11.81102000
24.85674164,11.81102000
24.85774644,7.87401500
24.85875124,11.81102000
24.85975604,11.81102000
24.86076084,11.81102000
24.86176564,7.87401500
24.86277044,7.87401500
24.86377524,3.93700800
24.86478004,7.87401500
24.86578484,19.68504000
24.86678964,7.87401500
24.86779444,11.81102000
24.86879924,19.68504000
24.86980404,7.87401500
24.87080884,7.87401500
24.87181364,7.87401500
24.87281844,7.87401500
24.87382324,15.74803000
24.87482804,15.74803000
24.87583284,11.81102000
24.87683764,11.81102000
24.87784244,11.81102000
24.87884724,7.87401500
24.87985204,3.93700800
24.88085684,11.81102000
24.88186164,19.68504000
24.88286644,11.81102000
24.88387124,11.81102000
24.88487604,11.81102000
24.88588084,11.81102000
24.88688564,7.87401500
24.88789044,11.81102000
24.88889524,15.74803000
24.88990004,7.87401500
24.89090484,7.87401500
24.89190964,11.81102000
24.89291444,7.87401500
24.89391924,7.87401500
24.89492404,15.74803000
24.89592884,3.93700800
24.89693364,15.74803000
24.89793844,7.87401500
24.89894324,11.81102000
24.89994804,3.93700800
24.90095284,11.81102000
24.90195764,15.74803000
24.90296244,15.74803000
24.90396724,11.81102000
24.90497204,7.87401500
24.90597684,11.81102000
24.90698164,0.00000000
24.90798644,7.87401500
24.90899124,3.93700800
24.90999604,0.00000000
24.91100084,7.87401500
24.91200564,7.87401500
24.91301044,11.81102000
24.91401524,7.87401500
24.91502004,7.87401500
24.91602484,11.81102000
24.91702964,11.81102000
24.91803444,7.87401500
24.91903924,7.87401500
24.92004404,11.81102000
24.92104884,11.81102000
24.92205364,11.81102000
24.92305844,7.87401500
24.92406324,11.81102000
24.92506804,11.81102000
24.92607284,15.74803000
24.92707764,7.87401500
24.92808244,7.87401500
24.92908724,7.87401500
24.93009204,11.81102000
24.93109684,11.81102000
24.93210164,7.87401500
24.93310644,11.81102000
24.93411124,11.81102000
24.93511604,19.68504000
24.93612084,11.81102000
24.93712564,15.74803000
24.93813044,11.81102000
24.93913524,11.81102000
24.94014004,11.81102000
24.94114484,11.81102000
24.94214964,7.87401500
24.94315444,7.87401500
24.94415924,-3.93700800
24.94516404,3.93700800
24.94616884,3.93700800
24.94717364,7.87401500
24.94817844,11.81102000
24.94918324,11.81102000
24.95018804,7.87401500
24.95119284,11.81102000
24.95219764,11.81102000
24.95320244,15.74803000
24.95420724,7.87401500
24.95521204,11.81102000
24.95621684,7.87401500
24.95722164,11.81102000
24.95822644,7.87401500
24.95923124,7.87401500
24.96023604,7.87401500
24.96124084,7.87401500
24.96224564,11.81102000
24.96325044,7.87401500
24.96425524,11.81102000
24.96526004,7.87401500
24.96626484,11.81102000
24.96726964,3.93700800
24.96827444,7.87401500
24.96927924,15.74803000
24.97028404,11.81102000
24.97128884,11.81102000
24.97229364,11.81102000
24.97329844,11.81102000
24.97430324,11.81102000
24.97530804,7.87401500
24.97631284,7.87401500
24.97731764,11.81102000
24.97832244,11.81102000
24.97932724,11.81102000
24.98033204,15.74803000
24.98133684,7.87401500
24.98234164,3.93700800
24.98334644,7.87401500
24.98435124,3.93700800
24.98535604,7.87401500
24.98636084,15.74803000
24.98736564,11.81102000
24.98837044,11.81102000
24.98937524,11.81102000
24.99038004,15.74803000
24.99138484,11.81102000
24.99238964,3.93700800
24.99339444,11.81102000
24.99439924,15.74803000
24.99540404,7.87401500
24.99640884,19.68504000
24.99741364,11.81102000
24.99841844,11.81102000
24.99942324,11.81102000
25.00042804,15.74803000
25.00143284,15.74803000
25.00243764,7.87401500
25.00344244,7.87401500
25.00444724,11.81102000
25.00545204,11.81102000
25.00645684,11.81102000
25.00746164,3.93700800
25.00846644,7.87401500
25.00947124,11.81102000
25.01047604,15.74803000
25.01148084,11.81102000
25.01248564,15.74803000
25.01349044,11.81102000
25.01449524,11.81102000
25.01550004,15.74803000
25.01650484,3.93700800
25.01750964,7.87401500
25.01851444,7.87401500
25.01951924,0.00000000
25.02052404,7.87401500
25.02152884,7.87401500
25.02253364,11.81102000
25.02353844,3.93700800
25.02454324,7.87401500
25.02554804,7.87401500
25.02655284,15.74803000
25.02755764,15.74803000
25.02856244,11.81102000
25.02956724,11.81102000
25.03057204,15.74803000
25.03157684,7.87401500
25.03258164,11.81102000
25.03358644,7.87401500
25.03459124,11.81102000
25.03559604,15.74803000
25.03660084,7.87401500
25.03760564,11.81102000
25.03861044,11.81102000
25.03961524,11.81102000
25.04062004,11.81102000
25.04162484,7.87401500
25.04262964,15.74803000
25.04363444,11.81102000
25.04463924,11.81102000
25.04564404,11.81102000
25.04664884,11.81102000
25.04765364,11.81102000
25.04865844,15.74803000
25.04966324,11.81102000
25.05066804,15.74803000
25.05167284,11.81102000
25.05267764,11.81102000
25.05368244,11.81102000
25.05468724,7.87401500
25.05569204,11.81102000
25.05669684,3.93700800
25.05770164,3.93700800
25.05870644,7.87401500
25.05971124,7.87401500
25.06071604,7.87401500
25.06172084,11.81102000
25.06272564,7.87401500
25.06373044,7.87401500
25.06473524,7.87401500
25.06574004,15.74803000
25.06674484,11.81102000
25.06774964,7.87401500
25.06875444,11.81102000
25.06975924,7.87401500
25.07076404,7.87401500
25.07176884,11.81102000
25.07277364,3.93700800
25.07377844,7.87401500
25.07478324,7.87401500
25.07578804,7.87401500
25.07679284,7.87401500
25.07779764,11.81102000
25.07880244,7.87401500
25.07980724,11.81102000
25.08081204,7.87401500
25.08181684,11.81102000
25.08282164,11.81102000
25.08382644,11.81102000
25.08483124,11.81102000
25.08583604,11.81102000
25.08684084,11.81102000
25.08784564,15.74803000
25.08885044,3.93700800
25.08985524,7.87401500
25.09086004,7.87401500
25.09186484,7.87401500
25.09286964,11.81102000
25.09387444,23.62205000
25.09487924,7.87401500
25.09588404,11.81102000
25.09688884,7.87401500
25.09789364,11.81102000
25.09889844,11.81102000
25.09990324,15.74803000
25.10090804,7.87401500
25.10191284,11.81102000
25.10291764,19.68504000
25.10392244,11.81102000
25.10492724,3.93700800
25.10593204,15.74803000
25.10693684,7.87401500
25.10794164,7.87401500
25.10894644,11.81102000
25.10995124,15.74803000
25.11095604,11.81102000
25.11196084,11.81102000
25.11296564,15.74803000
25.11397044,7.87401500
25.11497524,7.87401500
25.11598004,11.81102000
25.11698484,7.87401500
25.11798964,15.74803000
25.11899444,7.87401500
25.11999924,11.81102000
25.12100404,3.93700800
25.12200884,7.87401500
25.12301364,7.87401500
25.12401844,27.55905000
25.12502324,11.81102000
25.12602804,11.81102000
25.12703284,11.81102000
25.12803764,11.81102000
25.12904244,11.81102000
25.13004724,11.81102000
25.13105204,15.74803000
25.13205684,11.81102000
25.13306164,7.87401500
25.13406644,7.87401500
25.13507124,15.74803000
25.13607604,7.87401500
25.13708084,7.87401500
25.13808564,7.87401500
25.13909044,7.87401500
25.14009524,7.87401500
25.14110004,19.68504000
25.14210484,15.74803000
25.14310964,7.87401500
25.14411444,7.87401500
25.14511924,15.74803000
25.14612404,7.87401500
25.14712884,11.81102000
25.14813364,15.74803000
25.14913844,11.81102000
25.15014324,7.87401500
25.15114804,11.81102000
25.15215284,11.81102000
25.15315764,7.87401500
25.15416244,3.93700800
25.15516724,11.81102000
25.15617204,11.81102000
25.15717684,7.87401500
25.15818164,7.87401500
25.15918644,11.81102000
25.16019124,11.81102000
25.16119604,11.81102000
25.16220083,11.81102000
25.16320563,11.81102000
25.16421043,15.74803000
25.16521523,7.87401500
25.16622003,11.81102000
25.16722483,11.81102000
25.16822963,7.87401500
25.16923443,0.00000000
25.17023923,7.87401500
25.17124403,3.93700800
25.17224883,3.93700800
25.17325363,19.68504000
25.17425843,11.81102000
25.17526323,11.81102000
25.17626803,7.87401500
25.17727283,7.87401500
25.17827763,11.81102000
25.17928243,11.81102000
25.18028723,11.81102000
25.18129203,7.87401500
25.18229683,11.81102000
25.18330163,11.81102000
25.18430643,11.81102000
25.18531123,7.87401500
25.18631603,11.81102000
25.18732083,3.93700800
25.18832563,7.87401500
25.18933043,7.87401500
25.19033523,15.74803000
25.19134003,15.74803000
25.19234483,11.81102000
25.19334963,7.87401500
25.19435443,7.87401500
25.19535923,19.68504000
25.19636403,11.81102000
25.19736883,11.81102000
25.19837363,11.81102000
25.19937843,11.81102000
25.20038323,11.81102000
25.20138803,11.81102000
25.20239283,11.81102000
25.20339763,7.87401500
25.20440243,3.93700800
25.20540723,11.81102000
25.20641203,7.87401500
25.20741683,0.00000000
25.20842163,7.87401500
25.20942643,7.87401500
25.21043123,7.87401500
25.21143603,11.81102000
25.21244083,11.81102000
25.21344563,15.74803000
25.21445043,7.87401500
25.21545523,11.81102000
25.21646003,11.81102000
25.21746483,19.68504000
25.21846963,0.00000000
25.21947443,7.87401500
25.22047923,3.93700800
25.22148403,27.55905000
25.22248883,7.87401500
25.22349363,11.81102000
25.22449843,11.81102000
25.22550323,7.87401500
25.22650803,11.81102000
25.22751283,7.87401500
25.22851763,11.81102000
25.22952243,7.87401500
25.23052723,11.81102000
25.23153203,11.81102000
25.23253683,11.81102000
25.23354163,7.87401500
25.23454643,11.81102000
25.23555123,7.87401500
25.23655603,7.87401500
25.23756083,3.93700800
25.23856563,11.81102000
25.23957043,11.81102000
25.24057523,11.81102000
25.24158003,7.87401500
25.24258483,15.74803000
25.24358963,11.81102000
25.24459443,7.87401500
25.24559923,3.93700800
25.24660403,7.87401500
25.24760883,7.87401500
25.24861363,11.81102000
25.24961843,7.87401500
25.25062323,19.68504000
25.25162803,7.87401500
25.25263283,7.87401500
25.25363763,7.87401500
25.25464243,11.81102000
25.25564723,7.87401500
25.25665203,7.87401500
25.25765683,15.74803000
25.25866163,7.87401500
25.25966643,11.81102000
25.26067123,15.74803000
25.26167603,11.81102000
25.26268083,11.81102000
25.26368563,11.81102000
25.26469043,15.74803000
25.26569523,7.87401500
25.26670003,11.81102000
25.26770483,11.81102000
25.26870963,3.93700800
25.26971443,11.81102000
25.27071923,11.81102000
25.27172403,3.93700800
25.27272883,15.74803000
25.27373363,7.87401500
25.27473843,11.81102000
25.27574323,7.87401500
25.27674803,11.81102000
25.27775283,11.81102000
25.27875763,11.81102000
25.27976243,11.81102000
25.28076723,7.87401500
25.28177203,7.87401500
25.28277683,3.93700800
25.28378163,3.93700800
25.28478643,0.00000000
25.28579123,3.93700800
25.28679603,7.87401500
25.28780083,11.81102000
25.28880563,11.81102000
25.28981043,15.74803000
25.29081523,11.81102000
25.29182003,7.87401500
25.29282483,11.81102000
25.29382963,7.87401500
25.29483443,11.81102000
25.29583923,11.81102000
25.29684403,3.93700800
25.29784883,7.87401500
25.29885363,7.87401500
25.29985843,7.87401500
25.30086323,3.93700800
25.30186803,7.87401500
25.30287283,7.87401500
25.30387763,7.87401500
25.30488243,7.87401500
25.30588723,11.81102000
25.30689203,15.74803000
25.30789683,11.81102000
25.30890163,7.87401500
25.30990643,7.87401500
25.31091123,7.87401500
25.31191603,15.74803000
25.31292083,11.81102000
25.31392563,11.81102000
25.31493043,11.81102000
25.31593523,0.00000000
25.31694003,3.93700800
25.31794483,11.81102000
25.31894963,11.81102000
25.31995443,7.87401500
25.32095923,11.81102000
25.32196403,3.93700800
25.32296883,3.93700800
25.32397363,11.81102000
25.32497843,7.87401500
25.32598323,15.74803000
25.32698803,7.87401500
25.32799283,11.81102000
25.32899763,7.87401500
25.33000243,11.81102000
25.33100723,11.81102000
25.33201203,7.87401500
25.33301683,7.87401500
25.33402163,7.87401500
25.33502643,3.93700800
25.33603123,7.87401500
25.33703603,11.81102000
25.33804083,7.87401500
25.33904563,7.87401500
25.34005043,7.87401500
25.34105523,11.81102000
25.34206003,7.87401500
25.34306483,11.81102000
25.34406963,7.87401500
25.34507443,7.87401500
25.34607923,11.81102000
25.34708403,7.87401500
25.34808883,7.87401500
25.34909363,0.00000000
25.35009843,11.81102000
25.35110323,7.87401500
25.35210803,27.55905000
25.35311283,7.87401500
25.35411763,3.93700800
25.35512243,11.81102000
25.35612723,7.87401500
25.35713203,7.87401500
25.35813683,7.87401500
25.35914163,11.81102000
25.36014643,7.87401500
25.36115123,11.81102000
25.36215603,11.81102000
25.36316083,11.81102000
25.36416563,15.74803000
25.36517043,11.81102000
25.36617523,7.87401500
25.36718003,3.93700800
25.36818483,15.74803000
25.36918963,11.81102000
25.37019443,11.81102000
25.37119923,7.87401500
25.37220403,7.87401500
25.37320883,7.87401500
25.37421363,7.87401500
25.37521843,7.87401500
25.37622323,15.74803000
25.37722803,11.81102000
25.37823283,11.81102000
25.37923763,11.81102000
25.38024243,11.81102000
25.38124723,7.87401500
25.38225203,3.93700800
25.38325683,7.87401500
25.38426163,7.87401500
25.38526643,3.93700800
25.38627123,3.93700800
25.38727603,7.87401500
25.38828083,7.87401500
25.38928563,11.81102000
25.39029043,7.87401500
25.39129523,11.81102000
25.39230003,11.81102000
25.39330483,11.81102000
25.39430963,11.81102000
25.39531443,11.81102000
25.39631923,15.74803000
25.39732403,11.81102000
25.39832883,7.87401500
25.39933363,7.87401500
25.40033843,11.81102000
25.40134323,11.81102000
25.40234803,15.74803000
25.40335283,11.81102000
25.40435763,11.81102000
25.40536243,11.81102000
25.40636723,7.87401500
25.40737203,7.87401500
25.40837683,11.81102000
25.40938163,11.81102000
25.41038643,11.81102000
25.41139123,11.81102000
25.41239603,11.81102000
25.41340083,7.87401500
25.41440563,0.00000000
25.41541043,7.87401500
25.41641523,11.81102000
25.41742003,11.81102000
25.41842483,7.87401500
25.41942963,15.74803000
25.42043443,7.87401500
25.42143923,3.93700800
25.42244403,0.00000000
25.42344883,3.93700800
25.42445363,3.93700800
25.42545843,7.87401500
25.42646323,7.87401500
25.42746803,7.87401500
25.42847283,11.81102000
25.42947763,7.87401500
25.43048243,19.68504000
25.43148723,7.87401500
25.43249203,0.00000000
25.43349683,11.81102000
25.43450163,11.81102000
25.43550643,7.87401500
25.43651123,11.81102000
25.43751603,11.81102000
25.43852083,7.87401500
25.43952563,7.87401500
25.44053043,11.81102000
25.44153523,11.81102000
25.44254003,11.81102000
25.44354483,15.74803000
25.44454963,11.81102000
25.44555443,7.87401500
25.44655923,3.93700800
25.44756403,11.81102000
25.44856883,0.00000000
25.44957363,7.87401500
25.45057843,7.87401500
25.45158323,7.87401500
25.45258803,7.87401500
25.45359283,7.87401500
25.45459763,11.81102000
25.45560243,11.81102000
25.45660723,11.81102000
25.45761203,7.87401500
25.45861683,7.87401500
25.45962163,3.93700800
25.46062643,7.87401500
25.46163123,3.93700800
25.46263603,3.93700800
25.46364083,3.93700800
25.46464563,7.87401500
25.46565043,11.81102000
25.46665523,11.81102000
25.46766003,11.81102000
25.46866483,11.81102000
25.46966963,11.81102000
25.47067443,11.81102000
25.47167923,11.81102000
25.47268403,11.81102000
25.47368883,11.81102000
25.47469363,11.81102000
25.47569843,7.87401500
25.47670323,7.87401500
25.47770803,15.74803000
25.47871283,11.81102000
25.47971763,3.93700800
25.48072243,7.87401500
25.48172723,11.81102000
25.48273203,11.81102000
25.48373683,11.81102000
25.48474163,15.74803000
25.48574643,7.87401500
25.48675123,11.81102000
25.48775603,11.81102000
25.48876083,11.81102000
25.48976563,7.87401500
25.49077042,15.74803000
25.49177522,11.81102000
25.49278002,7.87401500
25.49378482,11.81102000
25.49478962,7.87401500
25.49579442,3.93700800
25.49679922,0.00000000
25.49780402,11.81102000
25.49880882,3.93700800
25.49981362,7.87401500
25.50081842,7.87401500
25.50182322,7.87401500
25.50282802,11.81102000
25.50383282,7.87401500
25.50483762,11.81102000
25.50584242,7.87401500
25.50684722,15.74803000
25.50785202,15.74803000
25.50885682,11.81102000
25.50986162,11.81102000
25.51086642,7.87401500
25.51187122,3.93700800
25.51287602,11.81102000
25.51388082,15.74803000
25.51488562,7.87401500
25.51589042,11.81102000
25.51689522,11.81102000
25.51790002,11.81102000
25.51890482,3.93700800
25.51990962,15.74803000
25.52091442,11.81102000
25.52191922,7.87401500
25.52292402,11.81102000
25.52392882,11.81102000
25.52493362,11.81102000
25.52593842,7.87401500
25.52694322,11.81102000
25.52794802,11.81102000
25.52895282,11.81102000
25.52995762,7.87401500
25.53096242,11.81102000
25.53196722,7.87401500
25.53297202,7.87401500
25.53397682,11.81102000
25.53498162,3.93700800
25.53598642,7.87401500
25.53699122,11.81102000
25.53799602,3.93700800
25.53900082,7.87401500
25.54000562,11.81102000
25.54101042,19.68504000
25.54201522,11.81102000
25.54302002,11.81102000
25.54402482,7.87401500
25.54502962,3.93700800
25.54603442,7.87401500
25.54703922,11.81102000
25.54804402,11.81102000
25.54904882,11.81102000
25.55005362,11.81102000
25.55105842,7.87401500
25.55206322,7.87401500
25.55306802,7.87401500
25.55407282,11.81102000
25.55507762,7.87401500
25.55608242,11.81102000
25.55708722,11.81102000
25.55809202,7.87401500
25.55909682,11.81102000
25.56010162,3.93700800
25.56110642,11.81102000
25.56211122,7.87401500
25.56311602,7.87401500
25.56412082,7.87401500
25.56512562,11.81102000
25.56613042,7.87401500
25.56713522,3.93700800
25.56814002,7.87401500
25.56914482,7.87401500
25.57014962,7.87401500
25.57115442,7.87401500
25.57215922,15.74803000
25.57316402,11.81102000
25.57416882,11.81102000
25.57517362,11.81102000
25.57617842,7.87401500
25.57718322,3.93700800
25.57818802,11.81102000
25.57919282,7.87401500
25.58019762,15.74803000
25.58120242,11.81102000
25.58220722,7.87401500
25.58321202,11.81102000
25.58421682,11.81102000
25.58522162,11.81102000
25.58622642,7.87401500
25.58723122,7.87401500
25.58823602,11.81102000
25.58924082,7.87401500
25.59024562,11.81102000
25.59125042,7.87401500
25.59225522,7.87401500
25.59326002,7.87401500
25.59426482,7.87401500
25.59526962,0.00000000
25.59627442,7.87401500
25.59727922,7.87401500
25.59828402,7.87401500
25.59928882,-3.93700800
25.60029362,3.93700800
25.60129842,11.81102000
25.60230322,-7.87401500
25.60330802,-11.81102000
25.60431282,-3.93700800
25.60531762,-11.81102000
25.60632242,-7.87401500
25.60732722,-15.74803000
25.60833202,-19.68504000
25.60933682,-19.68504000
25.61034162,-23.62205000
25.61134642,-19.68504000
25.61235122,-23.62205000
25.61335602,-23.62205000
25.61436082,-27.55905000
25.61536562,-31.49606000
25.61637042,-27.55905000
25.61737522,-31.49606000
25.61838002,-31.49606000
25.61938482,-35.43307000
25.62038962,-35.43307000
25.62139442,-31.49606000
25.62239922,-27.55905000
25.62340402,-31.49606000
25.62440882,-35.43307000
25.62541362,-35.43307000
25.62641842,-31.49606000
25.62742322,-23.62205000
25.62842802,-27.55905000
25.62943282,-27.55905000
25.63043762,-27.55905000
25.63144242,-31.49606000
25.63244722,-23.62205000
25.63345202,-27.55905000
25.63445682,-19.68504000
25.63546162,-19.68504000
25.63646642,-23.62205000
25.63747122,-23.62205000
25.63847602,-15.74803000
25.63948082,-19.68504000
25.64048562,-27.55905000
25.64149042,-27.55905000
25.64249522,-23.62205000
25.64350002,-23.62205000
25.64450482,-27.55905000
25.64550962,-19.68504000
25.64651442,-19.68504000
25.64751922,-19.68504000
25.64852402,-23.62205000
25.64952882,-23.62205000
25.65053362,-27.55905000
25.65153842,-27.55905000
25.65254322,-27.55905000
25.65354802,-27.55905000
25.65455282,-27.55905000
25.65555762,-31.49606000
25.65656242,-35.43307000
25.65756722,-31.49606000
25.65857202,-39.37008000
25.65957682,-39.37008000
25.66058162,-31.49606000
25.66158642,-35.43307000
25.66259122,-39.37008000
25.66359602,-39.37008000
25.66460082,-39.37008000
25.66560562,-39.37008000
25.66661042,-39.37008000
25.66761522,-35.43307000
25.66862002,-47.24409000
25.66962482,-43.30709000
25.67062962,-43.30709000
25.67163442,-43.30709000
25.67263922,-43.30709000
25.67364402,-43.30709000
25.67464882,-47.24409000
25.67565362,-51.18110000
25.67665842,-43.30709000
25.67766322,-43.30709000
25.67866802,-43.30709000
25.67967282,-47.24409000
25.68067762,-43.30709000
25.68168242,-39.37008000
25.68268722,-39.37008000
25.68369202,-43.30709000
25.68469682,-43.30709000
25.68570162,-39.37008000
25.68670642,-39.37008000
25.68771122,-39.37008000
25.68871602,-43.30709000
25.68972082,-47.24409000
25.69072562,-47.24409000
25.69173042,-47.24409000
25.69273522,-43.30709000
25.69374002,-43.30709000
25.69474482,-43.30709000
25.69574962,-47.24409000
25.69675442,-47.24409000
25.69775922,-47.24409000
25.69876402,-47.24409000
25.69976882,-51.18110000
25.70077362,-47.24409000
25.70177842,-51.18110000
25.70278322,-47.24409000
25.70378802,-47.24409000
25.70479282,-47.24409000
25.70579762,-59.05511000
25.70680242,-55.11811000
25.70780722,-55.11811000
25.70881202,-59.05511000
25.70981682,-55.11811000
25.71082162,-55.11811000
25.71182642,-59.05511000
25.71283122,-55.11811000
25.71383602,-59.05511000
25.71484082,-55.11811000
25.71584562,-59.05511000
25.71685042,-55.11811000
25.71785522,-55.11811000
25.71886002,-55.11811000
25.71986482,-55.11811000
25.72086962,-55.11811000
25.72187442,-70.86613000
25.72287922,-59.05511000
25.72388402,-62.99212000
25.72488882,-39.37008000
25.72589362,-55.11811000
25.72689842,-59.05511000
25.72790322,-62.99212000
25.72890802,-59.05511000
25.72991282,-66.92913000
25.73091762,-59.05511000
25.73192242,-62.99212000
25.73292722,-66.92913000
25.73393202,-59.05511000
25.73493682,-59.05511000
25.73594162,-66.92913000
25.73694642,-62.99212000
25.73795122,-66.92913000
25.73895602,-66.92913000
25.73996082,-70.86613000
25.74096562,-70.86613000
25.74197042,-59.05511000
25.74297522,-62.99212000
25.74398002,-59.05511000
25.74498482,-66.92913000
25.74598962,-66.92913000
25.74699442,-66.92913000
25.74799922,-70.86613000
25.74900402,-66.92913000
25.75000882,-66.92913000
25.75101362,-62.99212000
25.75201842,-66.92913000
25.75302322,-62.99212000
25.75402802,-59.05511000
25.75503282,-66.92913000
25.75603762,-66.92913000
25.75704242,-66.92913000
25.75804722,-62.99212000
25.75905202,-62.99212000
25.76005682,-66.92913000
25.76106162,-70.86613000
25.76206642,-62.99212000
25.76307122,-62.99212000
25.76407602,-70.86613000
25.76508082,-66.92913000
25.76608562,-66.92913000
25.76709042,-66.92913000
25.76809522,-70.86613000
25.76910002,-66.92913000
25.77010482,-70.86613000
25.77110962,-74.80315000
25.77211442,-78.74015000
25.77311922,-74.80315000
25.77412402,-70.86613000
25.77512882,-74.80315000
25.77613362,-70.86613000
25.77713842,-70.86613000
25.77814322,-74.80315000
25.77914802,-74.80315000
25.78015282,-74.80315000
25.78115762,-74.80315000
25.78216242,-70.86613000
25.78316722,-70.86613000
25.78417202,-74.80315000
25.78517682,-86.61417000
25.78618162,-82.67715000
25.78718642,-78.74015000
25.78819122,-78.74015000
25.78919602,-82.67715000
25.79020082,-74.80315000
25.79120562,-74.80315000
25.79221042,-70.86613000
25.79321522,-78.74015000
25.79422002,-78.74015000
25.79522482,-70.86613000
25.79622962,-82.67715000
25.79723442,-78.74015000
25.79823922,-78.74015000
25.79924402,-74.80315000
25.80024882,-74.80315000
25.80125362,-74.80315000
25.80225842,-78.74015000
25.80326322,-78.74015000
25.80426802,-82.67715000
25.80527282,-82.67715000
25.80627762,-82.67715000
25.80728242,-82.67715000
25.80828722,-78.74015000
25.80929202,-82.67715000
25.81029682,-82.67715000
25.81130162,-86.61417000
25.81230642,-82.67715000
25.81331122,-86.61417000
25.81431602,-82.67715000
25.81532082,-82.67715000
25.81632562,-82.67715000
25.81733042,-86.61417000
25.81833522,-82.67715000
25.81934002,-98.42519000
25.82034481,-86.61417000
25.82134961,-98.42519000
25.82235441,-82.67715000
25.82335921,-86.61417000
25.82436401,-90.55118000
25.82536881,-86.61417000
25.82637361,-86.61417000
25.82737841,-90.55118000
25.82838321,-90.55118000
25.82938801,-86.61417000
25.83039281,-90.55118000
25.83139761,-82.67715000
25.83240241,-82.67715000
25.83340721,-86.61417000
25.83441201,-90.55118000
25.83541681,-90.55118000
25.83642161,-90.55118000
25.83742641,-90.55118000
25.83843121,-90.55118000
25.83943601,-90.55118000
25.84044081,-86.61417000
25.84144561,-86.61417000
25.84245041,-86.61417000
25.84345521,-90.55118000
25.84446001,-86.61417000
25.84546481,-90.55118000
25.84646961,-90.55118000
25.84747441,-90.55118000
25.84847921,-90.55118000
25.84948401,-90.55118000
25.85048881,-90.55118000
25.85149361,-90.55118000
25.85249841,-98.42519000
25.85350321,-90.55118000
25.85450801,-94.48818000
25.85551281,-90.55118000
25.85651761,-102.36220000
25.85752241,-94.48818000
25.85852721,-98.42519000
25.85953201,-98.42519000
25.86053681,-90.55118000
25.86154161,-94.48818000
25.86254641,-90.55118000
25.86355121,-90.55118000
25.86455601,-90.55118000
25.86556081,-90.55118000
25.86656561,-90.55118000
25.86757041,-90.55118000
25.86857521,-98.42519000
25.86958001,-94.48818000
25.87058481,-98.42519000
25.87158961,-90.55118000
25.87259441,-94.48818000
25.87359921,-90.55118000
25.87460401,-90.55118000
25.87560881,-94.48818000
25.87661361,-94.48818000
25.87761841,-90.55118000
25.87862321,-94.48818000
25.87962801,-98.42519000
25.88063281,-90.55118000
25.88163761,-90.55118000
25.88264241,-98.42519000
25.88364721,-90.55118000
25.88465201,-98.42519000
25.88565681,-102.36220000
25.88666161,-94.48818000
25.88766641,-94.48818000
25.88867121,-98.42519000
25.88967601,-98.42519000
25.89068081,-102.36220000
25.89168561,-102.36220000
25.89269041,-98.42519000
25.89369521,-98.42519000
25.89470001,-98.42519000
25.89570481,-98.42519000
25.89670961,-94.48818000
25.89771441,-98.42519000
25.89871921,-90.55118000
25.89972401,-98.42519000
25.90072881,-94.48818000
25.90173361,-102.36220000
25.90273841,-98.42519000
25.90374321,-98.42519000
25.90474801,-98.42519000
25.90575281,-102.36220000
25.90675761,-94.48818000
25.90776241,-102.36220000
25.90876721,-102.36220000
25.90977201,-102.36220000
25.91077681,-102.36220000
25.91178161,-98.42519000
25.91278641,-102.36220000
25.91379121,-98.42519000
25.91479601,-98.42519000
25.91580081,-102.36220000
25.91680561,-106.29920000
25.91781041,-102.36220000
25.91881521,-102.36220000
25.91982001,-102.36220000
25.92082481,-102.36220000
25.92182961,-106.29920000
25.92283441,-98.42519000
25.92383921,-102.36220000
25.92484401,-98.42519000
25.92584881,-106.29920000
25.92685361,-102.36220000
25.92785841,-106.29920000
25.92886321,-106.29920000
25.92986801,-106.29920000
25.93087281,-110.23620000
25.93187761,-102.36220000
25.93288241,-106.29920000
25.93388721,-110.23620000
25.93489201,-110.23620000
25.93589681,-110.23620000
25.93690161,-110.23620000
25.93790641,-106.29920000
25.93891121,-110.23620000
25.93991601,-106.29920000
25.94092081,-106.29920000
25.94192561,-106.29920000
25.94293041,-106.29920000
25.94393521,-110.23620000
25.94494001,-106.29920000
25.94594481,-106.29920000
25.94694961,-110.23620000
25.94795441,-110.23620000
25.94895921,-106.29920000
25.94996401,-118.11020000
25.95096881,-106.29920000
25.95197361,-110.23620000
25.95297841,-114.17320000
25.95398321,-110.23620000
25.95498801,-106.29920000
25.95599281,-118.11020000
25.95699761,-114.17320000
25.95800241,-110.23620000
25.95900721,-110.23620000
25.96001201,-114.17320000
25.96101681,-110.23620000
25.96202161,-114.17320000
25.96302641,-114.17320000
25.96403121,-118.11020000
25.96503601,-118.11020000
25.96604081,-125.98420000
25.96704561,-114.17320000
25.96805041,-114.17320000
25.96905521,-114.17320000
25.97006001,-102.36220000
25.97106481,-118.11020000
25.97206961,-118.11020000
25.97307441,-114.17320000
25.97407921,-122.04720000
25.97508401,-114.17320000
25.97608881,-118.11020000
25.97709361,-110.23620000
25.97809841,-122.04720000
25.97910321,-118.11020000
25.98010801,-114.17320000
25.98111281,-118.11020000
25.98211761,-125.98420000
25.98312241,-114.17320000
25.98412721,-122.04720000
25.98513201,-114.17320000
25.98613681,-122.04720000
25.98714161,-118.11020000
25.98814641,-114.17320000
25.98915121,-118.11020000
25.99015601,-118.11020000
25.99116081,-114.17320000
25.99216561,-114.17320000
25.99317041,-114.17320000
25.99417521,-118.11020000
25.99518001,-114.17320000
25.99618481,-114.17320000
25.99718961,-125.98420000
25.99819441,-125.98420000
25.99919921,-122.04720000
26.00020401,-125.98420000
26.00120881,-122.04720000
26.00221361,-114.17320000
26.00321841,-118.11020000
26.00422321,-110.23620000
26.00522801,-114.17320000
26.00623281,-118.11020000
26.00723761,-122.04720000
26.00824241,-118.11020000
26.00924721,-118.11020000
26.01025201,-118.11020000
26.01125681,-118.11020000
26.01226161,-118.11020000
26.01326641,-122.04720000
26.01427121,-125.98420000
26.01527601,-118.11020000
26.01628081,-122.04720000
26.01728561,-118.11020000
26.01829041,-122.04720000
26.01929521,-118.11020000
26.02030001,-125.98420000
26.02130481,-122.04720000
26.02230961,-118.11020000
26.02331441,-125.98420000
26.02431921,-122.04720000
26.02532401,-122.04720000
26.02632881,-122.04720000
26.02733361,-122.04720000
26.02833841,-125.98420000
26.02934321,-129.92120000
26.03034801,-122.04720000
26.03135281,-125.98420000
26.03235761,-129.92120000
26.03336241,-125.98420000
26.03436721,-122.04720000
26.03537201,-118.11020000
26.03637681,-122.04720000
26.03738161,-122.04720000
26.03838641,-122.04720000
26.03939121,-125.98420000
26.04039601,-125.98420000
26.04140081,-125.98420000
26.04240561,-122.04720000
26.04341041,-122.04720000
26.04441521,-118.11020000
26.04542001,-122.04720000
26.04642481,-125.98420000
26.04742961,-125.98420000
26.04843441,-125.98420000
26.04943921,-125.98420000
26.05044401,-118.11020000
26.05144881,-125.98420000
26.05245361,-129.92120000
26.05345841,-122.04720000
26.05446321,-122.04720000
26.05546801,-125.98420000
26.05647281,-125.98420000
26.05747761,-125.98420000
26.05848241,-129.92120000
26.05948721,-141.73230000
26.06049201,-125.98420000
26.06149681,-137.79530000
26.06250161,-133.85830000
26.06350641,-133.85830000
26.06451121,-133.85830000
26.06551601,-133.85830000
26.06652081,-129.92120000
26.06752561,-129.92120000
26.06853041,-129.92120000
26.06953521,-125.98420000
26.07054001,-129.92120000
26.07154481,-122.04720000
26.07254961,-125.98420000
26.07355441,-129.92120000
26.07455921,-129.92120000
26.07556401,-129.92120000
26.07656881,-133.85830000
26.07757361,-133.85830000
26.07857841,-129.92120000
26.07958321,-129.92120000
26.08058801,-137.79530000
26.08159281,-133.85830000
26.08259761,-133.85830000
26.08360241,-137.79530000
26.08460721,-137.79530000
26.08561201,-133.85830000
26.08661681,-137.79530000
26.08762161,-141.73230000
26.08862641,-141.73230000
26.08963121,-141.73230000
26.09063601,-137.79530000
26.09164081,-133.85830000
26.09264561,-133.85830000
26.09365041,-137.79530000
26.09465521,-137.79530000
26.09566001,-133.85830000
26.09666481,-141.73230000
26.09766961,-141.73230000
26.09867441,-141.73230000
26.09967921,-141.73230000
26.10068401,-141.73230000
26.10168881,-137.79530000
26.10269361,-133.85830000
26.10369841,-129.92120000
26.10470321,-133.85830000
26.10570801,-137.79530000
26.10671281,-129.92120000
26.10771761,-133.85830000
26.10872241,-137.79530000
26.10972721,-129.92120000
26.11073201,-133.85830000
26.11173681,-137.79530000
26.11274161,-141.73230000
26.11374641,-137.79530000
26.11475121,-141.73230000
26.11575601,-133.85830000
26.11676081,-129.92120000
26.11776561,-137.79530000
26.11877041,-133.85830000
26.11977521,-133.85830000
26.12078001,-137.79530000
26.12178481,-129.92120000
26.12278961,-137.79530000
26.12379441,-137.79530000
26.12479921,-137.79530000
26.12580401,-141.73230000
26.12680881,-137.79530000
26.12781361,-153.54330000
26.12881841,-141.73230000
26.12982321,-145.66930000
26.13082801,-141.73230000
26.13183281,-141.73230000
26.13283761,-141.73230000
26.13384241,-141.73230000
26.13484721,-141.73230000
26.13585201,-141.73230000
26.13685681,-145.66930000
26.13786161,-141.73230000
26.13886641,-137.79530000
26.13987121,-137.79530000
26.14087601,-145.66930000
26.14188081,-145.66930000
26.14288561,-137.79530000
26.14389041,-141.73230000
26.14489521,-145.66930000
26.14590001,-141.73230000
26.14690481,-141.73230000
26.14790961,-141.73230000
26.14891440,-133.85830000
26.14991920,-145.66930000
26.15092400,-141.73230000
26.15192880,-145.66930000
26.15293360,-141.73230000
26.15393840,-141.73230000
26.15494320,-141.73230000
26.15594800,-133.85830000
26.15695280,-137.79530000
26.15795760,-145.66930000
26.15896240,-137.79530000
26.15996720,-141.73230000
26.16097200,-145.66930000
26.16197680,-141.73230000
26.16298160,-141.73230000
26.16398640,-141.73230000
26.16499120,-141.73230000
26.16599600,-149.60630000
26.16700080,-149.60630000
26.16800560,-145.66930000
26.16901040,-141.73230000
26.17001520,-149.60630000
26.17102000,-141.73230000
26.17202480,-145.66930000
26.17302960,-137.79530000
26.17403440,-145.66930000
26.17503920,-149.60630000
26.17604400,-145.66930000
26.17704880,-145.66930000
26.17805360,-153.54330000
26.17905840,-149.60630000
26.18006320,-153.54330000
26.18106800,-145.66930000
26.18207280,-153.54330000
26.18307760,-149.60630000
26.18408240,-149.60630000
26.18508720,-145.66930000
26.18609200,-145.66930000
26.18709680,-149.60630000
26.18810160,-149.60630000
26.18910640,-145.66930000
26.19011120,-149.60630000
26.19111600,-149.60630000
26.19212080,-145.66930000
26.19312560,-149.60630000
26.19413040,-157.48030000
26.19513520,-153.54330000
26.19614000,-149.60630000
26.19714480,-149.60630000
26.19814960,-145.66930000
26.19915440,-145.66930000
26.20015920,-149.60630000
26.20116400,-145.66930000
26.20216880,-145.66930000
26.20317360,-141.73230000
26.20417840,-145.66930000
26.20518320,-145.66930000
26.20618800,-141.73230000
26.20719280,-141.73230000
26.20819760,-145.66930000
26.20920240,-145.66930000
26.21020720,-149.60630000
26.21121200,-145.66930000
26.21221680,-145.66930000
26.21322160,-145.66930000
26.21422640,-141.73230000
26.21523120,-145.66930000
26.21623600,-149.60630000
26.21724080,-145.66930000
26.21824560,-149.60630000
26.21925040,-145.66930000
26.22025520,-145.66930000
26.22126000,-145.66930000
26.22226480,-149.60630000
26.22326960,-149.60630000
26.22427440,-149.60630000
26.22527920,-161.41730000
26.22628400,-149.60630000
26.22728880,-153.54330000
26.22829360,-137.79530000
26.22929840,-149.60630000
26.23030320,-153.54330000
26.23130800,-157.48030000
26.23231280,-157.48030000
26.23331760,-149.60630000
26.23432240,-157.48030000
26.23532720,-157.48030000
26.23633200,-157.48030000
26.23733680,-157.48030000
26.23834160,-161.41730000
26.23934640,-157.48030000
26.24035120,-157.48030000
26.24135600,-157.48030000
26.24236080,-161.41730000
26.24336560,-161.41730000
26.24437040,-165.35430000
26.24537520,-157.48030000
26.24638000,-157.48030000
26.24738480,-161.41730000
26.24838960,-161.41730000
26.24939440,-157.48030000
26.25039920,-161.41730000
26.25140400,-161.41730000
26.25240880,-157.48030000
26.25341360,-157.48030000
26.25441840,-157.48030000
26.25542320,-161.41730000
26.25642800,-157.48030000
26.25743280,-161.41730000
26.25843760,-161.41730000
26.25944240,-161.41730000
26.26044720,-161.41730000
26.26145200,-157.48030000
26.26245680,-161.41730000
26.26346160,-161.41730000
26.26446640,-157.48030000
26.26547120,-165.35430000
26.26647600,-161.41730000
26.26748080,-165.35430000
26.26848560,-161.41730000
26.26949040,-161.41730000
26.27049520,-157.48030000
26.27150000,-157.48030000
26.27250480,-153.54330000
26.27350960,-157.48030000
26.27451440,-153.54330000
26.27551920,-157.48030000
26.27652400,-157.48030000
26.27752880,-157.48030000
26.27853360,-157.48030000
26.27953840,-157.48030000
26.28054320,-157.48030000
26.28154800,-161.41730000
26.28255280,-157.48030000
26.28355760,-161.41730000
26.28456240,-161.41730000
26.28556720,-157.48030000
26.28657200,-157.48030000
26.28757680,-157.48030000
26.28858160,-161.41730000
26.28958640,-161.41730000
26.29059120,-161.41730000
26.29159600,-165.35430000
26.29260080,-161.41730000
26.29360560,-165.35430000
26.29461040,-157.48030000
26.29561520,-165.35430000
26.29662000,-161.41730000
26.29762480,-161.41730000
26.29862960,-161.41730000
26.29963440,-177.16530000
26.30063920,-165.35430000
26.30164400,-165.35430000
26.30264880,-165.35430000
26.30365360,-165.35430000
26.30465840,-165.35430000
26.30566320,-161.41730000
26.30666800,-165.35430000
26.30767280,-161.41730000
26.30867760,-169.29130000
26.30968240,-165.35430000
26.31068720,-165.35430000
26.31169200,-161.41730000
26.31269680,-157.48030000
26.31370160,-161.41730000
26.31470640,-161.41730000
26.31571120,-169.29130000
26.31671600,-161.41730000
26.31772080,-161.41730000
26.31872560,-161.41730000
26.31973040,-161.41730000
26.32073520,-165.35430000
26.32174000,-161.41730000
26.32274480,-181.10240000
26.32374960,-165.35430000
26.32475440,-169.29130000
26.32575920,-157.48030000
26.32676400,-169.29130000
26.32776880,-165.35430000
26.32877360,-173.22830000
26.32977840,-165.35430000
26.33078320,-169.29130000
26.33178800,-173.22830000
26.33279280,-165.35430000
26.33379760,-165.35430000
26.33480240,-177.16530000
26.33580720,-173.22830000
26.33681200,-173.22830000
26.33781680,-177.16530000
26.33882160,-173.22830000
26.33982640,-173.22830000
26.34083120,-173.22830000
26.34183600,-173.22830000
26.34284080,-173.22830000
26.34384560,-173.22830000
26.34485040,-173.22830000
26.34585520,-169.29130000
26.34686000,-169.29130000
26.34786480,-169.29130000
26.34886960,-173.22830000
26.34987440,-173.22830000
26.35087920,-169.29130000
26.35188400,-173.22830000
26.35288880,-173.22830000
26.35389360,-173.22830000
26.35489840,-173.22830000
26.35590320,-169.29130000
26.35690800,-173.22830000
26.35791280,-173.22830000
26.35891760,-173.22830000
26.35992240,-173.22830000
26.36092720,-165.35430000
26.36193200,-177.16530000
26.36293680,-169.29130000
26.36394160,-173.22830000
26.36494640,-173.22830000
26.36595120,-161.41730000
26.36695600,-173.22830000
26.36796080,-173.22830000
26.36896560,-161.41730000
26.36997040,-181.10240000
26.37097520,-177.16530000
26.37198000,-177.16530000
26.37298480,-173.22830000
26.37398960,-173.22830000
26.37499440,-173.22830000
26.37599920,-173.22830000
26.37700400,-173.22830000
26.37800880,-169.29130000
26.37901360,-169.29130000
26.38001840,-177.16530000
26.38102320,-177.16530000
26.38202800,-177.16530000
26.38303280,-177.16530000
26.38403760,-169.29130000
26.38504240,-173.22830000
26.38604720,-173.22830000
26.38705200,-173.22830000
26.38805680,-177.16530000
26.38906160,-185.03940000
26.39006640,-173.22830000
26.39107120,-177.16530000
26.39207600,-177.16530000
26.39308080,-181.10240000
26.39408560,-177.16530000
26.39509040,-177.16530000
26.39609520,-177.16530000
26.39710000,-173.22830000
26.39810480,-177.16530000
26.39910960,-181.10240000
26.40011440,-177.16530000
26.40111920,-181.10240000
26.40212400,-177.16530000
26.40312880,-181.10240000
26.40413360,-185.03940000
26.40513840,-188.97640000
26.40614320,-181.10240000
26.40714800,-185.03940000
26.40815280,-177.16530000
26.40915760,-177.16530000
26.41016240,-177.16530000
26.41116720,-177.16530000
26.41217200,-177.16530000
26.41317680,-177.16530000
26.41418160,-177.16530000
26.41518640,-177.16530000
26.41619120,-177.16530000
26.41719600,-181.10240000
26.41820080,-173.22830000
26.41920560,-177.16530000
26.42021040,-188.97640000
26.42121520,-177.16530000
26.42222000,-185.03940000
26.42322480,-177.16530000
26.42422960,-181.10240000
26.42523440,-177.16530000
26.42623920,-181.10240000
26.42724400,-177.16530000
26.42824880,-181.10240000
26.42925360,-181.10240000
26.43025840,-181.10240000
26.43126320,-181.10240000
26.43226800,-177.16530000
26.43327280,-181.10240000
26.43427760,-177.16530000
26.43528240,-181.10240000
26.43628720,-181.10240000
26.43729200,-188.97640000
26.43829680,-185.03940000
26.43930160,-192.91340000
26.44030640,-185.03940000
26.44131120,-185.03940000
26.44231600,-177.16530000
26.44332080,-185.03940000
26.44432560,-177.16530000
26.44533040,-181.10240000
26.44633520,-177.16530000
26.44734000,-188.97640000
26.44834480,-181.10240000
26.44934960,-173.22830000
26.45035440,-181.10240000
26.45135920,-177.16530000
26.45236400,-181.10240000
26.45336880,-188.97640000
26.45437360,-185.03940000
26.45537840,-181.10240000
26.45638320,-188.97640000
26.45738800,-185.03940000
26.45839280,-185.03940000
26.45939760,-188.97640000
26.46040240,-185.03940000
26.46140720,-188.97640000
26.46241200,-185.03940000
26.46341680,-188.97640000
26.46442160,-185.03940000
26.46542640,-185.03940000
26.46643120,-185.03940000
26.46743600,-185.03940000
26.46844080,-185.03940000
26.46944560,-188.97640000
26.47045040,-208.66140000
26.47145520,-192.91340000
26.47246000,-185.03940000
26.47346480,-188.97640000
26.47446960,-185.03940000
26.47547440,-185.03940000
26.47647920,-185.03940000
26.47748399,-185.03940000
26.47848879,-181.10240000
26.47949359,-181.10240000
26.48049839,-185.03940000
26.48150319,-188.97640000
26.48250799,-188.97640000
26.48351279,-188.97640000
26.48451759,-185.03940000
26.48552239,-185.03940000
26.48652719,-185.03940000
26.48753199,-188.97640000
26.48853679,-188.97640000
26.48954159,-185.03940000
26.49054639,-188.97640000
26.49155119,-185.03940000
26.49255599,-192.91340000
26.49356079,-192.91340000
26.49456559,-185.03940000
26.49557039,-192.91340000
26.49657519,-188.97640000
26.49757999,-188.97640000
26.49858479,-188.97640000
26.49958959,-192.91340000
26.50059439,-185.03940000
26.50159919,-192.91340000
26.50260399,-181.10240000
26.50360879,-196.85040000
26.50461359,-200.78740000
26.50561839,-192.91340000
26.50662319,-192.91340000
26.50762799,-188.97640000
26.50863279,-188.97640000
26.50963759,-188.97640000
26.51064239,-181.10240000
26.51164719,-185.03940000
26.51265199,-181.10240000
26.51365679,-185.03940000
26.51466159,-181.10240000
26.51566639,-185.03940000
26.51667119,-185.03940000
26.51767599,-188.97640000
26.51868079,-188.97640000
26.51968559,-185.03940000
26.52069039,-181.10240000
26.52169519,-185.03940000
26.52269999,-188.97640000
26.52370479,-185.03940000
26.52470959,-188.97640000
26.52571439,-177.16530000
26.52671919,-188.97640000
26.52772399,-188.97640000
26.52872879,-185.03940000
26.52973359,-188.97640000
26.53073839,-188.97640000
26.53174319,-185.03940000
26.53274799,-185.03940000
26.53375279,-192.91340000
26.53475759,-192.91340000
26.53576239,-188.97640000
26.53676719,-204.72440000
26.53777199,-192.91340000
26.53877679,-192.91340000
26.53978159,-192.91340000
26.54078639,-196.85040000
26.54179119,-188.97640000
26.54279599,-188.97640000
26.54380079,-185.03940000
26.54480559,-192.91340000
26.54581039,-185.03940000
26.54681519,-192.91340000
26.54781999,-188.97640000
26.54882479,-188.97640000
26.54982959,-188.97640000
26.55083439,-188.97640000
26.55183919,-192.91340000
26.55284399,-192.91340000
26.55384879,-188.97640000
26.55485359,-185.03940000
26.55585839,-188.97640000
26.55686319,-192.91340000
26.55786799,-192.91340000
26.55887279,-188.97640000
26.55987759,-188.97640000
26.56088239,-188.97640000
26.56188719,-188.97640000
26.56289199,-192.91340000
26.56389679,-188.97640000
26.56490159,-185.03940000
26.56590639,-188.97640000
26.56691119,-192.91340000
26.56791599,-192.91340000
26.56892079,-200.78740000
26.56992559,-192.91340000
26.57093039,-188.97640000
26.57193519,-208.66140000
26.57293999,-196.85040000
26.57394479,-196.85040000
26.57494959,-188.97640000
26.57595439,-196.85040000
26.57695919,-188.97640000
26.57796399,-185.03940000
26.57896879,-188.97640000
26.57997359,-188.97640000
26.58097839,-196.85040000
26.58198319,-188.97640000
26.58298799,-192.91340000
26.58399279,-192.91340000
26.58499759,-192.91340000
26.58600239,-188.97640000
26.58700719,-188.97640000
26.58801199,-192.91340000
26.58901679,-188.97640000
26.59002159,-192.91340000
26.59102639,-185.03940000
26.59203119,-192.91340000
26.59303599,-185.03940000
26.59404079,-192.91340000
26.59504559,-188.97640000
26.59605039,-188.97640000
26.59705519,-188.97640000
26.59805999,-188.97640000
26.59906479,-188.97640000
26.60006959,-196.85040000
26.60107439,-196.85040000
26.60207919,-188.97640000
26.60308399,-185.03940000
26.60408879,-192.91340000
26.60509359,-196.85040000
26.60609839,-188.97640000
26.60710319,-200.78740000
26.60810799,-200.78740000
26.60911279,-196.85040000
26.61011759,-196.85040000
26.61112239,-204.72440000
26.61212719,-196.85040000
26.61313199,-188.97640000
26.61413679,-192.91340000
26.61514159,-196.85040000
26.61614639,-188.97640000
26.61715119,-192.91340000
26.61815599,-196.85040000
26.61916079,-192.91340000
26.62016559,-188.97640000
26.62117039,-196.85040000
26.62217519,-192.91340000
26.62317999,-192.91340000
26.62418479,-192.91340000
26.62518959,-188.97640000
26.62619439,-188.97640000
26.62719919,-188.97640000
26.62820399,-192.91340000
26.62920879,-185.03940000
26.63021359,-192.91340000
26.63121839,-196.85040000
26.63222319,-192.91340000
26.63322799,-188.97640000
26.63423279,-192.91340000
26.63523759,-188.97640000
26.63624239,-192.91340000
26.63724719,-196.85040000
26.63825199,-188.97640000
26.63925679,-192.91340000
26.64026159,-188.97640000
26.64126639,-200.78740000
26.64227119,-192.91340000
26.64327599,-200.78740000
26.64428079,-188.97640000
26.64528559,-188.97640000
26.64629039,-192.91340000
26.64729519,-188.97640000
26.64829999,-188.97640000
26.64930479,-196.85040000
26.65030959,-192.91340000
26.65131439,-188.97640000
26.65231919,-188.97640000
26.65332399,-188.97640000
26.65432879,-188.97640000
26.65533359,-188.97640000
26.65633839,-196.85040000
26.65734319,-192.91340000
26.65834799,-192.91340000
26.65935279,-196.85040000
26.66035759,-192.91340000
26.66136239,-196.85040000
26.66236719,-196.85040000
26.66337199,-196.85040000
26.66437679,-196.85040000
26.66538159,-200.78740000
26.66638639,-192.91340000
26.66739119,-188.97640000
26.66839599,-192.91340000
26.66940079,-196.85040000
26.67040559,-188.97640000
26.67141039,-192.91340000
26.67241519,-192.91340000
26.67341999,-196.85040000
26.67442479,-196.85040000
26.67542959,-208.66140000
26.67643439,-196.85040000
26.67743919,-196.85040000
26.67844399,-196.85040000
26.67944879,-192.91340000
26.68045359,-196.85040000
26.68145839,-200.78740000
26.68246319,-192.91340000
26.68346799,-196.85040000
26.68447279,-188.97640000
26.68547759,-200.78740000
26.68648239,-192.91340000
26.68748719,-200.78740000
26.68849199,-196.85040000
26.68949679,-192.91340000
26.69050159,-192.91340000
26.69150639,-192.91340000
26.69251119,-196.85040000
26.69351599,-196.85040000
26.69452079,-196.85040000
26.69552559,-196.85040000
26.69653039,-196.85040000
26.69753519,-200.78740000
26.69853999,-192.91340000
26.69954479,-196.85040000
26.70054959,-188.97640000
26.70155439,-200.78740000
26.70255919,-192.91340000
26.70356399,-192.91340000
26.70456879,-196.85040000
26.70557359,-196.85040000
26.70657839,-188.97640000
26.70758319,-192.91340000
26.70858799,-196.85040000
26.70959279,-196.85040000
26.71059759,-200.78740000
26.71160239,-192.91340000
26.71260719,-196.85040000
26.71361199,-200.78740000
26.71461679,-192.91340000
26.71562159,-185.03940000
26.71662639,-188.97640000
26.71763119,-185.03940000
26.71863599,-192.91340000
26.71964079,-188.97640000
26.72064559,-188.97640000
26.72165039,-188.97640000
26.72265519,-188.97640000
26.72365999,-192.91340000
26.72466479,-188.97640000
26.72566959,-192.91340000
26.72667439,-188.97640000
26.72767919,-188.97640000
26.72868399,-200.78740000
26.72968879,-192.91340000
26.73069359,-188.97640000
26.73169839,-177.16530000
26.73270319,-185.03940000
26.73370799,-188.97640000
26.73471279,-192.91340000
26.73571759,-192.91340000
26.73672239,-192.91340000
26.73772719,-192.91340000
26.73873199,-188.97640000
26.73973679,-188.97640000
26.74074159,-188.97640000
26.74174639,-188.97640000
26.74275119,-196.85040000
26.74375599,-196.85040000
26.74476079,-192.91340000
26.74576559,-196.85040000
26.74677039,-196.85040000
26.74777519,-192.91340000
26.74877999,-185.03940000
26.74978479,-188.97640000
26.75078959,-181.10240000
26.75179439,-188.97640000
26.75279919,-185.03940000
26.75380399,-185.03940000
26.75480879,-188.97640000
26.75581359,-185.03940000
26.75681839,-185.03940000
26.75782319,-188.97640000
26.75882799,-185.03940000
26.75983279,-185.03940000
26.76083759,-185.03940000
26.76184239,-192.91340000
26.76284719,-188.97640000
26.76385199,-185.03940000
26.76485679,-188.97640000
26.76586159,-192.91340000
26.76686639,-185.03940000
26.76787119,-185.03940000
26.76887599,-192.91340000
26.76988079,-188.97640000
26.77088559,-188.97640000
26.77189039,-188.97640000
26.77289519,-188.97640000
26.77389999,-181.10240000
26.77490479,-185.03940000
26.77590959,-188.97640000
26.77691439,-185.03940000
26.77791919,-208.66140000
26.77892399,-196.85040000
26.77992879,-196.85040000
26.78093359,-185.03940000
26.78193839,-188.97640000
26.78294319,-185.03940000
26.78394799,-188.97640000
26.78495279,-185.03940000
26.78595759,-185.03940000
26.78696239,-188.97640000
26.78796719,-185.03940000
26.78897199,-185.03940000
26.78997679,-185.03940000
26.79098159,-185.03940000
26.79198639,-185.03940000
26.79299119,-185.03940000
26.79399599,-192.91340000
26.79500079,-188.97640000
26.79600559,-185.03940000
26.79701039,-188.97640000
26.79801519,-185.03940000
26.79901999,-185.03940000
26.80002479,-185.03940000
26.80102959,-188.97640000
26.80203439,-185.03940000
26.80303919,-188.97640000
26.80404399,-188.97640000
26.80504879,-188.97640000
26.80605359,-192.91340000
26.80705838,-192.91340000
26.80806318,-185.03940000
26.80906798,-188.97640000
26.81007278,-192.91340000
26.81107758,-196.85040000
26.81208238,-196.85040000
26.81308718,-196.85040000
26.81409198,-192.91340000
26.81509678,-196.85040000
26.81610158,-192.91340000
26.81710638,-188.97640000
26.81811118,-188.97640000
26.81911598,-188.97640000
26.82012078,-188.97640000
26.82112558,-181.10240000
26.82213038,-192.91340000
26.82313518,-188.97640000
26.82413998,-185.03940000
26.82514478,-188.97640000
26.82614958,-200.78740000
26.82715438,-188.97640000
26.82815918,-188.97640000
26.82916398,-177.16530000
26.83016878,-185.03940000
26.83117358,-192.91340000
26.83217838,-185.03940000
26.83318318,-188.97640000
26.83418798,-188.97640000
26.83519278,-188.97640000
26.83619758,-185.03940000
26.83720238,-188.97640000
26.83820718,-188.97640000
26.83921198,-185.03940000
26.84021678,-192.91340000
26.84122158,-188.97640000
26.84222638,-188.97640000
26.84323118,-192.91340000
26.84423598,-185.03940000
26.84524078,-200.78740000
26.84624558,-196.85040000
26.84725038,-192.91340000
26.84825518,-192.91340000
26.84925998,-196.85040000
26.85026478,-188.97640000
26.85126958,-188.97640000
26.85227438,-188.97640000
26.85327918,-188.97640000
26.85428398,-185.03940000
26.85528878,-188.97640000
26.85629358,-185.03940000
26.85729838,-185.03940000
26.85830318,-188.97640000
26.85930798,-192.91340000
26.86031278,-185.03940000
26.86131758,-188.97640000
26.86232238,-185.03940000
26.86332718,-185.03940000
26.86433198,-188.97640000
26.86533678,-188.97640000
26.86634158,-188.97640000
26.86734638,-192.91340000
26.86835118,-185.03940000
26.86935598,-188.97640000
26.87036078,-185.03940000
26.87136558,-188.97640000
26.87237038,-188.97640000
26.87337518,-188.97640000
26.87437998,-185.03940000
26.87538478,-185.03940000
26.87638958,-185.03940000
26.87739438,-196.85040000
26.87839918,-188.97640000
26.87940398,-185.03940000
26.88040878,-192.91340000
26.88141358,-192.91340000
26.88241838,-185.03940000
26.88342318,-185.03940000
26.88442798,-188.97640000
26.88543278,-181.10240000
26.88643758,-185.03940000
26.88744238,-188.97640000
26.88844718,-181.10240000
26.88945198,-177.16530000
26.89045678,-185.03940000
26.89146158,-177.16530000
26.89246638,-185.03940000
26.89347118,-185.03940000
26.89447598,-185.03940000
26.89548078,-181.10240000
26.89648558,-185.03940000
26.89749038,-181.10240000
26.89849518,-181.10240000
26.89949998,-185.03940000
26.90050478,-181.10240000
26.90150958,-181.10240000
26.90251438,-181.10240000
26.90351918,-177.16530000
26.90452398,-181.10240000
26.90552878,-181.10240000
26.90653358,-185.03940000
26.90753838,-177.16530000
26.90854318,-177.16530000
26.90954798,-188.97640000
26.91055278,-173.22830000
26.91155758,-185.03940000
26.91256238,-177.16530000
26.91356718,-177.16530000
26.91457198,-185.03940000
26.91557678,-185.03940000
26.91658158,-181.10240000
26.91758638,-185.03940000
26.91859118,-181.10240000
26.91959598,-181.10240000
26.92060078,-177.16530000
26.92160558,-177.16530000
26.92261038,-177.16530000
26.92361518,-192.91340000
26.92461998,-185.03940000
26.92562478,-181.10240000
26.92662958,-173.22830000
26.92763438,-181.10240000
26.92863918,-177.16530000
26.92964398,-181.10240000
26.93064878,-181.10240000
26.93165358,-177.16530000
26.93265838,-177.16530000
26.93366318,-181.10240000
26.93466798,-181.10240000
26.93567278,-188.97640000
26.93667758,-177.16530000
26.93768238,-177.16530000
26.93868718,-177.16530000
26.93969198,-181.10240000
26.94069678,-188.97640000
26.94170158,-177.16530000
26.94270638,-173.22830000
26.94371118,-185.03940000
26.94471598,-181.10240000
26.94572078,-181.10240000
26.94672558,-177.16530000
26.94773038,-181.10240000
26.94873518,-177.16530000
26.94973998,-185.03940000
26.95074478,-185.03940000
26.95174958,-185.03940000
26.95275438,-181.10240000
26.95375918,-173.22830000
26.95476398,-181.10240000
26.95576878,-177.16530000
26.95677358,-185.03940000
26.95777838,-181.10240000
26.95878318,-177.16530000
26.95978798,-177.16530000
26.96079278,-181.10240000
26.96179758,-181.10240000
26.96280238,-185.03940000
26.96380718,-177.16530000
26.96481198,-181.10240000
26.96581678,-173.22830000
26.96682158,-185.03940000
26.96782638,-181.10240000
26.96883118,-177.16530000
26.96983598,-181.10240000
26.97084078,-181.10240000
26.97184558,-185.03940000
26.97285038,-185.03940000
26.97385518,-188.97640000
26.97485998,-181.10240000
26.97586478,-185.03940000
26.97686958,-181.10240000
26.97787438,-181.10240000
26.97887918,-185.03940000
26.97988398,-181.10240000
26.98088878,-185.03940000
26.98189358,-185.03940000
26.98289838,-188.97640000
26.98390318,-185.03940000
26.98490798,-185.03940000
26.98591278,-185.03940000
26.98691758,-185.03940000
26.98792238,-181.10240000
26.98892718,-188.97640000
26.98993198,-188.97640000
26.99093678,-181.10240000
26.99194158,-181.10240000
26.99294638,-185.03940000
26.99395118,-181.10240000
26.99495598,-185.03940000
26.99596078,-177.16530000
26.99696558,-177.16530000
26.99797038,-185.03940000
26.99897518,-185.03940000
26.99997998,-185.03940000
27.00098478,-185.03940000
27.00198958,-181.10240000
27.00299438,-185.03940000
27.00399918,-188.97640000
27.00500398,-185.03940000
27.00600878,-185.03940000
27.00701358,-192.91340000
27.00801838,-185.03940000
27.00902318,-181.10240000
27.01002798,-181.10240000
27.01103278,-185.03940000
27.01203758,-188.97640000
27.01304238,-188.97640000
27.01404718,-192.91340000
27.01505198,-188.97640000
27.01605678,-188.97640000
27.01706158,-185.03940000
27.01806638,-185.03940000
27.01907118,-185.03940000
27.02007598,-185.03940000
27.02108078,-185.03940000
27.02208558,-188.97640000
27.02309038,-185.03940000
27.02409518,-177.16530000
27.02509998,-185.03940000
27.02610478,-181.10240000
27.02710958,-185.03940000
27.02811438,-185.03940000
27.02911918,-177.16530000
27.03012398,-185.03940000
27.03112878,-181.10240000
27.03213358,-181.10240000
27.03313838,-185.03940000
27.03414318,-181.10240000
27.03514798,-188.97640000
27.03615278,-181.10240000
27.03715758,-185.03940000
27.03816238,-181.10240000
27.03916718,-185.03940000
27.04017198,-185.03940000
27.04117678,-181.10240000
27.04218158,-181.10240000
27.04318638,-185.03940000
27.04419118,-177.16530000
27.04519598,-181.10240000
27.04620078,-192.91340000
27.04720558,-192.91340000
27.04821038,-188.97640000
27.04921518,-185.03940000
27.05021998,-185.03940000
27.05122478,-181.10240000
27.05222958,-185.03940000
27.05323438,-185.03940000
27.05423918,-181.10240000
27.05524398,-181.10240000
27.05624878,-185.03940000
27.05725358,-181.10240000
27.05825838,-181.10240000
27.05926318,-185.03940000
27.06026798,-181.10240000
27.06127278,-185.03940000
27.06227758,-181.10240000
27.06328238,-177.16530000
27.06428718,-181.10240000
27.06529198,-181.10240000
27.06629678,-177.16530000
27.06730158,-181.10240000
27.06830638,-177.16530000
27.06931118,-177.16530000
27.07031598,-181.10240000
27.07132078,-177.16530000
27.07232558,-185.03940000
27.07333038,-177.16530000
27.07433518,-181.10240000
27.07533998,-181.10240000
27.07634478,-181.10240000
27.07734958,-181.10240000
27.07835438,-169.29130000
27.07935918,-188.97640000
27.08036398,-185.03940000
27.08136878,-181.10240000
27.08237358,-181.10240000
27.08337838,-177.16530000
27.08438318,-177.16530000
27.08538798,-177.16530000
27.08639278,-181.10240000
27.08739758,-185.03940000
27.08840238,-181.10240000
27.08940718,-173.22830000
27.09041198,-177.16530000
27.09141678,-181.10240000
27.09242158,-177.16530000
27.09342638,-177.16530000
27.09443118,-181.10240000
27.09543598,-181.10240000
27.09644078,-181.10240000
27.09744558,-185.03940000
27.09845038,-177.16530000
27.09945518,-177.16530000
27.10045998,-181.10240000
27.10146478,-185.03940000
27.10246958,-181.10240000
27.10347438,-177.16530000
27.10447918,-185.03940000
27.10548398,-185.03940000
27.10648878,-173.22830000
27.10749358,-177.16530000
27.10849838,-173.22830000
27.10950318,-185.03940000
27.11050798,-177.16530000
27.11151278,-177.16530000
27.11251758,-181.10240000
27.11352238,-177.16530000
27.11452718,-185.03940000
27.11553198,-181.10240000
27.11653678,-177.16530000
27.11754158,-181.10240000
27.11854638,-185.03940000
27.11955118,-177.16530000
27.12055598,-181.10240000
27.12156078,-173.22830000
27.12256558,-177.16530000
27.12357038,-177.16530000
27.12457518,-177.16530000
27.12557998,-173.22830000
27.12658478,-177.16530000
27.12758958,-177.16530000
27.12859438,-177.16530000
27.12959918,-173.22830000
27.13060398,-181.10240000
27.13160878,-177.16530000
27.13261358,-173.22830000
27.13361838,-181.10240000
27.13462318,-185.03940000
27.13562797,-181.10240000
27.13663277,-185.03940000
27.13763757,-181.10240000
27.13864237,-177.16530000
27.13964717,-177.16530000
27.14065197,-181.10240000
27.14165677,-177.16530000
27.14266157,-177.16530000
27.14366637,-181.10240000
27.14467117,-177.16530000
27.14567597,-173.22830000
27.14668077,-177.16530000
27.14768557,-185.03940000
27.14869037,-185.03940000
27.14969517,-185.03940000
27.15069997,-177.16530000
27.15170477,-181.10240000
27.15270957,-188.97640000
27.15371437,-177.16530000
27.15471917,-177.16530000
27.15572397,-177.16530000
27.15672877,-177.16530000
27.15773357,-177.16530000
27.15873837,-173.22830000
27.15974317,-181.10240000
27.16074797,-177.16530000
27.16175277,-181.10240000
27.16275757,-177.16530000
27.16376237,-177.16530000
27.16476717,-177.16530000
27.16577197,-181.10240000
27.16677677,-177.16530000
27.16778157,-185.03940000
27.16878637,-185.03940000
27.16979117,-181.10240000
27.17079597,-177.16530000
27.17180077,-177.16530000
27.17280557,-181.10240000
27.17381037,-181.10240000
27.17481517,-177.16530000
27.17581997,-181.10240000
27.17682477,-181.10240000
27.17782957,-181.10240000
27.17883437,-177.16530000
27.17983917,-173.22830000
27.18084397,-192.91340000
27.18184877,-185.03940000
27.18285357,-181.10240000
27.18385837,-188.97640000
27.18486317,-188.97640000
27.18586797,-185.03940000
27.18687277,-185.03940000
27.18787757,-173.22830000
27.18888237,-177.16530000
27.18988717,-177.16530000
27.19089197,-177.16530000
27.19189677,-177.16530000
27.19290157,-173.22830000
27.19390637,-177.16530000
27.19491117,-177.16530000
27.19591597,-169.29130000
27.19692077,-173.22830000
27.19792557,-177.16530000
27.19893037,-181.10240000
27.19993517,-177.16530000
27.20093997,-185.03940000
27.20194477,-181.10240000
27.20294957,-181.10240000
27.20395437,-173.22830000
27.20495917,-173.22830000
27.20596397,-177.16530000
27.20696877,-173.22830000
27.20797357,-177.16530000
27.20897837,-177.16530000
27.20998317,-165.35430000
27.21098797,-177.16530000
27.21199277,-173.22830000
27.21299757,-177.16530000
27.21400237,-185.03940000
27.21500717,-181.10240000
27.21601197,-181.10240000
27.21701677,-185.03940000
27.21802157,-181.10240000
27.21902637,-177.16530000
27.22003117,-173.22830000
27.22103597,-173.22830000
27.22204077,-169.29130000
27.22304557,-173.22830000
27.22405037,-173.22830000
27.22505517,-173.22830000
27.22605997,-173.22830000
27.22706477,-169.29130000
27.22806957,-173.22830000
27.22907437,-169.29130000
27.23007917,-173.22830000
27.23108397,-173.22830000
27.23208877,-185.03940000
27.23309357,-173.22830000
27.23409837,-177.16530000
27.23510317,-157.48030000
27.23610797,-173.22830000
27.23711277,-173.22830000
27.23811757,-173.22830000
27.23912237,-173.22830000
27.24012717,-177.16530000
27.24113197,-173.22830000
27.24213677,-165.35430000
27.24314157,-169.29130000
27.24414637,-165.35430000
27.24515117,-173.22830000
27.24615597,-165.35430000
27.24716077,-169.29130000
27.24816557,-157.48030000
27.24917037,-181.10240000
27.25017517,-173.22830000
27.25117997,-177.16530000
27.25218477,-173.22830000
27.25318957,-173.22830000
27.25419437,-165.35430000
27.25519917,-161.41730000
27.25620397,-165.35430000
27.25720877,-165.35430000
27.25821357,-169.29130000
27.25921837,-165.35430000
27.26022317,-165.35430000
27.26122797,-161.41730000
27.26223277,-169.29130000
27.26323757,-169.29130000
27.26424237,-161.41730000
27.26524717,-177.16530000
27.26625197,-169.29130000
27.26725677,-173.22830000
27.26826157,-161.41730000
27.26926637,-169.29130000
27.27027117,-161.41730000
27.27127597,-165.35430000
27.27228077,-165.35430000
27.27328557,-161.41730000
27.27429037,-161.41730000
27.27529517,-165.35430000
27.27629997,-165.35430000
27.27730477,-165.35430000
27.27830957,-165.35430000
27.27931437,-165.35430000
27.28031917,-157.48030000
27.28132397,-161.41730000
27.28232877,-157.48030000
27.28333357,-169.29130000
27.28433837,-165.35430000
27.28534317,-169.29130000
27.28634797,-153.54330000
27.28735277,-161.41730000
27.28835757,-165.35430000
27.28936237,-161.41730000
27.29036717,-161.41730000
27.29137197,-161.41730000
27.29237677,-161.41730000
27.29338157,-161.41730000
27.29438637,-157.48030000
27.29539117,-161.41730000
27.29639597,-157.48030000
27.29740077,-161.41730000
27.29840557,-165.35430000
27.29941037,-161.41730000
27.30041517,-161.41730000
27.30141997,-161.41730000
27.30242477,-157.48030000
27.30342957,-169.29130000
27.30443437,-157.48030000
27.30543917,-165.35430000
27.30644397,-165.35430000
27.30744877,-161.41730000
27.30845357,-157.48030000
27.30945837,-157.48030000
27.31046317,-161.41730000
27.31146797,-157.48030000
27.31247277,-157.48030000
27.31347757,-157.48030000
27.31448237,-165.35430000
27.31548717,-161.41730000
27.31649197,-165.35430000
27.31749677,-165.35430000
27.31850157,-161.41730000
27.31950637,-161.41730000
27.32051117,-161.41730000
27.32151597,-157.48030000
27.32252077,-153.54330000
27.32352557,-157.48030000
27.32453037,-157.48030000
27.32553517,-157.48030000
27.32653997,-157.48030000
27.32754477,-153.54330000
27.32854957,-149.60630000
27.32955437,-169.29130000
27.33055917,-157.48030000
27.33156397,-161.41730000
27.33256877,-149.60630000
27.33357357,-153.54330000
27.33457837,-153.54330000
27.33558317,-157.48030000
27.33658797,-157.48030000
27.33759277,-153.54330000
27.33859757,-157.48030000
27.33960237,-157.48030000
27.34060717,-157.48030000
27.34161197,-153.54330000
27.34261677,-153.54330000
27.34362157,-157.48030000
27.34462637,-157.48030000
27.34563117,-153.54330000
27.34663597,-161.41730000
27.34764077,-153.54330000
27.34864557,-165.35430000
27.34965037,-161.41730000
27.35065517,-161.41730000
27.35165997,-161.41730000
27.35266477,-157.48030000
27.35366957,-161.41730000
27.35467437,-161.41730000
27.35567917,-161.41730000
27.35668397,-153.54330000
27.35768877,-157.48030000
27.35869357,-149.60630000
27.35969837,-153.54330000
27.36070317,-153.54330000
27.36170797,-157.48030000
27.36271277,-161.41730000
27.36371757,-157.48030000
27.36472237,-157.48030000
27.36572717,-149.60630000
27.36673197,-153.54330000
27.36773677,-161.41730000
27.36874157,-157.48030000
27.36974637,-157.48030000
27.37075117,-157.48030000
27.37175597,-157.48030000
27.37276077,-157.48030000
27.37376557,-153.54330000
27.37477037,-157.48030000
27.37577517,-157.48030000
27.37677997,-157.48030000
27.37778477,-149.60630000
27.37878957,-157.48030000
27.37979437,-161.41730000
27.38079917,-157.48030000
27.38180397,-153.54330000
27.38280877,-153.54330000
27.38381357,-161.41730000
27.38481837,-161.41730000
27.38582317,-157.48030000
27.38682797,-157.48030000
27.38783277,-161.41730000
27.38883757,-153.54330000
27.38984237,-157.48030000
27.39084717,-149.60630000
27.39185197,-153.54330000
27.39285677,-145.66930000
27.39386157,-153.54330000
27.39486637,-149.60630000
27.39587117,-157.48030000
27.39687597,-161.41730000
27.39788077,-153.54330000
27.39888557,-153.54330000
27.39989037,-153.54330000
27.40089517,-153.54330000
27.40189997,-153.54330000
27.40290477,-157.48030000
27.40390957,-157.48030000
27.40491437,-153.54330000
27.40591917,-149.60630000
27.40692397,-153.54330000
27.40792877,-153.54330000
27.40893357,-153.54330000
27.40993837,-153.54330000
27.41094317,-157.48030000
27.41194797,-157.48030000
27.41295277,-153.54330000
27.41395757,-153.54330000
27.41496237,-161.41730000
27.41596717,-157.48030000
27.41697197,-157.48030000
27.41797677,-165.35430000
27.41898157,-157.48030000
27.41998637,-161.41730000
27.42099117,-161.41730000
27.42199597,-157.48030000
27.42300077,-153.54330000
27.42400557,-153.54330000
27.42501037,-153.54330000
27.42601517,-153.54330000
27.42701997,-157.48030000
27.42802477,-157.48030000
27.42902957,-157.48030000
27.43003437,-149.60630000
27.43103917,-157.48030000
27.43204397,-153.54330000
27.43304877,-153.54330000
27.43405357,-153.54330000
27.43505837,-161.41730000
27.43606317,-145.66930000
27.43706797,-157.48030000
27.43807277,-149.60630000
27.43907757,-153.54330000
27.44008237,-153.54330000
27.44108717,-157.48030000
27.44209197,-153.54330000
27.44309677,-153.54330000
27.44410157,-149.60630000
27.44510637,-157.48030000
27.44611117,-153.54330000
27.44711597,-149.60630000
27.44812077,-149.60630000
27.44912557,-153.54330000
27.45013037,-145.66930000
27.45113517,-153.54330000
27.45213997,-153.54330000
27.45314477,-153.54330000
27.45414957,-149.60630000
27.45515437,-153.54330000
27.45615917,-149.60630000
27.45716397,-145.66930000
27.45816877,-149.60630000
27.45917357,-145.66930000
27.46017837,-149.60630000
27.46118317,-149.60630000
27.46218797,-145.66930000
27.46319277,-145.66930000
27.46419756,-149.60630000
27.46520236,-149.60630000
27.46620716,-149.60630000
27.46721196,-153.54330000
27.46821676,-153.54330000
27.46922156,-141.73230000
27.47022636,-145.66930000
27.47123116,-153.54330000
27.47223596,-145.66930000
27.47324076,-145.66930000
27.47424556,-153.54330000
27.47525036,-153.54330000
27.47625516,-153.54330000
27.47725996,-153.54330000
27.47826476,-149.60630000
27.47926956,-149.60630000
27.48027436,-153.54330000
27.48127916,-145.66930000
27.48228396,-153.54330000
27.48328876,-149.60630000
27.48429356,-149.60630000
27.48529836,-149.60630000
27.48630316,-149.60630000
27.48730796,-145.66930000
27.48831276,-153.54330000
27.48931756,-145.66930000
27.49032236,-153.54330000
27.49132716,-145.66930000
27.49233196,-153.54330000
27.49333676,-149.60630000
27.49434156,-145.66930000
27.49534636,-149.60630000
27.49635116,-145.66930000
27.49735596,-145.66930000
27.49836076,-149.60630000
27.49936556,-149.60630000
27.50037036,-145.66930000
27.50137516,-145.66930000
27.50237996,-145.66930000
27.50338476,-149.60630000
27.50438956,-149.60630000
27.50539436,-145.66930000
27.50639916,-145.66930000
27.50740396,-145.66930000
27.50840876,-149.60630000
27.50941356,-145.66930000
27.51041836,-153.54330000
27.51142316,-145.66930000
27.51242796,-141.73230000
27.51343276,-145.66930000
27.51443756,-149.60630000
27.51544236,-145.66930000
27.51644716,-149.60630000
27.51745196,-149.60630000
27.51845676,-145.66930000
27.51946156,-145.66930000
27.52046636,-153.54330000
27.52147116,-145.66930000
27.52247596,-153.54330000
27.52348076,-149.60630000
27.52448556,-149.60630000
27.52549036,-145.66930000
27.52649516,-149.60630000
27.52749996,-141.73230000
27.52850476,-145.66930000
27.52950956,-145.66930000
27.53051436,-145.66930000
27.53151916,-145.66930000
27.53252396,-145.66930000
27.53352876,-141.73230000
27.53453356,-141.73230000
27.53553836,-153.54330000
27.53654316,-145.66930000
27.53754796,-153.54330000
27.53855276,-145.66930000
27.53955756,-145.66930000
27.54056236,-145.66930000
27.54156716,-153.54330000
27.54257196,-153.54330000
27.54357676,-153.54330000
27.54458156,-153.54330000
27.54558636,-149.60630000
27.54659116,-149.60630000
27.54759596,-145.66930000
27.54860076,-149.60630000
27.54960556,-153.54330000
27.55061036,-149.60630000
27.55161516,-145.66930000
27.55261996,-145.66930000
27.55362476,-157.48030000
27.55462956,-153.54330000
27.55563436,-157.48030000
27.55663916,-157.48030000
27.55764396,-157.48030000
27.55864876,-153.54330000
27.55965356,-157.48030000
27.56065836,-145.66930000
27.56166316,-149.60630000
27.56266796,-149.60630000
27.56367276,-149.60630000
27.56467756,-145.66930000
27.56568236,-145.66930000
27.56668716,-149.60630000
27.56769196,-149.60630000
27.56869676,-145.66930000
27.56970156,-145.66930000
27.57070636,-149.60630000
27.57171116,-149.60630000
27.57271596,-145.66930000
27.57372076,-145.66930000
27.57472556,-149.60630000
27.57573036,-149.60630000
27.57673516,-145.66930000
27.57773996,-145.66930000
27.57874476,-145.66930000
27.57974956,-145.66930000
27.58075436,-145.66930000
27.58175916,-145.66930000
27.58276396,-145.66930000
27.58376876,-141.73230000
27.58477356,-149.60630000
27.58577836,-145.66930000
27.58678316,-157.48030000
27.58778796,-141.73230000
27.58879276,-145.66930000
27.58979756,-153.54330000
27.59080236,-153.54330000
27.59180716,-149.60630000
27.59281196,-141.73230000
27.59381676,-141.73230000
27.59482156,-145.66930000
27.59582636,-141.73230000
27.59683116,-137.79530000
27.59783596,-145.66930000
27.59884076,-145.66930000
27.59984556,-149.60630000
27.60085036,-145.66930000
27.60185516,-141.73230000
27.60285996,-145.66930000
27.60386476,-149.60630000
27.60486956,-145.66930000
27.60587436,-149.60630000
27.60687916,-145.66930000
27.60788396,-149.60630000
27.60888876,-149.60630000
27.60989356,-145.66930000
27.61089836,-145.66930000
27.61190316,-153.54330000
27.61290796,-145.66930000
27.61391276,-145.66930000
27.61491756,-149.60630000
27.61592236,-145.66930000
27.61692716,-141.73230000
27.61793196,-145.66930000
27.61893676,-145.66930000
27.61994156,-141.73230000
27.62094636,-129.92120000
27.62195116,-157.48030000
27.62295596,-153.54330000
27.62396076,-153.54330000
27.62496556,-149.60630000
27.62597036,-149.60630000
27.62697516,-145.66930000
27.62797996,-145.66930000
27.62898476,-145.66930000
27.62998956,-145.66930000
27.63099436,-141.73230000
27.63199916,-145.66930000
27.63300396,-141.73230000
27.63400876,-145.66930000
27.63501356,-145.66930000
27.63601836,-145.66930000
27.63702316,-141.73230000
27.63802796,-149.60630000
27.63903276,-149.60630000
27.64003756,-145.66930000
27.64104236,-145.66930000
27.64204716,-141.73230000
27.64305196,-145.66930000
27.64405676,-145.66930000
27.64506156,-137.79530000
27.64606636,-141.73230000
27.64707116,-137.79530000
27.64807596,-145.66930000
27.64908076,-145.66930000
27.65008556,-149.60630000
27.65109036,-145.66930000
27.65209516,-141.73230000
27.65309996,-137.79530000
27.65410476,-145.66930000
27.65510956,-153.54330000
27.65611436,-149.60630000
27.65711916,-153.54330000
27.65812396,-145.66930000
27.65912876,-141.73230000
27.66013356,-145.66930000
27.66113836,-145.66930000
27.66214316,-145.66930000
27.66314796,-141.73230000
27.66415276,-141.73230000
27.66515756,-141.73230000
27.66616236,-137.79530000
27.66716716,-141.73230000
27.66817196,-145.66930000
27.66917676,-141.73230000
27.67018156,-145.66930000
27.67118636,-153.54330000
27.67219116,-149.60630000
27.67319596,-145.66930000
27.67420076,-137.79530000
27.67520556,-145.66930000
27.67621036,-145.66930000
27.67721516,-137.79530000
27.67821996,-149.60630000
27.67922476,-141.73230000
27.68022956,-141.73230000
27.68123436,-145.66930000
27.68223916,-145.66930000
27.68324396,-149.60630000
27.68424876,-149.60630000
27.68525356,-145.66930000
27.68625836,-145.66930000
27.68726316,-149.60630000
27.68826796,-149.60630000
27.68927276,-137.79530000
27.69027756,-145.66930000
27.69128236,-149.60630000
27.69228716,-149.60630000
27.69329196,-149.60630000
27.69429676,-149.60630000
27.69530156,-149.60630000
27.69630636,-145.66930000
27.69731116,-145.66930000
27.69831596,-145.66930000
27.69932076,-145.66930000
27.70032556,-145.66930000
27.70133036,-141.73230000
27.70233516,-145.66930000
27.70333996,-145.66930000
27.70434476,-149.60630000
27.70534956,-145.66930000
27.70635436,-145.66930000
27.70735916,-145.66930000
27.70836396,-141.73230000
27.70936876,-145.66930000
27.71037356,-149.60630000
27.71137836,-145.66930000
27.71238316,-145.66930000
27.71338796,-149.60630000
27.71439276,-145.66930000
27.71539756,-145.66930000
27.71640236,-145.66930000
27.71740716,-145.66930000
27.71841196,-145.66930000
27.71941676,-149.60630000
27.72042156,-149.60630000
27.72142636,-145.66930000
27.72243116,-153.54330000
27.72343596,-141.73230000
27.72444076,-161.41730000
27.72544556,-149.60630000
27.72645036,-153.54330000
27.72745516,-149.60630000
27.72845996,-153.54330000
27.72946476,-145.66930000
27.73046956,-145.66930000
27.73147436,-149.60630000
27.73247916,-145.66930000
27.73348396,-145.66930000
27.73448876,-145.66930000
27.73549356,-161.41730000
27.73649836,-145.66930000
27.73750316,-145.66930000
27.73850796,-129.92120000
27.73951276,-149.60630000
27.74051756,-145.66930000
27.74152236,-153.54330000
27.74252716,-149.60630000
27.74353196,-145.66930000
27.74453676,-149.60630000
27.74554156,-145.66930000
27.74654636,-149.60630000
27.74755116,-141.73230000
27.74855596,-153.54330000
27.74956076,-149.60630000
27.75056556,-145.66930000
27.75157036,-145.66930000
27.75257516,-149.60630000
27.75357996,-145.66930000
27.75458476,-149.60630000
27.75558956,-145.66930000
27.75659436,-149.60630000
27.75759916,-157.48030000
27.75860396,-145.66930000
27.75960876,-149.60630000
27.76061356,-153.54330000
27.76161836,-145.66930000
27.76262316,-145.66930000
27.76362796,-149.60630000
27.76463276,-141.73230000
27.76563756,-141.73230000
27.76664236,-145.66930000
27.76764716,-141.73230000
27.76865196,-149.60630000
27.76965676,-145.66930000
27.77066156,-157.48030000
27.77166636,-141.73230000
27.77267116,-149.60630000
27.77367596,-145.66930000
27.77468076,-141.73230000
27.77568556,-149.60630000
27.77669036,-149.60630000
27.77769516,-149.60630000
27.77869996,-141.73230000
27.77970476,-149.60630000
27.78070956,-145.66930000
27.78171436,-145.66930000
27.78271916,-149.60630000
27.78372396,-149.60630000
27.78472876,-149.60630000
27.78573356,-153.54330000
27.78673836,-145.66930000
27.78774316,-141.73230000
27.78874796,-149.60630000
27.78975276,-149.60630000
27.79075756,-145.66930000
27.79176236,-157.48030000
27.79276716,-149.60630000
27.79377195,-145.66930000
27.79477675,-153.54330000
27.79578155,-149.60630000
27.79678635,-149.60630000
27.79779115,-145.66930000
27.79879595,-145.66930000
27.79980075,-145.66930000
27.80080555,-145.66930000
27.80181035,-149.60630000
27.80281515,-145.66930000
27.80381995,-141.73230000
27.80482475,-141.73230000
27.80582955,-145.66930000
27.80683435,-145.66930000
27.80783915,-145.66930000
27.80884395,-149.60630000
27.80984875,-149.60630000
27.81085355,-153.54330000
27.81185835,-145.66930000
27.81286315,-145.66930000
27.81386795,-145.66930000
27.81487275,-145.66930000
27.81587755,-145.66930000
27.81688235,-149.60630000
27.81788715,-149.60630000
27.81889195,-153.54330000
27.81989675,-145.66930000
27.82090155,-145.66930000
27.82190635,-149.60630000
27.82291115,-145.66930000
27.82391595,-153.54330000
27.82492075,-141.73230000
27.82592555,-157.48030000
27.82693035,-149.60630000
27.82793515,-153.54330000
27.82893995,-149.60630000
27.82994475,-149.60630000
27.83094955,-145.66930000
27.83195435,-145.66930000
27.83295915,-157.48030000
27.83396395,-149.60630000
27.83496875,-149.60630000
27.83597355,-125.98420000
27.83697835,-145.66930000
27.83798315,-149.60630000
27.83898795,-145.66930000
27.83999275,-153.54330000
27.84099755,-145.66930000
27.84200235,-149.60630000
27.84300715,-145.66930000
27.84401195,-149.60630000
27.84501675,-145.66930000
27.84602155,-141.73230000
27.84702635,-153.54330000
27.84803115,-149.60630000
27.84903595,-153.54330000
27.85004075,-149.60630000
27.85104555,-153.54330000
27.85205035,-149.60630000
27.85305515,-153.54330000
27.85405995,-153.54330000
27.85506475,-149.60630000
27.85606955,-149.60630000
27.85707435,-153.54330000
27.85807915,-141.73230000
27.85908395,-149.60630000
27.86008875,-157.48030000
27.86109355,-145.66930000
27.86209835,-149.60630000
27.86310315,-153.54330000
27.86410795,-149.60630000
27.86511275,-149.60630000
27.86611755,-149.60630000
27.86712235,-153.54330000
27.86812715,-141.73230000
27.86913195,-145.66930000
27.87013675,-145.66930000
27.87114155,-149.60630000
27.87214635,-145.66930000
27.87315115,-149.60630000
27.87415595,-145.66930000
27.87516075,-145.66930000
27.87616555,-153.54330000
27.87717035,-141.73230000
27.87817515,-149.60630000
27.87917995,-149.60630000
27.88018475,-149.60630000
27.88118955,-149.60630000
27.88219435,-149.60630000
27.88319915,-157.48030000
27.88420395,-145.66930000
27.88520875,-149.60630000
27.88621355,-157.48030000
27.88721835,-149.60630000
27.88822315,-149.60630000
27.88922795,-149.60630000
27.89023275,-145.66930000
27.89123755,-149.60630000
27.89224235,-145.66930000
27.89324715,-145.66930000
27.89425195,-141.73230000
27.89525675,-157.48030000
27.89626155,-149.60630000
27.89726635,-149.60630000
27.89827115,-153.54330000
27.89927595,-153.54330000
27.90028075,-153.54330000
27.90128555,-145.66930000
27.90229035,-145.66930000
27.90329515,-145.66930000
27.90429995,-149.60630000
27.90530475,-141.73230000
27.90630955,-149.60630000
27.90731435,-149.60630000
27.90831915,-141.73230000
27.90932395,-145.66930000
27.91032875,-145.66930000
27.91133355,-153.54330000
27.91233835,-149.60630000
27.91334315,-145.66930000
27.91434795,-153.54330000
27.91535275,-149.60630000
27.91635755,-149.60630000
27.91736235,-149.60630000
27.91836715,-145.66930000
27.91937195,-145.66930000
27.92037675,-149.60630000
27.92138155,-145.66930000
27.92238635,-153.54330000
27.92339115,-145.66930000
27.92439595,-149.60630000
27.92540075,-149.60630000
27.92640555,-145.66930000
27.92741035,-149.60630000
27.92841515,-165.35430000
27.92941995,-153.54330000
27.93042475,-161.41730000
27.93142955,-153.54330000
27.93243435,-153.54330000
27.93343915,-145.66930000
27.93444395,-145.66930000
27.93544875,-145.66930000
27.93645355,-141.73230000
27.93745835,-145.66930000
27.93846315,-145.66930000
27.93946795,-145.66930000
27.94047275,-145.66930000
27.94147755,-149.60630000
27.94248235,-141.73230000
27.94348715,-145.66930000
27.94449195,-145.66930000
27.94549675,-141.73230000
27.94650155,-145.66930000
27.94750635,-149.60630000
27.94851115,-145.66930000
27.94951595,-141.73230000
27.95052075,-145.66930000
27.95152555,-149.60630000
27.95253035,-141.73230000
27.95353515,-145.66930000
27.95453995,-149.60630000
27.95554475,-145.66930000
27.95654955,-145.66930000
27.95755435,-145.66930000
27.95855915,-145.66930000
27.95956395,-141.73230000
27.96056875,-141.73230000
27.96157355,-141.73230000
27.96257835,-149.60630000
27.96358315,-169.29130000
27.96458795,-153.54330000
27.96559275,-153.54330000
27.96659755,-145.66930000
27.96760235,-149.60630000
27.96860715,-153.54330000
27.96961195,-145.66930000
27.97061675,-145.66930000
27.97162155,-141.73230000
27.97262635,-149.60630000
27.97363115,-141.73230000
27.97463595,-145.66930000
27.97564075,-149.60630000
27.97664555,-141.73230000
27.97765035,-141.73230000
27.97865515,-141.73230000
27.97965995,-145.66930000
27.98066475,-149.60630000
27.98166955,-145.66930000
27.98267435,-141.73230000
27.98367915,-149.60630000
27.98468395,-141.73230000
27.98568875,-141.73230000
27.98669355,-149.60630000
27.98769835,-149.60630000
27.98870315,-149.60630000
27.98970795,-145.66930000
27.99071275,-145.66930000
27.99171755,-137.79530000
27.99272235,-145.66930000
27.99372715,-137.79530000
27.99473195,-137.79530000
27.99573675,-141.73230000
27.99674155,-153.54330000
27.99774635,-149.60630000
27.99875115,-149.60630000
27.99975595,-145.66930000
28.00076075,-145.66930000
28.00176555,-149.60630000
28.00277035,-145.66930000
28.00377515,-141.73230000
28.00477995,-141.73230000
28.00578475,-141.73230000
28.00678955,-137.79530000
28.00779435,-137.79530000
28.00879915,-145.66930000
28.00980395,-137.79530000
28.01080875,-141.73230000
28.01181355,-145.66930000
28.01281835,-149.60630000
28.01382315,-145.66930000
28.01482795,-145.66930000
28.01583275,-141.73230000
28.01683755,-141.73230000
28.01784235,-141.73230000
28.01884715,-141.73230000
28.01985195,-141.73230000
28.02085675,-141.73230000
28.02186155,-145.66930000
28.02286635,-137.79530000
28.02387115,-149.60630000
28.02487595,-141.73230000
28.02588075,-141.73230000
28.02688555,-149.60630000
28.02789035,-149.60630000
28.02889515,-157.48030000
28.02989995,-149.60630000
28.03090475,-153.54330000
28.03190955,-145.66930000
28.03291435,-145.66930000
28.03391915,-137.79530000
28.03492395,-141.73230000
28.03592875,-145.66930000
28.03693355,-145.66930000
28.03793835,-141.73230000
28.03894315,-141.73230000
28.03994795,-145.66930000
28.04095275,-145.66930000
28.04195755,-137.79530000
28.04296235,-137.79530000
28.04396715,-145.66930000
28.04497195,-145.66930000
28.04597675,-145.66930000
28.04698155,-149.60630000
28.04798635,-145.66930000
28.04899115,-145.66930000
28.04999595,-145.66930000
28.05100075,-141.73230000
28.05200555,-149.60630000
28.05301035,-145.66930000
28.05401515,-141.73230000
28.05501995,-137.79530000
28.05602475,-141.73230000
28.05702955,-145.66930000
28.05803435,-141.73230000
28.05903915,-145.66930000
28.06004395,-145.66930000
28.06104875,-149.60630000
28.06205355,-145.66930000
28.06305835,-145.66930000
28.06406315,-149.60630000
28.06506795,-145.66930000
28.06607275,-153.54330000
28.06707755,-145.66930000
28.06808235,-141.73230000
28.06908715,-149.60630000
28.07009195,-141.73230000
28.07109675,-137.79530000
28.07210155,-145.66930000
28.07310635,-141.73230000
28.07411115,-141.73230000
28.07511595,-141.73230000
28.07612075,-141.73230000
28.07712555,-149.60630000
28.07813035,-145.66930000
28.07913515,-149.60630000
28.08013995,-141.73230000
28.08114475,-145.66930000
28.08214955,-145.66930000
28.08315435,-145.66930000
28.08415915,-141.73230000
28.08516395,-137.79530000
28.08616875,-141.73230000
28.08717355,-141.73230000
28.08817835,-141.73230000
28.08918315,-145.66930000
28.09018795,-141.73230000
28.09119275,-141.73230000
28.09219755,-145.66930000
28.09320235,-145.66930000
28.09420715,-145.66930000
28.09521195,-141.73230000
28.09621675,-137.79530000
28.09722155,-137.79530000
28.09822635,-145.66930000
28.09923115,-149.60630000
28.10023595,-145.66930000
28.10124075,-145.66930000
28.10224555,-145.66930000
28.10325035,-141.73230000
28.10425515,-141.73230000
28.10525995,-145.66930000
28.10626475,-137.79530000
28.10726955,-137.79530000
28.10827435,-137.79530000
28.10927915,-137.79530000
28.11028395,-141.73230000
28.11128875,-145.66930000
28.11229355,-137.79530000
28.11329835,-137.79530000
28.11430315,-141.73230000
28.11530795,-137.79530000
28.11631275,-141.73230000
28.11731755,-145.66930000
28.11832235,-141.73230000
28.11932715,-137.79530000
28.12033195,-141.73230000
28.12133675,-137.79530000
28.12234154,-141.73230000
28.12334634,-141.73230000
28.12435114,-141.73230000
28.12535594,-145.66930000
28.12636074,-145.66930000
28.12736554,-145.66930000
28.12837034,-137.79530000
28.12937514,-141.73230000
28.13037994,-141.73230000
28.13138474,-141.73230000
28.13238954,-137.79530000
28.13339434,-149.60630000
28.13439914,-141.73230000
28.13540394,-145.66930000
28.13640874,-141.73230000
28.13741354,-145.66930000
28.13841834,-141.73230000
28.13942314,-133.85830000
28.14042794,-133.85830000
28.14143274,-141.73230000
28.14243754,-141.73230000
28.14344234,-133.85830000
28.14444714,-137.79530000
28.14545194,-137.79530000
28.14645674,-137.79530000
28.14746154,-137.79530000
28.14846634,-137.79530000
28.14947114,-141.73230000
28.15047594,-137.79530000
28.15148074,-133.85830000
28.15248554,-141.73230000
28.15349034,-137.79530000
28.15449514,-137.79530000
28.15549994,-141.73230000
28.15650474,-133.85830000
28.15750954,-137.79530000
28.15851434,-141.73230000
28.15951914,-141.73230000
28.16052394,-141.73230000
28.16152874,-133.85830000
28.16253354,-141.73230000
28.16353834,-141.73230000
28.16454314,-141.73230000
28.16554794,-141.73230000
28.16655274,-141.73230000
28.16755754,-149.60630000
28.16856234,-141.73230000
28.16956714,-145.66930000
28.17057194,-141.73230000
28.17157674,-141.73230000
28.17258154,-137.79530000
28.17358634,-133.85830000
28.17459114,-137.79530000
28.17559594,-137.79530000
28.17660074,-137.79530000
28.17760554,-133.85830000
28.17861034,-133.85830000
28.17961514,-137.79530000
28.18061994,-137.79530000
28.18162474,-137.79530000
28.18262954,-137.79530000
28.18363434,-133.85830000
28.18463914,-137.79530000
28.18564394,-137.79530000
28.18664874,-129.92120000
28.18765354,-137.79530000
28.18865834,-141.73230000
28.18966314,-137.79530000
28.19066794,-137.79530000
28.19167274,-141.73230000
28.19267754,-137.79530000
28.19368234,-133.85830000
28.19468714,-133.85830000
28.19569194,-137.79530000
28.19669674,-129.92120000
28.19770154,-133.85830000
28.19870634,-141.73230000
28.19971114,-133.85830000
28.20071594,-133.85830000
28.20172074,-145.66930000
28.20272554,-141.73230000
28.20373034,-145.66930000
28.20473514,-137.79530000
28.20573994,-141.73230000
28.20674474,-137.79530000
28.20774954,-133.85830000
28.20875434,-137.79530000
28.20975914,-137.79530000
28.21076394,-133.85830000
28.21176874,-133.85830000
28.21277354,-137.79530000
28.21377834,-133.85830000
28.21478314,-137.79530000
28.21578794,-137.79530000
28.21679274,-137.79530000
28.21779754,-133.85830000
28.21880234,-137.79530000
28.21980714,-133.85830000
28.22081194,-133.85830000
28.22181674,-137.79530000
28.22282154,-133.85830000
28.22382634,-141.73230000
28.22483114,-137.79530000
28.22583594,-133.85830000
28.22684074,-133.85830000
28.22784554,-133.85830000
28.22885034,-137.79530000
28.22985514,-137.79530000
28.23085994,-141.73230000
28.23186474,-141.73230000
28.23286954,-137.79530000
28.23387434,-133.85830000
28.23487914,-133.85830000
28.23588394,-137.79530000
28.23688874,-149.60630000
28.23789354,-141.73230000
28.23889834,-149.60630000
28.23990314,-141.73230000
28.24090794,-141.73230000
28.24191274,-133.85830000
28.24291754,-137.79530000
28.24392234,-141.73230000
28.24492714,-133.85830000
28.24593194,-133.85830000
28.24693674,-133.85830000
28.24794154,-129.92120000
28.24894634,-141.73230000
28.24995114,-133.85830000
28.25095594,-133.85830000
28.25196074,-133.85830000
28.25296554,-133.85830000
28.25397034,-137.79530000
28.25497514,-133.85830000
28.25597994,-133.85830000
28.25698474,-133.85830000
28.25798954,-133.85830000
28.25899434,-129.92120000
28.25999914,-133.85830000
28.26100394,-133.85830000
28.26200874,-137.79530000
28.26301354,-133.85830000
28.26401834,-129.92120000
28.26502314,-129.92120000
28.26602794,-137.79530000
28.26703274,-133.85830000
28.26803754,-133.85830000
28.26904234,-133.85830000
28.27004714,-133.85830000
28.27105194,-133.85830000
28.27205674,-157.48030000
28.27306154,-141.73230000
28.27406634,-137.79530000
28.27507114,-133.85830000
28.27607594,-133.85830000
28.27708074,-133.85830000
28.27808554,-133.85830000
28.27909034,-129.92120000
28.28009514,-129.92120000
28.28109994,-133.85830000
28.28210474,-129.92120000
28.28310954,-129.92120000
28.28411434,-133.85830000
28.28511914,-129.92120000
28.28612394,-133.85830000
28.28712874,-129.92120000
28.28813354,-133.85830000
28.28913834,-133.85830000
28.29014314,-133.85830000
28.29114794,-129.92120000
28.29215274,-129.92120000
28.29315754,-129.92120000
28.29416234,-129.92120000
28.29516714,-125.98420000
28.29617194,-129.92120000
28.29717674,-133.85830000
28.29818154,-133.85830000
28.29918634,-125.98420000
28.30019114,-129.92120000
28.30119594,-129.92120000
28.30220074,-125.98420000
28.30320554,-133.85830000
28.30421034,-133.85830000
28.30521514,-129.92120000
28.30621994,-129.92120000
28.30722474,-129.92120000
28.30822954,-149.60630000
28.30923434,-137.79530000
28.31023914,-133.85830000
28.31124394,-129.92120000
28.31224874,-133.85830000
28.31325354,-129.92120000
28.31425834,-129.92120000
28.31526314,-125.98420000
28.31626794,-125.98420000
28.31727274,-122.04720000
28.31827754,-125.98420000
28.31928234,-122.04720000
28.32028714,-125.98420000
28.32129194,-129.92120000
28.32229674,-129.92120000
28.32330154,-125.98420000
28.32430634,-129.92120000
28.32531114,-129.92120000
28.32631594,-129.92120000
28.32732074,-129.92120000
28.32832554,-129.92120000
28.32933034,-125.98420000
28.33033514,-129.92120000
28.33133994,-129.92120000
28.33234474,-122.04720000
28.33334954,-129.92120000
28.33435434,-125.98420000
28.33535914,-125.98420000
28.33636394,-137.79530000
28.33736874,-125.98420000
28.33837354,-133.85830000
28.33937834,-114.17320000
28.34038314,-122.04720000
28.34138794,-129.92120000
28.34239274,-133.85830000
28.34339754,-125.98420000
28.34440234,-129.92120000
28.34540714,-129.92120000
28.34641194,-125.98420000
28.34741674,-133.85830000
28.34842154,-129.92120000
28.34942634,-125.98420000
28.35043114,-125.98420000
28.35143594,-125.98420000
28.35244074,-125.98420000
28.35344554,-129.92120000
28.35445034,-129.92120000
28.35545514,-129.92120000
28.35645994,-122.04720000
28.35746474,-125.98420000
28.35846954,-125.98420000
28.35947434,-122.04720000
28.36047914,-129.92120000
28.36148394,-125.98420000
28.36248874,-125.98420000
28.36349354,-133.85830000
28.36449834,-122.04720000
28.36550314,-125.98420000
28.36650794,-122.04720000
28.36751274,-125.98420000
28.36851754,-125.98420000
28.36952234,-129.92120000
28.37052714,-129.92120000
28.37153194,-129.92120000
28.37253674,-125.98420000
28.37354154,-125.98420000
28.37454634,-125.98420000
28.37555114,-129.92120000
28.37655594,-125.98420000
28.37756074,-129.92120000
28.37856554,-125.98420000
28.37957034,-129.92120000
28.38057514,-129.92120000
28.38157994,-125.98420000
28.38258474,-125.98420000
28.38358954,-133.85830000
28.38459434,-133.85830000
28.38559914,-133.85830000
28.38660394,-125.98420000
28.38760874,-129.92120000
28.38861354,-122.04720000
28.38961834,-122.04720000
28.39062314,-122.04720000
28.39162794,-125.98420000
28.39263274,-122.04720000
28.39363754,-125.98420000
28.39464234,-118.11020000
28.39564714,-125.98420000
28.39665194,-129.92120000
28.39765674,-122.04720000
28.39866154,-129.92120000
28.39966634,-125.98420000
28.40067114,-125.98420000
28.40167594,-125.98420000
28.40268074,-125.98420000
28.40368554,-125.98420000
28.40469034,-125.98420000
28.40569514,-125.98420000
28.40669994,-125.98420000
28.40770474,-125.98420000
28.40870954,-125.98420000
28.40971434,-122.04720000
28.41071914,-118.11020000
28.41172394,-122.04720000
28.41272874,-122.04720000
28.41373354,-122.04720000
28.41473834,-122.04720000
28.41574314,-133.85830000
28.41674794,-129.92120000
28.41775274,-129.92120000
28.41875754,-129.92120000
28.41976234,-133.85830000
28.42076714,-122.04720000
28.42177194,-125.98420000
28.42277674,-125.98420000
28.42378154,-125.98420000
28.42478634,-122.04720000
28.42579114,-122.04720000
28.42679594,-125.98420000
28.42780074,-122.04720000
28.42880554,-122.04720000
28.42981034,-125.98420000
28.43081514,-125.98420000
28.43181994,-125.98420000
28.43282474,-125.98420000
28.43382954,-141.73230000
28.43483434,-133.85830000
28.43583914,-125.98420000
28.43684394,-106.29920000
28.43784874,-125.98420000
28.43885354,-129.92120000
28.43985834,-125.98420000
28.44086314,-125.98420000
28.44186794,-125.98420000
28.44287274,-122.04720000
28.44387754,-122.04720000
28.44488234,-122.04720000
28.44588714,-122.04720000
28.44689194,-118.11020000
28.44789674,-125.98420000
28.44890154,-129.92120000
28.44990634,-114.17320000
28.45091113,-133.85830000
28.45191593,-129.92120000
28.45292073,-129.92120000
28.45392553,-125.98420000
28.45493033,-129.92120000
28.45593513,-118.11020000
28.45693993,-122.04720000
28.45794473,-125.98420000
28.45894953,-118.11020000
28.45995433,-122.04720000
28.46095913,-122.04720000
28.46196393,-122.04720000
28.46296873,-122.04720000
28.46397353,-125.98420000
28.46497833,-122.04720000
28.46598313,-122.04720000
28.46698793,-125.98420000
28.46799273,-125.98420000
28.46899753,-125.98420000
28.47000233,-125.98420000
28.47100713,-122.04720000
28.47201193,-122.04720000
28.47301673,-125.98420000
28.47402153,-122.04720000
28.47502633,-118.11020000
28.47603113,-114.17320000
28.47703593,-125.98420000
28.47804073,-122.04720000
28.47904553,-122.04720000
28.48005033,-122.04720000
28.48105513,-118.11020000
28.48205993,-118.11020000
28.48306473,-129.92120000
28.48406953,-122.04720000
28.48507433,-122.04720000
28.48607913,-122.04720000
28.48708393,-122.04720000
28.48808873,-118.11020000
28.48909353,-122.04720000
28.49009833,-129.92120000
28.49110313,-125.98420000
28.49210793,-125.98420000
28.49311273,-129.92120000
28.49411753,-118.11020000
28.49512233,-118.11020000
28.49612713,-118.11020000
28.49713193,-122.04720000
28.49813673,-118.11020000
28.49914153,-122.04720000
28.50014633,-118.11020000
28.50115113,-122.04720000
28.50215593,-122.04720000
28.50316073,-125.98420000
28.50416553,-118.11020000
28.50517033,-118.11020000
28.50617513,-122.04720000
28.50717993,-122.04720000
28.50818473,-122.04720000
28.50918953,-118.11020000
28.51019433,-125.98420000
28.51119913,-122.04720000
28.51220393,-118.11020000
28.51320873,-118.11020000
28.51421353,-118.11020000
28.51521833,-125.98420000
28.51622313,-125.98420000
28.51722793,-122.04720000
28.51823273,-122.04720000
28.51923753,-122.04720000
28.52024233,-122.04720000
28.52124713,-122.04720000
28.52225193,-122.04720000
28.52325673,-118.11020000
28.52426153,-118.11020000
28.52526633,-114.17320000
28.52627113,-118.11020000
28.52727593,-114.17320000
28.52828073,-118.11020000
28.52928553,-118.11020000
28.53029033,-118.11020000
28.53129513,-129.92120000
28.53229993,-122.04720000
28.53330473,-118.11020000
28.53430953,-118.11020000
28.53531433,-114.17320000
28.53631913,-118.11020000
28.53732393,-122.04720000
28.53832873,-122.04720000
28.53933353,-118.11020000
28.54033833,-118.11020000
28.54134313,-114.17320000
28.54234793,-118.11020000
28.54335273,-122.04720000
28.54435753,-122.04720000
28.54536233,-118.11020000
28.54636713,-122.04720000
28.54737193,-118.11020000
28.54837673,-122.04720000
28.54938153,-122.04720000
28.55038633,-125.98420000
28.55139113,-118.11020000
28.55239593,-114.17320000
28.55340073,-122.04720000
28.55440553,-114.17320000
28.55541033,-118.11020000
28.55641513,-125.98420000
28.55741993,-114.17320000
28.55842473,-118.11020000
28.55942953,-114.17320000
28.56043433,-125.98420000
28.56143913,-125.98420000
28.56244393,-122.04720000
28.56344873,-122.04720000
28.56445353,-118.11020000
28.56545833,-122.04720000
28.56646313,-118.11020000
28.56746793,-114.17320000
28.56847273,-118.11020000
28.56947753,-118.11020000
28.57048233,-114.17320000
28.57148713,-118.11020000
28.57249193,-114.17320000
28.57349673,-118.11020000
28.57450153,-118.11020000
28.57550633,-118.11020000
28.57651113,-114.17320000
28.57751593,-118.11020000
28.57852073,-114.17320000
28.57952553,-118.11020000
28.58053033,-122.04720000
28.58153513,-118.11020000
28.58253993,-122.04720000
28.58354473,-114.17320000
28.58454953,-118.11020000
28.58555433,-118.11020000
28.58655913,-114.17320000
28.58756393,-114.17320000
28.58856873,-114.17320000
28.58957353,-118.11020000
28.59057833,-118.11020000
28.59158313,-125.98420000
28.59258793,-122.04720000
28.59359273,-118.11020000
28.59459753,-122.04720000
28.59560233,-122.04720000
28.59660713,-118.11020000
28.59761193,-118.11020000
28.59861673,-118.11020000
28.59962153,-118.11020000
28.60062633,-114.17320000
28.60163113,-114.17320000
28.60263593,-118.11020000
28.60364073,-110.23620000
28.60464553,-118.11020000
28.60565033,-122.04720000
28.60665513,-110.23620000
28.60765993,-118.11020000
28.60866473,-118.11020000
28.60966953,-118.11020000
28.61067433,-118.11020000
28.61167913,-114.17320000
28.61268393,-118.11020000
28.61368873,-118.11020000
28.61469353,-118.11020000
28.61569833,-118.11020000
28.61670313,-114.17320000
28.61770793,-114.17320000
28.61871273,-114.17320000
28.61971753,-114.17320000
28.62072233,-114.17320000
28.62172713,-114.17320000
28.62273193,-110.23620000
28.62373673,-114.17320000
28.62474153,-114.17320000
28.62574633,-114.17320000
28.62675113,-114.17320000
28.62775593,-118.11020000
28.62876073,-118.11020000
28.62976553,-118.11020000
28.63077033,-114.17320000
28.63177513,-106.29920000
28.63277993,-110.23620000
28.63378473,-110.23620000
28.63478953,-110.23620000
28.63579433,-110.23620000
28.63679913,-110.23620000
28.63780393,-114.17320000
28.63880873,-114.17320000
28.63981353,-118.11020000
28.64081833,-114.17320000
28.64182313,-110.23620000
28.64282793,-114.17320000
28.64383273,-110.23620000
28.64483753,-110.23620000
28.64584233,-122.04720000
28.64684713,-114.17320000
28.64785193,-118.11020000
28.64885673,-118.11020000
28.64986153,-114.17320000
28.65086633,-118.11020000
28.65187113,-114.17320000
28.65287593,-110.23620000
28.65388073,-110.23620000
28.65488553,-118.11020000
28.65589033,-114.17320000
28.65689513,-110.23620000
28.65789993,-110.23620000
28.65890473,-114.17320000
28.65990953,-114.17320000
28.66091433,-114.17320000
28.66191913,-118.11020000
28.66292393,-102.36220000
28.66392873,-118.11020000
28.66493353,-118.11020000
28.66593833,-114.17320000
28.66694313,-114.17320000
28.66794793,-114.17320000
28.66895273,-110.23620000
28.66995753,-110.23620000
28.67096233,-110.23620000
28.67196713,-110.23620000
28.67297193,-110.23620000
28.67397673,-106.29920000
28.67498153,-110.23620000
28.67598633,-110.23620000
28.67699113,-114.17320000
28.67799593,-114.17320000
28.67900073,-110.23620000
28.68000553,-114.17320000
28.68101033,-110.23620000
28.68201513,-114.17320000
28.68301993,-114.17320000
28.68402473,-110.23620000
28.68502953,-118.11020000
28.68603433,-114.17320000
28.68703913,-110.23620000
28.68804393,-114.17320000
28.68904873,-114.17320000
28.69005353,-114.17320000
28.69105833,-114.17320000
28.69206313,-110.23620000
28.69306793,-110.23620000
28.69407273,-110.23620000
28.69507753,-114.17320000
28.69608233,-118.11020000
28.69708713,-110.23620000
28.69809193,-118.11020000
28.69909673,-125.98420000
28.70010153,-114.17320000
28.70110633,-118.11020000
28.70211113,-118.11020000
28.70311593,-114.17320000
28.70412073,-114.17320000
28.70512553,-110.23620000
28.70613033,-106.29920000
28.70713513,-106.29920000
28.70813993,-114.17320000
28.70914473,-114.17320000
28.71014953,-114.17320000
28.71115433,-118.11020000
28.71215913,-114.17320000
28.71316393,-106.29920000
28.71416873,-114.17320000
28.71517353,-110.23620000
28.71617833,-110.23620000
28.71718313,-110.23620000
28.71818793,-110.23620000
28.71919273,-110.23620000
28.72019753,-110.23620000
28.72120233,-114.17320000
28.72220713,-114.17320000
28.72321193,-114.17320000
28.72421673,-106.29920000
28.72522153,-110.23620000
28.72622633,-114.17320000
28.72723113,-118.11020000
28.72823593,-114.17320000
28.72924073,-106.29920000
28.73024553,-114.17320000
28.73125033,-110.23620000
28.73225513,-125.98420000
28.73325993,-118.11020000
28.73426473,-114.17320000
28.73526953,-114.17320000
28.73627433,-114.17320000
28.73727913,-114.17320000
28.73828393,-110.23620000
28.73928873,-106.29920000
28.74029353,-110.23620000
28.74129833,-110.23620000
28.74230313,-114.17320000
28.74330793,-114.17320000
28.74431273,-110.23620000
28.74531753,-114.17320000
28.74632233,-114.17320000
28.74732713,-114.17320000
28.74833193,-110.23620000
28.74933673,-110.23620000
28.75034153,-110.23620000
28.75134633,-114.17320000
28.75235113,-110.23620000
28.75335593,-110.23620000
28.75436073,-110.23620000
28.75536553,-114.17320000
28.75637033,-110.23620000
28.75737513,-110.23620000
28.75837993,-106.29920000
28.75938473,-114.17320000
28.76038953,-110.23620000
28.76139433,-114.17320000
28.76239913,-110.23620000
28.76340393,-114.17320000
28.76440873,-106.29920000
28.76541353,-106.29920000
28.76641833,-118.11020000
28.76742313,-118.11020000
28.76842793,-114.17320000
28.76943273,-114.17320000
28.77043753,-106.29920000
28.77144233,-106.29920000
28.77244713,-106.29920000
28.77345193,-106.29920000
28.77445673,-114.17320000
28.77546153,-110.23620000
28.77646633,-102.36220000
28.77747113,-106.29920000
28.77847593,-106.29920000
28.77948073,-110.23620000
28.78048552,-106.29920000
28.78149032,-110.23620000
28.78249512,-110.23620000
28.78349992,-110.23620000
28.78450472,-110.23620000
28.78550952,-114.17320000
28.78651432,-110.23620000
28.78751912,-106.29920000
28.78852392,-110.23620000
28.78952872,-106.29920000
28.79053352,-110.23620000
28.79153832,-110.23620000
28.79254312,-114.17320000
28.79354792,-110.23620000
28.79455272,-110.23620000
28.79555752,-110.23620000
28.79656232,-110.23620000
28.79756712,-106.29920000
28.79857192,-110.23620000
28.79957672,-106.29920000
28.80058152,-110.23620000
28.80158632,-118.11020000
28.80259112,-106.29920000
28.80359592,-110.23620000
28.80460072,-110.23620000
28.80560552,-110.23620000
28.80661032,-110.23620000
28.80761512,-110.23620000
28.80861992,-114.17320000
28.80962472,-114.17320000
28.81062952,-110.23620000
28.81163432,-110.23620000
28.81263912,-106.29920000
28.81364392,-110.23620000
28.81464872,-106.29920000
28.81565352,-106.29920000
28.81665832,-110.23620000
28.81766312,-106.29920000
28.81866792,-106.29920000
28.81967272,-110.23620000
28.82067752,-114.17320000
28.82168232,-106.29920000
28.82268712,-110.23620000
28.82369192,-110.23620000
28.82469672,-114.17320000
28.82570152,-114.17320000
28.82670632,-110.23620000
28.82771112,-110.23620000
28.82871592,-110.23620000
28.82972072,-114.17320000
28.83072552,-106.29920000
28.83173032,-106.29920000
28.83273512,-110.23620000
28.83373992,-110.23620000
28.83474472,-106.29920000
28.83574952,-106.29920000
28.83675432,-125.98420000
28.83775912,-110.23620000
28.83876392,-110.23620000
28.83976872,-118.11020000
28.84077352,-114.17320000
28.84177832,-110.23620000
28.84278312,-98.42519000
28.84378792,-106.29920000
28.84479272,-106.29920000
28.84579752,-106.29920000
28.84680232,-102.36220000
28.84780712,-102.36220000
28.84881192,-106.29920000
28.84981672,-102.36220000
28.85082152,-102.36220000
28.85182632,-102.36220000
28.85283112,-102.36220000
28.85383592,-106.29920000
28.85484072,-110.23620000
28.85584552,-110.23620000
28.85685032,-114.17320000
28.85785512,-106.29920000
28.85885992,-110.23620000
28.85986472,-102.36220000
28.86086952,-102.36220000
28.86187432,-110.23620000
28.86287912,-110.23620000
28.86388392,-106.29920000
28.86488872,-106.29920000
28.86589352,-110.23620000
28.86689832,-110.23620000
28.86790312,-110.23620000
28.86890792,-114.17320000
28.86991272,-102.36220000
28.87091752,-122.04720000
28.87192232,-114.17320000
28.87292712,-114.17320000
28.87393192,-118.11020000
28.87493672,-114.17320000
28.87594152,-102.36220000
28.87694632,-102.36220000
28.87795112,-106.29920000
28.87895592,-110.23620000
28.87996072,-106.29920000
28.88096552,-106.29920000
28.88197032,-106.29920000
28.88297512,-106.29920000
28.88397992,-106.29920000
28.88498472,-106.29920000
28.88598952,-106.29920000
28.88699432,-110.23620000
28.88799912,-110.23620000
28.88900392,-110.23620000
28.89000872,-110.23620000
28.89101352,-114.17320000
28.89201832,-106.29920000
28.89302312,-110.23620000
28.89402792,-106.29920000
28.89503272,-106.29920000
28.89603752,-106.29920000
28.89704232,-110.23620000
28.89804712,-114.17320000
28.89905192,-106.29920000
28.90005672,-106.29920000
28.90106152,-110.23620000
28.90206632,-106.29920000
28.90307112,-110.23620000
28.90407592,-110.23620000
28.90508072,-106.29920000
28.90608552,-118.11020000
28.90709032,-118.11020000
28.90809512,-114.17320000
28.90909992,-114.17320000
28.91010472,-114.17320000
28.91110952,-110.23620000
28.91211432,-106.29920000
28.91311912,-106.29920000
28.91412392,-110.23620000
28.91512872,-102.36220000
28.91613352,-110.23620000
28.91713832,-110.23620000
28.91814312,-110.23620000
28.91914792,-102.36220000
28.92015272,-110.23620000
28.92115752,-114.17320000
28.92216232,-118.11020000
28.92316712,-114.17320000
28.92417192,-110.23620000
28.92517672,-110.23620000
28.92618152,-110.23620000
28.92718632,-106.29920000
28.92819112,-110.23620000
28.92919592,-106.29920000
28.93020072,-114.17320000
28.93120552,-106.29920000
28.93221032,-118.11020000
28.93321512,-106.29920000
28.93421992,-106.29920000
28.93522472,-114.17320000
28.93622952,-114.17320000
28.93723432,-125.98420000
28.93823912,-110.23620000
28.93924392,-118.11020000
28.94024872,-94.48818000
28.94125352,-122.04720000
28.94225832,-114.17320000
28.94326312,-122.04720000
28.94426792,-110.23620000
28.94527272,-110.23620000
28.94627752,-114.17320000
28.94728232,-110.23620000
28.94828712,-114.17320000
28.94929192,-114.17320000
28.95029672,-110.23620000
28.95130152,-110.23620000
28.95230632,-118.11020000
28.95331112,-106.29920000
28.95431592,-114.17320000
28.95532072,-110.23620000
28.95632552,-114.17320000
28.95733032,-110.23620000
28.95833512,-110.23620000
28.95933992,-118.11020000
28.96034472,-118.11020000
28.96134952,-114.17320000
28.96235432,-118.11020000
28.96335912,-114.17320000
28.96436392,-118.11020000
28.96536872,-118.11020000
28.96637352,-110.23620000
28.96737832,-118.11020000
28.96838312,-114.17320000
28.96938792,-106.29920000
28.97039272,-118.11020000
28.97139752,-114.17320000
28.97240232,-118.11020000
28.97340712,-114.17320000
28.97441192,-114.17320000
28.97541672,-125.98420000
28.97642152,-122.04720000
28.97742632,-122.04720000
28.97843112,-114.17320000
28.97943592,-114.17320000
28.98044072,-118.11020000
28.98144552,-114.17320000
28.98245032,-114.17320000
28.98345512,-114.17320000
28.98445992,-110.23620000
28.98546472,-114.17320000
28.98646952,-122.04720000
28.98747432,-118.11020000
28.98847912,-118.11020000
28.98948392,-106.29920000
28.99048872,-114.17320000
28.99149352,-110.23620000
28.99249832,-114.17320000
28.99350312,-118.11020000
28.99450792,-114.17320000
28.99551272,-118.11020000
28.99651752,-114.17320000
28.99752232,-110.23620000
28.99852712,-118.11020000
28.99953192,-118.11020000
29.00053672,-110.23620000
29.00154152,-114.17320000
29.00254632,-114.17320000
29.00355112,-118.11020000
29.00455592,-118.11020000
29.00556072,-118.11020000
29.00656552,-118.11020000
29.00757032,-114.17320000
29.00857512,-118.11020000
29.00957992,-118.11020000
29.01058472,-118.11020000
29.01158952,-122.04720000
29.01259432,-122.04720000
29.01359912,-114.17320000
29.01460392,-118.11020000
29.01560872,-114.17320000
29.01661352,-114.17320000
29.01761832,-118.11020000
29.01862312,-114.17320000
29.01962792,-122.04720000
29.02063272,-122.04720000
29.02163752,-114.17320000
29.02264232,-114.17320000
29.02364712,-114.17320000
29.02465192,-118.11020000
29.02565672,-122.04720000
29.02666152,-114.17320000
29.02766632,-118.11020000
29.02867112,-118.11020000
29.02967592,-118.11020000
29.03068072,-118.11020000
29.03168552,-122.04720000
29.03269032,-122.04720000
29.03369512,-118.11020000
29.03469992,-125.98420000
29.03570472,-122.04720000
29.03670952,-118.11020000
29.03771432,-110.23620000
29.03871912,-114.17320000
29.03972392,-118.11020000
29.04072872,-118.11020000
29.04173352,-118.11020000
29.04273832,-118.11020000
29.04374312,-118.11020000
29.04474792,-118.11020000
29.04575272,-122.04720000
29.04675752,-118.11020000
29.04776232,-118.11020000
29.04876712,-118.11020000
29.04977192,-118.11020000
29.05077672,-118.11020000
29.05178152,-118.11020000
29.05278632,-114.17320000
29.05379112,-114.17320000
29.05479592,-114.17320000
29.05580072,-114.17320000
29.05680552,-114.17320000
29.05781032,-114.17320000
29.05881512,-118.11020000
29.05981992,-118.11020000
29.06082472,-118.11020000
29.06182952,-118.11020000
29.06283432,-118.11020000
29.06383912,-114.17320000
29.06484392,-118.11020000
29.06584872,-114.17320000
29.06685352,-110.23620000
29.06785832,-114.17320000
29.06886312,-118.11020000
29.06986792,-114.17320000
29.07087272,-114.17320000
29.07187752,-114.17320000
29.07288232,-114.17320000
29.07388712,-114.17320000
29.07489192,-118.11020000
29.07589672,-118.11020000
29.07690152,-122.04720000
29.07790632,-114.17320000
29.07891112,-125.98420000
29.07991592,-122.04720000
29.08092072,-125.98420000
29.08192552,-118.11020000
29.08293032,-122.04720000
29.08393512,-118.11020000
29.08493992,-118.11020000
29.08594472,-122.04720000
29.08694952,-114.17320000
29.08795432,-118.11020000
29.08895912,-118.11020000
29.08996392,-114.17320000
29.09096872,-118.11020000
29.09197352,-118.11020000
29.09297832,-122.04720000
29.09398312,-118.11020000
29.09498792,-114.17320000
29.09599272,-122.04720000
29.09699752,-122.04720000
29.09800232,-118.11020000
29.09900712,-114.17320000
29.10001192,-125.98420000
29.10101672,-122.04720000
29.10202152,-122.04720000
29.10302632,-118.11020000
29.10403112,-122.04720000
29.10503592,-122.04720000
29.10604072,-122.04720000
29.10704552,-122.04720000
29.10805032,-122.04720000
29.10905511,-118.11020000
29.11005991,-122.04720000
29.11106471,-118.11020000
29.11206951,-122.04720000
29.11307431,-125.98420000
29.11407911,-129.92120000
29.11508391,-122.04720000
29.11608871,-125.98420000
29.11709351,-125.98420000
29.11809831,-125.98420000
29.11910311,-118.11020000
29.12010791,-114.17320000
29.12111271,-118.11020000
29.12211751,-118.11020000
29.12312231,-118.11020000
29.12412711,-122.04720000
29.12513191,-122.04720000
29.12613671,-118.11020000
29.12714151,-118.11020000
29.12814631,-118.11020000
29.12915111,-125.98420000
29.13015591,-118.11020000
29.13116071,-114.17320000
29.13216551,-125.98420000
29.13317031,-118.11020000
29.13417511,-122.04720000
29.13517991,-118.11020000
29.13618471,-122.04720000
29.13718951,-114.17320000
29.13819431,-114.17320000
29.13919911,-118.11020000
29.14020391,-114.17320000
29.14120871,-118.11020000
29.14221351,-118.11020000
29.14321831,-118.11020000
29.14422311,-125.98420000
29.14522791,-125.98420000
29.14623271,-122.04720000
29.14723751,-118.11020000
29.14824231,-122.04720000
29.14924711,-122.04720000
29.15025191,-118.11020000
29.15125671,-122.04720000
29.15226151,-114.17320000
29.15326631,-118.11020000
29.15427111,-118.11020000
29.15527591,-118.11020000
29.15628071,-114.17320000
29.15728551,-118.11020000
29.15829031,-114.17320000
29.15929511,-118.11020000
29.16029991,-122.04720000
29.16130471,-118.11020000
29.16230951,-110.23620000
29.16331431,-118.11020000
29.16431911,-118.11020000
29.16532391,-118.11020000
29.16632871,-122.04720000
29.16733351,-122.04720000
29.16833831,-118.11020000
29.16934311,-118.11020000
29.17034791,-118.11020000
29.17135271,-122.04720000
29.17235751,-114.17320000
29.17336231,-122.04720000
29.17436711,-118.11020000
29.17537191,-118.11020000
29.17637671,-133.85830000
29.17738151,-122.04720000
29.17838631,-125.98420000
29.17939111,-125.98420000
29.18039591,-122.04720000
29.18140071,-118.11020000
29.18240551,-118.11020000
29.18341031,-125.98420000
29.18441511,-114.17320000
29.18541991,-114.17320000
29.18642471,-114.17320000
29.18742951,-118.11020000
29.18843431,-118.11020000
29.18943911,-118.11020000
29.19044391,-114.17320000
29.19144871,-114.17320000
29.19245351,-118.11020000
29.19345831,-114.17320000
29.19446311,-114.17320000
29.19546791,-118.11020000
29.19647271,-118.11020000
29.19747751,-118.11020000
29.19848231,-118.11020000
29.19948711,-118.11020000
29.20049191,-114.17320000
29.20149671,-114.17320000
29.20250151,-122.04720000
29.20350631,-114.17320000
29.20451111,-118.11020000
29.20551591,-118.11020000
29.20652071,-114.17320000
29.20752551,-118.11020000
29.20853031,-118.11020000
29.20953511,-114.17320000
29.21053991,-133.85830000
29.21154471,-125.98420000
29.21254951,-118.11020000
29.21355431,-122.04720000
29.21455911,-118.11020000
29.21556391,-122.04720000
29.21656871,-118.11020000
29.21757351,-114.17320000
29.21857831,-114.17320000
29.21958311,-114.17320000
29.22058791,-114.17320000
29.22159271,-118.11020000
29.22259751,-114.17320000
29.22360231,-118.11020000
29.22460711,-114.17320000
29.22561191,-110.23620000
29.22661671,-114.17320000
29.22762151,-118.11020000
29.22862631,-114.17320000
29.22963111,-118.11020000
29.23063591,-122.04720000
29.23164071,-122.04720000
29.23264551,-110.23620000
29.23365031,-114.17320000
29.23465511,-118.11020000
29.23565991,-114.17320000
29.23666471,-122.04720000
29.23766951,-122.04720000
29.23867431,-114.17320000
29.23967911,-122.04720000
29.24068391,-114.17320000
29.24168871,-118.11020000
29.24269351,-118.11020000
29.24369831,-118.11020000
29.24470311,-118.11020000
29.24570791,-133.85830000
29.24671271,-125.98420000
29.24771751,-125.98420000
29.24872231,-125.98420000
29.24972711,-118.11020000
29.25073191,-118.11020000
29.25173671,-118.11020000
29.25274151,-114.17320000
29.25374631,-118.11020000
29.25475111,-114.17320000
29.25575591,-114.17320000
29.25676071,-114.17320000
29.25776551,-114.17320000
29.25877031,-118.11020000
29.25977511,-118.11020000
29.26077991,-114.17320000
29.26178471,-114.17320000
29.26278951,-118.11020000
29.26379431,-118.11020000
29.26479911,-114.17320000
29.26580391,-114.17320000
29.26680871,-114.17320000
29.26781351,-114.17320000
29.26881831,-114.17320000
29.26982311,-118.11020000
29.27082791,-110.23620000
29.27183271,-114.17320000
29.27283751,-122.04720000
29.27384231,-114.17320000
29.27484711,-118.11020000
29.27585191,-118.11020000
29.27685671,-114.17320000
29.27786151,-114.17320000
29.27886631,-122.04720000
29.27987111,-110.23620000
29.28087591,-125.98420000
29.28188071,-122.04720000
29.28288551,-122.04720000
29.28389031,-118.11020000
29.28489511,-118.11020000
29.28589991,-118.11020000
29.28690471,-114.17320000
29.28790951,-118.11020000
29.28891431,-118.11020000
29.28991911,-114.17320000
29.29092391,-118.11020000
29.29192871,-122.04720000
29.29293351,-122.04720000
29.29393831,-122.04720000
29.29494311,-122.04720000
29.29594791,-118.11020000
29.29695271,-122.04720000
29.29795751,-122.04720000
29.29896231,-118.11020000
29.29996711,-125.98420000
29.30097191,-125.98420000
29.30197671,-118.11020000
29.30298151,-125.98420000
29.30398631,-122.04720000
29.30499111,-122.04720000
29.30599591,-122.04720000
29.30700071,-122.04720000
29.30800551,-122.04720000
29.30901031,-118.11020000
29.31001511,-122.04720000
29.31101991,-122.04720000
29.31202471,-125.98420000
29.31302951,-125.98420000
29.31403431,-122.04720000
29.31503911,-129.92120000
29.31604391,-122.04720000
29.31704871,-125.98420000
29.31805351,-118.11020000
29.31905831,-122.04720000
29.32006311,-118.11020000
29.32106791,-114.17320000
29.32207271,-114.17320000
29.32307751,-110.23620000
29.32408231,-106.29920000
29.32508711,-110.23620000
29.32609191,-110.23620000
29.32709671,-110.23620000
29.32810151,-114.17320000
29.32910631,-110.23620000
29.33011111,-102.36220000
29.33111591,-110.23620000
29.33212071,-106.29920000
29.33312551,-102.36220000
29.33413031,-110.23620000
29.33513511,-102.36220000
29.33613991,-106.29920000
29.33714471,-102.36220000
29.33814951,-102.36220000
29.33915431,-102.36220000
29.34015911,-102.36220000
29.34116391,-98.42519000
29.34216871,-102.36220000
29.34317351,-114.17320000
29.34417831,-106.29920000
29.34518311,-110.23620000
29.34618791,-106.29920000
29.34719271,-106.29920000
29.34819751,-102.36220000
29.34920231,-114.17320000
29.35020711,-118.11020000
29.35121191,-118.11020000
29.35221671,-106.29920000
29.35322151,-114.17320000
29.35422631,-114.17320000
29.35523111,-114.17320000
29.35623591,-114.17320000
29.35724071,-106.29920000
29.35824551,-110.23620000
29.35925031,-110.23620000
29.36025511,-118.11020000
29.36125991,-114.17320000
29.36226471,-118.11020000
29.36326951,-118.11020000
29.36427431,-114.17320000
29.36527911,-118.11020000
29.36628391,-118.11020000
29.36728871,-114.17320000
29.36829351,-118.11020000
29.36929831,-118.11020000
29.37030311,-114.17320000
29.37130791,-118.11020000
29.37231271,-114.17320000
29.37331751,-118.11020000
29.37432231,-114.17320000
29.37532711,-114.17320000
29.37633191,-118.11020000
29.37733671,-114.17320000
29.37834151,-118.11020000
29.37934631,-114.17320000
29.38035111,-106.29920000
29.38135591,-118.11020000
29.38236071,-114.17320000
29.38336551,-110.23620000
29.38437031,-114.17320000
29.38537511,-122.04720000
29.38637991,-118.11020000
29.38738471,-114.17320000
29.38838951,-114.17320000
29.38939431,-114.17320000
29.39039911,-110.23620000
29.39140391,-114.17320000
29.39240871,-118.11020000
29.39341351,-118.11020000
29.39441831,-114.17320000
29.39542311,-106.29920000
29.39642791,-106.29920000
29.39743271,-114.17320000
29.39843751,-114.17320000
29.39944231,-114.17320000
29.40044711,-110.23620000
29.40145191,-110.23620000
29.40245671,-118.11020000
29.40346151,-106.29920000
29.40446631,-114.17320000
29.40547111,-110.23620000
29.40647591,-110.23620000
29.40748071,-110.23620000
29.40848551,-110.23620000
29.40949031,-114.17320000
29.41049511,-114.17320000
29.41149991,-110.23620000
29.41250471,-106.29920000
29.41350951,-110.23620000
29.41451431,-114.17320000
29.41551911,-110.23620000
29.41652391,-110.23620000
29.41752871,-114.17320000
29.41853351,-114.17320000
29.41953831,-122.04720000
29.42054311,-118.11020000
29.42154791,-114.17320000
29.42255271,-110.23620000
29.42355751,-114.17320000
29.42456231,-106.29920000
29.42556711,-110.23620000
29.42657191,-110.23620000
29.42757671,-106.29920000
29.42858151,-114.17320000
29.42958631,-106.29920000
29.43059111,-110.23620000
29.43159591,-110.23620000
29.43260071,-106.29920000
29.43360551,-110.23620000
29.43461031,-110.23620000
29.43561511,-106.29920000
29.43661991,-114.17320000
29.43762470,-110.23620000
29.43862950,-110.23620000
29.43963430,-110.23620000
29.44063910,-118.11020000
29.44164390,-122.04720000
29.44264870,-118.11020000
29.44365350,-94.48818000
29.44465830,-110.23620000
29.44566310,-110.23620000
29.44666790,-114.17320000
29.44767270,-114.17320000
29.44867750,-110.23620000
29.44968230,-114.17320000
29.45068710,-106.29920000
29.45169190,-114.17320000
29.45269670,-110.23620000
29.45370150,-118.11020000
29.45470630,-114.17320000
29.45571110,-114.17320000
29.45671590,-114.17320000
29.45772070,-114.17320000
29.45872550,-118.11020000
29.45973030,-114.17320000
29.46073510,-110.23620000
29.46173990,-106.29920000
29.46274470,-106.29920000
29.46374950,-110.23620000
29.46475430,-106.29920000
29.46575910,-102.36220000
29.46676390,-106.29920000
29.46776870,-106.29920000
29.46877350,-110.23620000
29.46977830,-106.29920000
29.47078310,-110.23620000
29.47178790,-106.29920000
29.47279270,-106.29920000
29.47379750,-106.29920000
29.47480230,-114.17320000
29.47580710,-110.23620000
29.47681190,-106.29920000
29.47781670,-106.29920000
29.47882150,-106.29920000
29.47982630,-106.29920000
29.48083110,-110.23620000
29.48183590,-110.23620000
29.48284070,-106.29920000
29.48384550,-106.29920000
29.48485030,-106.29920000
29.48585510,-102.36220000
29.48685990,-106.29920000
29.48786470,-114.17320000
29.48886950,-110.23620000
29.48987430,-114.17320000
29.49087910,-110.23620000
29.49188390,-110.23620000
29.49288870,-106.29920000
29.49389350,-102.36220000
29.49489830,-102.36220000
29.49590310,-106.29920000
29.49690790,-106.29920000
29.49791270,-102.36220000
29.49891750,-98.42519000
29.49992230,-102.36220000
29.50092710,-102.36220000
29.50193190,-106.29920000
29.50293670,-98.42519000
29.50394150,-102.36220000
29.50494630,-102.36220000
29.50595110,-106.29920000
29.50695590,-110.23620000
29.50796070,-98.42519000
29.50896550,-106.29920000
29.50997030,-102.36220000
29.51097510,-102.36220000
29.51197990,-106.29920000
29.51298470,-102.36220000
29.51398950,-98.42519000
29.51499430,-102.36220000
29.51599910,-102.36220000
29.51700390,-106.29920000
29.51800870,-98.42519000
29.51901350,-98.42519000
29.52001830,-102.36220000
29.52102310,-102.36220000
29.52202790,-110.23620000
29.52303270,-106.29920000
29.52403750,-102.36220000
29.52504230,-106.29920000
29.52604710,-102.36220000
29.52705190,-102.36220000
29.52805670,-102.36220000
29.52906150,-102.36220000
29.53006630,-102.36220000
29.53107110,-94.48818000
29.53207590,-102.36220000
29.53308070,-102.36220000
29.53408550,-102.36220000
29.53509030,-102.36220000
29.53609510,-94.48818000
29.53709990,-98.42519000
29.53810470,-110.23620000
29.53910950,-102.36220000
29.54011430,-106.29920000
29.54111910,-90.55118000
29.54212390,-102.36220000
29.54312870,-106.29920000
29.54413350,-106.29920000
29.54513830,-102.36220000
29.54614310,-94.48818000
29.54714790,-98.42519000
29.54815270,-98.42519000
29.54915750,-98.42519000
29.55016230,-98.42519000
29.55116710,-98.42519000
29.55217190,-98.42519000
29.55317670,-98.42519000
29.55418150,-102.36220000
29.55518630,-98.42519000
29.55619110,-106.29920000
29.55719590,-102.36220000
29.55820070,-102.36220000
29.55920550,-102.36220000
29.56021030,-102.36220000
29.56121510,-102.36220000
29.56221990,-98.42519000
29.56322470,-94.48818000
29.56422950,-94.48818000
29.56523430,-94.48818000
29.56623910,-98.42519000
29.56724390,-98.42519000
29.56824870,-94.48818000
29.56925350,-98.42519000
29.57025830,-98.42519000
29.57126310,-102.36220000
29.57226790,-102.36220000
29.57327270,-102.36220000
29.57427750,-94.48818000
29.57528230,-98.42519000
29.57628710,-94.48818000
29.57729190,-94.48818000
29.57829670,-94.48818000
29.57930150,-94.48818000
29.58030630,-94.48818000
29.58131110,-98.42519000
29.58231590,-98.42519000
29.58332070,-98.42519000
29.58432550,-98.42519000
29.58533030,-98.42519000
29.58633510,-102.36220000
29.58733990,-98.42519000
29.58834470,-94.48818000
29.58934950,-94.48818000
29.59035430,-98.42519000
29.59135910,-98.42519000
29.59236390,-90.55118000
29.59336870,-94.48818000
29.59437350,-98.42519000
29.59537830,-98.42519000
29.59638310,-106.29920000
29.59738790,-98.42519000
29.59839270,-98.42519000
29.59939750,-98.42519000
29.60040230,-90.55118000
29.60140710,-90.55118000
29.60241190,-90.55118000
29.60341670,-98.42519000
29.60442150,-94.48818000
29.60542630,-94.48818000
29.60643110,-94.48818000
29.60743590,-94.48818000
29.60844070,-94.48818000
29.60944550,-94.48818000
29.61045030,-94.48818000
29.61145510,-90.55118000
29.61245990,-90.55118000
29.61346470,-90.55118000
29.61446950,-94.48818000
29.61547430,-94.48818000
29.61647910,-90.55118000
29.61748390,-90.55118000
29.61848870,-90.55118000
29.61949350,-98.42519000
29.62049830,-98.42519000
29.62150310,-98.42519000
29.62250790,-90.55118000
29.62351270,-94.48818000
29.62451750,-94.48818000
29.62552230,-90.55118000
29.62652710,-98.42519000
29.62753190,-98.42519000
29.62853670,-90.55118000
29.62954150,-94.48818000
29.63054630,-94.48818000
29.63155110,-102.36220000
29.63255590,-90.55118000
29.63356070,-90.55118000
29.63456550,-98.42519000
29.63557030,-110.23620000
29.63657510,-102.36220000
29.63757990,-98.42519000
29.63858470,-90.55118000
29.63958950,-98.42519000
29.64059430,-90.55118000
29.64159910,-86.61417000
29.64260390,-94.48818000
29.64360870,-86.61417000
29.64461350,-90.55118000
29.64561830,-90.55118000
29.64662310,-90.55118000
29.64762790,-98.42519000
29.64863270,-90.55118000
29.64963750,-90.55118000
29.65064230,-90.55118000
29.65164710,-90.55118000
29.65265190,-102.36220000
29.65365670,-90.55118000
29.65466150,-98.42519000
29.65566630,-94.48818000
29.65667110,-90.55118000
29.65767590,-90.55118000
29.65868070,-90.55118000
29.65968550,-94.48818000
29.66069030,-90.55118000
29.66169510,-90.55118000
29.66269990,-86.61417000
29.66370470,-90.55118000
29.66470950,-86.61417000
29.66571430,-90.55118000
29.66671910,-86.61417000
29.66772390,-94.48818000
29.66872870,-94.48818000
29.66973350,-94.48818000
29.67073830,-90.55118000
29.67174310,-86.61417000
29.67274790,-90.55118000
29.67375270,-98.42519000
29.67475750,-94.48818000
29.67576230,-90.55118000
29.67676710,-94.48818000
29.67777190,-90.55118000
29.67877670,-86.61417000
29.67978150,-90.55118000
29.68078630,-90.55118000
29.68179110,-86.61417000
29.68279590,-90.55118000
29.68380070,-90.55118000
29.68480550,-94.48818000
29.68581030,-90.55118000
29.68681510,-90.55118000
29.68781990,-90.55118000
29.68882470,-86.61417000
29.68982950,-86.61417000
29.69083430,-94.48818000
29.69183910,-86.61417000
29.69284390,-86.61417000
29.69384870,-90.55118000
29.69485350,-86.61417000
29.69585830,-86.61417000
29.69686310,-90.55118000
29.69786790,-86.61417000
29.69887270,-86.61417000
29.69987750,-86.61417000
29.70088230,-90.55118000
29.70188710,-90.55118000
29.70289190,-90.55118000
29.70389670,-86.61417000
29.70490150,-86.61417000
29.70590630,-90.55118000
29.70691110,-86.61417000
29.70791590,-86.61417000
29.70892070,-86.61417000
29.70992550,-98.42519000
29.71093030,-94.48818000
29.71193510,-90.55118000
29.71293990,-90.55118000
29.71394470,-86.61417000
29.71494950,-90.55118000
29.71595430,-86.61417000
29.71695910,-82.67715000
29.71796390,-86.61417000
29.71896870,-86.61417000
29.71997350,-82.67715000
29.72097830,-86.61417000
29.72198310,-82.67715000
29.72298790,-86.61417000
29.72399270,-86.61417000
29.72499750,-86.61417000
29.72600230,-86.61417000
29.72700710,-86.61417000
29.72801190,-90.55118000
29.72901670,-86.61417000
29.73002150,-86.61417000
29.73102630,-86.61417000
29.73203110,-86.61417000
29.73303590,-90.55118000
29.73404070,-86.61417000
29.73504550,-86.61417000
29.73605030,-82.67715000
29.73705510,-86.61417000
29.73805990,-82.67715000
29.73906470,-86.61417000
29.74006950,-82.67715000
29.74107430,-82.67715000
29.74207910,-86.61417000
29.74308390,-86.61417000
29.74408870,-86.61417000
29.74509350,-86.61417000
29.74609830,-82.67715000
29.74710310,-82.67715000
29.74810790,-82.67715000
29.74911270,-90.55118000
29.75011750,-90.55118000
29.75112230,-90.55118000
29.75212710,-90.55118000
29.75313190,-78.74015000
29.75413670,-82.67715000
29.75514150,-82.67715000
29.75614630,-78.74015000
29.75715110,-82.67715000
29.75815590,-82.67715000
29.75916070,-82.67715000
29.76016550,-82.67715000
29.76117030,-82.67715000
29.76217510,-82.67715000
29.76317990,-78.74015000
29.76418470,-86.61417000
29.76518950,-82.67715000
29.76619430,-86.61417000
29.76719909,-90.55118000
29.76820389,-86.61417000
29.76920869,-82.67715000
29.77021349,-86.61417000
29.77121829,-82.67715000
29.77222309,-82.67715000
29.77322789,-90.55118000
29.77423269,-86.61417000
29.77523749,-82.67715000
29.77624229,-86.61417000
29.77724709,-82.67715000
29.77825189,-82.67715000
29.77925669,-82.67715000
29.78026149,-86.61417000
29.78126629,-86.61417000
29.78227109,-86.61417000
29.78327589,-86.61417000
29.78428069,-86.61417000
29.78528549,-82.67715000
29.78629029,-94.48818000
29.78729509,-90.55118000
29.78829989,-86.61417000
29.78930469,-86.61417000
29.79030949,-86.61417000
29.79131429,-78.74015000
29.79231909,-78.74015000
29.79332389,-82.67715000
29.79432869,-78.74015000
29.79533349,-78.74015000
29.79633829,-82.67715000
29.79734309,-74.80315000
29.79834789,-86.61417000
29.79935269,-86.61417000
29.80035749,-82.67715000
29.80136229,-82.67715000
29.80236709,-82.67715000
29.80337189,-82.67715000
29.80437669,-78.74015000
29.80538149,-78.74015000
29.80638629,-78.74015000
29.80739109,-78.74015000
29.80839589,-78.74015000
29.80940069,-78.74015000
29.81040549,-78.74015000
29.81141029,-82.67715000
29.81241509,-82.67715000
29.81341989,-82.67715000
29.81442469,-86.61417000
29.81542949,-82.67715000
29.81643429,-82.67715000
29.81743909,-82.67715000
29.81844389,-78.74015000
29.81944869,-78.74015000
29.82045349,-82.67715000
29.82145829,-74.80315000
29.82246309,-78.74015000
29.82346789,-78.74015000
29.82447269,-86.61417000
29.82547749,-86.61417000
29.82648229,-86.61417000
29.82748709,-82.67715000
29.82849189,-82.67715000
29.82949669,-82.67715000
29.83050149,-82.67715000
29.83150629,-78.74015000
29.83251109,-78.74015000
29.83351589,-78.74015000
29.83452069,-78.74015000
29.83552549,-78.74015000
29.83653029,-74.80315000
29.83753509,-78.74015000
29.83853989,-82.67715000
29.83954469,-78.74015000
29.84054949,-82.67715000
29.84155429,-78.74015000
29.84255909,-74.80315000
29.84356389,-78.74015000
29.84456869,-82.67715000
29.84557349,-82.67715000
29.84657829,-90.55118000
29.84758309,-82.67715000
29.84858789,-78.74015000
29.84959269,-70.86613000
29.85059749,-78.74015000
29.85160229,-78.74015000
29.85260709,-78.74015000
29.85361189,-82.67715000
29.85461669,-74.80315000
29.85562149,-78.74015000
29.85662629,-78.74015000
29.85763109,-74.80315000
29.85863589,-78.74015000
29.85964069,-78.74015000
29.86064549,-74.80315000
29.86165029,-74.80315000
29.86265509,-82.67715000
29.86365989,-90.55118000
29.86466469,-86.61417000
29.86566949,-82.67715000
29.86667429,-78.74015000
29.86767909,-74.80315000
29.86868389,-74.80315000
29.86968869,-78.74015000
29.87069349,-74.80315000
29.87169829,-70.86613000
29.87270309,-74.80315000
29.87370789,-74.80315000
29.87471269,-78.74015000
29.87571749,-70.86613000
29.87672229,-74.80315000
29.87772709,-74.80315000
29.87873189,-78.74015000
29.87973669,-74.80315000
29.88074149,-82.67715000
29.88174629,-78.74015000
29.88275109,-74.80315000
29.88375589,-74.80315000
29.88476069,-74.80315000
29.88576549,-78.74015000
29.88677029,-74.80315000
29.88777509,-78.74015000
29.88877989,-74.80315000
29.88978469,-74.80315000
29.89078949,-74.80315000
29.89179429,-78.74015000
29.89279909,-70.86613000
29.89380389,-74.80315000
29.89480869,-78.74015000
29.89581349,-74.80315000
29.89681829,-78.74015000
29.89782309,-86.61417000
29.89882789,-74.80315000
29.89983269,-78.74015000
29.90083749,-74.80315000
29.90184229,-74.80315000
29.90284709,-82.67715000
29.90385189,-78.74015000
29.90485669,-82.67715000
29.90586149,-78.74015000
29.90686629,-74.80315000
29.90787109,-70.86613000
29.90887589,-78.74015000
29.90988069,-74.80315000
29.91088549,-70.86613000
29.91189029,-74.80315000
29.91289509,-78.74015000
29.91389989,-74.80315000
29.91490469,-70.86613000
29.91590949,-70.86613000
29.91691429,-70.86613000
29.91791909,-70.86613000
29.91892389,-78.74015000
29.91992869,-74.80315000
29.92093349,-74.80315000
29.92193829,-78.74015000
29.92294309,-74.80315000
29.92394789,-82.67715000
29.92495269,-74.80315000
29.92595749,-74.80315000
29.92696229,-74.80315000
29.92796709,-74.80315000
29.92897189,-78.74015000
29.92997669,-78.74015000
29.93098149,-74.80315000
29.93198629,-78.74015000
29.93299109,-74.80315000
29.93399589,-74.80315000
29.93500069,-74.80315000
29.93600549,-74.80315000
29.93701029,-74.80315000
29.93801509,-74.80315000
29.93901989,-78.74015000
29.94002469,-78.74015000
29.94102949,-82.67715000
29.94203429,-82.67715000
29.94303909,-78.74015000
29.94404389,-90.55118000
29.94504869,-78.74015000
29.94605349,-78.74015000
29.94705829,-55.11811000
29.94806309,-78.74015000
29.94906789,-70.86613000
29.95007269,-74.80315000
29.95107749,-70.86613000
29.95208229,-74.80315000
29.95308709,-74.80315000
29.95409189,-74.80315000
29.95509669,-74.80315000
29.95610149,-70.86613000
29.95710629,-70.86613000
29.95811109,-74.80315000
29.95911589,-74.80315000
29.96012069,-74.80315000
29.96112549,-78.74015000
29.96213029,-78.74015000
29.96313509,-74.80315000
29.96413989,-78.74015000
29.96514469,-70.86613000
29.96614949,-74.80315000
29.96715429,-74.80315000
29.96815909,-70.86613000
29.96916389,-70.86613000
29.97016869,-74.80315000
29.97117349,-66.92913000
29.97217829,-66.92913000
29.97318309,-74.80315000
29.97418789,-78.74015000
29.97519269,-78.74015000
29.97619749,-66.92913000
29.97720229,-78.74015000
29.97820709,-74.80315000
29.97921189,-90.55118000
29.98021669,-74.80315000
29.98122149,-74.80315000
29.98222629,-78.74015000
29.98323109,-74.80315000
29.98423589,-66.92913000
29.98524069,-66.92913000
29.98624549,-70.86613000
29.98725029,-70.86613000
29.98825509,-74.80315000
29.98925989,-70.86613000
29.99026469,-70.86613000
29.99126949,-74.80315000
29.99227429,-66.92913000
29.99327909,-70.86613000
29.99428389,-74.80315000
29.99528869,-70.86613000
29.99629349,-74.80315000
29.99729829,-70.86613000
29.99830309,-70.86613000
29.99930789,-70.86613000
30.00031269,-70.86613000
30.00131749,-66.92913000
30.00232229,-70.86613000
30.00332709,-66.92913000
30.00433189,-70.86613000
30.00533669,-70.86613000
30.00634149,-70.86613000
30.00734629,-70.86613000
30.00835109,-70.86613000
30.00935589,-70.86613000
30.01036069,-70.86613000
30.01136549,-74.80315000
30.01237029,-74.80315000
30.01337509,-66.92913000
30.01437989,-74.80315000
30.01538469,-70.86613000
30.01638949,-78.74015000
30.01739429,-70.86613000
30.01839909,-78.74015000
30.01940389,-62.99212000
30.02040869,-70.86613000
30.02141349,-70.86613000
30.02241829,-66.92913000
30.02342309,-59.05511000
30.02442789,-66.92913000
30.02543269,-66.92913000
30.02643749,-70.86613000
30.02744229,-74.80315000
30.02844709,-74.80315000
30.02945189,-62.99212000
30.03045669,-66.92913000
30.03146149,-66.92913000
30.03246629,-66.92913000
30.03347109,-70.86613000
30.03447589,-70.86613000
30.03548069,-66.92913000
30.03648549,-74.80315000
30.03749029,-70.86613000
30.03849509,-70.86613000
30.03949989,-74.80315000
30.04050469,-70.86613000
30.04150949,-82.67715000
30.04251429,-70.86613000
30.04351909,-78.74015000
30.04452389,-55.11811000
30.04552869,-70.86613000
30.04653349,-70.86613000
30.04753829,-70.86613000
30.04854309,-78.74015000
30.04954789,-78.74015000
30.05055269,-74.80315000
30.05155749,-74.80315000
30.05256229,-70.86613000
30.05356709,-62.99212000
30.05457189,-66.92913000
30.05557669,-66.92913000
30.05658149,-70.86613000
30.05758629,-66.92913000
30.05859109,-66.92913000
30.05959589,-74.80315000
30.06060069,-74.80315000
30.06160549,-70.86613000
30.06261029,-62.99212000
30.06361509,-66.92913000
30.06461989,-70.86613000
30.06562469,-70.86613000
30.06662949,-70.86613000
30.06763429,-66.92913000
30.06863909,-66.92913000
30.06964389,-70.86613000
30.07064869,-66.92913000
30.07165349,-66.92913000
30.07265829,-74.80315000
30.07366309,-62.99212000
30.07466789,-66.92913000
30.07567269,-66.92913000
30.07667749,-74.80315000
30.07768229,-62.99212000
30.07868709,-66.92913000
30.07969189,-66.92913000
30.08069669,-70.86613000
30.08170149,-78.74015000
30.08270629,-82.67715000
30.08371109,-62.99212000
30.08471589,-66.92913000
30.08572069,-66.92913000
30.08672549,-62.99212000
30.08773029,-66.92913000
30.08873509,-70.86613000
30.08973989,-66.92913000
30.09074469,-66.92913000
30.09174949,-66.92913000
30.09275429,-70.86613000
30.09375909,-62.99212000
30.09476389,-62.99212000
30.09576868,-62.99212000
30.09677348,-62.99212000
30.09777828,-66.92913000
30.09878308,-66.92913000
30.09978788,-62.99212000
30.10079268,-70.86613000
30.10179748,-66.92913000
30.10280228,-66.92913000
30.10380708,-70.86613000
30.10481188,-62.99212000
30.10581668,-70.86613000
30.10682148,-62.99212000
30.10782628,-70.86613000
30.10883108,-66.92913000
30.10983588,-66.92913000
30.11084068,-59.05511000
30.11184548,-66.92913000
30.11285028,-66.92913000
30.11385508,-66.92913000
30.11485988,-66.92913000
30.11586468,-66.92913000
30.11686948,-66.92913000
30.11787428,-66.92913000
30.11887908,-70.86613000
30.11988388,-70.86613000
30.12088868,-62.99212000
30.12189348,-66.92913000
30.12289828,-66.92913000
30.12390308,-70.86613000
30.12490788,-66.92913000
30.12591268,-70.86613000
30.12691748,-70.86613000
30.12792228,-66.92913000
30.12892708,-70.86613000
30.12993188,-70.86613000
30.13093668,-70.86613000
30.13194148,-66.92913000
30.13294628,-66.92913000
30.13395108,-66.92913000
30.13495588,-70.86613000
30.13596068,-66.92913000
30.13696548,-66.92913000
30.13797028,-66.92913000
30.13897508,-70.86613000
30.13997988,-78.74015000
30.14098468,-74.80315000
30.14198948,-66.92913000
30.14299428,-74.80315000
30.14399908,-70.86613000
30.14500388,-70.86613000
30.14600868,-66.92913000
30.14701348,-70.86613000
30.14801828,-66.92913000
30.14902308,-66.92913000
30.15002788,-70.86613000
30.15103268,-82.67715000
30.15203748,-70.86613000
30.15304228,-78.74015000
30.15404708,-66.92913000
30.15505188,-70.86613000
30.15605668,-66.92913000
30.15706148,-70.86613000
30.15806628,-66.92913000
30.15907108,-62.99212000
30.16007588,-62.99212000
30.16108068,-59.05511000
30.16208548,-66.92913000
30.16309028,-62.99212000
30.16409508,-62.99212000
30.16509988,-66.92913000
30.16610468,-66.92913000
30.16710948,-70.86613000
30.16811428,-66.92913000
30.16911908,-66.92913000
30.17012388,-66.92913000
30.17112868,-59.05511000
30.17213348,-66.92913000
30.17313828,-78.74015000
30.17414308,-78.74015000
30.17514788,-66.92913000
30.17615268,-74.80315000
30.17715748,-70.86613000
30.17816228,-62.99212000
30.17916708,-66.92913000
30.18017188,-66.92913000
30.18117668,-59.05511000
30.18218148,-59.05511000
30.18318628,-55.11811000
30.18419108,-62.99212000
30.18519588,-59.05511000
30.18620068,-59.05511000
30.18720548,-62.99212000
30.18821028,-62.99212000
30.18921508,-66.92913000
30.19021988,-59.05511000
30.19122468,-55.11811000
30.19222948,-66.92913000
30.19323428,-51.18110000
30.19423908,-59.05511000
30.19524388,-62.99212000
30.19624868,-70.86613000
30.19725348,-66.92913000
30.19825828,-70.86613000
30.19926308,-62.99212000
30.20026788,-66.92913000
30.20127268,-59.05511000
30.20227748,-59.05511000
30.20328228,-59.05511000
30.20428708,-62.99212000
30.20529188,-66.92913000
30.20629668,-62.99212000
30.20730148,-59.05511000
30.20830628,-62.99212000
30.20931108,-62.99212000
30.21031588,-59.05511000
30.21132068,-66.92913000
30.21232548,-62.99212000
30.21333028,-62.99212000
30.21433508,-62.99212000
30.21533988,-62.99212000
30.21634468,-62.99212000
30.21734948,-66.92913000
30.21835428,-66.92913000
30.21935908,-59.05511000
30.22036388,-62.99212000
30.22136868,-59.05511000
30.22237348,-62.99212000
30.22337828,-62.99212000
30.22438308,-59.05511000
30.22538788,-62.99212000
30.22639268,-62.99212000
30.22739748,-70.86613000
30.22840228,-62.99212000
30.22940708,-62.99212000
30.23041188,-66.92913000
30.23141668,-70.86613000
30.23242148,-70.86613000
30.23342628,-66.92913000
30.23443108,-62.99212000
30.23543588,-66.92913000
30.23644068,-66.92913000
30.23744548,-66.92913000
30.23845028,-59.05511000
30.23945508,-62.99212000
30.24045988,-59.05511000
30.24146468,-59.05511000
30.24246948,-66.92913000
30.24347428,-59.05511000
30.24447908,-59.05511000
30.24548388,-59.05511000
30.24648868,-59.05511000
30.24749348,-55.11811000
30.24849828,-59.05511000
30.24950308,-59.05511000
30.25050788,-59.05511000
30.25151268,-62.99212000
30.25251748,-59.05511000
30.25352228,-62.99212000
30.25452708,-62.99212000
30.25553188,-66.92913000
30.25653668,-59.05511000
30.25754148,-59.05511000
30.25854628,-62.99212000
30.25955108,-59.05511000
30.26055588,-59.05511000
30.26156068,-62.99212000
30.26256548,-55.11811000
30.26357028,-59.05511000
30.26457508,-62.99212000
30.26557988,-55.11811000
30.26658468,-62.99212000
30.26758948,-62.99212000
30.26859428,-62.99212000
30.26959908,-62.99212000
30.27060388,-62.99212000
30.27160868,-66.92913000
30.27261348,-55.11811000
30.27361828,-55.11811000
30.27462308,-66.92913000
30.27562788,-59.05511000
30.27663268,-47.24409000
30.27763748,-59.05511000
30.27864228,-55.11811000
30.27964708,-59.05511000
30.28065188,-62.99212000
30.28165668,-62.99212000
30.28266148,-59.05511000
30.28366628,-62.99212000
30.28467108,-62.99212000
30.28567588,-66.92913000
30.28668068,-66.92913000
30.28768548,-62.99212000
30.28869028,-55.11811000
30.28969508,-59.05511000
30.29069988,-55.11811000
30.29170468,-62.99212000
30.29270948,-59.05511000
30.29371428,-62.99212000
30.29471908,-62.99212000
30.29572388,-47.24409000
30.29672868,-62.99212000
30.29773348,-55.11811000
30.29873828,-66.92913000
30.29974308,-66.92913000
30.30074788,-66.92913000
30.30175268,-66.92913000
30.30275748,-70.86613000
30.30376228,-59.05511000
30.30476708,-59.05511000
30.30577188,-55.11811000
30.30677668,-55.11811000
30.30778148,-55.11811000
30.30878628,-59.05511000
30.30979108,-55.11811000
30.31079588,-55.11811000
30.31180068,-55.11811000
30.31280548,-55.11811000
30.31381028,-51.18110000
30.31481508,-59.05511000
30.31581988,-55.11811000
30.31682468,-59.05511000
30.31782948,-62.99212000
30.31883428,-62.99212000
30.31983908,-62.99212000
30.32084388,-62.99212000
30.32184868,-62.99212000
30.32285348,-59.05511000
30.32385828,-55.11811000
30.32486308,-62.99212000
30.32586788,-66.92913000
30.32687268,-66.92913000
30.32787748,-59.05511000
30.32888228,-59.05511000
30.32988708,-70.86613000
30.33089188,-59.05511000
30.33189668,-59.05511000
30.33290148,-59.05511000
30.33390628,-62.99212000
30.33491108,-59.05511000
30.33591588,-59.05511000
30.33692068,-55.11811000
30.33792548,-55.11811000
30.33893028,-59.05511000
30.33993508,-51.18110000
30.34093988,-59.05511000
30.34194468,-59.05511000
30.34294948,-62.99212000
30.34395428,-62.99212000
30.34495908,-59.05511000
30.34596388,-70.86613000
30.34696868,-59.05511000
30.34797348,-59.05511000
30.34897828,-55.11811000
30.34998308,-59.05511000
30.35098788,-59.05511000
30.35199268,-59.05511000
30.35299748,-62.99212000
30.35400228,-66.92913000
30.35500708,-62.99212000
30.35601188,-62.99212000
30.35701668,-70.86613000
30.35802148,-59.05511000
30.35902628,-59.05511000
30.36003108,-55.11811000
30.36103588,-59.05511000
30.36204068,-55.11811000
30.36304548,-55.11811000
30.36405028,-59.05511000
30.36505508,-55.11811000
30.36605988,-62.99212000
30.36706468,-62.99212000
30.36806948,-62.99212000
30.36907428,-62.99212000
30.37007908,-62.99212000
30.37108388,-59.05511000
30.37208868,-59.05511000
30.37309348,-55.11811000
30.37409828,-55.11811000
30.37510308,-55.11811000
30.37610788,-55.11811000
30.37711268,-59.05511000
30.37811748,-59.05511000
30.37912228,-55.11811000
30.38012708,-55.11811000
30.38113188,-55.11811000
30.38213668,-59.05511000
30.38314148,-62.99212000
30.38414628,-59.05511000
30.38515108,-66.92913000
30.38615588,-62.99212000
30.38716068,-59.05511000
30.38816548,-59.05511000
30.38917028,-59.05511000
30.39017508,-59.05511000
30.39117988,-51.18110000
30.39218468,-51.18110000
30.39318948,-59.05511000
30.39419428,-51.18110000
30.39519908,-55.11811000
30.39620388,-55.11811000
30.39720868,-59.05511000
30.39821348,-51.18110000
30.39921828,-59.05511000
30.40022308,-59.05511000
30.40122788,-59.05511000
30.40223268,-55.11811000
30.40323748,-51.18110000
30.40424228,-59.05511000
30.40524708,-55.11811000
30.40625188,-59.05511000
30.40725668,-59.05511000
30.40826148,-47.24409000
30.40926628,-62.99212000
30.41027108,-55.11811000
30.41127588,-59.05511000
30.41228068,-59.05511000
30.41328548,-62.99212000
30.41429028,-55.11811000
30.41529508,-70.86613000
30.41629988,-62.99212000
30.41730468,-66.92913000
30.41830948,-66.92913000
30.41931428,-59.05511000
30.42031908,-55.11811000
30.42132388,-59.05511000
30.42232868,-47.24409000
30.42333348,-51.18110000
30.42433827,-51.18110000
30.42534307,-51.18110000
30.42634787,-51.18110000
30.42735267,-55.11811000
30.42835747,-51.18110000
30.42936227,-55.11811000
30.43036707,-59.05511000
30.43137187,-51.18110000
30.43237667,-59.05511000
30.43338147,-55.11811000
30.43438627,-55.11811000
30.43539107,-47.24409000
30.43639587,-51.18110000
30.43740067,-59.05511000
30.43840547,-47.24409000
30.43941027,-51.18110000
30.44041507,-59.05511000
30.44141987,-51.18110000
30.44242467,-51.18110000
30.44342947,-55.11811000
30.44443427,-66.92913000
30.44543907,-59.05511000
30.44644387,-55.11811000
30.44744867,-62.99212000
30.44845347,-59.05511000
30.44945827,-59.05511000
30.45046307,-35.43307000
30.45146787,-55.11811000
30.45247267,-51.18110000
30.45347747,-47.24409000
30.45448227,-51.18110000
30.45548707,-47.24409000
30.45649187,-55.11811000
30.45749667,-55.11811000
30.45850147,-51.18110000
30.45950627,-55.11811000
30.46051107,-47.24409000
30.46151587,-55.11811000
30.46252067,-51.18110000
30.46352547,-51.18110000
30.46453027,-59.05511000
30.46553507,-59.05511000
30.46653987,-51.18110000
30.46754467,-59.05511000
30.46854947,-47.24409000
30.46955427,-55.11811000
30.47055907,-59.05511000
30.47156387,-51.18110000
30.47256867,-59.05511000
30.47357347,-62.99212000
30.47457827,-55.11811000
30.47558307,-51.18110000
30.47658787,-55.11811000
30.47759267,-55.11811000
30.47859747,-47.24409000
30.47960227,-51.18110000
30.48060707,-59.05511000
30.48161187,-55.11811000
30.48261667,-55.11811000
30.48362147,-47.24409000
30.48462627,-47.24409000
30.48563107,-47.24409000
30.48663587,-51.18110000
30.48764067,-51.18110000
30.48864547,-51.18110000
30.48965027,-51.18110000
30.49065507,-51.18110000
30.49165987,-55.11811000
30.49266467,-51.18110000
30.49366947,-51.18110000
30.49467427,-55.11811000
30.49567907,-55.11811000
30.49668387,-55.11811000
30.49768867,-55.11811000
30.49869347,-55.11811000
30.49969827,-47.24409000
30.50070307,-47.24409000
30.50170787,-59.05511000
30.50271267,-59.05511000
30.50371747,-55.11811000
30.50472227,-59.05511000
30.50572707,-55.11811000
30.50673187,-55.11811000
30.50773667,-51.18110000
30.50874147,-55.11811000
30.50974627,-47.24409000
30.51075107,-51.18110000
30.51175587,-51.18110000
30.51276067,-51.18110000
30.51376547,-51.18110000
30.51477027,-55.11811000
30.51577507,-47.24409000
30.51677987,-47.24409000
30.51778467,-51.18110000
30.51878947,-51.18110000
30.51979427,-47.24409000
30.52079907,-51.18110000
30.52180387,-51.18110000
30.52280867,-55.11811000
30.52381347,-51.18110000
30.52481827,-55.11811000
30.52582307,-51.18110000
30.52682787,-51.18110000
30.52783267,-51.18110000
30.52883747,-51.18110000
30.52984227,-55.11811000
30.53084707,-55.11811000
30.53185187,-51.18110000
30.53285667,-51.18110000
30.53386147,-66.92913000
30.53486627,-51.18110000
30.53587107,-59.05511000
30.53687587,-55.11811000
30.53788067,-62.99212000
30.53888547,-51.18110000
30.53989027,-43.30709000
30.54089507,-47.24409000
30.54189987,-47.24409000
30.54290467,-51.18110000
30.54390947,-47.24409000
30.54491427,-66.92913000
30.54591907,-51.18110000
30.54692387,-55.11811000
30.54792867,-35.43307000
30.54893347,-51.18110000
30.54993827,-51.18110000
30.55094307,-51.18110000
30.55194787,-51.18110000
30.55295267,-51.18110000
30.55395747,-51.18110000
30.55496227,-47.24409000
30.55596707,-51.18110000
30.55697187,-47.24409000
30.55797667,-47.24409000
30.55898147,-47.24409000
30.55998627,-59.05511000
30.56099107,-47.24409000
30.56199587,-59.05511000
30.56300067,-59.05511000
30.56400547,-55.11811000
30.56501027,-55.11811000
30.56601507,-51.18110000
30.56701987,-55.11811000
30.56802467,-51.18110000
30.56902947,-55.11811000
30.57003427,-43.30709000
30.57103907,-51.18110000
30.57204387,-47.24409000
30.57304867,-51.18110000
30.57405347,-43.30709000
30.57505827,-47.24409000
30.57606307,-43.30709000
30.57706787,-43.30709000
30.57807267,-51.18110000
30.57907747,-47.24409000
30.58008227,-51.18110000
30.58108707,-51.18110000
30.58209187,-47.24409000
30.58309667,-51.18110000
30.58410147,-47.24409000
30.58510627,-47.24409000
30.58611107,-47.24409000
30.58711587,-47.24409000
30.58812067,-47.24409000
30.58912547,-43.30709000
30.59013027,-51.18110000
30.59113507,-47.24409000
30.59213987,-39.37008000
30.59314467,-59.05511000
30.59414947,-55.11811000
30.59515427,-55.11811000
30.59615907,-55.11811000
30.59716387,-43.30709000
30.59816867,-43.30709000
30.59917347,-47.24409000
30.60017827,-47.24409000
30.60118307,-47.24409000
30.60218787,-47.24409000
30.60319267,-51.18110000
30.60419747,-35.43307000
30.60520227,-43.30709000
30.60620707,-47.24409000
30.60721187,-47.24409000
30.60821667,-47.24409000
30.60922147,-47.24409000
30.61022627,-51.18110000
30.61123107,-51.18110000
30.61223587,-47.24409000
30.61324067,-47.24409000
30.61424547,-47.24409000
30.61525027,-43.30709000
30.61625507,-47.24409000
30.61725987,-47.24409000
30.61826467,-47.24409000
30.61926947,-47.24409000
30.62027427,-51.18110000
30.62127907,-59.05511000
30.62228387,-55.11811000
30.62328867,-51.18110000
30.62429347,-51.18110000
30.62529827,-51.18110000
30.62630307,-51.18110000
30.62730787,-51.18110000
30.62831267,-47.24409000
30.62931747,-47.24409000
30.63032227,-39.37008000
30.63132707,-51.18110000
30.63233187,-43.30709000
30.63333667,-43.30709000
30.63434147,-43.30709000
30.63534627,-47.24409000
30.63635107,-39.37008000
30.63735587,-43.30709000
30.63836067,-47.24409000
30.63936547,-47.24409000
30.64037027,-47.24409000
30.64137507,-47.24409000
30.64237987,-55.11811000
30.64338467,-39.37008000
30.64438947,-47.24409000
30.64539427,-43.30709000
30.64639907,-39.37008000
30.64740387,-43.30709000
30.64840867,-43.30709000
30.64941347,-43.30709000
30.65041827,-62.99212000
30.65142307,-51.18110000
30.65242787,-47.24409000
30.65343267,-47.24409000
30.65443747,-47.24409000
30.65544227,-43.30709000
30.65644707,-39.37008000
30.65745187,-47.24409000
30.65845667,-39.37008000
30.65946147,-43.30709000
30.66046627,-43.30709000
30.66147107,-43.30709000
30.66247587,-35.43307000
30.66348067,-47.24409000
30.66448547,-35.43307000
30.66549027,-39.37008000
30.66649507,-43.30709000
30.66749987,-43.30709000
30.66850467,-39.37008000
30.66950947,-35.43307000
30.67051427,-43.30709000
30.67151907,-43.30709000
30.67252387,-43.30709000
30.67352867,-43.30709000
30.67453347,-39.37008000
30.67553827,-47.24409000
30.67654307,-43.30709000
30.67754787,-43.30709000
30.67855267,-62.99212000
30.67955747,-39.37008000
30.68056227,-47.24409000
30.68156707,-39.37008000
30.68257187,-47.24409000
30.68357667,-47.24409000
30.68458147,-47.24409000
30.68558627,-43.30709000
30.68659107,-39.37008000
30.68759587,-39.37008000
30.68860067,-43.30709000
30.68960547,-39.37008000
30.69061027,-39.37008000
30.69161507,-39.37008000
30.69261987,-43.30709000
30.69362467,-43.30709000
30.69462947,-35.43307000
30.69563427,-43.30709000
30.69663907,-39.37008000
30.69764387,-35.43307000
30.69864867,-43.30709000
30.69965347,-43.30709000
30.70065827,-39.37008000
30.70166307,-39.37008000
30.70266787,-43.30709000
30.70367267,-39.37008000
30.70467747,-39.37008000
30.70568227,-35.43307000
30.70668707,-43.30709000
30.70769187,-39.37008000
30.70869667,-47.24409000
30.70970147,-39.37008000
30.71070627,-39.37008000
30.71171107,-39.37008000
30.71271587,-51.18110000
30.71372067,-47.24409000
30.71472547,-43.30709000
30.71573027,-43.30709000
30.71673507,-35.43307000
30.71773987,-39.37008000
30.71874467,-35.43307000
30.71974947,-35.43307000
30.72075427,-35.43307000
30.72175907,-35.43307000
30.72276387,-35.43307000
30.72376867,-35.43307000
30.72477347,-39.37008000
30.72577827,-43.30709000
30.72678307,-39.37008000
30.72778787,-39.37008000
30.72879267,-39.37008000
30.72979747,-39.37008000
30.73080227,-31.49606000
30.73180707,-39.37008000
30.73281187,-35.43307000
30.73381667,-39.37008000
30.73482147,-39.37008000
30.73582627,-35.43307000
30.73683107,-39.37008000
30.73783587,-47.24409000
30.73884067,-39.37008000
30.73984547,-47.24409000
30.74085027,-47.24409000
30.74185507,-39.37008000
30.74285987,-31.49606000
30.74386467,-35.43307000
30.74486947,-43.30709000
30.74587427,-35.43307000
30.74687907,-39.37008000
30.74788387,-43.30709000
30.74888867,-39.37008000
30.74989347,-35.43307000
30.75089827,-27.55905000
30.75190307,-47.24409000
30.75290787,-39.37008000
30.75391266,-47.24409000
30.75491746,-35.43307000
30.75592226,-43.30709000
30.75692706,-39.37008000
30.75793186,-39.37008000
30.75893666,-31.49606000
30.75994146,-35.43307000
30.76094626,-35.43307000
30.76195106,-31.49606000
30.76295586,-31.49606000
30.76396066,-35.43307000
30.76496546,-39.37008000
30.76597026,-39.37008000
30.76697506,-35.43307000
30.76797986,-27.55905000
30.76898466,-39.37008000
30.76998946,-35.43307000
30.77099426,-39.37008000
30.77199906,-39.37008000
30.77300386,-43.30709000
30.77400866,-39.37008000
30.77501346,-39.37008000
30.77601826,-43.30709000
30.77702306,-35.43307000
30.77802786,-39.37008000
30.77903266,-35.43307000
30.78003746,-43.30709000
30.78104226,-31.49606000
30.78204706,-31.49606000
30.78305186,-35.43307000
30.78405666,-39.37008000
30.78506146,-39.37008000
30.78606626,-43.30709000
30.78707106,-43.30709000
30.78807586,-35.43307000
30.78908066,-47.24409000
30.79008546,-47.24409000
30.79109026,-39.37008000
30.79209506,-35.43307000
30.79309986,-31.49606000
30.79410466,-35.43307000
30.79510946,-31.49606000
30.79611426,-31.49606000
30.79711906,-35.43307000
30.79812386,-31.49606000
30.79912866,-35.43307000
30.80013346,-31.49606000
30.80113826,-43.30709000
30.80214306,-39.37008000
30.80314786,-27.55905000
30.80415266,-35.43307000
30.80515746,-39.37008000
30.80616226,-39.37008000
30.80716706,-39.37008000
30.80817186,-35.43307000
30.80917666,-31.49606000
30.81018146,-35.43307000
30.81118626,-31.49606000
30.81219106,-35.43307000
30.81319586,-27.55905000
30.81420066,-39.37008000
30.81520546,-39.37008000
30.81621026,-15.74803000
30.81721506,-43.30709000
30.81821986,-43.30709000
30.81922466,-39.37008000
30.82022946,-35.43307000
30.82123426,-35.43307000
30.82223906,-35.43307000
30.82324386,-39.37008000
30.82424866,-31.49606000
30.82525346,-31.49606000
30.82625826,-35.43307000
30.82726306,-35.43307000
30.82826786,-31.49606000
30.82927266,-31.49606000
30.83027746,-39.37008000
30.83128226,-35.43307000
30.83228706,-31.49606000
30.83329186,-35.43307000
30.83429666,-35.43307000
30.83530146,-35.43307000
30.83630626,-35.43307000
30.83731106,-39.37008000
30.83831586,-39.37008000
30.83932066,-39.37008000
30.84032546,-35.43307000
30.84133026,-31.49606000
30.84233506,-35.43307000
30.84333986,-31.49606000
30.84434466,-31.49606000
30.84534946,-31.49606000
30.84635426,-39.37008000
30.84735906,-43.30709000
30.84836386,-35.43307000
30.84936866,-39.37008000
30.85037346,-39.37008000
30.85137826,-35.43307000
30.85238306,-35.43307000
30.85338786,-39.37008000
30.85439266,-35.43307000
30.85539746,-39.37008000
30.85640226,-31.49606000
30.85740706,-31.49606000
30.85841186,-27.55905000
30.85941666,-39.37008000
30.86042146,-35.43307000
30.86142626,-35.43307000
30.86243106,-35.43307000
30.86343586,-39.37008000
30.86444066,-31.49606000
30.86544546,-35.43307000
30.86645026,-39.37008000
30.86745506,-39.37008000
30.86845986,-35.43307000
30.86946466,-35.43307000
30.87046946,-43.30709000
30.87147426,-35.43307000
30.87247906,-43.30709000
30.87348386,-35.43307000
30.87448866,-35.43307000
30.87549346,-35.43307000
30.87649826,-35.43307000
30.87750306,-31.49606000
30.87850786,-35.43307000
30.87951266,-35.43307000
30.88051746,-23.62205000
30.88152226,-39.37008000
30.88252706,-35.43307000
30.88353186,-31.49606000
30.88453666,-39.37008000
30.88554146,-31.49606000
30.88654626,-31.49606000
30.88755106,-31.49606000
30.88855586,-39.37008000
30.88956066,-27.55905000
30.89056546,-35.43307000
30.89157026,-31.49606000
30.89257506,-31.49606000
30.89357986,-35.43307000
30.89458466,-35.43307000
30.89558946,-31.49606000
30.89659426,-31.49606000
30.89759906,-35.43307000
30.89860386,-35.43307000
30.89960866,-35.43307000
30.90061346,-35.43307000
30.90161826,-35.43307000
30.90262306,-39.37008000
30.90362786,-35.43307000
30.90463266,-35.43307000
30.90563746,-35.43307000
30.90664226,-31.49606000
30.90764706,-35.43307000
30.90865186,-35.43307000
30.90965666,-31.49606000
30.91066146,-39.37008000
30.91166626,-35.43307000
30.91267106,-35.43307000
30.91367586,-39.37008000
30.91468066,-43.30709000
30.91568546,-43.30709000
30.91669026,-43.30709000
30.91769506,-31.49606000
30.91869986,-39.37008000
30.91970466,-43.30709000
30.92070946,-39.37008000
30.92171426,-31.49606000
30.92271906,-31.49606000
30.92372386,-31.49606000
30.92472866,-31.49606000
30.92573346,-31.49606000
30.92673826,-35.43307000
30.92774306,-31.49606000
30.92874786,-31.49606000
30.92975266,-35.43307000
30.93075746,-31.49606000
30.93176226,-35.43307000
30.93276706,-35.43307000
30.93377186,-35.43307000
30.93477666,-31.49606000
30.93578146,-35.43307000
30.93678626,-35.43307000
30.93779106,-35.43307000
30.93879586,-31.49606000
30.93980066,-35.43307000
30.94080546,-27.55905000
30.94181026,-39.37008000
30.94281506,-27.55905000
30.94381986,-35.43307000
30.94482466,-31.49606000
30.94582946,-35.43307000
30.94683426,-39.37008000
30.94783906,-39.37008000
30.94884386,-39.37008000
30.94984866,-35.43307000
30.95085346,-43.30709000
30.95185826,-35.43307000
30.95286306,-35.43307000
30.95386786,-11.81102000
30.95487266,-31.49606000
30.95587746,-35.43307000
30.95688226,-31.49606000
30.95788706,-31.49606000
30.95889186,-39.37008000
30.95989666,-35.43307000
30.96090146,-31.49606000
30.96190626,-35.43307000
30.96291106,-35.43307000
30.96391586,-35.43307000
30.96492066,-31.49606000
30.96592546,-31.49606000
30.96693026,-39.37008000
30.96793506,-39.37008000
30.96893986,-39.37008000
30.96994466,-39.37008000
30.97094946,-31.49606000
30.97195426,-35.43307000
30.97295906,-31.49606000
30.97396386,-27.55905000
30.97496866,-39.37008000
30.97597346,-35.43307000
30.97697826,-39.37008000
30.97798306,-35.43307000
30.97898786,-35.43307000
30.97999266,-51.18110000
30.98099746,-39.37008000
30.98200226,-39.37008000
30.98300706,-39.37008000
30.98401186,-43.30709000
30.98501666,-35.43307000
30.98602146,-35.43307000
30.98702626,-31.49606000
30.98803106,-35.43307000
30.98903586,-31.49606000
30.99004066,-35.43307000
30.99104546,-39.37008000
30.99205026,-35.43307000
30.99305506,-35.43307000
30.99405986,-31.49606000
30.99506466,-35.43307000
30.99606946,-31.49606000
30.99707426,-39.37008000
30.99807906,-31.49606000
30.99908386,-31.49606000
31.00008866,-39.37008000
31.00109346,-31.49606000
31.00209826,-35.43307000
31.00310306,-35.43307000
31.00410786,-31.49606000
31.00511266,-31.49606000
31.00611746,-31.49606000
31.00712226,-31.49606000
31.00812706,-35.43307000
31.00913186,-35.43307000
31.01013666,-39.37008000
31.01114146,-35.43307000
31.01214626,-39.37008000
31.01315106,-35.43307000
31.01415586,-35.43307000
31.01516066,-31.49606000
31.01616546,-35.43307000
31.01717026,-35.43307000
31.01817506,-31.49606000
31.01917986,-31.49606000
31.02018466,-27.55905000
31.02118946,-31.49606000
31.02219426,-31.49606000
31.02319906,-27.55905000
31.02420386,-31.49606000
31.02520866,-35.43307000
31.02621346,-35.43307000
31.02721826,-35.43307000
31.02822306,-35.43307000
31.02922786,-35.43307000
31.03023266,-35.43307000
31.03123746,-31.49606000
31.03224226,-43.30709000
31.03324706,-35.43307000
31.03425186,-35.43307000
31.03525666,-31.49606000
31.03626146,-31.49606000
31.03726626,-35.43307000
31.03827106,-31.49606000
31.03927586,-35.43307000
31.04028066,-35.43307000
31.04128546,-35.43307000
31.04229026,-39.37008000
31.04329506,-39.37008000
31.04429986,-31.49606000
31.04530466,-35.43307000
31.04630946,-31.49606000
31.04731426,-27.55905000
31.04831906,-39.37008000
31.04932386,-31.49606000
31.05032866,-35.43307000
31.05133346,-19.68504000
31.05233826,-27.55905000
31.05334306,-31.49606000
31.05434786,-31.49606000
31.05535266,-31.49606000
31.05635746,-31.49606000
31.05736226,-31.49606000
31.05836706,-31.49606000
31.05937186,-31.49606000
31.06037666,-35.43307000
31.06138146,-35.43307000
31.06238626,-31.49606000
31.06339106,-31.49606000
31.06439586,-31.49606000
31.06540066,-39.37008000
31.06640546,-31.49606000
31.06741026,-39.37008000
31.06841506,-27.55905000
31.06941986,-31.49606000
31.07042466,-35.43307000
31.07142946,-31.49606000
31.07243426,-35.43307000
31.07343906,-35.43307000
31.07444386,-35.43307000
31.07544866,-35.43307000
31.07645346,-35.43307000
31.07745826,-39.37008000
31.07846306,-31.49606000
31.07946786,-31.49606000
31.08047266,-35.43307000
31.08147746,-35.43307000
31.08248225,-35.43307000
31.08348705,-35.43307000
31.08449185,-27.55905000
31.08549665,-31.49606000
31.08650145,-31.49606000
31.08750625,-31.49606000
31.08851105,-31.49606000
31.08951585,-35.43307000
31.09052065,-31.49606000
31.09152545,-31.49606000
31.09253025,-31.49606000
31.09353505,-35.43307000
31.09453985,-35.43307000
31.09554465,-31.49606000
31.09654945,-31.49606000
31.09755425,-35.43307000
31.09855905,-35.43307000
31.09956385,-35.43307000
31.10056865,-31.49606000
31.10157345,-35.43307000
31.10257825,-31.49606000
31.10358305,-35.43307000
31.10458785,-31.49606000
31.10559265,-35.43307000
31.10659745,-31.49606000
31.10760225,-31.49606000
31.10860705,-31.49606000
31.10961185,-35.43307000
31.11061665,-31.49606000
31.11162145,-35.43307000
31.11262625,-35.43307000
31.11363105,-35.43307000
31.11463585,-35.43307000
31.11564065,-31.49606000
31.11664545,-31.49606000
31.11765025,-31.49606000
31.11865505,-27.55905000
31.11965985,-31.49606000
31.12066465,-31.49606000
31.12166945,-35.43307000
31.12267425,-23.62205000
31.12367905,-31.49606000
31.12468385,-35.43307000
31.12568865,-35.43307000
31.12669345,-31.49606000
31.12769825,-35.43307000
31.12870305,-27.55905000
31.12970785,-31.49606000
31.13071265,-39.37008000
31.13171745,-35.43307000
31.13272225,-31.49606000
31.13372705,-31.49606000
31.13473185,-35.43307000
31.13573665,-31.49606000
31.13674145,-31.49606000
31.13774625,-35.43307000
31.13875105,-35.43307000
31.13975585,-31.49606000
31.14076065,-31.49606000
31.14176545,-35.43307000
31.14277025,-43.30709000
31.14377505,-35.43307000
31.14477985,-31.49606000
31.14578465,-47.24409000
31.14678945,-31.49606000
31.14779425,-35.43307000
31.14879905,-27.55905000
31.14980385,-31.49606000
31.15080865,-31.49606000
31.15181345,-31.49606000
31.15281825,-31.49606000
31.15382305,-31.49606000
31.15482785,-31.49606000
31.15583265,-35.43307000
31.15683745,-31.49606000
31.15784225,-31.49606000
31.15884705,-35.43307000
31.15985185,-31.49606000
31.16085665,-31.49606000
31.16186145,-35.43307000
31.16286625,-35.43307000
31.16387105,-35.43307000
31.16487585,-31.49606000
31.16588065,-31.49606000
31.16688545,-35.43307000
31.16789025,-31.49606000
31.16889505,-35.43307000
31.16989985,-31.49606000
31.17090465,-31.49606000
31.17190945,-31.49606000
31.17291425,-51.18110000
31.17391905,-31.49606000
31.17492385,-35.43307000
31.17592865,-39.37008000
31.17693345,-43.30709000
31.17793825,-35.43307000
31.17894305,-35.43307000
31.17994785,-31.49606000
31.18095265,-35.43307000
31.18195745,-27.55905000
31.18296225,-31.49606000
31.18396705,-35.43307000
31.18497185,-27.55905000
31.18597665,-35.43307000
31.18698145,-31.49606000
31.18798625,-31.49606000
31.18899105,-31.49606000
31.18999585,-31.49606000
31.19100065,-31.49606000
31.19200545,-35.43307000
31.19301025,-31.49606000
31.19401505,-35.43307000
31.19501985,-31.49606000
31.19602465,-31.49606000
31.19702945,-35.43307000
31.19803425,-31.49606000
31.19903905,-27.55905000
31.20004385,-31.49606000
31.20104865,-31.49606000
31.20205345,-35.43307000
31.20305825,-31.49606000
31.20406305,-27.55905000
31.20506785,-35.43307000
31.20607265,-39.37008000
31.20707745,-35.43307000
31.20808225,-31.49606000
31.20908705,-35.43307000
31.21009185,-35.43307000
31.21109665,-27.55905000
31.21210145,-31.49606000
31.21310625,-31.49606000
31.21411105,-31.49606000
31.21511585,-27.55905000
31.21612065,-35.43307000
31.21712545,-27.55905000
31.21813025,-31.49606000
31.21913505,-31.49606000
31.22013985,-27.55905000
31.22114465,-31.49606000
31.22214945,-31.49606000
31.22315425,-31.49606000
31.22415905,-31.49606000
31.22516385,-31.49606000
31.22616865,-31.49606000
31.22717345,-35.43307000
31.22817825,-31.49606000
31.22918305,-35.43307000
31.23018785,-35.43307000
31.23119265,-31.49606000
31.23219745,-35.43307000
31.23320225,-31.49606000
31.23420705,-31.49606000
31.23521185,-35.43307000
31.23621665,-31.49606000
31.23722145,-31.49606000
31.23822625,-35.43307000
31.23923105,-47.24409000
31.24023585,-31.49606000
31.24124065,-31.49606000
31.24224545,-39.37008000
31.24325025,-43.30709000
31.24425505,-35.43307000
31.24525985,-39.37008000
31.24626465,-27.55905000
31.24726945,-27.55905000
31.24827425,-27.55905000
31.24927905,-27.55905000
31.25028385,-31.49606000
31.25128865,-31.49606000
31.25229345,-31.49606000
31.25329825,-31.49606000
31.25430305,-31.49606000
31.25530785,-31.49606000
31.25631265,-27.55905000
31.25731745,-31.49606000
31.25832225,-31.49606000
31.25932705,-27.55905000
31.26033185,-31.49606000
31.26133665,-35.43307000
31.26234145,-35.43307000
31.26334625,-31.49606000
31.26435105,-35.43307000
31.26535585,-31.49606000
31.26636065,-31.49606000
31.26736545,-31.49606000
31.26837025,-19.68504000
31.26937505,-31.49606000
31.27037985,-39.37008000
31.27138465,-39.37008000
31.27238945,-39.37008000
31.27339425,-39.37008000
31.27439905,-35.43307000
31.27540385,-31.49606000
31.27640865,-35.43307000
31.27741345,-31.49606000
31.27841825,-35.43307000
31.27942305,-31.49606000
31.28042785,-31.49606000
31.28143265,-31.49606000
31.28243745,-27.55905000
31.28344225,-27.55905000
31.28444705,-31.49606000
31.28545185,-31.49606000
31.28645665,-27.55905000
31.28746145,-31.49606000
31.28846625,-31.49606000
31.28947105,-31.49606000
31.29047585,-31.49606000
31.29148065,-31.49606000
31.29248545,-35.43307000
31.29349025,-31.49606000
31.29449505,-31.49606000
31.29549985,-31.49606000
31.29650465,-35.43307000
31.29750945,-27.55905000
31.29851425,-31.49606000
31.29951905,-27.55905000
31.30052385,-31.49606000
31.30152865,-31.49606000
31.30253345,-35.43307000
31.30353825,-35.43307000
31.30454305,-35.43307000
31.30554785,-35.43307000
31.30655265,-39.37008000
31.30755745,-31.49606000
31.30856225,-35.43307000
31.30956705,-39.37008000
31.31057185,-31.49606000
31.31157665,-27.55905000
31.31258145,-31.49606000
31.31358625,-31.49606000
31.31459105,-23.62205000
31.31559585,-31.49606000
31.31660065,-27.55905000
31.31760545,-31.49606000
31.31861025,-27.55905000
31.31961505,-27.55905000
31.32061985,-35.43307000
31.32162465,-35.43307000
31.32262945,-27.55905000
31.32363425,-31.49606000
31.32463905,-31.49606000
31.32564385,-31.49606000
31.32664865,-31.49606000
31.32765345,-27.55905000
31.32865825,-31.49606000
31.32966305,-27.55905000
31.33066785,-27.55905000
31.33167265,-31.49606000
31.33267745,-31.49606000
31.33368225,-31.49606000
31.33468705,-31.49606000
31.33569185,-31.49606000
31.33669665,-19.68504000
31.33770145,-31.49606000
31.33870625,-35.43307000
31.33971105,-35.43307000
31.34071585,-39.37008000
31.34172065,-31.49606000
31.34272545,-27.55905000
31.34373025,-27.55905000
31.34473505,-31.49606000
31.34573985,-23.62205000
31.34674465,-27.55905000
31.34774945,-31.49606000
31.34875425,-23.62205000
31.34975905,-23.62205000
31.35076385,-31.49606000
31.35176865,-35.43307000
31.35277345,-31.49606000
31.35377825,-27.55905000
31.35478305,-27.55905000
31.35578785,-35.43307000
31.35679265,-31.49606000
31.35779745,-35.43307000
31.35880225,-31.49606000
31.35980705,-39.37008000
31.36081185,-31.49606000
31.36181665,-23.62205000
31.36282145,-31.49606000
31.36382625,-31.49606000
31.36483105,-31.49606000
31.36583585,-31.49606000
31.36684065,-31.49606000
31.36784545,-27.55905000
31.36885025,-39.37008000
31.36985505,-31.49606000
31.37085985,-35.43307000
31.37186465,-35.43307000
31.37286945,-35.43307000
31.37387425,-31.49606000
31.37487905,-35.43307000
31.37588385,-31.49606000
31.37688865,-31.49606000
31.37789345,-27.55905000
31.37889825,-27.55905000
31.37990305,-27.55905000
31.38090785,-27.55905000
31.38191265,-27.55905000
31.38291745,-23.62205000
31.38392225,-23.62205000
31.38492705,-27.55905000
31.38593185,-27.55905000
31.38693665,-27.55905000
31.38794145,-27.55905000
31.38894625,-31.49606000
31.38995105,-31.49606000
31.39095585,-31.49606000
31.39196065,-35.43307000
31.39296545,-31.49606000
31.39397025,-27.55905000
31.39497505,-27.55905000
31.39597985,-27.55905000
31.39698465,-27.55905000
31.39798945,-27.55905000
31.39899425,-31.49606000
31.39999905,-27.55905000
31.40100385,-31.49606000
31.40200865,-27.55905000
31.40301345,-35.43307000
31.40401825,-31.49606000
31.40502305,-35.43307000
31.40602785,-35.43307000
31.40703265,-31.49606000
31.40803745,-23.62205000
31.40904225,-31.49606000
31.41004705,-27.55905000
31.41105184,-27.55905000
31.41205664,-31.49606000
31.41306144,-19.68504000
31.41406624,-27.55905000
31.41507104,-27.55905000
31.41607584,-31.49606000
31.41708064,-31.49606000
31.41808544,-35.43307000
31.41909024,-31.49606000
31.42009504,-31.49606000
31.42109984,-35.43307000
31.42210464,-31.49606000
31.42310944,-31.49606000
31.42411424,-35.43307000
31.42511904,-27.55905000
31.42612384,-27.55905000
31.42712864,-27.55905000
31.42813344,-27.55905000
31.42913824,-31.49606000
31.43014304,-27.55905000
31.43114784,-27.55905000
31.43215264,-31.49606000
31.43315744,-27.55905000
31.43416224,-43.30709000
31.43516704,-31.49606000
31.43617184,-35.43307000
31.43717664,-35.43307000
31.43818144,-31.49606000
31.43918624,-35.43307000
31.44019104,-31.49606000
31.44119584,-19.68504000
31.44220064,-23.62205000
31.44320544,-19.68504000
31.44421024,-23.62205000
31.44521504,-23.62205000
31.44621984,-31.49606000
31.44722464,-27.55905000
31.44822944,-23.62205000
31.44923424,-27.55905000
31.45023904,-27.55905000
31.45124384,-27.55905000
31.45224864,-23.62205000
31.45325344,-23.62205000
31.45425824,-27.55905000
31.45526304,-23.62205000
31.45626784,-31.49606000
31.45727264,-27.55905000
31.45827744,-23.62205000
31.45928224,-23.62205000
31.46028704,-27.55905000
31.46129184,-23.62205000
31.46229664,-27.55905000
31.46330144,-27.55905000
31.46430624,-23.62205000
31.46531104,-23.62205000
31.46631584,-35.43307000
31.46732064,-31.49606000
31.46832544,-27.55905000
31.46933024,-35.43307000
31.47033504,-31.49606000
31.47133984,-31.49606000
31.47234464,-31.49606000
31.47334944,-27.55905000
31.47435424,-23.62205000
31.47535904,-27.55905000
31.47636384,-27.55905000
31.47736864,-19.68504000
31.47837344,-27.55905000
31.47937824,-23.62205000
31.48038304,-19.68504000
31.48138784,-31.49606000
31.48239264,-27.55905000
31.48339744,-23.62205000
31.48440224,-31.49606000
31.48540704,-23.62205000
31.48641184,-23.62205000
31.48741664,-31.49606000
31.48842144,-31.49606000
31.48942624,-27.55905000
31.49043104,-23.62205000
31.49143584,-31.49606000
31.49244064,-31.49606000
31.49344544,-23.62205000
31.49445024,-27.55905000
31.49545504,-31.49606000
31.49645984,-23.62205000
31.49746464,-31.49606000
31.49846944,-19.68504000
31.49947424,-31.49606000
31.50047904,-31.49606000
31.50148384,-27.55905000
31.50248864,-23.62205000
31.50349344,-27.55905000
31.50449824,-31.49606000
31.50550304,-27.55905000
31.50650784,-27.55905000
31.50751264,-23.62205000
31.50851744,-27.55905000
31.50952224,-23.62205000
31.51052704,-23.62205000
31.51153184,-23.62205000
31.51253664,-27.55905000
31.51354144,-27.55905000
31.51454624,-19.68504000
31.51555104,-23.62205000
31.51655584,-31.49606000
31.51756064,-23.62205000
31.51856544,-27.55905000
31.51957024,-27.55905000
31.52057504,-31.49606000
31.52157984,-27.55905000
31.52258464,-27.55905000
31.52358944,-23.62205000
31.52459424,-27.55905000
31.52559904,-23.62205000
31.52660384,-23.62205000
31.52760864,-19.68504000
31.52861344,-19.68504000
31.52961824,-23.62205000
31.53062304,-23.62205000
31.53162784,-27.55905000
31.53263264,-31.49606000
31.53363744,-31.49606000
31.53464224,-31.49606000
31.53564704,-31.49606000
31.53665184,-27.55905000
31.53765664,-31.49606000
31.53866144,-23.62205000
31.53966624,-19.68504000
31.54067104,-15.74803000
31.54167584,-23.62205000
31.54268064,-19.68504000
31.54368544,-19.68504000
31.54469024,-23.62205000
31.54569504,-23.62205000
31.54669984,-19.68504000
31.54770464,-23.62205000
31.54870944,-19.68504000
31.54971424,-19.68504000
31.55071904,-19.68504000
31.55172384,-23.62205000
31.55272864,-23.62205000
31.55373344,-23.62205000
31.55473824,-7.87401500
31.55574304,-19.68504000
31.55674784,-19.68504000
31.55775264,-19.68504000
31.55875744,-19.68504000
31.55976224,-19.68504000
31.56076704,-19.68504000
31.56177184,-27.55905000
31.56277664,-23.62205000
31.56378144,-19.68504000
31.56478624,-27.55905000
31.56579104,-27.55905000
31.56679584,-27.55905000
31.56780064,-23.62205000
31.56880544,-23.62205000
31.56981024,-23.62205000
31.57081504,-23.62205000
31.57181984,-15.74803000
31.57282464,-15.74803000
31.57382944,-19.68504000
31.57483424,-19.68504000
31.57583904,-19.68504000
31.57684384,-19.68504000
31.57784864,-15.74803000
31.57885344,-19.68504000
31.57985824,-15.74803000
31.58086304,-19.68504000
31.58186784,-19.68504000
31.58287264,-15.74803000
31.58387744,-19.68504000
31.58488224,-27.55905000
31.58588704,-23.62205000
31.58689184,-23.62205000
31.58789664,-19.68504000
31.58890144,-19.68504000
31.58990624,-19.68504000
31.59091104,-19.68504000
31.59191584,-19.68504000
31.59292064,-19.68504000
31.59392544,-19.68504000
31.59493024,-19.68504000
31.59593504,-19.68504000
31.59693984,-27.55905000
31.59794464,-19.68504000
31.59894944,-19.68504000
31.59995424,-19.68504000
31.60095904,-19.68504000
31.60196384,-19.68504000
31.60296864,-19.68504000
31.60397344,-11.81102000
31.60497824,-7.87401500
31.60598304,-3.93700800
31.60698784,-7.87401500
31.60799264,-11.81102000
31.60899744,-11.81102000
31.61000224,-3.93700800
31.61100704,0.00000000
31.61201184,-3.93700800
31.61301664,0.00000000
31.61402144,-3.93700800
31.61502624,3.93700800
31.61603104,3.93700800
31.61703584,-3.93700800
31.61804064,-3.93700800
31.61904544,0.00000000
31.62005024,-3.93700800
31.62105504,0.00000000
31.62205984,0.00000000
31.62306464,3.93700800
31.62406944,0.00000000
31.62507424,0.00000000
31.62607904,0.00000000
31.62708384,-3.93700800
31.62808864,-11.81102000
31.62909344,-15.74803000
31.63009824,-7.87401500
31.63110304,-11.81102000
31.63210784,-19.68504000
31.63311264,-19.68504000
31.63411744,-19.68504000
31.63512224,-15.74803000
31.63612704,-19.68504000
31.63713184,-19.68504000
31.63813664,-15.74803000
31.63914144,-27.55905000
31.64014624,-23.62205000
31.64115104,-23.62205000
31.64215584,-27.55905000
31.64316064,-27.55905000
31.64416544,-35.43307000
31.64517024,-31.49606000
31.64617504,-27.55905000
31.64717984,-23.62205000
31.64818464,-27.55905000
31.64918944,-31.49606000
31.65019424,-27.55905000
31.65119904,-19.68504000
31.65220384,-3.93700800
31.65320864,-23.62205000
31.65421344,-15.74803000
31.65521824,-15.74803000
31.65622304,-15.74803000
31.65722784,-11.81102000
31.65823264,-7.87401500
31.65923744,-7.87401500
31.66024224,-3.93700800
31.66124704,-15.74803000
31.66225184,-15.74803000
31.66325664,-19.68504000
31.66426144,-23.62205000
31.66526624,-23.62205000
31.66627104,-23.62205000
31.66727584,-23.62205000
31.66828064,-23.62205000
31.66928544,-15.74803000
31.67029024,-11.81102000
31.67129504,-19.68504000
31.67229984,-19.68504000
31.67330464,-15.74803000
31.67430944,-23.62205000
31.67531424,-19.68504000
31.67631904,-19.68504000
31.67732384,-19.68504000
31.67832864,-15.74803000
31.67933344,-15.74803000
31.68033824,-19.68504000
31.68134304,-19.68504000
31.68234784,-23.62205000
31.68335264,-19.68504000
31.68435744,-23.62205000
31.68536224,-15.74803000
31.68636704,-19.68504000
31.68737184,-19.68504000
31.68837664,-19.68504000
31.68938144,-15.74803000
31.69038624,-23.62205000
31.69139104,-19.68504000
31.69239584,-19.68504000
31.69340064,-19.68504000
31.69440544,-19.68504000
31.69541024,-27.55905000
31.69641504,-23.62205000
31.69741984,-19.68504000
31.69842464,-27.55905000
31.69942944,-19.68504000
31.70043424,-23.62205000
31.70143904,-15.74803000
31.70244384,-11.81102000
31.70344864,-15.74803000
31.70445344,-23.62205000
31.70545824,-15.74803000
31.70646304,-15.74803000
31.70746784,-15.74803000
31.70847264,-19.68504000
31.70947744,-15.74803000
31.71048224,-23.62205000
31.71148704,-19.68504000
31.71249184,-15.74803000
31.71349664,-19.68504000
31.71450144,-19.68504000
31.71550624,-15.74803000
31.71651104,-23.62205000
31.71751584,-19.68504000
31.71852064,-15.74803000
31.71952544,-19.68504000
31.72053024,-19.68504000
31.72153504,-23.62205000
31.72253984,-15.74803000
31.72354464,-19.68504000
31.72454944,-15.74803000
31.72555424,-15.74803000
31.72655904,-19.68504000
31.72756384,-31.49606000
31.72856864,-19.68504000
31.72957344,-23.62205000
31.73057824,-19.68504000
31.73158304,-23.62205000
31.73258784,-23.62205000
31.73359264,-19.68504000
31.73459744,-15.74803000
31.73560224,-19.68504000
31.73660704,-15.74803000
31.73761184,-15.74803000
31.73861664,-11.81102000
31.73962144,-19.68504000
31.74062623,-19.68504000
31.74163103,-19.68504000
31.74263583,-19.68504000
31.74364063,-15.74803000
31.74464543,-19.68504000
31.74565023,-15.74803000
31.74665503,-27.55905000
31.74765983,-19.68504000
31.74866463,-19.68504000
31.74966943,-3.93700800
31.75067423,-11.81102000
31.75167903,-19.68504000
31.75268383,-19.68504000
31.75368863,-19.68504000
31.75469343,-23.62205000
31.75569823,-19.68504000
31.75670303,-15.74803000
31.75770783,-19.68504000
31.75871263,-19.68504000
31.75971743,-23.62205000
31.76072223,-31.49606000
31.76172703,-23.62205000
31.76273183,-27.55905000
31.76373663,-23.62205000
31.76474143,-23.62205000
31.76574623,-19.68504000
31.76675103,-19.68504000
31.76775583,-15.74803000
31.76876063,-19.68504000
31.76976543,-15.74803000
31.77077023,-19.68504000
31.77177503,-15.74803000
31.77277983,-23.62205000
31.77378463,-23.62205000
31.77478943,-15.74803000
31.77579423,-11.81102000
31.77679903,-19.68504000
31.77780383,-19.68504000
31.77880863,-19.68504000
31.77981343,-23.62205000
31.78081823,-23.62205000
31.78182303,-19.68504000
31.78282783,-11.81102000
31.78383263,-23.62205000
31.78483743,-19.68504000
31.78584223,-19.68504000
31.78684703,-19.68504000
31.78785183,-15.74803000
31.78885663,-19.68504000
31.78986143,-19.68504000
31.79086623,-19.68504000
31.79187103,-19.68504000
31.79287583,-19.68504000
31.79388063,-23.62205000
31.79488543,-23.62205000
31.79589023,-27.55905000
31.79689503,-31.49606000
31.79789983,-31.49606000
31.79890463,-19.68504000
31.79990943,-23.62205000
31.80091423,-23.62205000
31.80191903,-19.68504000
31.80292383,-19.68504000
31.80392863,-19.68504000
31.80493343,-19.68504000
31.80593823,-19.68504000
31.80694303,-19.68504000
31.80794783,-23.62205000
31.80895263,-23.62205000
31.80995743,-15.74803000
31.81096223,-23.62205000
31.81196703,-27.55905000
31.81297183,-27.55905000
31.81397663,-23.62205000
31.81498143,-23.62205000
31.81598623,-19.68504000
31.81699103,-15.74803000
31.81799583,-15.74803000
31.81900063,-19.68504000
31.82000543,-19.68504000
31.82101023,-23.62205000
31.82201503,-19.68504000
31.82301983,-23.62205000
31.82402463,-19.68504000
31.82502943,-19.68504000
31.82603423,-23.62205000
31.82703903,-31.49606000
31.82804383,-31.49606000
31.82904863,-31.49606000
31.83005343,-27.55905000
31.83105823,-23.62205000
31.83206303,-19.68504000
31.83306783,-27.55905000
31.83407263,-19.68504000
31.83507743,-15.74803000
31.83608223,-23.62205000
31.83708703,-23.62205000
31.83809183,-15.74803000
31.83909663,-19.68504000
31.84010143,-19.68504000
31.84110623,-23.62205000
31.84211103,-19.68504000
31.84311583,-19.68504000
31.84412063,-31.49606000
31.84512543,-27.55905000
31.84613023,-27.55905000
31.84713503,-19.68504000
31.84813983,-19.68504000
31.84914463,-23.62205000
31.85014943,-23.62205000
31.85115423,-23.62205000
31.85215903,-23.62205000
31.85316383,-19.68504000
31.85416863,-23.62205000
31.85517343,-15.74803000
31.85617823,-19.68504000
31.85718303,-19.68504000
31.85818783,-23.62205000
31.85919263,-23.62205000
31.86019743,-23.62205000
31.86120223,-35.43307000
31.86220703,-31.49606000
31.86321183,-27.55905000
31.86421663,-31.49606000
31.86522143,-23.62205000
31.86622623,-19.68504000
31.86723103,-27.55905000
31.86823583,-23.62205000
31.86924063,-19.68504000
31.87024543,-23.62205000
31.87125023,-23.62205000
31.87225503,-23.62205000
31.87325983,-15.74803000
31.87426463,-23.62205000
31.87526943,-23.62205000
31.87627423,-23.62205000
31.87727903,-23.62205000
31.87828383,-23.62205000
31.87928863,-23.62205000
31.88029343,-23.62205000
31.88129823,-23.62205000
31.88230303,-19.68504000
31.88330783,-23.62205000
31.88431263,-23.62205000
31.88531743,-23.62205000
31.88632223,-23.62205000
31.88732703,-27.55905000
31.88833183,-27.55905000
31.88933663,-27.55905000
31.89034143,-27.55905000
31.89134623,-23.62205000
31.89235103,-19.68504000
31.89335583,-43.30709000
31.89436063,-31.49606000
31.89536543,-27.55905000
31.89637023,-31.49606000
31.89737503,-27.55905000
31.89837983,-23.62205000
31.89938463,-23.62205000
31.90038943,-27.55905000
31.90139423,-23.62205000
31.90239903,-15.74803000
31.90340383,-23.62205000
31.90440863,-23.62205000
31.90541343,-19.68504000
31.90641823,-19.68504000
31.90742303,-19.68504000
31.90842783,-19.68504000
31.90943263,-27.55905000
31.91043743,-31.49606000
31.91144223,-31.49606000
31.91244703,-23.62205000
31.91345183,-19.68504000
31.91445663,-23.62205000
31.91546143,-23.62205000
31.91646623,-27.55905000
31.91747103,-23.62205000
31.91847583,-23.62205000
31.91948063,-23.62205000
31.92048543,-23.62205000
31.92149023,-23.62205000
31.92249503,-23.62205000
31.92349983,-23.62205000
31.92450463,-27.55905000
31.92550943,-35.43307000
31.92651423,-15.74803000
31.92751903,-39.37008000
31.92852383,-31.49606000
31.92952863,-27.55905000
31.93053343,-23.62205000
31.93153823,-27.55905000
31.93254303,-27.55905000
31.93354783,-23.62205000
31.93455263,-27.55905000
31.93555743,-23.62205000
31.93656223,-19.68504000
31.93756703,-27.55905000
31.93857183,-23.62205000
31.93957663,-27.55905000
31.94058143,-23.62205000
31.94158623,-27.55905000
31.94259103,-27.55905000
31.94359583,-27.55905000
31.94460063,-23.62205000
31.94560543,-27.55905000
31.94661023,-23.62205000
31.94761503,-23.62205000
31.94861983,-23.62205000
31.94962463,-23.62205000
31.95062943,-31.49606000
31.95163423,-27.55905000
31.95263903,-27.55905000
31.95364383,-23.62205000
31.95464863,-27.55905000
31.95565343,-19.68504000
31.95665823,-27.55905000
31.95766303,-27.55905000
31.95866783,-31.49606000
31.95967263,-35.43307000
31.96067743,-35.43307000
31.96168223,-27.55905000
31.96268703,-31.49606000
31.96369183,-31.49606000
31.96469663,-27.55905000
31.96570143,-23.62205000
31.96670623,-23.62205000
31.96771103,-23.62205000
31.96871583,-27.55905000
31.96972063,-23.62205000
31.97072543,-27.55905000
31.97173023,-23.62205000
31.97273503,-23.62205000
31.97373983,-31.49606000
31.97474463,-23.62205000
31.97574943,-31.49606000
31.97675423,-35.43307000
31.97775903,-23.62205000
31.97876383,-23.62205000
31.97976863,-27.55905000
31.98077343,-27.55905000
31.98177823,-27.55905000
31.98278303,-27.55905000
31.98378783,-23.62205000
31.98479263,-23.62205000
31.98579743,-27.55905000
31.98680223,-23.62205000
31.98780703,-23.62205000
31.98881183,-23.62205000
31.98981663,-27.55905000
31.99082143,-31.49606000
31.99182623,-35.43307000
31.99283103,-31.49606000
31.99383583,-27.55905000
31.99484063,-27.55905000
31.99584543,-27.55905000
31.99685023,-23.62205000
31.99785503,-23.62205000
31.99885983,-23.62205000
31.99986463,-23.62205000
32.00086943,-23.62205000
32.00187423,-23.62205000
32.00287903,-23.62205000
32.00388383,-27.55905000
32.00488863,-27.55905000
32.00589343,-23.62205000
32.00689823,-31.49606000
32.00790303,-31.49606000
32.00890783,-27.55905000
32.00991263,-23.62205000
32.01091743,-23.62205000
32.01192223,-19.68504000
32.01292703,-19.68504000
32.01393183,-23.62205000
32.01493663,-27.55905000
32.01594143,-27.55905000
32.01694623,-27.55905000
32.01795103,-27.55905000
32.01895583,-27.55905000
32.01996063,-27.55905000
32.02096543,-31.49606000
32.02197023,-27.55905000
32.02297503,-31.49606000
32.02397983,-35.43307000
32.02498463,-31.49606000
32.02598943,-27.55905000
32.02699423,-23.62205000
32.02799903,-27.55905000
32.02900383,-27.55905000
32.03000863,-27.55905000
32.03101343,-27.55905000
32.03201823,-23.62205000
32.03302303,-23.62205000
32.03402783,-31.49606000
32.03503263,-23.62205000
32.03603743,-23.62205000
32.03704223,-27.55905000
32.03804703,-27.55905000
32.03905183,-31.49606000
32.04005663,-31.49606000
32.04106143,-31.49606000
32.04206623,-27.55905000
32.04307103,-27.55905000
32.04407583,-31.49606000
32.04508063,-31.49606000
32.04608543,-27.55905000
32.04709023,-27.55905000
32.04809503,-27.55905000
32.04909983,-23.62205000
32.05010463,-31.49606000
32.05110943,-27.55905000
32.05211423,-23.62205000
32.05311903,-27.55905000
32.05412383,-27.55905000
32.05512863,-39.37008000
32.05613343,-35.43307000
32.05713823,-35.43307000
32.05814303,-19.68504000
32.05914783,-27.55905000
32.06015263,-23.62205000
32.06115743,-23.62205000
32.06216223,-27.55905000
32.06316703,-27.55905000
32.06417183,-31.49606000
32.06517663,-31.49606000
32.06618143,-27.55905000
32.06718623,-27.55905000
32.06819103,-27.55905000
32.06919582,-27.55905000
32.07020062,-27.55905000
32.07120542,-27.55905000
32.07221022,-31.49606000
32.07321502,-31.49606000
32.07421982,-23.62205000
32.07522462,-31.49606000
32.07622942,-27.55905000
32.07723422,-23.62205000
32.07823902,-27.55905000
32.07924382,-27.55905000
32.08024862,-27.55905000
32.08125342,-27.55905000
32.08225822,-27.55905000
32.08326302,-31.49606000
32.08426782,-27.55905000
32.08527262,-23.62205000
32.08627742,-31.49606000
32.08728222,-27.55905000
32.08828702,-43.30709000
32.08929182,-43.30709000
32.09029662,-31.49606000
32.09130142,-31.49606000
32.09230622,-35.43307000
32.09331102,-27.55905000
32.09431582,-27.55905000
32.09532062,-27.55905000
32.09632542,-27.55905000
32.09733022,-27.55905000
32.09833502,-23.62205000
32.09933982,-27.55905000
32.10034462,-27.55905000
32.10134942,-23.62205000
32.10235422,-27.55905000
32.10335902,-31.49606000
32.10436382,-31.49606000
32.10536862,-31.49606000
32.10637342,-31.49606000
32.10737822,-27.55905000
32.10838302,-31.49606000
32.10938782,-31.49606000
32.11039262,-27.55905000
32.11139742,-31.49606000
32.11240222,-27.55905000
32.11340702,-23.62205000
32.11441182,-23.62205000
32.11541662,-27.55905000
32.11642142,-27.55905000
32.11742622,-27.55905000
32.11843102,-27.55905000
32.11943582,-27.55905000
32.12044062,-35.43307000
32.12144542,-35.43307000
32.12245022,-35.43307000
32.12345502,-31.49606000
32.12445982,-31.49606000
32.12546462,-27.55905000
32.12646942,-27.55905000
32.12747422,-27.55905000
32.12847902,-31.49606000
32.12948382,-23.62205000
32.13048862,-31.49606000
32.13149342,-27.55905000
32.13249822,-27.55905000
32.13350302,-23.62205000
32.13450782,-27.55905000
32.13551262,-31.49606000
32.13651742,-31.49606000
32.13752222,-35.43307000
32.13852702,-27.55905000
32.13953182,-19.68504000
32.14053662,-27.55905000
32.14154142,-31.49606000
32.14254622,-23.62205000
32.14355102,-31.49606000
32.14455582,-31.49606000
32.14556062,-27.55905000
32.14656542,-31.49606000
32.14757022,-31.49606000
32.14857502,-27.55905000
32.14957982,-27.55905000
32.15058462,-27.55905000
32.15158942,-31.49606000
32.15259422,-39.37008000
32.15359902,-35.43307000
32.15460382,-35.43307000
32.15560862,-15.74803000
32.15661342,-31.49606000
32.15761822,-31.49606000
32.15862302,-31.49606000
32.15962782,-31.49606000
32.16063262,-27.55905000
32.16163742,-31.49606000
32.16264222,-27.55905000
32.16364702,-27.55905000
32.16465182,-23.62205000
32.16565662,-27.55905000
32.16666142,-31.49606000
32.16766622,-31.49606000
32.16867102,-31.49606000
32.16967582,-39.37008000
32.17068062,-31.49606000
32.17168542,-31.49606000
32.17269022,-27.55905000
32.17369502,-27.55905000
32.17469982,-27.55905000
32.17570462,-27.55905000
32.17670942,-31.49606000
32.17771422,-27.55905000
32.17871902,-27.55905000
32.17972382,-27.55905000
32.18072862,-23.62205000
32.18173342,-27.55905000
32.18273822,-31.49606000
32.18374302,-35.43307000
32.18474782,-39.37008000
32.18575262,-39.37008000
32.18675742,-35.43307000
32.18776222,-35.43307000
32.18876702,-27.55905000
32.18977182,-31.49606000
32.19077662,-23.62205000
32.19178142,-27.55905000
32.19278622,-27.55905000
32.19379102,-27.55905000
32.19479582,-27.55905000
32.19580062,-31.49606000
32.19680542,-27.55905000
32.19781022,-23.62205000
32.19881502,-31.49606000
32.19981982,-35.43307000
32.20082462,-27.55905000
32.20182942,-35.43307000
32.20283422,-31.49606000
32.20383902,-31.49606000
32.20484382,-27.55905000
32.20584862,-31.49606000
32.20685342,-27.55905000
32.20785822,-27.55905000
32.20886302,-27.55905000
32.20986782,-27.55905000
32.21087262,-31.49606000
32.21187742,-31.49606000
32.21288222,-27.55905000
32.21388702,-31.49606000
32.21489182,-23.62205000
32.21589662,-43.30709000
32.21690142,-31.49606000
32.21790622,-35.43307000
32.21891102,-35.43307000
32.21991582,-35.43307000
32.22092062,-27.55905000
32.22192542,-31.49606000
32.22293022,-31.49606000
32.22393502,-23.62205000
32.22493982,-23.62205000
32.22594462,-27.55905000
32.22694942,-27.55905000
32.22795422,-27.55905000
32.22895902,-27.55905000
32.22996382,-31.49606000
32.23096862,-27.55905000
32.23197342,-27.55905000
32.23297822,-27.55905000
32.23398302,-35.43307000
32.23498782,-31.49606000
32.23599262,-35.43307000
32.23699742,-35.43307000
32.23800222,-23.62205000
32.23900702,-27.55905000
32.24001182,-31.49606000
32.24101662,-31.49606000
32.24202142,-31.49606000
32.24302622,-39.37008000
32.24403102,-31.49606000
32.24503582,-31.49606000
32.24604062,-31.49606000
32.24704542,-31.49606000
32.24805022,-31.49606000
32.24905502,-23.62205000
32.25005982,-39.37008000
32.25106462,-43.30709000
32.25206942,-35.43307000
32.25307422,-23.62205000
32.25407902,-35.43307000
32.25508382,-31.49606000
32.25608862,-27.55905000
32.25709342,-23.62205000
32.25809822,-31.49606000
32.25910302,-27.55905000
32.26010782,-23.62205000
32.26111262,-31.49606000
32.26211742,-27.55905000
32.26312222,-31.49606000
32.26412702,-27.55905000
32.26513182,-27.55905000
32.26613662,-27.55905000
32.26714142,-31.49606000
32.26814622,-31.49606000
32.26915102,-35.43307000
32.27015582,-35.43307000
32.27116062,-31.49606000
32.27216542,-31.49606000
32.27317022,-27.55905000
32.27417502,-27.55905000
32.27517982,-27.55905000
32.27618462,-27.55905000
32.27718942,-27.55905000
32.27819422,-27.55905000
32.27919902,-23.62205000
32.28020382,-27.55905000
32.28120862,-27.55905000
32.28221342,-35.43307000
32.28321822,-39.37008000
32.28422302,-39.37008000
32.28522782,-39.37008000
32.28623262,-31.49606000
32.28723742,-31.49606000
32.28824222,-31.49606000
32.28924702,-27.55905000
32.29025182,-31.49606000
32.29125662,-27.55905000
32.29226142,-31.49606000
32.29326622,-23.62205000
32.29427102,-23.62205000
32.29527582,-31.49606000
32.29628062,-31.49606000
32.29728542,-31.49606000
32.29829022,-31.49606000
32.29929502,-31.49606000
32.30029982,-31.49606000
32.30130462,-31.49606000
32.30230942,-27.55905000
32.30331422,-27.55905000
32.30431902,-31.49606000
32.30532382,-27.55905000
32.30632862,-27.55905000
32.30733342,-27.55905000
32.30833822,-27.55905000
32.30934302,-27.55905000
32.31034782,-31.49606000
32.31135262,-31.49606000
32.31235742,-31.49606000
32.31336222,-31.49606000
32.31436702,-27.55905000
32.31537182,-39.37008000
32.31637662,-35.43307000
32.31738142,-35.43307000
32.31838622,-35.43307000
32.31939102,-27.55905000
32.32039582,-35.43307000
32.32140062,-27.55905000
32.32240542,-27.55905000
32.32341022,-31.49606000
32.32441502,-27.55905000
32.32541982,-27.55905000
32.32642462,-31.49606000
32.32742942,-23.62205000
32.32843422,-27.55905000
32.32943902,-27.55905000
32.33044382,-31.49606000
32.33144862,-31.49606000
32.33245342,-27.55905000
32.33345822,-31.49606000
32.33446302,-31.49606000
32.33546782,-31.49606000
32.33647262,-31.49606000
32.33747742,-31.49606000
32.33848222,-31.49606000
32.33948702,-31.49606000
32.34049182,-27.55905000
32.34149662,-31.49606000
32.34250142,-23.62205000
32.34350622,-19.68504000
32.34451102,-31.49606000
32.34551582,-23.62205000
32.34652062,-35.43307000
32.34752542,-51.18110000
32.34853022,-39.37008000
32.34953502,-39.37008000
32.35053982,-27.55905000
32.35154462,-27.55905000
32.35254942,-27.55905000
32.35355422,-27.55905000
32.35455902,-31.49606000
32.35556382,-23.62205000
32.35656862,-27.55905000
32.35757342,-31.49606000
32.35857822,-23.62205000
32.35958302,-31.49606000
32.36058782,-31.49606000
32.36159262,-31.49606000
32.36259742,-27.55905000
32.36360222,-27.55905000
32.36460702,-35.43307000
32.36561182,-31.49606000
32.36661662,-31.49606000
32.36762142,-27.55905000
32.36862622,-27.55905000
32.36963102,-27.55905000
32.37063582,-27.55905000
32.37164062,-27.55905000
32.37264542,-31.49606000
32.37365022,-35.43307000
32.37465502,-27.55905000
32.37565982,-27.55905000
32.37666462,-31.49606000
32.37766942,-31.49606000
32.37867422,-43.30709000
32.37967902,-31.49606000
32.38068382,-35.43307000
32.38168862,-35.43307000
32.38269342,-35.43307000
32.38369822,-27.55905000
32.38470302,-31.49606000
32.38570782,-31.49606000
32.38671262,-27.55905000
32.38771742,-31.49606000
32.38872222,-23.62205000
32.38972702,-27.55905000
32.39073182,-31.49606000
32.39173662,-23.62205000
32.39274142,-31.49606000
32.39374622,-27.55905000
32.39475102,-27.55905000
32.39575582,-27.55905000
32.39676062,-31.49606000
32.39776541,-35.43307000
32.39877021,-35.43307000
32.39977501,-27.55905000
32.40077981,-19.68504000
32.40178461,-31.49606000
32.40278941,-27.55905000
32.40379421,-27.55905000
32.40479901,-27.55905000
32.40580381,-31.49606000
32.40680861,-27.55905000
32.40781341,-27.55905000
32.40881821,-31.49606000
32.40982301,-27.55905000
32.41082781,-27.55905000
32.41183261,-35.43307000
32.41283741,-35.43307000
32.41384221,-35.43307000
32.41484701,-35.43307000
32.41585181,-35.43307000
32.41685661,-23.62205000
32.41786141,-27.55905000
32.41886621,-31.49606000
32.41987101,-27.55905000
32.42087581,-27.55905000
32.42188061,-31.49606000
32.42288541,-23.62205000
32.42389021,-31.49606000
32.42489501,-27.55905000
32.42589981,-27.55905000
32.42690461,-27.55905000
32.42790941,-27.55905000
32.42891421,-27.55905000
32.42991901,-31.49606000
32.43092381,-31.49606000
32.43192861,-31.49606000
32.43293341,-35.43307000
32.43393821,-31.49606000
32.43494301,-27.55905000
32.43594781,-31.49606000
32.43695261,-31.49606000
32.43795741,-31.49606000
32.43896221,-23.62205000
32.43996701,-31.49606000
32.44097181,-31.49606000
32.44197661,-23.62205000
32.44298141,-35.43307000
32.44398621,-31.49606000
32.44499101,-39.37008000
32.44599581,-35.43307000
32.44700061,-35.43307000
32.44800541,-35.43307000
32.44901021,-27.55905000
32.45001501,-31.49606000
32.45101981,-31.49606000
32.45202461,-27.55905000
32.45302941,-31.49606000
32.45403421,-23.62205000
32.45503901,-27.55905000
32.45604381,-27.55905000
32.45704861,-23.62205000
32.45805341,-31.49606000
32.45905821,-27.55905000
32.46006301,-31.49606000
32.46106781,-27.55905000
32.46207261,-31.49606000
32.46307741,-31.49606000
32.46408221,-35.43307000
32.46508701,-31.49606000
32.46609181,-27.55905000
32.46709661,-31.49606000
32.46810141,-31.49606000
32.46910621,-27.55905000
32.47011101,-27.55905000
32.47111581,-27.55905000
32.47212061,-31.49606000
32.47312541,-27.55905000
32.47413021,-31.49606000
32.47513501,-31.49606000
32.47613981,-39.37008000
32.47714461,-35.43307000
32.47814941,-39.37008000
32.47915421,-35.43307000
32.48015901,-39.37008000
32.48116381,-31.49606000
32.48216861,-27.55905000
32.48317341,-23.62205000
32.48417821,-35.43307000
32.48518301,-27.55905000
32.48618781,-27.55905000
32.48719261,-27.55905000
32.48819741,-27.55905000
32.48920221,-27.55905000
32.49020701,-23.62205000
32.49121181,-27.55905000
32.49221661,-27.55905000
32.49322141,-27.55905000
32.49422621,-31.49606000
32.49523101,-31.49606000
32.49623581,-31.49606000
32.49724061,-31.49606000
32.49824541,-31.49606000
32.49925021,-31.49606000
32.50025501,-27.55905000
32.50125981,-23.62205000
32.50226461,-27.55905000
32.50326941,-27.55905000
32.50427421,-27.55905000
32.50527901,-27.55905000
32.50628381,-27.55905000
32.50728861,-31.49606000
32.50829341,-35.43307000
32.50929821,-31.49606000
32.51030301,-35.43307000
32.51130781,-31.49606000
32.51231261,-27.55905000
32.51331741,-27.55905000
32.51432221,-31.49606000
32.51532701,-27.55905000
32.51633181,-23.62205000
32.51733661,-27.55905000
32.51834141,-23.62205000
32.51934621,-23.62205000
32.52035101,-27.55905000
32.52135581,-27.55905000
32.52236061,-27.55905000
32.52336541,-27.55905000
32.52437021,-31.49606000
32.52537501,-31.49606000
32.52637981,-31.49606000
32.52738461,-31.49606000
32.52838941,-27.55905000
32.52939421,-27.55905000
32.53039901,-23.62205000
32.53140381,-23.62205000
32.53240861,-27.55905000
32.53341341,-27.55905000
32.53441821,-23.62205000
32.53542301,-31.49606000
32.53642781,-31.49606000
32.53743261,-31.49606000
32.53843741,-35.43307000
32.53944221,-31.49606000
32.54044701,-31.49606000
32.54145181,-27.55905000
32.54245661,-35.43307000
32.54346141,-27.55905000
32.54446621,-27.55905000
32.54547101,-23.62205000
32.54647581,-27.55905000
32.54748061,-19.68504000
32.54848541,-27.55905000
32.54949021,-27.55905000
32.55049501,-27.55905000
32.55149981,-27.55905000
32.55250461,-27.55905000
32.55350941,-27.55905000
32.55451421,-27.55905000
32.55551901,-27.55905000
32.55652381,-27.55905000
32.55752861,-27.55905000
32.55853341,-27.55905000
32.55953821,-27.55905000
32.56054301,-31.49606000
32.56154781,-27.55905000
32.56255261,-27.55905000
32.56355741,-31.49606000
32.56456221,-31.49606000
32.56556701,-23.62205000
32.56657181,-31.49606000
32.56757661,-31.49606000
32.56858141,-31.49606000
32.56958621,-31.49606000
32.57059101,-31.49606000
32.57159581,-35.43307000
32.57260061,-27.55905000
32.57360541,-27.55905000
32.57461021,-31.49606000
32.57561501,-31.49606000
32.57661981,-27.55905000
32.57762461,-31.49606000
32.57862941,-27.55905000
32.57963421,-27.55905000
32.58063901,-27.55905000
32.58164381,-23.62205000
32.58264861,-23.62205000
32.58365341,-27.55905000
32.58465821,-27.55905000
32.58566301,-19.68504000
32.58666781,-23.62205000
32.58767261,-27.55905000
32.58867741,-27.55905000
32.58968221,-23.62205000
32.59068701,-23.62205000
32.59169181,-31.49606000
32.59269661,-23.62205000
32.59370141,-31.49606000
32.59470621,-19.68504000
32.59571101,-23.62205000
32.59671581,-27.55905000
32.59772061,-31.49606000
32.59872541,-27.55905000
32.59973021,-27.55905000
32.60073501,-23.62205000
32.60173981,-27.55905000
32.60274461,-31.49606000
32.60374941,-35.43307000
32.60475421,-31.49606000
32.60575901,-27.55905000
32.60676381,-27.55905000
32.60776861,-31.49606000
32.60877341,-23.62205000
32.60977821,-27.55905000
32.61078301,-31.49606000
32.61178781,-23.62205000
32.61279261,-27.55905000
32.61379741,-23.62205000
32.61480221,-27.55905000
32.61580701,-23.62205000
32.61681181,-27.55905000
32.61781661,-27.55905000
32.61882141,-27.55905000
32.61982621,-23.62205000
32.62083101,-23.62205000
32.62183581,-19.68504000
32.62284061,-27.55905000
32.62384541,-19.68504000
32.62485021,-27.55905000
32.62585501,-23.62205000
32.62685981,-27.55905000
32.62786461,-23.62205000
32.62886941,-23.62205000
32.62987421,-23.62205000
32.63087901,-23.62205000
32.63188381,-23.62205000
32.63288861,-23.62205000
32.63389341,-23.62205000
32.63489821,-31.49606000
32.63590301,-35.43307000
32.63690781,-31.49606000
32.63791261,-31.49606000
32.63891741,-31.49606000
32.63992221,-35.43307000
32.64092701,-31.49606000
32.64193181,-27.55905000
32.64293661,-23.62205000
32.64394141,-23.62205000
32.64494621,-23.62205000
32.64595101,-23.62205000
32.64695581,-19.68504000
32.64796061,-23.62205000
32.64896541,-23.62205000
32.64997021,-19.68504000
32.65097501,-27.55905000
32.65197981,-31.49606000
32.65298461,-23.62205000
32.65398941,-27.55905000
32.65499421,-23.62205000
32.65599901,-23.62205000
32.65700381,-27.55905000
32.65800861,-23.62205000
32.65901341,-15.74803000
32.66001821,-23.62205000
32.66102301,-27.55905000
32.66202781,-23.62205000
32.66303261,-19.68504000
32.66403741,-23.62205000
32.66504221,-23.62205000
32.66604701,-31.49606000
32.66705181,-31.49606000
32.66805661,-27.55905000
32.66906141,-27.55905000
32.67006621,-27.55905000
32.67107101,-27.55905000
32.67207581,-23.62205000
32.67308061,-23.62205000
32.67408541,-27.55905000
32.67509021,-23.62205000
32.67609501,-23.62205000
32.67709981,-27.55905000
32.67810461,-19.68504000
32.67910941,-23.62205000
32.68011421,-31.49606000
32.68111901,-23.62205000
32.68212381,-15.74803000
32.68312861,-27.55905000
32.68413341,-27.55905000
32.68513821,-23.62205000
32.68614301,-27.55905000
32.68714781,-27.55905000
32.68815261,-23.62205000
32.68915741,-23.62205000
32.69016221,-23.62205000
32.69116701,-27.55905000
32.69217181,-23.62205000
32.69317661,-23.62205000
32.69418141,-23.62205000
32.69518621,-23.62205000
32.69619101,-23.62205000
32.69719581,-23.62205000
32.69820061,-31.49606000
32.69920541,-31.49606000
32.70021021,-27.55905000
32.70121501,-27.55905000
32.70221981,-27.55905000
32.70322461,-27.55905000
32.70422941,-27.55905000
32.70523421,-23.62205000
32.70623901,-27.55905000
32.70724381,-23.62205000
32.70824861,-19.68504000
32.70925341,-23.62205000
32.71025821,-19.68504000
32.71126301,-27.55905000
32.71226781,-27.55905000
32.71327261,-27.55905000
32.71427741,-23.62205000
32.71528221,-23.62205000
32.71628701,-23.62205000
32.71729181,-23.62205000
32.71829661,-23.62205000
32.71930141,-23.62205000
32.72030621,-23.62205000
32.72131101,-23.62205000
32.72231581,-31.49606000
32.72332061,-23.62205000
32.72432541,-23.62205000
32.72533021,-27.55905000
32.72633501,-23.62205000
32.72733980,-27.55905000
32.72834460,-31.49606000
32.72934940,-27.55905000
32.73035420,-35.43307000
32.73135900,-31.49606000
32.73236380,-27.55905000
32.73336860,-23.62205000
32.73437340,-23.62205000
32.73537820,-27.55905000
32.73638300,-15.74803000
32.73738780,-23.62205000
32.73839260,-23.62205000
32.73939740,-27.55905000
32.74040220,-19.68504000
32.74140700,-23.62205000
32.74241180,-19.68504000
32.74341660,-23.62205000
32.74442140,-19.68504000
32.74542620,-23.62205000
32.74643100,-23.62205000
32.74743580,-15.74803000
32.74844060,-23.62205000
32.74944540,-11.81102000
32.75045020,-23.62205000
32.75145500,-23.62205000
32.75245980,-23.62205000
32.75346460,-31.49606000
32.75446940,-27.55905000
32.75547420,-27.55905000
32.75647900,-3.93700800
32.75748380,-27.55905000
32.75848860,-19.68504000
32.75949340,-23.62205000
32.76049820,-23.62205000
32.76150300,-19.68504000
32.76250780,-27.55905000
32.76351260,-31.49606000
32.76451740,-23.62205000
32.76552220,-27.55905000
32.76652700,-31.49606000
32.76753180,-27.55905000
32.76853660,-23.62205000
32.76954140,-23.62205000
32.77054620,-31.49606000
32.77155100,-23.62205000
32.77255580,-27.55905000
32.77356060,-23.62205000
32.77456540,-19.68504000
32.77557020,-23.62205000
32.77657500,-23.62205000
32.77757980,-23.62205000
32.77858460,-23.62205000
32.77958940,-23.62205000
32.78059420,-23.62205000
32.78159900,-23.62205000
32.78260380,-27.55905000
32.78360860,-23.62205000
32.78461340,-19.68504000
32.78561820,-23.62205000
32.78662300,-27.55905000
32.78762780,-23.62205000
32.78863260,-27.55905000
32.78963740,-23.62205000
32.79064220,-19.68504000
32.79164700,-23.62205000
32.79265180,-23.62205000
32.79365660,-23.62205000
32.79466140,-23.62205000
32.79566620,-23.62205000
32.79667100,-27.55905000
32.79767580,-23.62205000
32.79868060,-27.55905000
32.79968540,-31.49606000
32.80069020,-19.68504000
32.80169500,-27.55905000
32.80269980,-23.62205000
32.80370460,-23.62205000
32.80470940,-23.62205000
32.80571420,-23.62205000
32.80671900,-23.62205000
32.80772380,-23.62205000
32.80872860,-27.55905000
32.80973340,-19.68504000
32.81073820,-27.55905000
32.81174300,-23.62205000
32.81274780,-23.62205000
32.81375260,-23.62205000
32.81475740,-23.62205000
32.81576220,-19.68504000
32.81676700,-23.62205000
32.81777180,-23.62205000
32.81877660,-23.62205000
32.81978140,-27.55905000
32.82078620,-31.49606000
32.82179100,-19.68504000
32.82279580,-23.62205000
32.82380060,-19.68504000
32.82480540,-19.68504000
32.82581020,-27.55905000
32.82681500,-27.55905000
32.82781980,-23.62205000
32.82882460,-31.49606000
32.82982940,-27.55905000
32.83083420,-23.62205000
32.83183900,-23.62205000
32.83284380,-19.68504000
32.83384860,-19.68504000
32.83485340,-23.62205000
32.83585820,-27.55905000
32.83686300,-23.62205000
32.83786780,-23.62205000
32.83887260,-23.62205000
32.83987740,-23.62205000
32.84088220,-19.68504000
32.84188700,-19.68504000
32.84289180,-23.62205000
32.84389660,-23.62205000
32.84490140,-23.62205000
32.84590620,-19.68504000
32.84691100,-23.62205000
32.84791580,-19.68504000
32.84892060,-23.62205000
32.84992540,-19.68504000
32.85093020,-35.43307000
32.85193500,-19.68504000
32.85293980,-23.62205000
32.85394460,-7.87401500
32.85494940,-23.62205000
32.85595420,-23.62205000
32.85695900,-31.49606000
32.85796380,-27.55905000
32.85896860,-27.55905000
32.85997340,-27.55905000
32.86097820,-23.62205000
32.86198300,-23.62205000
32.86298780,-23.62205000
32.86399260,-19.68504000
32.86499740,-19.68504000
32.86600220,-19.68504000
32.86700700,-19.68504000
32.86801180,-27.55905000
32.86901660,-23.62205000
32.87002140,-23.62205000
32.87102620,-23.62205000
32.87203100,-23.62205000
32.87303580,-23.62205000
32.87404060,-19.68504000
32.87504540,-23.62205000
32.87605020,-15.74803000
32.87705500,-23.62205000
32.87805980,-23.62205000
32.87906460,-23.62205000
32.88006940,-19.68504000
32.88107420,-23.62205000
32.88207900,-19.68504000
32.88308380,-23.62205000
32.88408860,-23.62205000
32.88509340,-27.55905000
32.88609820,-23.62205000
32.88710300,-27.55905000
32.88810780,-19.68504000
32.88911260,-19.68504000
32.89011740,-7.87401500
32.89112220,-31.49606000
32.89212700,-31.49606000
32.89313180,-27.55905000
32.89413660,-19.68504000
32.89514140,-19.68504000
32.89614620,-23.62205000
32.89715100,-19.68504000
32.89815580,-23.62205000
32.89916060,-23.62205000
32.90016540,-19.68504000
32.90117020,-23.62205000
32.90217500,-19.68504000
32.90317980,-15.74803000
32.90418460,-23.62205000
32.90518940,-15.74803000
32.90619420,-19.68504000
32.90719900,-23.62205000
32.90820380,-23.62205000
32.90920860,-19.68504000
32.91021340,-19.68504000
32.91121820,-19.68504000
32.91222300,-23.62205000
32.91322780,-19.68504000
32.91423260,-23.62205000
32.91523740,-19.68504000
32.91624220,-19.68504000
32.91724700,-23.62205000
32.91825180,-19.68504000
32.91925660,-19.68504000
32.92026140,-19.68504000
32.92126620,-23.62205000
32.92227100,-27.55905000
32.92327580,-27.55905000
32.92428060,-27.55905000
32.92528540,-27.55905000
32.92629020,-23.62205000
32.92729500,-19.68504000
32.92829980,-27.55905000
32.92930460,-19.68504000
32.93030940,-23.62205000
32.93131420,-19.68504000
32.93231900,-19.68504000
32.93332380,-27.55905000
32.93432860,-23.62205000
32.93533340,-19.68504000
32.93633820,-19.68504000
32.93734300,-19.68504000
32.93834780,-23.62205000
32.93935260,-19.68504000
32.94035740,-19.68504000
32.94136220,-23.62205000
32.94236700,-19.68504000
32.94337180,-23.62205000
32.94437660,-19.68504000
32.94538140,-23.62205000
32.94638620,-19.68504000
32.94739100,-19.68504000
32.94839580,-31.49606000
32.94940060,-23.62205000
32.95040540,-23.62205000
32.95141020,-19.68504000
32.95241500,-19.68504000
32.95341980,-27.55905000
32.95442460,-7.87401500
32.95542940,-27.55905000
32.95643420,-27.55905000
32.95743900,-31.49606000
32.95844380,-23.62205000
32.95944860,-19.68504000
32.96045340,-19.68504000
32.96145820,-23.62205000
32.96246300,-19.68504000
32.96346780,-19.68504000
32.96447260,-15.74803000
32.96547740,-23.62205000
32.96648220,-23.62205000
32.96748700,-19.68504000
32.96849180,-19.68504000
32.96949660,-19.68504000
32.97050140,-23.62205000
32.97150620,-23.62205000
32.97251100,-15.74803000
32.97351580,-23.62205000
32.97452060,-19.68504000
32.97552540,-19.68504000
32.97653020,-19.68504000
32.97753500,-15.74803000
32.97853980,-19.68504000
32.97954460,-19.68504000
32.98054940,-19.68504000
32.98155420,-23.62205000
32.98255900,-15.74803000
32.98356380,-19.68504000
32.98456860,-15.74803000
32.98557340,-19.68504000
32.98657820,-19.68504000
32.98758300,-27.55905000
32.98858780,-23.62205000
32.98959260,-19.68504000
32.99059740,-23.62205000
32.99160220,-15.74803000
32.99260700,-19.68504000
32.99361180,-15.74803000
32.99461660,-15.74803000
32.99562140,-23.62205000
32.99662620,-19.68504000
32.99763100,-27.55905000
32.99863580,-23.62205000
32.99964060,-19.68504000
33.00064540,-19.68504000
33.00165020,-15.74803000
33.00265500,-19.68504000
33.00365980,-19.68504000
33.00466460,-11.81102000
33.00566940,-23.62205000
33.00667420,-23.62205000
33.00767900,-15.74803000
33.00868380,-23.62205000
33.00968860,-23.62205000
33.01069340,-19.68504000
33.01169820,-19.68504000
33.01270300,-15.74803000
33.01370780,-19.68504000
33.01471260,-19.68504000
33.01571740,-23.62205000
33.01672220,-19.68504000
33.01772700,-31.49606000
33.01873180,-27.55905000
33.01973660,-27.55905000
33.02074140,-27.55905000
33.02174620,-27.55905000
33.02275100,-23.62205000
33.02375580,-19.68504000
33.02476060,-15.74803000
33.02576540,-7.87401500
33.02677020,-19.68504000
33.02777500,-15.74803000
33.02877980,-11.81102000
33.02978460,-15.74803000
33.03078940,-23.62205000
33.03179420,-19.68504000
33.03279900,-15.74803000
33.03380380,-15.74803000
33.03480860,-19.68504000
33.03581340,-15.74803000
33.03681820,-23.62205000
33.03782300,-15.74803000
33.03882780,-19.68504000
33.03983260,-15.74803000
33.04083740,-23.62205000
33.04184220,-19.68504000
33.04284700,-23.62205000
33.04385180,-19.68504000
33.04485660,-23.62205000
33.04586140,-31.49606000
33.04686620,-23.62205000
33.04787100,-35.43307000
33.04887580,-31.49606000
33.04988060,-31.49606000
33.05088540,-31.49606000
33.05189020,-27.55905000
33.05289500,-27.55905000
33.05389980,-23.62205000
33.05490460,-23.62205000
33.05590939,-23.62205000
33.05691419,-23.62205000
33.05791899,-19.68504000
33.05892379,-27.55905000
33.05992859,-19.68504000
33.06093339,-15.74803000
33.06193819,-19.68504000
33.06294299,-19.68504000
33.06394779,-23.62205000
33.06495259,-11.81102000
33.06595739,-15.74803000
33.06696219,-15.74803000
33.06796699,-23.62205000
33.06897179,-11.81102000
33.06997659,-15.74803000
33.07098139,-15.74803000
33.07198619,-19.68504000
33.07299099,-27.55905000
33.07399579,-23.62205000
33.07500059,-19.68504000
33.07600539,-19.68504000
33.07701019,-11.81102000
33.07801499,-19.68504000
33.07901979,-19.68504000
33.08002459,-19.68504000
33.08102939,-19.68504000
33.08203419,-19.68504000
33.08303899,-19.68504000
33.08404379,-19.68504000
33.08504859,-19.68504000
33.08605339,-19.68504000
33.08705819,-19.68504000
33.08806299,-15.74803000
33.08906779,-15.74803000
33.09007259,-15.74803000
33.09107739,-19.68504000
33.09208219,-27.55905000
33.09308699,-23.62205000
33.09409179,-19.68504000
33.09509659,-27.55905000
33.09610139,-23.62205000
33.09710619,-23.62205000
33.09811099,-15.74803000
33.09911579,-11.81102000
33.10012059,-15.74803000
33.10112539,-15.74803000
33.10213019,-11.81102000
33.10313499,-15.74803000
33.10413979,-15.74803000
33.10514459,-11.81102000
33.10614939,-15.74803000
33.10715419,-15.74803000
33.10815899,-19.68504000
33.10916379,-19.68504000
33.11016859,-15.74803000
33.11117339,-19.68504000
33.11217819,-19.68504000
33.11318299,-19.68504000
33.11418779,-15.74803000
33.11519259,-11.81102000
33.11619739,-15.74803000
33.11720219,-15.74803000
33.11820699,-23.62205000
33.11921179,-11.81102000
33.12021659,-19.68504000
33.12122139,-23.62205000
33.12222619,-19.68504000
33.12323099,-19.68504000
33.12423579,-19.68504000
33.12524059,-15.74803000
33.12624539,-15.74803000
33.12725019,-15.74803000
33.12825499,-23.62205000
33.12925979,-23.62205000
33.13026459,-15.74803000
33.13126939,-15.74803000
33.13227419,-15.74803000
33.13327899,-15.74803000
33.13428379,-11.81102000
33.13528859,-19.68504000
33.13629339,-19.68504000
33.13729819,-15.74803000
33.13830299,-11.81102000
33.13930779,-15.74803000
33.14031259,-15.74803000
33.14131739,-15.74803000
33.14232219,-15.74803000
33.14332699,-15.74803000
33.14433179,-15.74803000
33.14533659,-19.68504000
33.14634139,-15.74803000
33.14734619,-15.74803000
33.14835099,-15.74803000
33.14935579,-19.68504000
33.15036059,-15.74803000
33.15136539,-15.74803000
33.15237019,-15.74803000
33.15337499,-19.68504000
33.15437979,-27.55905000
33.15538459,-19.68504000
33.15638939,-19.68504000
33.15739419,-19.68504000
33.15839899,-19.68504000
33.15940379,-19.68504000
33.16040859,-19.68504000
33.16141339,-19.68504000
33.16241819,-15.74803000
33.16342299,-19.68504000
33.16442779,-15.74803000
33.16543259,-11.81102000
33.16643739,-11.81102000
33.16744219,-15.74803000
33.16844699,-11.81102000
33.16945179,-15.74803000
33.17045659,-11.81102000
33.17146139,-15.74803000
33.17246619,-15.74803000
33.17347099,-11.81102000
33.17447579,-15.74803000
33.17548059,-19.68504000
33.17648539,-19.68504000
33.17749019,-19.68504000
33.17849499,-15.74803000
33.17949979,-7.87401500
33.18050459,-11.81102000
33.18150939,-15.74803000
33.18251419,-15.74803000
33.18351899,-15.74803000
33.18452379,-15.74803000
33.18552859,-3.93700800
33.18653339,-23.62205000
33.18753819,-23.62205000
33.18854299,-19.68504000
33.18954779,-19.68504000
33.19055259,-23.62205000
33.19155739,-19.68504000
33.19256219,-15.74803000
33.19356699,-19.68504000
33.19457179,-15.74803000
33.19557659,-11.81102000
33.19658139,-11.81102000
33.19758619,-19.68504000
33.19859099,-15.74803000
33.19959579,-15.74803000
33.20060059,-15.74803000
33.20160539,-15.74803000
33.20261019,-15.74803000
33.20361499,-15.74803000
33.20461979,-15.74803000
33.20562459,-19.68504000
33.20662939,-19.68504000
33.20763419,-11.81102000
33.20863899,-15.74803000
33.20964379,-19.68504000
33.21064859,-27.55905000
33.21165339,-31.49606000
33.21265819,-15.74803000
33.21366299,-19.68504000
33.21466779,-19.68504000
33.21567259,-19.68504000
33.21667739,-15.74803000
33.21768219,-15.74803000
33.21868699,-11.81102000
33.21969179,-15.74803000
33.22069659,-15.74803000
33.22170139,-11.81102000
33.22270619,-15.74803000
33.22371099,-11.81102000
33.22471579,-11.81102000
33.22572059,-19.68504000
33.22672539,-15.74803000
33.22773019,-15.74803000
33.22873499,-11.81102000
33.22973979,-11.81102000
33.23074459,-11.81102000
33.23174939,-11.81102000
33.23275419,-11.81102000
33.23375899,-15.74803000
33.23476379,-15.74803000
33.23576859,-19.68504000
33.23677339,-27.55905000
33.23777819,-23.62205000
33.23878299,-19.68504000
33.23978779,-19.68504000
33.24079259,-19.68504000
33.24179739,-19.68504000
33.24280219,-15.74803000
33.24380699,-15.74803000
33.24481179,-15.74803000
33.24581659,-15.74803000
33.24682139,-11.81102000
33.24782619,-11.81102000
33.24883099,-15.74803000
33.24983579,-11.81102000
33.25084059,-15.74803000
33.25184539,-11.81102000
33.25285019,-15.74803000
33.25385499,-7.87401500
33.25485979,-11.81102000
33.25586459,-15.74803000
33.25686939,-15.74803000
33.25787419,-15.74803000
33.25887899,-19.68504000
33.25988379,3.93700800
33.26088859,-7.87401500
33.26189339,-19.68504000
33.26289819,-19.68504000
33.26390299,-15.74803000
33.26490779,-15.74803000
33.26591259,-19.68504000
33.26691739,-15.74803000
33.26792219,-23.62205000
33.26892699,-15.74803000
33.26993179,-15.74803000
33.27093659,-19.68504000
33.27194139,-15.74803000
33.27294619,-7.87401500
33.27395099,-19.68504000
33.27495579,-19.68504000
33.27596059,-19.68504000
33.27696539,-19.68504000
33.27797019,-11.81102000
33.27897499,-11.81102000
33.27997979,-11.81102000
33.28098459,-19.68504000
33.28198939,-11.81102000
33.28299419,-11.81102000
33.28399899,-19.68504000
33.28500379,-15.74803000
33.28600859,-11.81102000
33.28701339,-15.74803000
33.28801819,-15.74803000
33.28902299,-15.74803000
33.29002779,-23.62205000
33.29103259,-15.74803000
33.29203739,-15.74803000
33.29304219,-15.74803000
33.29404699,-15.74803000
33.29505179,-11.81102000
33.29605659,-27.55905000
33.29706139,-19.68504000
33.29806619,-19.68504000
33.29907099,-15.74803000
33.30007579,-19.68504000
33.30108059,-11.81102000
33.30208539,-11.81102000
33.30309019,-15.74803000
33.30409499,-11.81102000
33.30509979,-11.81102000
33.30610459,-15.74803000
33.30710939,-11.81102000
33.30811419,-15.74803000
33.30911899,-11.81102000
33.31012379,-11.81102000
33.31112859,-15.74803000
33.31213339,-15.74803000
33.31313819,-11.81102000
33.31414299,-15.74803000
33.31514779,-19.68504000
33.31615259,-15.74803000
33.31715739,-11.81102000
33.31816219,-11.81102000
33.31916699,-7.87401500
33.32017179,-7.87401500
33.32117659,-7.87401500
33.32218139,-19.68504000
33.32318619,-27.55905000
33.32419099,-23.62205000
33.32519579,-19.68504000
33.32620059,-19.68504000
33.32720539,-19.68504000
33.32821019,-19.68504000
33.32921499,-19.68504000
33.33021979,-15.74803000
33.33122459,-7.87401500
33.33222939,-15.74803000
33.33323419,-19.68504000
33.33423899,-15.74803000
33.33524379,-15.74803000
33.33624859,-19.68504000
33.33725339,-11.81102000
33.33825819,-15.74803000
33.33926299,-19.68504000
33.34026779,-15.74803000
33.34127259,-15.74803000
33.34227739,-11.81102000
33.34328219,-11.81102000
33.34428699,-11.81102000
33.34529179,-15.74803000
33.34629659,-11.81102000
33.34730139,-15.74803000
33.34830619,-19.68504000
33.34931099,-15.74803000
33.35031579,-7.87401500
33.35132059,-23.62205000
33.35232539,-19.68504000
33.35333019,-15.74803000
33.35433499,-27.55905000
33.35533979,-23.62205000
33.35634459,-15.74803000
33.35734939,3.93700800
33.35835419,-11.81102000
33.35935899,-15.74803000
33.36036379,-11.81102000
33.36136859,-15.74803000
33.36237339,-19.68504000
33.36337819,-19.68504000
33.36438299,-11.81102000
33.36538779,-15.74803000
33.36639259,-15.74803000
33.36739739,-11.81102000
33.36840219,-11.81102000
33.36940699,-7.87401500
33.37041179,-15.74803000
33.37141659,-15.74803000
33.37242139,-11.81102000
33.37342619,-15.74803000
33.37443099,-11.81102000
33.37543579,-11.81102000
33.37644059,-11.81102000
33.37744539,-3.93700800
33.37845019,-15.74803000
33.37945499,-19.68504000
33.38045979,-15.74803000
33.38146459,-19.68504000
33.38246939,-11.81102000
33.38347419,-7.87401500
33.38447898,-11.81102000
33.38548378,-7.87401500
33.38648858,-11.81102000
33.38749338,-15.74803000
33.38849818,-15.74803000
33.38950298,-19.68504000
33.39050778,-11.81102000
33.39151258,-15.74803000
33.39251738,-11.81102000
33.39352218,-11.81102000
33.39452698,-15.74803000
33.39553178,-11.81102000
33.39653658,-11.81102000
33.39754138,-11.81102000
33.39854618,-19.68504000
33.39955098,-15.74803000
33.40055578,-11.81102000
33.40156058,-19.68504000
33.40256538,-15.74803000
33.40357018,-15.74803000
33.40457498,-15.74803000
33.40557978,-15.74803000
33.40658458,-15.74803000
33.40758938,-19.68504000
33.40859418,-15.74803000
33.40959898,-19.68504000
33.41060378,-15.74803000
33.41160858,-11.81102000
33.41261338,-15.74803000
33.41361818,-15.74803000
33.41462298,-15.74803000
33.41562778,-7.87401500
33.41663258,-11.81102000
33.41763738,-11.81102000
33.41864218,-11.81102000
33.41964698,-3.93700800
33.42065178,-15.74803000
33.42165658,-7.87401500
33.42266138,-15.74803000
33.42366618,-11.81102000
33.42467098,-15.74803000
33.42567578,-15.74803000
33.42668058,-11.81102000
33.42768538,-19.68504000
33.42869018,-15.74803000
33.42969498,-11.81102000
33.43069978,-15.74803000
33.43170458,-3.93700800
33.43270938,-19.68504000
33.43371418,-7.87401500
33.43471898,-19.68504000
33.43572378,-27.55905000
33.43672858,-23.62205000
33.43773338,-23.62205000
33.43873818,-23.62205000
33.43974298,-15.74803000
33.44074778,-19.68504000
33.44175258,-19.68504000
33.44275738,-19.68504000
33.44376218,-11.81102000
33.44476698,-11.81102000
33.44577178,-15.74803000
33.44677658,-15.74803000
33.44778138,-15.74803000
33.44878618,-15.74803000
33.44979098,-15.74803000
33.45079578,-15.74803000
33.45180058,-23.62205000
33.45280538,-19.68504000
33.45381018,-15.74803000
33.45481498,-3.93700800
33.45581978,-15.74803000
33.45682458,-19.68504000
33.45782938,-11.81102000
33.45883418,-11.81102000
33.45983898,-15.74803000
33.46084378,-15.74803000
33.46184858,-23.62205000
33.46285338,-19.68504000
33.46385818,-23.62205000
33.46486298,-15.74803000
33.46586778,-15.74803000
33.46687258,-15.74803000
33.46787738,-11.81102000
33.46888218,-15.74803000
33.46988698,-15.74803000
33.47089178,-15.74803000
33.47189658,-7.87401500
33.47290138,-11.81102000
33.47390618,-11.81102000
33.47491098,-11.81102000
33.47591578,-15.74803000
33.47692058,-7.87401500
33.47792538,-15.74803000
33.47893018,-15.74803000
33.47993498,-15.74803000
33.48093978,-11.81102000
33.48194458,-15.74803000
33.48294938,-11.81102000
33.48395418,-7.87401500
33.48495898,-19.68504000
33.48596378,-19.68504000
33.48696858,-15.74803000
33.48797338,-23.62205000
33.48897818,-19.68504000
33.48998298,-15.74803000
33.49098778,-15.74803000
33.49199258,-15.74803000
33.49299738,-15.74803000
33.49400218,-15.74803000
33.49500698,-11.81102000
33.49601178,-7.87401500
33.49701658,-11.81102000
33.49802138,-11.81102000
33.49902618,-15.74803000
33.50003098,-11.81102000
33.50103578,-19.68504000
33.50204058,-11.81102000
33.50304538,-15.74803000
33.50405018,-19.68504000
33.50505498,-11.81102000
33.50605978,-15.74803000
33.50706458,-15.74803000
33.50806938,-11.81102000
33.50907418,-11.81102000
33.51007898,-11.81102000
33.51108378,-11.81102000
33.51208858,-23.62205000
33.51309338,-19.68504000
33.51409818,-15.74803000
33.51510298,-7.87401500
33.51610778,-23.62205000
33.51711258,-19.68504000
33.51811738,-23.62205000
33.51912218,-23.62205000
33.52012698,-15.74803000
33.52113178,-19.68504000
33.52213658,-15.74803000
33.52314138,-15.74803000
33.52414618,-11.81102000
33.52515098,-11.81102000
33.52615578,-15.74803000
33.52716058,-15.74803000
33.52816538,-7.87401500
33.52917018,-19.68504000
33.53017498,-15.74803000
33.53117978,-15.74803000
33.53218458,-15.74803000
33.53318938,-11.81102000
33.53419418,-19.68504000
33.53519898,-15.74803000
33.53620378,-11.81102000
33.53720858,-11.81102000
33.53821338,-7.87401500
33.53921818,-11.81102000
33.54022298,-7.87401500
33.54122778,-11.81102000
33.54223258,-15.74803000
33.54323738,-23.62205000
33.54424218,-19.68504000
33.54524698,-19.68504000
33.54625178,-19.68504000
33.54725658,-19.68504000
33.54826138,-15.74803000
33.54926618,-23.62205000
33.55027098,-19.68504000
33.55127578,-15.74803000
33.55228058,-7.87401500
33.55328538,-15.74803000
33.55429018,-7.87401500
33.55529498,-15.74803000
33.55629978,-11.81102000
33.55730458,-15.74803000
33.55830938,-15.74803000
33.55931418,-11.81102000
33.56031898,-11.81102000
33.56132378,-15.74803000
33.56232858,-15.74803000
33.56333338,-11.81102000
33.56433818,-11.81102000
33.56534298,-15.74803000
33.56634778,-19.68504000
33.56735258,-19.68504000
33.56835738,-19.68504000
33.56936218,-11.81102000
33.57036698,-19.68504000
33.57137178,-19.68504000
33.57237658,-19.68504000
33.57338138,-15.74803000
33.57438618,-19.68504000
33.57539098,-11.81102000
33.57639578,-15.74803000
33.57740058,-15.74803000
33.57840538,-15.74803000
33.57941018,-15.74803000
33.58041498,-11.81102000
33.58141978,-7.87401500
33.58242458,-19.68504000
33.58342938,-15.74803000
33.58443418,-15.74803000
33.58543898,-7.87401500
33.58644378,-15.74803000
33.58744858,-3.93700800
33.58845338,-15.74803000
33.58945818,-7.87401500
33.59046298,-15.74803000
33.59146778,-11.81102000
33.59247258,-11.81102000
33.59347738,-11.81102000
33.59448218,-19.68504000
33.59548698,-11.81102000
33.59649178,-11.81102000
33.59749658,-15.74803000
33.59850138,-19.68504000
33.59950618,-27.55905000
33.60051098,-19.68504000
33.60151578,-11.81102000
33.60252058,-19.68504000
33.60352538,-11.81102000
33.60453018,-15.74803000
33.60553498,-15.74803000
33.60653978,-15.74803000
33.60754458,-11.81102000
33.60854938,-15.74803000
33.60955418,-11.81102000
33.61055898,-11.81102000
33.61156378,-11.81102000
33.61256858,-15.74803000
33.61357338,-15.74803000
33.61457818,-15.74803000
33.61558298,-19.68504000
33.61658778,-15.74803000
33.61759258,-15.74803000
33.61859738,-15.74803000
33.61960218,-11.81102000
33.62060698,-15.74803000
33.62161178,-7.87401500
33.62261658,-15.74803000
33.62362138,-11.81102000
33.62462618,-7.87401500
33.62563098,-19.68504000
33.62663578,-19.68504000
33.62764058,-19.68504000
33.62864538,-23.62205000
33.62965018,-15.74803000
33.63065498,-23.62205000
33.63165978,-19.68504000
33.63266458,-15.74803000
33.63366938,-15.74803000
33.63467418,-11.81102000
33.63567898,-7.87401500
33.63668378,-11.81102000
33.63768858,-11.81102000
33.63869338,-11.81102000
33.63969818,-15.74803000
33.64070298,-11.81102000
33.64170778,-15.74803000
33.64271258,-15.74803000
33.64371738,-15.74803000
33.64472218,-11.81102000
33.64572698,-15.74803000
33.64673178,-15.74803000
33.64773658,-15.74803000
33.64874138,-11.81102000
33.64974618,-15.74803000
33.65075098,-11.81102000
33.65175578,-11.81102000
33.65276058,-7.87401500
33.65376538,-19.68504000
33.65477018,-19.68504000
33.65577498,-23.62205000
33.65677978,-15.74803000
33.65778458,-15.74803000
33.65878938,-11.81102000
33.65979418,-11.81102000
33.66079898,-7.87401500
33.66180378,-11.81102000
33.66280858,-15.74803000
33.66381338,-11.81102000
33.66481818,-15.74803000
33.66582298,-15.74803000
33.66682778,-11.81102000
33.66783258,-15.74803000
33.66883738,-15.74803000
33.66984218,-11.81102000
33.67084698,-11.81102000
33.67185178,-11.81102000
33.67285658,-11.81102000
33.67386138,-15.74803000
33.67486618,-11.81102000
33.67587098,-19.68504000
33.67687578,-7.87401500
33.67788058,-15.74803000
33.67888538,-11.81102000
33.67989018,-31.49606000
33.68089498,-23.62205000
33.68189978,-19.68504000
33.68290458,-15.74803000
33.68390938,-19.68504000
33.68491418,-11.81102000
33.68591898,-11.81102000
33.68692378,-11.81102000
33.68792858,-15.74803000
33.68893338,-15.74803000
33.68993818,-11.81102000
33.69094298,-15.74803000
33.69194778,-11.81102000
33.69295258,-11.81102000
33.69395738,-15.74803000
33.69496218,-15.74803000
33.69596698,-11.81102000
33.69697178,-15.74803000
33.69797658,-15.74803000
33.69898138,-15.74803000
33.69998618,-15.74803000
33.70099098,-15.74803000
33.70199578,-15.74803000
33.70300058,-11.81102000
33.70400538,-15.74803000
33.70501018,-11.81102000
33.70601498,-15.74803000
33.70701978,-31.49606000
33.70802458,-19.68504000
33.70902938,-19.68504000
33.71003418,-15.74803000
33.71103898,-11.81102000
33.71204378,-15.74803000
33.71304858,-15.74803000
33.71405337,-11.81102000
33.71505817,-11.81102000
33.71606297,-11.81102000
33.71706777,-19.68504000
33.71807257,-11.81102000
33.71907737,-11.81102000
33.72008217,-11.81102000
33.72108697,-15.74803000
33.72209177,-11.81102000
33.72309657,-11.81102000
33.72410137,-7.87401500
33.72510617,-15.74803000
33.72611097,-11.81102000
33.72711577,-11.81102000
33.72812057,-11.81102000
33.72912537,-15.74803000
33.73013017,-15.74803000
33.73113497,-11.81102000
33.73213977,-15.74803000
33.73314457,-11.81102000
33.73414937,-15.74803000
33.73515417,-19.68504000
33.73615897,-19.68504000
33.73716377,-19.68504000
33.73816857,-15.74803000
33.73917337,-11.81102000
33.74017817,-15.74803000
33.74118297,-15.74803000
33.74218777,-7.87401500
33.74319257,-11.81102000
33.74419737,-15.74803000
33.74520217,-7.87401500
33.74620697,-15.74803000
33.74721177,-3.93700800
33.74821657,-15.74803000
33.74922137,-15.74803000
33.75022617,-7.87401500
33.75123097,-11.81102000
33.75223577,-7.87401500
33.75324057,-15.74803000
33.75424537,-11.81102000
33.75525017,-11.81102000
33.75625497,-11.81102000
33.75725977,-15.74803000
33.75826457,-11.81102000
33.75926937,-11.81102000
33.76027417,-15.74803000
33.76127897,-19.68504000
33.76228377,-15.74803000
33.76328857,-15.74803000
33.76429337,-15.74803000
33.76529817,-15.74803000
33.76630297,-15.74803000
33.76730777,-15.74803000
33.76831257,-11.81102000
33.76931737,-15.74803000
33.77032217,-15.74803000
33.77132697,-7.87401500
33.77233177,-7.87401500
33.77333657,-7.87401500
33.77434137,-7.87401500
33.77534617,-11.81102000
33.77635097,-11.81102000
33.77735577,-15.74803000
33.77836057,-11.81102000
33.77936537,-15.74803000
33.78037017,-11.81102000
33.78137497,-11.81102000
33.78237977,-15.74803000
33.78338457,-15.74803000
33.78438937,-15.74803000
33.78539417,-19.68504000
33.78639897,-15.74803000
33.78740377,-11.81102000
33.78840857,-15.74803000
33.78941337,-23.62205000
33.79041817,-15.74803000
33.79142297,-15.74803000
33.79242777,-15.74803000
33.79343257,-19.68504000
33.79443737,-15.74803000
33.79544217,-15.74803000
33.79644697,-7.87401500
33.79745177,-7.87401500
33.79845657,-15.74803000
33.79946137,-11.81102000
33.80046617,-11.81102000
33.80147097,-7.87401500
33.80247577,-11.81102000
33.80348057,-15.74803000
33.80448537,-11.81102000
33.80549017,-11.81102000
33.80649497,-15.74803000
33.80749977,-11.81102000
33.80850457,-11.81102000
33.80950937,-19.68504000
33.81051417,-15.74803000
33.81151897,-11.81102000
33.81252377,-11.81102000
33.81352857,-7.87401500
33.81453337,-11.81102000
33.81553817,-3.93700800
33.81654297,-15.74803000
33.81754777,-15.74803000
33.81855257,-15.74803000
33.81955737,-15.74803000
33.82056217,-11.81102000
33.82156697,-15.74803000
33.82257177,-11.81102000
33.82357657,-7.87401500
33.82458137,-7.87401500
33.82558617,-7.87401500
33.82659097,-15.74803000
33.82759577,-11.81102000
33.82860057,-7.87401500
33.82960537,-11.81102000
33.83061017,-7.87401500
33.83161497,-15.74803000
33.83261977,-11.81102000
33.83362457,-11.81102000
33.83462937,-15.74803000
33.83563417,-11.81102000
33.83663897,-15.74803000
33.83764377,-11.81102000
33.83864857,-11.81102000
33.83965337,-7.87401500
33.84065817,-7.87401500
33.84166297,-19.68504000
33.84266777,-23.62205000
33.84367257,-15.74803000
33.84467737,-23.62205000
33.84568217,-15.74803000
33.84668697,-19.68504000
33.84769177,-11.81102000
33.84869657,-15.74803000
33.84970137,-11.81102000
33.85070617,-11.81102000
33.85171097,-7.87401500
33.85271577,-7.87401500
33.85372057,-7.87401500
33.85472537,-11.81102000
33.85573017,-15.74803000
33.85673497,-11.81102000
33.85773977,-15.74803000
33.85874457,-15.74803000
33.85974937,-15.74803000
33.86075417,0.00000000
33.86175897,-15.74803000
33.86276377,-11.81102000
33.86376857,-3.93700800
33.86477337,-7.87401500
33.86577817,-15.74803000
33.86678297,-11.81102000
33.86778777,-11.81102000
33.86879257,-11.81102000
33.86979737,-11.81102000
33.87080217,-19.68504000
33.87180697,-15.74803000
33.87281177,-11.81102000
33.87381657,-11.81102000
33.87482137,-19.68504000
33.87582617,-15.74803000
33.87683097,-15.74803000
33.87783577,-11.81102000
33.87884057,-11.81102000
33.87984537,-7.87401500
33.88085017,-15.74803000
33.88185497,-11.81102000
33.88285977,-7.87401500
33.88386457,-11.81102000
33.88486937,-11.81102000
33.88587417,-7.87401500
33.88687897,-11.81102000
33.88788377,-15.74803000
33.88888857,-15.74803000
33.88989337,-7.87401500
33.89089817,-15.74803000
33.89190297,-15.74803000
33.89290777,-19.68504000
33.89391257,-15.74803000
33.89491737,-15.74803000
33.89592217,-11.81102000
33.89692697,-7.87401500
33.89793177,-15.74803000
33.89893657,-19.68504000
33.89994137,-19.68504000
33.90094617,-19.68504000
33.90195097,-15.74803000
33.90295577,-11.81102000
33.90396057,-11.81102000
33.90496537,-7.87401500
33.90597017,-7.87401500
33.90697497,-15.74803000
33.90797977,-15.74803000
33.90898457,-11.81102000
33.90998937,-11.81102000
33.91099417,-7.87401500
33.91199897,-11.81102000
33.91300377,-11.81102000
33.91400857,-15.74803000
33.91501337,-7.87401500
33.91601817,-11.81102000
33.91702297,-11.81102000
33.91802777,-15.74803000
33.91903257,-11.81102000
33.92003737,-11.81102000
33.92104217,-11.81102000
33.92204697,-11.81102000
33.92305177,-15.74803000
33.92405657,-15.74803000
33.92506137,-11.81102000
33.92606617,-15.74803000
33.92707097,-7.87401500
33.92807577,-19.68504000
33.92908057,-19.68504000
33.93008537,-23.62205000
33.93109017,-11.81102000
33.93209497,-15.74803000
33.93309977,-19.68504000
33.93410457,-11.81102000
33.93510937,-11.81102000
33.93611417,-15.74803000
33.93711897,-7.87401500
33.93812377,-7.87401500
33.93912857,-11.81102000
33.94013337,-15.74803000
33.94113817,-11.81102000
33.94214297,-11.81102000
33.94314777,-11.81102000
33.94415257,-7.87401500
33.94515737,-15.74803000
33.94616217,-11.81102000
33.94716697,-7.87401500
33.94817177,-11.81102000
33.94917657,-11.81102000
33.95018137,-11.81102000
33.95118617,-7.87401500
33.95219097,-11.81102000
33.95319577,-11.81102000
33.95420057,-7.87401500
33.95520537,-19.68504000
33.95621017,-19.68504000
33.95721497,-19.68504000
33.95821977,-3.93700800
33.95922457,-19.68504000
33.96022937,-15.74803000
33.96123417,-15.74803000
33.96223897,-11.81102000
33.96324377,-11.81102000
33.96424857,-11.81102000
33.96525337,-11.81102000
33.96625817,-7.87401500
33.96726297,-7.87401500
33.96826777,-7.87401500
33.96927257,-11.81102000
33.97027737,-11.81102000
33.97128217,-15.74803000
33.97228697,-15.74803000
33.97329177,-15.74803000
33.97429657,-11.81102000
33.97530137,-11.81102000
33.97630617,-15.74803000
33.97731097,-11.81102000
33.97831577,-11.81102000
33.97932057,-11.81102000
33.98032537,-7.87401500
33.98133017,-3.93700800
33.98233497,-7.87401500
33.98333977,-15.74803000
33.98434457,-7.87401500
33.98534937,-15.74803000
33.98635417,-15.74803000
33.98735897,-11.81102000
33.98836377,-19.68504000
33.98936857,-11.81102000
33.99037337,-11.81102000
33.99137817,-11.81102000
33.99238297,-7.87401500
33.99338777,-7.87401500
33.99439257,-15.74803000
33.99539737,-7.87401500
33.99640217,-7.87401500
33.99740697,-7.87401500
33.99841177,-11.81102000
33.99941657,-11.81102000
34.00042137,-11.81102000
34.00142617,-11.81102000
34.00243097,-11.81102000
34.00343577,-11.81102000
34.00444057,-19.68504000
34.00544537,-11.81102000
34.00645017,-11.81102000
34.00745497,-11.81102000
34.00845977,-7.87401500
34.00946457,-11.81102000
34.01046937,-23.62205000
34.01147417,-19.68504000
34.01247897,-11.81102000
34.01348377,-11.81102000
34.01448857,-15.74803000
34.01549337,-15.74803000
34.01649817,-11.81102000
34.01750297,-11.81102000
34.01850777,-7.87401500
34.01951257,-11.81102000
34.02051737,-11.81102000
34.02152217,-15.74803000
34.02252697,-15.74803000
34.02353177,-15.74803000
34.02453657,-7.87401500
34.02554137,-7.87401500
34.02654617,-11.81102000
34.02755097,-11.81102000
34.02855577,-15.74803000
34.02956057,-7.87401500
34.03056537,-11.81102000
34.03157017,-15.74803000
34.03257497,-11.81102000
34.03357977,-11.81102000
34.03458457,-7.87401500
34.03558937,-15.74803000
34.03659417,-15.74803000
34.03759897,-19.68504000
34.03860377,-19.68504000
34.03960857,-11.81102000
34.04061337,-11.81102000
34.04161817,-11.81102000
34.04262296,-3.93700800
34.04362776,-11.81102000
34.04463256,-7.87401500
34.04563736,-11.81102000
34.04664216,-7.87401500
34.04764696,-3.93700800
34.04865176,-11.81102000
34.04965656,-11.81102000
34.05066136,-7.87401500
34.05166616,-7.87401500
34.05267096,-23.62205000
34.05367576,-11.81102000
34.05468056,-15.74803000
34.05568536,-3.93700800
34.05669016,-15.74803000
34.05769496,-7.87401500
34.05869976,-7.87401500
34.05970456,-11.81102000
34.06070936,-11.81102000
34.06171416,-11.81102000
34.06271896,-11.81102000
34.06372376,-11.81102000
34.06472856,-11.81102000
34.06573336,-11.81102000
34.06673816,-15.74803000
34.06774296,-11.81102000
34.06874776,-19.68504000
34.06975256,-19.68504000
34.07075736,-15.74803000
34.07176216,-11.81102000
34.07276696,-7.87401500
34.07377176,-11.81102000
34.07477656,-11.81102000
34.07578136,-7.87401500
34.07678616,-7.87401500
34.07779096,-11.81102000
34.07879576,-7.87401500
34.07980056,-7.87401500
34.08080536,-11.81102000
34.08181016,-7.87401500
34.08281496,-11.81102000
34.08381976,-11.81102000
34.08482456,-3.93700800
34.08582936,-19.68504000
34.08683416,-11.81102000
34.08783896,-15.74803000
34.08884376,-7.87401500
34.08984856,-11.81102000
34.09085336,-7.87401500
34.09185816,-7.87401500
34.09286296,-11.81102000
34.09386776,-7.87401500
34.09487256,-19.68504000
34.09587736,-19.68504000
34.09688216,-19.68504000
34.09788696,-11.81102000
34.09889176,-11.81102000
34.09989656,-11.81102000
34.10090136,-7.87401500
34.10190616,-7.87401500
34.10291096,-11.81102000
34.10391576,-11.81102000
34.10492056,-7.87401500
34.10592536,-7.87401500
34.10693016,-3.93700800
34.10793496,-7.87401500
34.10893976,-11.81102000
34.10994456,-7.87401500
34.11094936,-7.87401500
34.11195416,-11.81102000
34.11295896,-15.74803000
34.11396376,-7.87401500
34.11496856,-11.81102000
34.11597336,-11.81102000
34.11697816,-7.87401500
34.11798296,-11.81102000
34.11898776,-15.74803000
34.11999256,-15.74803000
34.12099736,-7.87401500
34.12200216,-7.87401500
34.12300696,-19.68504000
34.12401176,-15.74803000
34.12501656,-19.68504000
34.12602136,-7.87401500
34.12702616,-7.87401500
34.12803096,-7.87401500
34.12903576,-11.81102000
34.13004056,-7.87401500
34.13104536,-15.74803000
34.13205016,-7.87401500
34.13305496,-3.93700800
34.13405976,-7.87401500
34.13506456,-7.87401500
34.13606936,-15.74803000
34.13707416,-11.81102000
34.13807896,-11.81102000
34.13908376,-7.87401500
34.14008856,-11.81102000
34.14109336,-11.81102000
34.14209816,-7.87401500
34.14310296,-11.81102000
34.14410776,-11.81102000
34.14511256,-7.87401500
34.14611736,-7.87401500
34.14712216,-11.81102000
34.14812696,-7.87401500
34.14913176,-19.68504000
34.15013656,-23.62205000
34.15114136,-15.74803000
34.15214616,-15.74803000
34.15315096,-7.87401500
34.15415576,-3.93700800
34.15516056,-11.81102000
34.15616536,-11.81102000
34.15717016,-15.74803000
34.15817496,-7.87401500
34.15917976,-7.87401500
34.16018456,-7.87401500
34.16118936,-11.81102000
34.16219416,-11.81102000
34.16319896,-11.81102000
34.16420376,-7.87401500
34.16520856,-7.87401500
34.16621336,-7.87401500
34.16721816,-15.74803000
34.16822296,-15.74803000
34.16922776,-11.81102000
34.17023256,-7.87401500
34.17123736,-7.87401500
34.17224216,-15.74803000
34.17324696,-11.81102000
34.17425176,-7.87401500
34.17525656,-11.81102000
34.17626136,-15.74803000
34.17726616,-15.74803000
34.17827096,-19.68504000
34.17927576,-15.74803000
34.18028056,-11.81102000
34.18128536,-11.81102000
34.18229016,-11.81102000
34.18329496,-15.74803000
34.18429976,-15.74803000
34.18530456,-11.81102000
34.18630936,-7.87401500
34.18731416,-7.87401500
34.18831896,-7.87401500
34.18932376,-11.81102000
34.19032856,-7.87401500
34.19133336,-15.74803000
34.19233816,-7.87401500
34.19334296,-7.87401500
34.19434776,-15.74803000
34.19535256,-11.81102000
34.19635736,-11.81102000
34.19736216,-7.87401500
34.19836696,-11.81102000
34.19937176,-15.74803000
34.20037656,-15.74803000
34.20138136,-15.74803000
34.20238616,-11.81102000
34.20339096,-11.81102000
34.20439576,-23.62205000
34.20540056,-15.74803000
34.20640536,-19.68504000
34.20741016,-15.74803000
34.20841496,-15.74803000
34.20941976,-11.81102000
34.21042456,-15.74803000
34.21142936,-7.87401500
34.21243416,-11.81102000
34.21343896,-3.93700800
34.21444376,-11.81102000
34.21544856,-11.81102000
34.21645336,-15.74803000
34.21745816,-15.74803000
34.21846296,-11.81102000
34.21946776,-11.81102000
34.22047256,-7.87401500
34.22147736,-11.81102000
34.22248216,-11.81102000
34.22348696,-7.87401500
34.22449176,-7.87401500
34.22549656,-7.87401500
34.22650136,-11.81102000
34.22750616,-11.81102000
34.22851096,-11.81102000
34.22951576,-7.87401500
34.23052056,-11.81102000
34.23152536,-11.81102000
34.23253016,-19.68504000
34.23353496,-15.74803000
34.23453976,-15.74803000
34.23554456,-19.68504000
34.23654936,-11.81102000
34.23755416,-11.81102000
34.23855896,-11.81102000
34.23956376,-11.81102000
34.24056856,-15.74803000
34.24157336,-11.81102000
34.24257816,-11.81102000
34.24358296,-11.81102000
34.24458776,-11.81102000
34.24559256,-3.93700800
34.24659736,-11.81102000
34.24760216,-19.68504000
34.24860696,-15.74803000
34.24961176,-11.81102000
34.25061656,0.00000000
34.25162136,-11.81102000
34.25262616,-11.81102000
34.25363096,-7.87401500
34.25463576,-11.81102000
34.25564056,-7.87401500
34.25664536,-11.81102000
34.25765016,-15.74803000
34.25865496,-19.68504000
34.25965976,-19.68504000
34.26066456,-19.68504000
34.26166936,-11.81102000
34.26267416,-15.74803000
34.26367896,-15.74803000
34.26468376,-11.81102000
34.26568856,-7.87401500
34.26669336,-11.81102000
34.26769816,-11.81102000
34.26870296,-7.87401500
34.26970776,-15.74803000
34.27071256,-7.87401500
34.27171736,-11.81102000
34.27272216,-11.81102000
34.27372696,-11.81102000
34.27473176,-11.81102000
34.27573656,-11.81102000
34.27674136,-11.81102000
34.27774616,-7.87401500
34.27875096,-11.81102000
34.27975576,-7.87401500
34.28076056,-15.74803000
34.28176536,-15.74803000
34.28277016,-19.68504000
34.28377496,-11.81102000
34.28477976,-11.81102000
34.28578456,-15.74803000
34.28678936,-19.68504000
34.28779416,-11.81102000
34.28879896,-15.74803000
34.28980376,-23.62205000
34.29080856,-15.74803000
34.29181336,-15.74803000
34.29281816,-7.87401500
34.29382296,-7.87401500
34.29482776,-11.81102000
34.29583256,-11.81102000
34.29683736,-7.87401500
34.29784216,-15.74803000
34.29884696,-11.81102000
34.29985176,-11.81102000
34.30085656,-11.81102000
34.30186136,-11.81102000
34.30286616,-11.81102000
34.30387096,-15.74803000
34.30487576,-11.81102000
34.30588056,-11.81102000
34.30688536,-7.87401500
34.30789016,-11.81102000
34.30889496,-11.81102000
34.30989976,-11.81102000
34.31090456,-15.74803000
34.31190936,-7.87401500
34.31291416,-19.68504000
34.31391896,-23.62205000
34.31492376,-15.74803000
34.31592856,-15.74803000
34.31693336,-15.74803000
34.31793816,-11.81102000
34.31894296,-11.81102000
34.31994776,-11.81102000
34.32095256,-15.74803000
34.32195736,-7.87401500
34.32296216,-7.87401500
34.32396696,-11.81102000
34.32497176,-7.87401500
34.32597656,-11.81102000
34.32698136,-11.81102000
34.32798616,-11.81102000
34.32899096,-11.81102000
34.32999576,-15.74803000
34.33100056,-15.74803000
34.33200536,-15.74803000
34.33301016,-7.87401500
34.33401496,-11.81102000
34.33501976,-11.81102000
34.33602456,-7.87401500
34.33702936,-11.81102000
34.33803416,-15.74803000
34.33903896,-19.68504000
34.34004376,-15.74803000
34.34104856,-19.68504000
34.34205336,-19.68504000
34.34305816,-11.81102000
34.34406296,-11.81102000
34.34506776,-19.68504000
34.34607256,-11.81102000
34.34707736,-15.74803000
34.34808216,-7.87401500
34.34908696,-3.93700800
34.35009176,-11.81102000
34.35109656,-11.81102000
34.35210136,-11.81102000
34.35310616,-11.81102000
34.35411096,-11.81102000
34.35511576,-11.81102000
34.35612056,-7.87401500
34.35712536,-11.81102000
34.35813016,-11.81102000
34.35913496,-11.81102000
34.36013976,-7.87401500
34.36114456,-11.81102000
34.36214936,-11.81102000
34.36315416,-15.74803000
34.36415896,-7.87401500
34.36516376,-11.81102000
34.36616856,-15.74803000
34.36717336,-15.74803000
34.36817816,-11.81102000
34.36918296,-15.74803000
34.37018776,-11.81102000
34.37119255,-11.81102000
34.37219735,-7.87401500
34.37320215,-3.93700800
34.37420695,-7.87401500
34.37521175,-7.87401500
34.37621655,-11.81102000
34.37722135,-3.93700800
34.37822615,-19.68504000
34.37923095,-15.74803000
34.38023575,-7.87401500
34.38124055,-11.81102000
34.38224535,-11.81102000
34.38325015,-7.87401500
34.38425495,-7.87401500
34.38525975,-7.87401500
34.38626455,-11.81102000
34.38726935,-11.81102000
34.38827415,-11.81102000
34.38927895,-7.87401500
34.39028375,-23.62205000
34.39128855,-15.74803000
34.39229335,-19.68504000
34.39329815,-15.74803000
34.39430295,-19.68504000
34.39530775,-15.74803000
34.39631255,-15.74803000
34.39731735,-11.81102000
34.39832215,-7.87401500
34.39932695,-11.81102000
34.40033175,-11.81102000
34.40133655,-11.81102000
34.40234135,-7.87401500
34.40334615,-7.87401500
34.40435095,-3.93700800
34.40535575,-11.81102000
34.40636055,-7.87401500
34.40736535,-11.81102000
34.40837015,-3.93700800
34.40937495,-11.81102000
34.41037975,-11.81102000
34.41138455,-19.68504000
34.41238935,-15.74803000
34.41339415,-11.81102000
34.41439895,-11.81102000
34.41540375,-7.87401500
34.41640855,-3.93700800
34.41741335,-19.68504000
34.41841815,-15.74803000
34.41942295,-11.81102000
34.42042775,-15.74803000
34.42143255,-11.81102000
34.42243735,-7.87401500
34.42344215,-7.87401500
34.42444695,-7.87401500
34.42545175,-11.81102000
34.42645655,-11.81102000
34.42746135,-19.68504000
34.42846615,-7.87401500
34.42947095,-7.87401500
34.43047575,-3.93700800
34.43148055,-11.81102000
34.43248535,-3.93700800
34.43349015,-7.87401500
34.43449495,-7.87401500
34.43549975,-7.87401500
34.43650455,-7.87401500
34.43750935,-11.81102000
34.43851415,-7.87401500
34.43951895,-11.81102000
34.44052375,-11.81102000
34.44152855,-3.93700800
34.44253335,-7.87401500
34.44353815,-19.68504000
34.44454295,-23.62205000
34.44554775,-15.74803000
34.44655255,-15.74803000
34.44755735,-15.74803000
34.44856215,-11.81102000
34.44956695,-7.87401500
34.45057175,-7.87401500
34.45157655,-7.87401500
34.45258135,-11.81102000
34.45358615,-7.87401500
34.45459095,-7.87401500
34.45559575,-7.87401500
34.45660055,-7.87401500
34.45760535,-7.87401500
34.45861015,-19.68504000
34.45961495,-11.81102000
34.46061975,-11.81102000
34.46162455,3.93700800
34.46262935,-11.81102000
34.46363415,-11.81102000
34.46463895,-11.81102000
34.46564375,-7.87401500
34.46664855,-11.81102000
34.46765335,3.93700800
34.46865815,-7.87401500
34.46966295,-7.87401500
34.47066775,-19.68504000
34.47167255,-15.74803000
34.47267735,-19.68504000
34.47368215,-11.81102000
34.47468695,-11.81102000
34.47569175,-19.68504000
34.47669655,-15.74803000
34.47770135,-11.81102000
34.47870615,-11.81102000
34.47971095,-7.87401500
34.48071575,-15.74803000
34.48172055,-11.81102000
34.48272535,-7.87401500
34.48373015,-7.87401500
34.48473495,-7.87401500
34.48573975,-11.81102000
34.48674455,-7.87401500
34.48774935,-11.81102000
34.48875415,-7.87401500
34.48975895,-7.87401500
34.49076375,-11.81102000
34.49176855,-19.68504000
34.49277335,-11.81102000
34.49377815,-15.74803000
34.49478295,-7.87401500
34.49578775,-11.81102000
34.49679255,-7.87401500
34.49779735,-15.74803000
34.49880215,-19.68504000
34.49980695,-11.81102000
34.50081175,-15.74803000
34.50181655,-7.87401500
34.50282135,-11.81102000
34.50382615,-11.81102000
34.50483095,-11.81102000
34.50583575,-11.81102000
34.50684055,-11.81102000
34.50784535,-11.81102000
34.50885015,-19.68504000
34.50985495,-11.81102000
34.51085975,-3.93700800
34.51186455,-7.87401500
34.51286935,-15.74803000
34.51387415,-11.81102000
34.51487895,-7.87401500
34.51588375,-11.81102000
34.51688855,-11.81102000
34.51789335,-7.87401500
34.51889815,-11.81102000
34.51990295,-15.74803000
34.52090775,-15.74803000
34.52191255,-15.74803000
34.52291735,-11.81102000
34.52392215,-15.74803000
34.52492695,-23.62205000
34.52593175,-19.68504000
34.52693655,-11.81102000
34.52794135,-19.68504000
34.52894615,-19.68504000
34.52995095,-7.87401500
34.53095575,-11.81102000
34.53196055,-11.81102000
34.53296535,-7.87401500
34.53397015,-7.87401500
34.53497495,-7.87401500
34.53597975,-7.87401500
34.53698455,-7.87401500
34.53798935,-11.81102000
34.53899415,-7.87401500
34.53999895,-15.74803000
34.54100375,-11.81102000
34.54200855,-15.74803000
34.54301335,-7.87401500
34.54401815,-11.81102000
34.54502295,-11.81102000
34.54602775,-7.87401500
34.54703255,-7.87401500
34.54803735,-7.87401500
34.54904215,-7.87401500
34.55004695,-11.81102000
34.55105175,-15.74803000
34.55205655,-15.74803000
34.55306135,-15.74803000
34.55406615,-15.74803000
34.55507095,-11.81102000
34.55607575,-27.55905000
34.55708055,-15.74803000
34.55808535,-11.81102000
34.55909015,3.93700800
34.56009495,-11.81102000
34.56109975,-7.87401500
34.56210455,-11.81102000
34.56310935,-7.87401500
34.56411415,-15.74803000
34.56511895,-15.74803000
34.56612375,-11.81102000
34.56712855,-11.81102000
34.56813335,-7.87401500
34.56913815,-7.87401500
34.57014295,-7.87401500
34.57114775,-11.81102000
34.57215255,-7.87401500
34.57315735,-7.87401500
34.57416215,-11.81102000
34.57516695,-15.74803000
34.57617175,-7.87401500
34.57717655,-11.81102000
34.57818135,-19.68504000
34.57918615,-11.81102000
34.58019095,-15.74803000
34.58119575,-15.74803000
34.58220055,-15.74803000
34.58320535,-11.81102000
34.58421015,-11.81102000
34.58521495,-11.81102000
34.58621975,-7.87401500
34.58722455,-11.81102000
34.58822935,-11.81102000
34.58923415,-11.81102000
34.59023895,-11.81102000
34.59124375,-15.74803000
34.59224855,-7.87401500
34.59325335,-11.81102000
34.59425815,-7.87401500
34.59526295,-11.81102000
34.59626775,-7.87401500
34.59727255,-11.81102000
34.59827735,-11.81102000
34.59928215,-11.81102000
34.60028695,-11.81102000
34.60129175,-11.81102000
34.60229655,-7.87401500
34.60330135,-11.81102000
34.60430615,-15.74803000
34.60531095,-19.68504000
34.60631575,-15.74803000
34.60732055,-19.68504000
34.60832535,-15.74803000
34.60933015,-7.87401500
34.61033495,-11.81102000
34.61133975,-7.87401500
34.61234455,-3.93700800
34.61334935,-11.81102000
34.61435415,-7.87401500
34.61535895,-7.87401500
34.61636375,-15.74803000
34.61736855,-15.74803000
34.61837335,-7.87401500
34.61937815,-7.87401500
34.62038295,-3.93700800
34.62138775,-11.81102000
34.62239255,-15.74803000
34.62339735,-15.74803000
34.62440215,-7.87401500
34.62540695,-11.81102000
34.62641175,-7.87401500
34.62741655,-11.81102000
34.62842135,-7.87401500
34.62942615,-7.87401500
34.63043095,-11.81102000
34.63143575,-23.62205000
34.63244055,-11.81102000
34.63344535,-15.74803000
34.63445015,-15.74803000
34.63545495,-11.81102000
34.63645975,-11.81102000
34.63746455,-7.87401500
34.63846935,-11.81102000
34.63947415,-15.74803000
34.64047895,-7.87401500
34.64148375,-11.81102000
34.64248855,-11.81102000
34.64349335,-7.87401500
34.64449815,-7.87401500
34.64550295,-11.81102000
34.64650775,-7.87401500
34.64751255,-11.81102000
34.64851735,-11.81102000
34.64952215,-11.81102000
34.65052695,-7.87401500
34.65153175,-7.87401500
34.65253655,-11.81102000
34.65354135,-23.62205000
34.65454615,-11.81102000
34.65555095,-11.81102000
34.65655575,3.93700800
34.65756055,-7.87401500
34.65856535,-19.68504000
34.65957015,-15.74803000
34.66057495,-7.87401500
34.66157975,-11.81102000
34.66258455,-11.81102000
34.66358935,-7.87401500
34.66459415,-7.87401500
34.66559895,-7.87401500
34.66660375,-7.87401500
34.66760855,-7.87401500
34.66861335,-7.87401500
34.66961815,-3.93700800
34.67062295,-19.68504000
34.67162775,-15.74803000
34.67263255,-7.87401500
34.67363735,-11.81102000
34.67464215,-7.87401500
34.67564695,-15.74803000
34.67665175,-7.87401500
34.67765655,-11.81102000
34.67866135,-11.81102000
34.67966615,-3.93700800
34.68067095,-11.81102000
34.68167575,-7.87401500
34.68268055,-7.87401500
34.68368535,-7.87401500
34.68469015,-7.87401500
34.68569495,-3.93700800
34.68669975,-11.81102000
34.68770455,-11.81102000
34.68870935,-15.74803000
34.68971415,-11.81102000
34.69071895,-11.81102000
34.69172375,-11.81102000
34.69272855,-7.87401500
34.69373335,-7.87401500
34.69473815,-11.81102000
34.69574295,-7.87401500
34.69674775,-7.87401500
34.69775255,-7.87401500
34.69875735,-3.93700800
34.69976215,-7.87401500
34.70076694,-7.87401500
34.70177174,-7.87401500
34.70277654,-11.81102000
34.70378134,-7.87401500
34.70478614,-7.87401500
34.70579094,-7.87401500
34.70679574,-3.93700800
34.70780054,-7.87401500
34.70880534,-7.87401500
34.70981014,-7.87401500
34.71081494,-7.87401500
34.71181974,-3.93700800
34.71282454,-7.87401500
34.71382934,-7.87401500
34.71483414,-3.93700800
34.71583894,-3.93700800
34.71684374,-11.81102000
34.71784854,-19.68504000
34.71885334,-11.81102000
34.71985814,-15.74803000
34.72086294,-11.81102000
34.72186774,-7.87401500
34.72287254,-11.81102000
34.72387734,-3.93700800
34.72488214,-7.87401500
34.72588694,-7.87401500
34.72689174,-7.87401500
34.72789654,-7.87401500
34.72890134,-11.81102000
34.72990614,-11.81102000
34.73091094,-3.93700800
34.73191574,-7.87401500
34.73292054,-7.87401500
34.73392534,-7.87401500
34.73493014,-11.81102000
34.73593494,-7.87401500
34.73693974,-11.81102000
34.73794454,0.00000000
34.73894934,-3.93700800
34.73995414,-7.87401500
34.74095894,-11.81102000
34.74196374,-7.87401500
34.74296854,-3.93700800
34.74397334,-7.87401500
34.74497814,-19.68504000
34.74598294,-11.81102000
34.74698774,-7.87401500
34.74799254,-11.81102000
34.74899734,-7.87401500
34.75000214,-7.87401500
34.75100694,-15.74803000
34.75201174,-11.81102000
34.75301654,-7.87401500
34.75402134,-7.87401500
34.75502614,-7.87401500
34.75603094,-3.93700800
34.75703574,-7.87401500
34.75804054,-7.87401500
34.75904534,-7.87401500
34.76005014,-3.93700800
34.76105494,-7.87401500
34.76205974,-11.81102000
34.76306454,-3.93700800
34.76406934,-7.87401500
34.76507414,-3.93700800
34.76607894,-3.93700800
34.76708374,-11.81102000
34.76808854,-15.74803000
34.76909334,-11.81102000
34.77009814,-7.87401500
34.77110294,-3.93700800
34.77210774,-11.81102000
34.77311254,-15.74803000
34.77411734,-15.74803000
34.77512214,-15.74803000
34.77612694,-11.81102000
34.77713174,-11.81102000
34.77813654,-3.93700800
34.77914134,-7.87401500
34.78014614,-7.87401500
34.78115094,-3.93700800
34.78215574,-7.87401500
34.78316054,-11.81102000
34.78416534,-15.74803000
34.78517014,-3.93700800
34.78617494,-11.81102000
34.78717974,-11.81102000
34.78818454,-7.87401500
34.78918934,-7.87401500
34.79019414,-7.87401500
34.79119894,-7.87401500
34.79220374,-7.87401500
34.79320854,-11.81102000
34.79421334,-11.81102000
34.79521814,-7.87401500
34.79622294,-11.81102000
34.79722774,-7.87401500
34.79823254,-7.87401500
34.79923734,-7.87401500
34.80024214,-11.81102000
34.80124694,-19.68504000
34.80225174,-15.74803000
34.80325654,-11.81102000
34.80426134,-11.81102000
34.80526614,-11.81102000
34.80627094,-11.81102000
34.80727574,-7.87401500
34.80828054,-15.74803000
34.80928534,-7.87401500
34.81029014,-7.87401500
34.81129494,-7.87401500
34.81229974,-11.81102000
34.81330454,-3.93700800
34.81430934,-7.87401500
34.81531414,-11.81102000
34.81631894,-11.81102000
34.81732374,-11.81102000
34.81832854,-19.68504000
34.81933334,-7.87401500
34.82033814,-7.87401500
34.82134294,-7.87401500
34.82234774,-11.81102000
34.82335254,-3.93700800
34.82435734,-11.81102000
34.82536214,-7.87401500
34.82636694,-7.87401500
34.82737174,-7.87401500
34.82837654,-11.81102000
34.82938134,-7.87401500
34.83038614,-7.87401500
34.83139094,-11.81102000
34.83239574,-19.68504000
34.83340054,-19.68504000
34.83440534,-11.81102000
34.83541014,-15.74803000
34.83641494,-11.81102000
34.83741974,-7.87401500
34.83842454,-15.74803000
34.83942934,-11.81102000
34.84043414,-3.93700800
34.84143894,-7.87401500
34.84244374,-7.87401500
34.84344854,-7.87401500
34.84445334,-7.87401500
34.84545814,-11.81102000
34.84646294,-3.93700800
34.84746774,-7.87401500
34.84847254,-15.74803000
34.84947734,-11.81102000
34.85048214,-11.81102000
34.85148694,-3.93700800
34.85249174,-11.81102000
34.85349654,-7.87401500
34.85450134,-11.81102000
34.85550614,-7.87401500
34.85651094,-3.93700800
34.85751574,-7.87401500
34.85852054,-7.87401500
34.85952534,-3.93700800
34.86053014,-23.62205000
34.86153494,-15.74803000
34.86253974,-11.81102000
34.86354454,-11.81102000
34.86454934,-11.81102000
34.86555414,-7.87401500
34.86655894,-11.81102000
34.86756374,-3.93700800
34.86856854,-3.93700800
34.86957334,-7.87401500
34.87057814,-7.87401500
34.87158294,-7.87401500
34.87258774,-3.93700800
34.87359254,-7.87401500
34.87459734,-3.93700800
34.87560214,-7.87401500
34.87660694,-7.87401500
34.87761174,-3.93700800
34.87861654,-3.93700800
34.87962134,-3.93700800
34.88062614,-3.93700800
34.88163094,-11.81102000
34.88263574,-11.81102000
34.88364054,-7.87401500
34.88464534,-7.87401500
34.88565014,-7.87401500
34.88665494,-3.93700800
34.88765974,-19.68504000
34.88866454,-11.81102000
34.88966934,-15.74803000
34.89067414,-7.87401500
34.89167894,-7.87401500
34.89268374,-11.81102000
34.89368854,-7.87401500
34.89469334,-7.87401500
34.89569814,-11.81102000
34.89670294,-3.93700800
34.89770774,-7.87401500
34.89871254,-3.93700800
34.89971734,-7.87401500
34.90072214,-7.87401500
34.90172694,-7.87401500
34.90273174,-7.87401500
34.90373654,-3.93700800
34.90474134,-7.87401500
34.90574614,-3.93700800
34.90675094,-11.81102000
34.90775574,-7.87401500
34.90876054,-7.87401500
34.90976534,-7.87401500
34.91077014,-7.87401500
34.91177494,-3.93700800
34.91277974,-7.87401500
34.91378454,-7.87401500
34.91478934,-11.81102000
34.91579414,-15.74803000
34.91679894,-11.81102000
34.91780374,-7.87401500
34.91880854,-11.81102000
34.91981334,-11.81102000
34.92081814,-11.81102000
34.92182294,-11.81102000
34.92282774,-3.93700800
34.92383254,-7.87401500
34.92483734,-7.87401500
34.92584214,0.00000000
34.92684694,-7.87401500
34.92785174,-7.87401500
34.92885654,-7.87401500
34.92986134,-7.87401500
34.93086614,-7.87401500
34.93187094,-7.87401500
34.93287574,-7.87401500
34.93388054,-7.87401500
34.93488534,-15.74803000
34.93589014,-7.87401500
34.93689494,-7.87401500
34.93789974,-7.87401500
34.93890454,-3.93700800
34.93990934,-7.87401500
34.94091414,-11.81102000
34.94191894,-7.87401500
34.94292374,-7.87401500
34.94392854,-15.74803000
34.94493334,-15.74803000
34.94593814,-15.74803000
34.94694294,-15.74803000
34.94794774,-15.74803000
34.94895254,-11.81102000
34.94995734,-7.87401500
34.95096214,-3.93700800
34.95196694,-7.87401500
34.95297174,-7.87401500
34.95397654,-7.87401500
34.95498134,-7.87401500
34.95598614,-3.93700800
34.95699094,-3.93700800
34.95799574,-11.81102000
34.95900054,-7.87401500
34.96000534,-11.81102000
34.96101014,-7.87401500
34.96201494,-11.81102000
34.96301974,-15.74803000
34.96402454,-7.87401500
34.96502934,0.00000000
34.96603414,-7.87401500
34.96703894,-7.87401500
34.96804374,-7.87401500
34.96904854,-3.93700800
34.97005334,-3.93700800
34.97105814,-11.81102000
34.97206294,-15.74803000
34.97306774,-15.74803000
34.97407254,-11.81102000
34.97507734,-11.81102000
34.97608214,-15.74803000
34.97708694,-3.93700800
34.97809174,-7.87401500
34.97909654,-11.81102000
34.98010134,-3.93700800
34.98110614,-3.93700800
34.98211094,-3.93700800
34.98311574,-7.87401500
34.98412054,-3.93700800
34.98512534,-3.93700800
34.98613014,-11.81102000
34.98713494,0.00000000
34.98813974,-7.87401500
34.98914454,-3.93700800
34.99014934,-3.93700800
34.99115414,-3.93700800
34.99215894,-3.93700800
34.99316374,-3.93700800
34.99416854,-3.93700800
34.99517334,-11.81102000
34.99617814,-11.81102000
34.99718294,-11.81102000
34.99818774,-3.93700800
34.99919254,-11.81102000
35.00019734,-15.74803000
35.00120214,-7.87401500
35.00220694,-11.81102000
35.00321174,-11.81102000
35.00421654,-11.81102000
35.00522134,-11.81102000
35.00622614,-3.93700800
35.00723094,-3.93700800
35.00823574,-11.81102000
35.00924054,-7.87401500
35.01024534,-3.93700800
35.01125014,-11.81102000
35.01225494,-7.87401500
35.01325974,-3.93700800
35.01426454,-7.87401500
35.01526934,-3.93700800
35.01627414,-7.87401500
35.01727894,-7.87401500
35.01828374,-3.93700800
35.01928854,-3.93700800
35.02029334,-11.81102000
35.02129814,-7.87401500
35.02230294,-7.87401500
35.02330774,-7.87401500
35.02431254,-11.81102000
35.02531734,-3.93700800
35.02632214,-3.93700800
35.02732694,-3.93700800
35.02833174,-11.81102000
35.02933653,3.93700800
35.03034133,-11.81102000
35.03134613,-7.87401500
35.03235093,-15.74803000
35.03335573,-3.93700800
35.03436053,-3.93700800
35.03536533,-7.87401500
35.03637013,-7.87401500
35.03737493,-3.93700800
35.03837973,0.00000000
35.03938453,-3.93700800
35.04038933,-3.93700800
35.04139413,-3.93700800
35.04239893,-7.87401500
35.04340373,-7.87401500
35.04440853,-7.87401500
35.04541333,-7.87401500
35.04641813,-3.93700800
35.04742293,-7.87401500
35.04842773,-7.87401500
35.04943253,-3.93700800
35.05043733,-3.93700800
35.05144213,-7.87401500
35.05244693,-3.93700800
35.05345173,-3.93700800
35.05445653,-3.93700800
35.05546133,-3.93700800
35.05646613,-3.93700800
35.05747093,-7.87401500
35.05847573,0.00000000
35.05948053,-19.68504000
35.06048533,-11.81102000
35.06149013,-15.74803000
35.06249493,7.87401500
35.06349973,-3.93700800
35.06450453,-3.93700800
35.06550933,-3.93700800
35.06651413,3.93700800
35.06751893,-3.93700800
35.06852373,-3.93700800
35.06952853,-3.93700800
35.07053333,-3.93700800
35.07153813,-3.93700800
35.07254293,3.93700800
35.07354773,-3.93700800
35.07455253,-3.93700800
35.07555733,-3.93700800
35.07656213,-7.87401500
35.07756693,-3.93700800
35.07857173,-3.93700800
35.07957653,-3.93700800
35.08058133,-3.93700800
35.08158613,-3.93700800
35.08259093,-3.93700800
35.08359573,-3.93700800
35.08460053,-3.93700800
35.08560533,-3.93700800
35.08661013,-3.93700800
35.08761493,-7.87401500
35.08861973,-11.81102000
35.08962453,-11.81102000
35.09062933,-7.87401500
35.09163413,-7.87401500
35.09263893,-7.87401500
35.09364373,-7.87401500
35.09464853,-7.87401500
35.09565333,0.00000000
35.09665813,-3.93700800
35.09766293,-3.93700800
35.09866773,-3.93700800
35.09967253,-3.93700800
35.10067733,-7.87401500
35.10168213,-3.93700800
35.10268693,0.00000000
35.10369173,-3.93700800
35.10469653,0.00000000
35.10570133,-3.93700800
35.10670613,0.00000000
35.10771093,0.00000000
35.10871573,-7.87401500
35.10972053,-7.87401500
35.11072533,-7.87401500
35.11173013,0.00000000
35.11273493,-3.93700800
35.11373973,-3.93700800
35.11474453,-3.93700800
35.11574933,-11.81102000
35.11675413,-15.74803000
35.11775893,-3.93700800
35.11876373,-7.87401500
35.11976853,-3.93700800
35.12077333,-3.93700800
35.12177813,-3.93700800
35.12278293,-3.93700800
35.12378773,-3.93700800
35.12479253,-3.93700800
35.12579733,-11.81102000
35.12680213,-7.87401500
35.12780693,-3.93700800
35.12881173,-7.87401500
35.12981653,-7.87401500
35.13082133,0.00000000
35.13182613,-3.93700800
35.13283093,-3.93700800
35.13383573,-3.93700800
35.13484053,-3.93700800
35.13584533,0.00000000
35.13685013,-7.87401500
35.13785493,-3.93700800
35.13885973,0.00000000
35.13986453,0.00000000
35.14086933,-3.93700800
35.14187413,-7.87401500
35.14287893,-7.87401500
35.14388373,-3.93700800
35.14488853,-7.87401500
35.14589333,-3.93700800
35.14689813,0.00000000
35.14790293,-3.93700800
35.14890773,0.00000000
35.14991253,0.00000000
35.15091733,-3.93700800
35.15192213,3.93700800
35.15292693,-3.93700800
35.15393173,3.93700800
35.15493653,0.00000000
35.15594133,0.00000000
35.15694613,-15.74803000
35.15795093,-7.87401500
35.15895573,-3.93700800
35.15996053,7.87401500
35.16096533,0.00000000
35.16197013,0.00000000
35.16297493,0.00000000
35.16397973,0.00000000
35.16498453,0.00000000
35.16598933,-3.93700800
35.16699413,3.93700800
35.16799893,-3.93700800
35.16900373,-3.93700800
35.17000853,-3.93700800
35.17101333,-3.93700800
35.17201813,-3.93700800
35.17302293,0.00000000
35.17402773,-3.93700800
35.17503253,-3.93700800
35.17603733,0.00000000
35.17704213,0.00000000
35.17804693,3.93700800
35.17905173,0.00000000
35.18005653,-3.93700800
35.18106133,0.00000000
35.18206613,0.00000000
35.18307093,0.00000000
35.18407573,0.00000000
35.18508053,0.00000000
35.18608533,0.00000000
35.18709013,3.93700800
35.18809493,0.00000000
35.18909973,0.00000000
35.19010453,-3.93700800
35.19110933,-7.87401500
35.19211413,-7.87401500
35.19311893,0.00000000
35.19412373,-7.87401500
35.19512853,-3.93700800
35.19613333,-3.93700800
35.19713813,-3.93700800
35.19814293,0.00000000
35.19914773,-3.93700800
35.20015253,-3.93700800
35.20115733,-3.93700800
35.20216213,0.00000000
35.20316693,0.00000000
35.20417173,0.00000000
35.20517653,0.00000000
35.20618133,-3.93700800
35.20718613,-3.93700800
35.20819093,-3.93700800
35.20919573,3.93700800
35.21020053,3.93700800
35.21120533,0.00000000
35.21221013,0.00000000
35.21321493,0.00000000
35.21421973,0.00000000
35.21522453,3.93700800
35.21622933,0.00000000
35.21723413,0.00000000
35.21823893,0.00000000
35.21924373,0.00000000
35.22024853,0.00000000
35.22125333,0.00000000
35.22225813,0.00000000
35.22326293,-11.81102000
35.22426773,-7.87401500
35.22527253,0.00000000
35.22627733,3.93700800
35.22728213,0.00000000
35.22828693,3.93700800
35.22929173,0.00000000
35.23029653,3.93700800
35.23130133,3.93700800
35.23230613,0.00000000
35.23331093,3.93700800
35.23431573,3.93700800
35.23532053,0.00000000
35.23632533,0.00000000
35.23733013,3.93700800
35.23833493,0.00000000
35.23933973,0.00000000
35.24034453,0.00000000
35.24134933,0.00000000
35.24235413,0.00000000
35.24335893,0.00000000
35.24436373,0.00000000
35.24536853,0.00000000
35.24637333,0.00000000
35.24737813,3.93700800
35.24838293,0.00000000
35.24938773,-3.93700800
35.25039253,-7.87401500
35.25139733,0.00000000
35.25240213,-7.87401500
35.25340693,-3.93700800
35.25441173,-11.81102000
35.25541653,-3.93700800
35.25642133,0.00000000
35.25742613,7.87401500
35.25843093,0.00000000
35.25943573,3.93700800
35.26044053,3.93700800
35.26144533,3.93700800
35.26245013,0.00000000
35.26345493,3.93700800
35.26445973,3.93700800
35.26546453,3.93700800
35.26646933,7.87401500
35.26747413,3.93700800
35.26847893,3.93700800
35.26948373,3.93700800
35.27048853,0.00000000
35.27149333,0.00000000
35.27249813,-3.93700800
35.27350293,3.93700800
35.27450773,0.00000000
35.27551253,0.00000000
35.27651733,3.93700800
35.27752213,0.00000000
35.27852693,-3.93700800
35.27953173,-3.93700800
35.28053653,0.00000000
35.28154133,0.00000000
35.28254613,3.93700800
35.28355093,3.93700800
35.28455573,3.93700800
35.28556053,3.93700800
35.28656533,7.87401500
35.28757013,0.00000000
35.28857493,0.00000000
35.28957973,0.00000000
35.29058453,3.93700800
35.29158933,3.93700800
35.29259413,0.00000000
35.29359893,3.93700800
35.29460373,3.93700800
35.29560853,3.93700800
35.29661333,7.87401500
35.29761813,7.87401500
35.29862293,7.87401500
35.29962773,3.93700800
35.30063253,0.00000000
35.30163733,3.93700800
35.30264213,3.93700800
35.30364693,11.81102000
35.30465173,0.00000000
35.30565653,-3.93700800
35.30666133,0.00000000
35.30766613,3.93700800
35.30867093,3.93700800
35.30967573,0.00000000
35.31068053,11.81102000
35.31168533,3.93700800
35.31269013,3.93700800
35.31369493,3.93700800
35.31469973,7.87401500
35.31570453,7.87401500
35.31670933,0.00000000
35.31771413,0.00000000
35.31871893,11.81102000
35.31972373,7.87401500
35.32072853,3.93700800
35.32173333,3.93700800
35.32273813,3.93700800
35.32374293,11.81102000
35.32474773,7.87401500
35.32575253,3.93700800
35.32675733,7.87401500
35.32776213,3.93700800
35.32876693,7.87401500
35.32977173,3.93700800
35.33077653,-3.93700800
35.33178133,3.93700800
35.33278613,3.93700800
35.33379093,0.00000000
35.33479573,3.93700800
35.33580053,3.93700800
35.33680533,0.00000000
35.33781013,3.93700800
35.33881493,3.93700800
35.33981973,7.87401500
35.34082453,7.87401500
35.34182933,7.87401500
35.34283413,3.93700800
35.34383893,7.87401500
35.34484373,7.87401500
35.34584853,3.93700800
35.34685333,7.87401500
35.34785813,11.81102000
35.34886293,7.87401500
35.34986773,7.87401500
35.35087253,7.87401500
35.35187733,7.87401500
35.35288213,3.93700800
35.35388693,-3.93700800
35.35489173,7.87401500
35.35589653,3.93700800
35.35690133,7.87401500
35.35790613,3.93700800
35.35891092,3.93700800
35.35991572,7.87401500
35.36092052,0.00000000
35.36192532,0.00000000
35.36293012,7.87401500
35.36393492,-3.93700800
35.36493972,3.93700800
35.36594452,3.93700800
35.36694932,7.87401500
35.36795412,7.87401500
35.36895892,0.00000000
35.36996372,3.93700800
35.37096852,0.00000000
35.37197332,7.87401500
35.37297812,11.81102000
35.37398292,7.87401500
35.37498772,7.87401500
35.37599252,7.87401500
35.37699732,7.87401500
35.37800212,7.87401500
35.37900692,3.93700800
35.38001172,3.93700800
35.38101652,7.87401500
35.38202132,7.87401500
35.38302612,11.81102000
35.38403092,7.87401500
35.38503572,3.93700800
35.38604052,3.93700800
35.38704532,-3.93700800
35.38805012,7.87401500
35.38905492,3.93700800
35.39005972,3.93700800
35.39106452,3.93700800
35.39206932,0.00000000
35.39307412,0.00000000
35.39407892,-3.93700800
35.39508372,3.93700800
35.39608852,3.93700800
35.39709332,3.93700800
35.39809812,7.87401500
35.39910292,3.93700800
35.40010772,3.93700800
35.40111252,0.00000000
35.40211732,0.00000000
35.40312212,3.93700800
35.40412692,3.93700800
35.40513172,3.93700800
35.40613652,3.93700800
35.40714132,0.00000000
35.40814612,3.93700800
35.40915092,7.87401500
35.41015572,7.87401500
35.41116052,3.93700800
35.41216532,11.81102000
35.41317012,3.93700800
35.41417492,3.93700800
35.41517972,3.93700800
35.41618452,-3.93700800
35.41718932,0.00000000
35.41819412,3.93700800
35.41919892,3.93700800
35.42020372,0.00000000
35.42120852,7.87401500
35.42221332,3.93700800
35.42321812,7.87401500
35.42422292,7.87401500
35.42522772,7.87401500
35.42623252,7.87401500
35.42723732,7.87401500
35.42824212,7.87401500
35.42924692,7.87401500
35.43025172,7.87401500
35.43125652,11.81102000
35.43226132,7.87401500
35.43326612,7.87401500
35.43427092,3.93700800
35.43527572,3.93700800
35.43628052,3.93700800
35.43728532,7.87401500
35.43829012,7.87401500
35.43929492,3.93700800
35.44029972,0.00000000
35.44130452,3.93700800
35.44230932,3.93700800
35.44331412,3.93700800
35.44431892,7.87401500
35.44532372,7.87401500
35.44632852,11.81102000
35.44733332,3.93700800
35.44833812,11.81102000
35.44934292,11.81102000
35.45034772,3.93700800
35.45135252,7.87401500
35.45235732,11.81102000
35.45336212,7.87401500
35.45436692,7.87401500
35.45537172,7.87401500
35.45637652,7.87401500
35.45738132,7.87401500
35.45838612,11.81102000
35.45939092,3.93700800
35.46039572,7.87401500
35.46140052,7.87401500
35.46240532,7.87401500
35.46341012,0.00000000
35.46441492,3.93700800
35.46541972,3.93700800
35.46642452,7.87401500
35.46742932,3.93700800
35.46843412,3.93700800
35.46943892,11.81102000
35.47044372,11.81102000
35.47144852,7.87401500
35.47245332,15.74803000
35.47345812,7.87401500
35.47446292,11.81102000
35.47546772,11.81102000
35.47647252,7.87401500
35.47747732,7.87401500
35.47848212,11.81102000
35.47948692,3.93700800
35.48049172,7.87401500
35.48149652,7.87401500
35.48250132,7.87401500
35.48350612,0.00000000
35.48451092,7.87401500
35.48551572,7.87401500
35.48652052,7.87401500
35.48752532,-3.93700800
35.48853012,3.93700800
35.48953492,3.93700800
35.49053972,3.93700800
35.49154452,3.93700800
35.49254932,7.87401500
35.49355412,7.87401500
35.49455892,7.87401500
35.49556372,7.87401500
35.49656852,7.87401500
35.49757332,11.81102000
35.49857812,3.93700800
35.49958292,7.87401500
35.50058772,3.93700800
35.50159252,11.81102000
35.50259732,3.93700800
35.50360212,11.81102000
35.50460692,7.87401500
35.50561172,3.93700800
35.50661652,7.87401500
35.50762132,7.87401500
35.50862612,3.93700800
35.50963092,7.87401500
35.51063572,11.81102000
35.51164052,7.87401500
35.51264532,7.87401500
35.51365012,3.93700800
35.51465492,3.93700800
35.51565972,3.93700800
35.51666452,0.00000000
35.51766932,3.93700800
35.51867412,3.93700800
35.51967892,3.93700800
35.52068372,3.93700800
35.52168852,7.87401500
35.52269332,7.87401500
35.52369812,11.81102000
35.52470292,11.81102000
35.52570772,11.81102000
35.52671252,7.87401500
35.52771732,7.87401500
35.52872212,11.81102000
35.52972692,7.87401500
35.53073172,3.93700800
35.53173652,7.87401500
35.53274132,7.87401500
35.53374612,3.93700800
35.53475092,11.81102000
35.53575572,7.87401500
35.53676052,7.87401500
35.53776532,11.81102000
35.53877012,7.87401500
35.53977492,7.87401500
35.54077972,11.81102000
35.54178452,7.87401500
35.54278932,7.87401500
35.54379412,3.93700800
35.54479892,7.87401500
35.54580372,3.93700800
35.54680852,3.93700800
35.54781332,7.87401500
35.54881812,7.87401500
35.54982292,11.81102000
35.55082772,19.68504000
35.55183252,15.74803000
35.55283732,7.87401500
35.55384212,15.74803000
35.55484692,7.87401500
35.55585172,7.87401500
35.55685652,11.81102000
35.55786132,11.81102000
35.55886612,7.87401500
35.55987092,7.87401500
35.56087572,7.87401500
35.56188052,11.81102000
35.56288532,3.93700800
35.56389012,7.87401500
35.56489492,7.87401500
35.56589972,19.68504000
35.56690452,7.87401500
35.56790932,3.93700800
35.56891412,0.00000000
35.56991892,3.93700800
35.57092372,7.87401500
35.57192852,3.93700800
35.57293332,7.87401500
35.57393812,7.87401500
35.57494292,11.81102000
35.57594772,11.81102000
35.57695252,7.87401500
35.57795732,7.87401500
35.57896212,7.87401500
35.57996692,7.87401500
35.58097172,7.87401500
35.58197652,7.87401500
35.58298132,11.81102000
35.58398612,11.81102000
35.58499092,7.87401500
35.58599572,11.81102000
35.58700052,7.87401500
35.58800532,11.81102000
35.58901012,7.87401500
35.59001492,7.87401500
35.59101972,7.87401500
35.59202452,11.81102000
35.59302932,7.87401500
35.59403412,7.87401500
35.59503892,3.93700800
35.59604372,0.00000000
35.59704852,0.00000000
35.59805332,3.93700800
35.59905812,7.87401500
35.60006292,11.81102000
35.60106772,7.87401500
35.60207252,7.87401500
35.60307732,7.87401500
35.60408212,7.87401500
35.60508692,11.81102000
35.60609172,7.87401500
35.60709652,3.93700800
35.60810132,7.87401500
35.60910612,7.87401500
35.61011092,15.74803000
35.61111572,7.87401500
35.61212052,11.81102000
35.61312532,7.87401500
35.61413012,7.87401500
35.61513492,11.81102000
35.61613972,7.87401500
35.61714452,11.81102000
35.61814932,11.81102000
35.61915412,11.81102000
35.62015892,7.87401500
35.62116372,3.93700800
35.62216852,-3.93700800
35.62317332,3.93700800
35.62417812,7.87401500
35.62518292,7.87401500
35.62618772,11.81102000
35.62719252,11.81102000
35.62819732,7.87401500
35.62920212,7.87401500
35.63020692,7.87401500
35.63121172,11.81102000
35.63221652,3.93700800
35.63322132,11.81102000
35.63422612,11.81102000
35.63523092,7.87401500
35.63623572,7.87401500
35.63724052,7.87401500
35.63824532,11.81102000
35.63925012,11.81102000
35.64025492,11.81102000
35.64125972,7.87401500
35.64226452,7.87401500
35.64326932,7.87401500
35.64427412,11.81102000
35.64527892,7.87401500
35.64628372,7.87401500
35.64728852,3.93700800
35.64829332,3.93700800
35.64929812,7.87401500
35.65030292,7.87401500
35.65130772,7.87401500
35.65231252,11.81102000
35.65331732,11.81102000
35.65432212,11.81102000
35.65532692,19.68504000
35.65633172,15.74803000
35.65733652,7.87401500
35.65834132,11.81102000
35.65934612,7.87401500
35.66035092,-7.87401500
35.66135572,7.87401500
35.66236052,11.81102000
35.66336532,23.62205000
35.66437012,7.87401500
35.66537492,11.81102000
35.66637972,11.81102000
35.66738452,11.81102000
35.66838932,11.81102000
35.66939412,15.74803000
35.67039892,15.74803000
35.67140372,15.74803000
35.67240852,7.87401500
35.67341332,0.00000000
35.67441812,7.87401500
35.67542292,3.93700800
35.67642772,3.93700800
35.67743252,3.93700800
35.67843732,11.81102000
35.67944212,7.87401500
35.68044692,15.74803000
35.68145172,19.68504000
35.68245652,19.68504000
35.68346132,23.62205000
35.68446612,23.62205000
35.68547092,23.62205000
35.68647572,23.62205000
35.68748051,27.55905000
35.68848531,31.49606000
35.68949011,31.49606000
35.69049491,35.43307000
35.69149971,39.37008000
35.69250451,35.43307000
35.69350931,39.37008000
35.69451411,39.37008000
35.69551891,43.30709000
35.69652371,47.24409000
35.69752851,47.24409000
35.69853331,47.24409000
35.69953811,43.30709000
35.70054291,39.37008000
35.70154771,43.30709000
35.70255251,43.30709000
35.70355731,47.24409000
35.70456211,47.24409000
35.70556691,47.24409000
35.70657171,51.18110000
35.70757651,47.24409000
35.70858131,47.24409000
35.70958611,43.30709000
35.71059091,47.24409000
35.71159571,47.24409000
35.71260051,47.24409000
35.71360531,47.24409000
35.71461011,43.30709000
35.71561491,43.30709000
35.71661971,43.30709000
35.71762451,43.30709000
35.71862931,43.30709000
35.71963411,43.30709000
35.72063891,35.43307000
35.72164371,39.37008000
35.72264851,39.37008000
35.72365331,43.30709000
35.72465811,27.55905000
35.72566291,31.49606000
35.72666771,35.43307000
35.72767251,35.43307000
35.72867731,43.30709000
35.72968211,47.24409000
35.73068691,47.24409000
35.73169171,51.18110000
35.73269651,51.18110000
35.73370131,47.24409000
35.73470611,47.24409000
35.73571091,51.18110000
35.73671571,47.24409000
35.73772051,51.18110000
35.73872531,59.05511000
35.73973011,59.05511000
35.74073491,55.11811000
35.74173971,55.11811000
35.74274451,55.11811000
35.74374931,59.05511000
35.74475411,59.05511000
35.74575891,59.05511000
35.74676371,55.11811000
35.74776851,47.24409000
35.74877331,62.99212000
35.74977811,51.18110000
35.75078291,55.11811000
35.75178771,62.99212000
35.75279251,59.05511000
35.75379731,62.99212000
35.75480211,59.05511000
35.75580691,62.99212000
35.75681171,62.99212000
35.75781651,51.18110000
35.75882131,55.11811000
35.75982611,55.11811000
35.76083091,70.86613000
35.76183571,62.99212000
35.76284051,62.99212000
35.76384531,62.99212000
35.76485011,62.99212000
35.76585491,62.99212000
35.76685971,66.92913000
35.76786451,62.99212000
35.76886931,59.05511000
35.76987411,62.99212000
35.77087891,51.18110000
35.77188371,55.11811000
35.77288851,62.99212000
35.77389331,62.99212000
35.77489811,62.99212000
35.77590291,62.99212000
35.77690771,70.86613000
35.77791251,70.86613000
35.77891731,70.86613000
35.77992211,74.80315000
35.78092691,70.86613000
35.78193171,70.86613000
35.78293651,70.86613000
35.78394131,74.80315000
35.78494611,74.80315000
35.78595091,74.80315000
35.78695571,74.80315000
35.78796051,74.80315000
35.78896531,74.80315000
35.78997011,78.74015000
35.79097491,70.86613000
35.79197971,70.86613000
35.79298451,78.74015000
35.79398931,78.74015000
35.79499411,78.74015000
35.79599891,78.74015000
35.79700371,70.86613000
35.79800851,70.86613000
35.79901331,66.92913000
35.80001811,70.86613000
35.80102291,74.80315000
35.80202771,74.80315000
35.80303251,82.67715000
35.80403731,78.74015000
35.80504211,78.74015000
35.80604691,78.74015000
35.80705171,78.74015000
35.80805651,82.67715000
35.80906131,74.80315000
35.81006611,82.67715000
35.81107091,86.61417000
35.81207571,78.74015000
35.81308051,78.74015000
35.81408531,78.74015000
35.81509011,78.74015000
35.81609491,82.67715000
35.81709971,82.67715000
35.81810451,86.61417000
35.81910931,78.74015000
35.82011411,78.74015000
35.82111891,82.67715000
35.82212371,82.67715000
35.82312851,78.74015000
35.82413331,82.67715000
35.82513811,78.74015000
35.82614291,82.67715000
35.82714771,74.80315000
35.82815251,78.74015000
35.82915731,82.67715000
35.83016211,78.74015000
35.83116691,82.67715000
35.83217171,82.67715000
35.83317651,86.61417000
35.83418131,82.67715000
35.83518611,86.61417000
35.83619091,82.67715000
35.83719571,82.67715000
35.83820051,86.61417000
35.83920531,90.55118000
35.84021011,82.67715000
35.84121491,82.67715000
35.84221971,90.55118000
35.84322451,86.61417000
35.84422931,90.55118000
35.84523411,90.55118000
35.84623891,86.61417000
35.84724371,90.55118000
35.84824851,86.61417000
35.84925331,82.67715000
35.85025811,90.55118000
35.85126291,90.55118000
35.85226771,86.61417000
35.85327251,94.48818000
35.85427731,90.55118000
35.85528211,78.74015000
35.85628691,82.67715000
35.85729171,82.67715000
35.85829651,90.55118000
35.85930131,90.55118000
35.86030611,90.55118000
35.86131091,90.55118000
35.86231571,94.48818000
35.86332051,94.48818000
35.86432531,94.48818000
35.86533011,94.48818000
35.86633491,98.42519000
35.86733971,98.42519000
35.86834451,94.48818000
35.86934931,94.48818000
35.87035411,94.48818000
35.87135891,94.48818000
35.87236371,90.55118000
35.87336851,94.48818000
35.87437331,94.48818000
35.87537811,94.48818000
35.87638291,98.42519000
35.87738771,94.48818000
35.87839251,98.42519000
35.87939731,102.36220000
35.88040211,86.61417000
35.88140691,90.55118000
35.88241171,90.55118000
35.88341651,94.48818000
35.88442131,94.48818000
35.88542611,98.42519000
35.88643091,98.42519000
35.88743571,102.36220000
35.88844051,102.36220000
35.88944531,94.48818000
35.89045011,102.36220000
35.89145491,106.29920000
35.89245971,106.29920000
35.89346451,102.36220000
35.89446931,102.36220000
35.89547411,102.36220000
35.89647891,102.36220000
35.89748371,102.36220000
35.89848851,102.36220000
35.89949331,106.29920000
35.90049811,106.29920000
35.90150291,102.36220000
35.90250771,106.29920000
35.90351251,98.42519000
35.90451731,102.36220000
35.90552211,98.42519000
35.90652691,94.48818000
35.90753171,98.42519000
35.90853651,102.36220000
35.90954131,102.36220000
35.91054611,102.36220000
35.91155091,102.36220000
35.91255571,106.29920000
35.91356051,110.23620000
35.91456531,106.29920000
35.91557011,106.29920000
35.91657491,102.36220000
35.91757971,106.29920000
35.91858451,106.29920000
35.91958931,110.23620000
35.92059411,98.42519000
35.92159891,106.29920000
35.92260371,106.29920000
35.92360851,106.29920000
35.92461331,110.23620000
35.92561811,110.23620000
35.92662291,110.23620000
35.92762771,106.29920000
35.92863251,106.29920000
35.92963731,110.23620000
35.93064211,110.23620000
35.93164691,106.29920000
35.93265171,102.36220000
35.93365651,110.23620000
35.93466131,106.29920000
35.93566611,106.29920000
35.93667091,106.29920000
35.93767571,110.23620000
35.93868051,110.23620000
35.93968531,114.17320000
35.94069011,114.17320000
35.94169491,114.17320000
35.94269971,114.17320000
35.94370451,114.17320000
35.94470931,110.23620000
35.94571411,114.17320000
35.94671891,114.17320000
35.94772371,114.17320000
35.94872851,110.23620000
35.94973331,110.23620000
35.95073811,114.17320000
35.95174291,110.23620000
35.95274771,110.23620000
35.95375251,110.23620000
35.95475731,114.17320000
35.95576211,118.11020000
35.95676691,114.17320000
35.95777171,118.11020000
35.95877651,110.23620000
35.95978131,110.23620000
35.96078611,110.23620000
35.96179091,110.23620000
35.96279571,110.23620000
35.96380051,114.17320000
35.96480531,118.11020000
35.96581011,118.11020000
35.96681491,118.11020000
35.96781971,118.11020000
35.96882451,114.17320000
35.96982931,110.23620000
35.97083411,114.17320000
35.97183891,118.11020000
35.97284371,110.23620000
35.97384851,114.17320000
35.97485331,118.11020000
35.97585811,118.11020000
35.97686291,118.11020000
35.97786771,118.11020000
35.97887251,122.04720000
35.97987731,122.04720000
35.98088211,118.11020000
35.98188691,122.04720000
35.98289171,122.04720000
35.98389651,125.98420000
35.98490131,122.04720000
35.98590611,110.23620000
35.98691091,118.11020000
35.98791571,118.11020000
35.98892051,118.11020000
35.98992531,125.98420000
35.99093011,125.98420000
35.99193491,129.92120000
35.99293971,129.92120000
35.99394451,125.98420000
35.99494931,125.98420000
35.99595411,125.98420000
35.99695891,125.98420000
35.99796371,133.85830000
35.99896851,129.92120000
35.99997331,129.92120000
36.00097811,129.92120000
36.00198291,122.04720000
36.00298771,125.98420000
36.00399251,125.98420000
36.00499731,133.85830000
36.00600211,129.92120000
36.00700691,133.85830000
36.00801171,133.85830000
36.00901651,133.85830000
36.01002131,129.92120000
36.01102611,129.92120000
36.01203091,129.92120000
36.01303571,125.98420000
36.01404051,129.92120000
36.01504531,129.92120000
36.01605010,129.92120000
36.01705490,137.79530000
36.01805970,129.92120000
36.01906450,133.85830000
36.02006930,137.79530000
36.02107410,137.79530000
36.02207890,141.73230000
36.02308370,137.79530000
36.02408850,137.79530000
36.02509330,137.79530000
36.02609810,137.79530000
36.02710290,137.79530000
36.02810770,137.79530000
36.02911250,137.79530000
36.03011730,137.79530000
36.03112210,137.79530000
36.03212690,141.73230000
36.03313170,137.79530000
36.03413650,137.79530000
36.03514130,137.79530000
36.03614610,133.85830000
36.03715090,133.85830000
36.03815570,141.73230000
36.03916050,133.85830000
36.04016530,137.79530000
36.04117010,137.79530000
36.04217490,133.85830000
36.04317970,141.73230000
36.04418450,141.73230000
36.04518930,137.79530000
36.04619410,141.73230000
36.04719890,129.92120000
36.04820370,133.85830000
36.04920850,133.85830000
36.05021330,133.85830000
36.05121810,137.79530000
36.05222290,137.79530000
36.05322770,137.79530000
36.05423250,145.66930000
36.05523730,141.73230000
36.05624210,145.66930000
36.05724690,141.73230000
36.05825170,145.66930000
36.05925650,145.66930000
36.06026130,141.73230000
36.06126610,141.73230000
36.06227090,145.66930000
36.06327570,149.60630000
36.06428050,145.66930000
36.06528530,137.79530000
36.06629010,141.73230000
36.06729490,141.73230000
36.06829970,141.73230000
36.06930450,153.54330000
36.07030930,149.60630000
36.07131410,145.66930000
36.07231890,145.66930000
36.07332370,145.66930000
36.07432850,145.66930000
36.07533330,145.66930000
36.07633810,145.66930000
36.07734290,149.60630000
36.07834770,149.60630000
36.07935250,153.54330000
36.08035730,145.66930000
36.08136210,149.60630000
36.08236690,149.60630000
36.08337170,145.66930000
36.08437650,149.60630000
36.08538130,145.66930000
36.08638610,145.66930000
36.08739090,153.54330000
36.08839570,149.60630000
36.08940050,157.48030000
36.09040530,153.54330000
36.09141010,157.48030000
36.09241490,153.54330000
36.09341970,161.41730000
36.09442450,157.48030000
36.09542930,161.41730000
36.09643410,161.41730000
36.09743890,157.48030000
36.09844370,157.48030000
36.09944850,153.54330000
36.10045330,157.48030000
36.10145810,157.48030000
36.10246290,157.48030000
36.10346770,157.48030000
36.10447250,157.48030000
36.10547730,153.54330000
36.10648210,153.54330000
36.10748690,161.41730000
36.10849170,161.41730000
36.10949650,153.54330000
36.11050130,161.41730000
36.11150610,153.54330000
36.11251090,157.48030000
36.11351570,153.54330000
36.11452050,157.48030000
36.11552530,157.48030000
36.11653010,157.48030000
36.11753490,157.48030000
36.11853970,157.48030000
36.11954450,157.48030000
36.12054930,161.41730000
36.12155410,157.48030000
36.12255890,153.54330000
36.12356370,161.41730000
36.12456850,161.41730000
36.12557330,161.41730000
36.12657810,161.41730000
36.12758290,165.35430000
36.12858770,165.35430000
36.12959250,165.35430000
36.13059730,169.29130000
36.13160210,169.29130000
36.13260690,165.35430000
36.13361170,165.35430000
36.13461650,169.29130000
36.13562130,173.22830000
36.13662610,169.29130000
36.13763090,169.29130000
36.13863570,165.35430000
36.13964050,169.29130000
36.14064530,173.22830000
36.14165010,169.29130000
36.14265490,165.35430000
36.14365970,169.29130000
36.14466450,169.29130000
36.14566930,161.41730000
36.14667410,169.29130000
36.14767890,161.41730000
36.14868370,165.35430000
36.14968850,165.35430000
36.15069330,153.54330000
36.15169810,157.48030000
36.15270290,161.41730000
36.15370770,161.41730000
36.15471250,161.41730000
36.15571730,161.41730000
36.15672210,165.35430000
36.15772690,165.35430000
36.15873170,165.35430000
36.15973650,165.35430000
36.16074130,165.35430000
36.16174610,169.29130000
36.16275090,165.35430000
36.16375570,153.54330000
36.16476050,165.35430000
36.16576530,165.35430000
36.16677010,181.10240000
36.16777490,165.35430000
36.16877970,173.22830000
36.16978450,165.35430000
36.17078930,165.35430000
36.17179410,169.29130000
36.17279890,173.22830000
36.17380370,169.29130000
36.17480850,177.16530000
36.17581330,173.22830000
36.17681810,177.16530000
36.17782290,177.16530000
36.17882770,169.29130000
36.17983250,165.35430000
36.18083730,173.22830000
36.18184210,173.22830000
36.18284690,185.03940000
36.18385170,169.29130000
36.18485650,169.29130000
36.18586130,169.29130000
36.18686610,165.35430000
36.18787090,169.29130000
36.18887570,181.10240000
36.18988050,173.22830000
36.19088530,177.16530000
36.19189010,173.22830000
36.19289490,173.22830000
36.19389970,177.16530000
36.19490450,173.22830000
36.19590930,173.22830000
36.19691410,161.41730000
36.19791890,161.41730000
36.19892370,161.41730000
36.19992850,173.22830000
36.20093330,173.22830000
36.20193810,173.22830000
36.20294290,173.22830000
36.20394770,177.16530000
36.20495250,173.22830000
36.20595730,173.22830000
36.20696210,177.16530000
36.20796690,169.29130000
36.20897170,173.22830000
36.20997650,173.22830000
36.21098130,169.29130000
36.21198610,177.16530000
36.21299090,169.29130000
36.21399570,173.22830000
36.21500050,169.29130000
36.21600530,169.29130000
36.21701010,169.29130000
36.21801490,169.29130000
36.21901970,169.29130000
36.22002450,173.22830000
36.22102930,169.29130000
36.22203410,173.22830000
36.22303890,181.10240000
36.22404370,181.10240000
36.22504850,181.10240000
36.22605330,177.16530000
36.22705810,181.10240000
36.22806290,181.10240000
36.22906770,181.10240000
36.23007250,181.10240000
36.23107730,177.16530000
36.23208210,173.22830000
36.23308690,177.16530000
36.23409170,177.16530000
36.23509650,181.10240000
36.23610130,181.10240000
36.23710610,181.10240000
36.23811090,181.10240000
36.23911570,181.10240000
36.24012050,181.10240000
36.24112530,181.10240000
36.24213010,185.03940000
36.24313490,181.10240000
36.24413970,177.16530000
36.24514450,177.16530000
36.24614930,181.10240000
36.24715410,181.10240000
36.24815890,177.16530000
36.24916370,181.10240000
36.25016850,173.22830000
36.25117330,181.10240000
36.25217810,177.16530000
36.25318290,181.10240000
36.25418770,181.10240000
36.25519250,185.03940000
36.25619730,188.97640000
36.25720210,185.03940000
36.25820690,188.97640000
36.25921170,188.97640000
36.26021650,188.97640000
36.26122130,173.22830000
36.26222610,181.10240000
36.26323090,185.03940000
36.26423570,196.85040000
36.26524050,188.97640000
36.26624530,192.91340000
36.26725010,185.03940000
36.26825490,185.03940000
36.26925970,188.97640000
36.27026450,185.03940000
36.27126930,188.97640000
36.27227410,192.91340000
36.27327890,188.97640000
36.27428370,185.03940000
36.27528850,185.03940000
36.27629330,185.03940000
36.27729810,173.22830000
36.27830290,177.16530000
36.27930770,177.16530000
36.28031250,185.03940000
36.28131730,185.03940000
36.28232210,185.03940000
36.28332690,188.97640000
36.28433170,188.97640000
36.28533650,192.91340000
36.28634130,185.03940000
36.28734610,192.91340000
36.28835090,192.91340000
36.28935570,192.91340000
36.29036050,188.97640000
36.29136530,192.91340000
36.29237010,185.03940000
36.29337490,188.97640000
36.29437970,188.97640000
36.29538450,188.97640000
36.29638930,185.03940000
36.29739410,196.85040000
36.29839890,192.91340000
36.29940370,192.91340000
36.30040850,188.97640000
36.30141330,188.97640000
36.30241810,192.91340000
36.30342290,192.91340000
36.30442770,181.10240000
36.30543250,181.10240000
36.30643730,185.03940000
36.30744210,192.91340000
36.30844690,188.97640000
36.30945170,188.97640000
36.31045650,185.03940000
36.31146130,188.97640000
36.31246610,188.97640000
36.31347090,192.91340000
36.31447570,188.97640000
36.31548050,192.91340000
36.31648530,192.91340000
36.31749010,192.91340000
36.31849490,192.91340000
36.31949970,192.91340000
36.32050450,192.91340000
36.32150930,188.97640000
36.32251410,188.97640000
36.32351890,196.85040000
36.32452370,188.97640000
36.32552850,192.91340000
36.32653330,192.91340000
36.32753810,185.03940000
36.32854290,188.97640000
36.32954770,196.85040000
36.33055250,192.91340000
36.33155730,196.85040000
36.33256210,192.91340000
36.33356690,192.91340000
36.33457170,188.97640000
36.33557650,188.97640000
36.33658130,188.97640000
36.33758610,188.97640000
36.33859090,196.85040000
36.33959570,192.91340000
36.34060050,192.91340000
36.34160530,192.91340000
36.34261010,196.85040000
36.34361490,188.97640000
36.34461970,196.85040000
36.34562449,192.91340000
36.34662929,192.91340000
36.34763409,200.78740000
36.34863889,192.91340000
36.34964369,200.78740000
36.35064849,196.85040000
36.35165329,192.91340000
36.35265809,196.85040000
36.35366289,196.85040000
36.35466769,196.85040000
36.35567249,200.78740000
36.35667729,196.85040000
36.35768209,196.85040000
36.35868689,192.91340000
36.35969169,192.91340000
36.36069649,196.85040000
36.36170129,200.78740000
36.36270609,200.78740000
36.36371089,196.85040000
36.36471569,181.10240000
36.36572049,196.85040000
36.36672529,192.91340000
36.36773009,200.78740000
36.36873489,196.85040000
36.36973969,196.85040000
36.37074449,200.78740000
36.37174929,200.78740000
36.37275409,200.78740000
36.37375889,200.78740000
36.37476369,204.72440000
36.37576849,196.85040000
36.37677329,196.85040000
36.37777809,204.72440000
36.37878289,200.78740000
36.37978769,196.85040000
36.38079249,200.78740000
36.38179729,204.72440000
36.38280209,196.85040000
36.38380689,200.78740000
36.38481169,200.78740000
36.38581649,200.78740000
36.38682129,196.85040000
36.38782609,196.85040000
36.38883089,200.78740000
36.38983569,204.72440000
36.39084049,196.85040000
36.39184529,196.85040000
36.39285009,196.85040000
36.39385489,192.91340000
36.39485969,192.91340000
36.39586449,188.97640000
36.39686929,192.91340000
36.39787409,192.91340000
36.39887889,188.97640000
36.39988369,200.78740000
36.40088849,196.85040000
36.40189329,192.91340000
36.40289809,196.85040000
36.40390289,200.78740000
36.40490769,196.85040000
36.40591249,192.91340000
36.40691729,200.78740000
36.40792209,196.85040000
36.40892689,192.91340000
36.40993169,200.78740000
36.41093649,196.85040000
36.41194129,196.85040000
36.41294609,196.85040000
36.41395089,200.78740000
36.41495569,200.78740000
36.41596049,200.78740000
36.41696529,204.72440000
36.41797009,200.78740000
36.41897489,204.72440000
36.41997969,212.59840000
36.42098449,204.72440000
36.42198929,208.66140000
36.42299409,212.59840000
36.42399889,208.66140000
36.42500369,204.72440000
36.42600849,208.66140000
36.42701329,208.66140000
36.42801809,212.59840000
36.42902289,208.66140000
36.43002769,196.85040000
36.43103249,208.66140000
36.43203729,208.66140000
36.43304209,208.66140000
36.43404689,216.53540000
36.43505169,212.59840000
36.43605649,212.59840000
36.43706129,212.59840000
36.43806609,212.59840000
36.43907089,212.59840000
36.44007569,208.66140000
36.44108049,208.66140000
36.44208529,208.66140000
36.44309009,208.66140000
36.44409489,212.59840000
36.44509969,208.66140000
36.44610449,208.66140000
36.44710929,208.66140000
36.44811409,208.66140000
36.44911889,208.66140000
36.45012369,208.66140000
36.45112849,204.72440000
36.45213329,204.72440000
36.45313809,208.66140000
36.45414289,208.66140000
36.45514769,204.72440000
36.45615249,204.72440000
36.45715729,204.72440000
36.45816209,204.72440000
36.45916689,204.72440000
36.46017169,212.59840000
36.46117649,208.66140000
36.46218129,200.78740000
36.46318609,196.85040000
36.46419089,204.72440000
36.46519569,204.72440000
36.46620049,204.72440000
36.46720529,200.78740000
36.46821009,204.72440000
36.46921489,200.78740000
36.47021969,204.72440000
36.47122449,208.66140000
36.47222929,204.72440000
36.47323409,208.66140000
36.47423889,204.72440000
36.47524369,204.72440000
36.47624849,204.72440000
36.47725329,212.59840000
36.47825809,212.59840000
36.47926289,204.72440000
36.48026769,208.66140000
36.48127249,208.66140000
36.48227729,208.66140000
36.48328209,212.59840000
36.48428689,208.66140000
36.48529169,212.59840000
36.48629649,216.53540000
36.48730129,212.59840000
36.48830609,212.59840000
36.48931089,212.59840000
36.49031569,204.72440000
36.49132049,212.59840000
36.49232529,212.59840000
36.49333009,208.66140000
36.49433489,216.53540000
36.49533969,212.59840000
36.49634449,212.59840000
36.49734929,220.47240000
36.49835409,220.47240000
36.49935889,220.47240000
36.50036369,212.59840000
36.50136849,220.47240000
36.50237329,216.53540000
36.50337809,220.47240000
36.50438289,216.53540000
36.50538769,208.66140000
36.50639249,212.59840000
36.50739729,208.66140000
36.50840209,220.47240000
36.50940689,216.53540000
36.51041169,216.53540000
36.51141649,216.53540000
36.51242129,216.53540000
36.51342609,208.66140000
36.51443089,212.59840000
36.51543569,212.59840000
36.51644049,212.59840000
36.51744529,208.66140000
36.51845009,212.59840000
36.51945489,212.59840000
36.52045969,200.78740000
36.52146449,208.66140000
36.52246929,204.72440000
36.52347409,204.72440000
36.52447889,208.66140000
36.52548369,204.72440000
36.52648849,212.59840000
36.52749329,208.66140000
36.52849809,216.53540000
36.52950289,216.53540000
36.53050769,216.53540000
36.53151249,212.59840000
36.53251729,216.53540000
36.53352209,212.59840000
36.53452689,212.59840000
36.53553169,212.59840000
36.53653649,212.59840000
36.53754129,212.59840000
36.53854609,212.59840000
36.53955089,208.66140000
36.54055569,212.59840000
36.54156049,216.53540000
36.54256529,216.53540000
36.54357009,216.53540000
36.54457489,212.59840000
36.54557969,208.66140000
36.54658449,204.72440000
36.54758929,216.53540000
36.54859409,216.53540000
36.54959889,208.66140000
36.55060369,212.59840000
36.55160849,216.53540000
36.55261329,208.66140000
36.55361809,208.66140000
36.55462289,216.53540000
36.55562769,204.72440000
36.55663249,204.72440000
36.55763729,212.59840000
36.55864209,208.66140000
36.55964689,212.59840000
36.56065169,212.59840000
36.56165649,216.53540000
36.56266129,216.53540000
36.56366609,216.53540000
36.56467089,212.59840000
36.56567569,212.59840000
36.56668049,216.53540000
36.56768529,212.59840000
36.56869009,216.53540000
36.56969489,204.72440000
36.57069969,208.66140000
36.57170449,212.59840000
36.57270929,212.59840000
36.57371409,216.53540000
36.57471889,216.53540000
36.57572369,216.53540000
36.57672849,212.59840000
36.57773329,216.53540000
36.57873809,212.59840000
36.57974289,216.53540000
36.58074769,212.59840000
36.58175249,212.59840000
36.58275729,212.59840000
36.58376209,216.53540000
36.58476689,212.59840000
36.58577169,216.53540000
36.58677649,208.66140000
36.58778129,216.53540000
36.58878609,212.59840000
36.58979089,212.59840000
36.59079569,204.72440000
36.59180049,212.59840000
36.59280529,212.59840000
36.59381009,204.72440000
36.59481489,208.66140000
36.59581969,208.66140000
36.59682449,212.59840000
36.59782929,208.66140000
36.59883409,212.59840000
36.59983889,216.53540000
36.60084369,220.47240000
36.60184849,212.59840000
36.60285329,204.72440000
36.60385809,216.53540000
36.60486289,204.72440000
36.60586769,212.59840000
36.60687249,212.59840000
36.60787729,208.66140000
36.60888209,212.59840000
36.60988689,212.59840000
36.61089169,212.59840000
36.61189649,212.59840000
36.61290129,208.66140000
36.61390609,212.59840000
36.61491089,216.53540000
36.61591569,212.59840000
36.61692049,208.66140000
36.61792529,212.59840000
36.61893009,208.66140000
36.61993489,204.72440000
36.62093969,208.66140000
36.62194449,212.59840000
36.62294929,208.66140000
36.62395409,208.66140000
36.62495889,208.66140000
36.62596369,208.66140000
36.62696849,208.66140000
36.62797329,208.66140000
36.62897809,212.59840000
36.62998289,212.59840000
36.63098769,220.47240000
36.63199249,216.53540000
36.63299729,216.53540000
36.63400209,216.53540000
36.63500689,216.53540000
36.63601169,212.59840000
36.63701649,212.59840000
36.63802129,216.53540000
36.63902609,212.59840000
36.64003089,208.66140000
36.64103569,208.66140000
36.64204049,216.53540000
36.64304529,216.53540000
36.64405009,216.53540000
36.64505489,216.53540000
36.64605969,212.59840000
36.64706449,216.53540000
36.64806929,212.59840000
36.64907409,216.53540000
36.65007889,220.47240000
36.65108369,216.53540000
36.65208849,216.53540000
36.65309329,204.72440000
36.65409809,212.59840000
36.65510289,208.66140000
36.65610769,212.59840000
36.65711249,216.53540000
36.65811729,216.53540000
36.65912209,212.59840000
36.66012689,220.47240000
36.66113169,228.34640000
36.66213649,220.47240000
36.66314129,220.47240000
36.66414609,220.47240000
36.66515089,216.53540000
36.66615569,220.47240000
36.66716049,212.59840000
36.66816529,216.53540000
36.66917009,216.53540000
36.67017489,232.28340000
36.67117969,216.53540000
36.67218449,212.59840000
36.67318929,216.53540000
36.67419408,220.47240000
36.67519888,216.53540000
36.67620368,216.53540000
36.67720848,216.53540000
36.67821328,216.53540000
36.67921808,216.53540000
36.68022288,216.53540000
36.68122768,212.59840000
36.68223248,216.53540000
36.68323728,212.59840000
36.68424208,208.66140000
36.68524688,216.53540000
36.68625168,208.66140000
36.68725648,208.66140000
36.68826128,208.66140000
36.68926608,216.53540000
36.69027088,216.53540000
36.69127568,220.47240000
36.69228048,220.47240000
36.69328528,224.40940000
36.69429008,216.53540000
36.69529488,224.40940000
36.69629968,216.53540000
36.69730448,220.47240000
36.69830928,216.53540000
36.69931408,220.47240000
36.70031888,212.59840000
36.70132368,216.53540000
36.70232848,216.53540000
36.70333328,220.47240000
36.70433808,216.53540000
36.70534288,216.53540000
36.70634768,220.47240000
36.70735248,220.47240000
36.70835728,216.53540000
36.70936208,216.53540000
36.71036688,216.53540000
36.71137168,220.47240000
36.71237648,216.53540000
36.71338128,212.59840000
36.71438608,216.53540000
36.71539088,212.59840000
36.71639568,212.59840000
36.71740048,208.66140000
36.71840528,224.40940000
36.71941008,208.66140000
36.72041488,208.66140000
36.72141968,208.66140000
36.72242448,212.59840000
36.72342928,212.59840000
36.72443408,212.59840000
36.72543888,216.53540000
36.72644368,220.47240000
36.72744848,220.47240000
36.72845328,216.53540000
36.72945808,216.53540000
36.73046288,220.47240000
36.73146768,216.53540000
36.73247248,216.53540000
36.73347728,216.53540000
36.73448208,212.59840000
36.73548688,216.53540000
36.73649168,220.47240000
36.73749648,216.53540000
36.73850128,220.47240000
36.73950608,212.59840000
36.74051088,220.47240000
36.74151568,212.59840000
36.74252048,216.53540000
36.74352528,212.59840000
36.74453008,220.47240000
36.74553488,212.59840000
36.74653968,212.59840000
36.74754448,216.53540000
36.74854928,220.47240000
36.74955408,216.53540000
36.75055888,212.59840000
36.75156368,208.66140000
36.75256848,204.72440000
36.75357328,208.66140000
36.75457808,208.66140000
36.75558288,208.66140000
36.75658768,212.59840000
36.75759248,216.53540000
36.75859728,220.47240000
36.75960208,212.59840000
36.76060688,212.59840000
36.76161168,216.53540000
36.76261648,212.59840000
36.76362128,212.59840000
36.76462608,200.78740000
36.76563088,208.66140000
36.76663568,212.59840000
36.76764048,220.47240000
36.76864528,212.59840000
36.76965008,216.53540000
36.77065488,216.53540000
36.77165968,216.53540000
36.77266448,216.53540000
36.77366928,212.59840000
36.77467408,216.53540000
36.77567888,216.53540000
36.77668368,208.66140000
36.77768848,216.53540000
36.77869328,216.53540000
36.77969808,212.59840000
36.78070288,212.59840000
36.78170768,204.72440000
36.78271248,208.66140000
36.78371728,208.66140000
36.78472208,200.78740000
36.78572688,208.66140000
36.78673168,204.72440000
36.78773648,212.59840000
36.78874128,208.66140000
36.78974608,212.59840000
36.79075088,212.59840000
36.79175568,212.59840000
36.79276048,212.59840000
36.79376528,212.59840000
36.79477008,212.59840000
36.79577488,212.59840000
36.79677968,208.66140000
36.79778448,208.66140000
36.79878928,204.72440000
36.79979408,208.66140000
36.80079888,212.59840000
36.80180368,208.66140000
36.80280848,208.66140000
36.80381328,208.66140000
36.80481808,204.72440000
36.80582288,208.66140000
36.80682768,208.66140000
36.80783248,212.59840000
36.80883728,208.66140000
36.80984208,208.66140000
36.81084688,208.66140000
36.81185168,212.59840000
36.81285648,208.66140000
36.81386128,192.91340000
36.81486608,204.72440000
36.81587088,204.72440000
36.81687568,204.72440000
36.81788048,212.59840000
36.81888528,208.66140000
36.81989008,208.66140000
36.82089488,212.59840000
36.82189968,216.53540000
36.82290448,212.59840000
36.82390928,216.53540000
36.82491408,208.66140000
36.82591888,212.59840000
36.82692368,212.59840000
36.82792848,212.59840000
36.82893328,216.53540000
36.82993808,212.59840000
36.83094288,208.66140000
36.83194768,204.72440000
36.83295248,216.53540000
36.83395728,212.59840000
36.83496208,204.72440000
36.83596688,208.66140000
36.83697168,208.66140000
36.83797648,208.66140000
36.83898128,208.66140000
36.83998608,208.66140000
36.84099088,208.66140000
36.84199568,208.66140000
36.84300048,208.66140000
36.84400528,200.78740000
36.84501008,204.72440000
36.84601488,200.78740000
36.84701968,192.91340000
36.84802448,204.72440000
36.84902928,200.78740000
36.85003408,204.72440000
36.85103888,208.66140000
36.85204368,208.66140000
36.85304848,212.59840000
36.85405328,216.53540000
36.85505808,208.66140000
36.85606288,212.59840000
36.85706768,204.72440000
36.85807248,208.66140000
36.85907728,208.66140000
36.86008208,208.66140000
36.86108688,208.66140000
36.86209168,196.85040000
36.86309648,208.66140000
36.86410128,200.78740000
36.86510608,212.59840000
36.86611088,208.66140000
36.86711568,208.66140000
36.86812048,204.72440000
36.86912528,208.66140000
36.87013008,208.66140000
36.87113488,204.72440000
36.87213968,208.66140000
36.87314448,212.59840000
36.87414928,208.66140000
36.87515408,208.66140000
36.87615888,212.59840000
36.87716368,204.72440000
36.87816848,212.59840000
36.87917328,208.66140000
36.88017808,204.72440000
36.88118288,196.85040000
36.88218768,212.59840000
36.88319248,200.78740000
36.88419728,204.72440000
36.88520208,204.72440000
36.88620688,204.72440000
36.88721168,204.72440000
36.88821648,216.53540000
36.88922128,212.59840000
36.89022608,212.59840000
36.89123088,212.59840000
36.89223568,208.66140000
36.89324048,208.66140000
36.89424528,212.59840000
36.89525008,204.72440000
36.89625488,200.78740000
36.89725968,204.72440000
36.89826448,212.59840000
36.89926928,208.66140000
36.90027408,208.66140000
36.90127888,208.66140000
36.90228368,204.72440000
36.90328848,204.72440000
36.90429328,208.66140000
36.90529808,212.59840000
36.90630288,208.66140000
36.90730768,212.59840000
36.90831248,204.72440000
36.90931728,204.72440000
36.91032208,212.59840000
36.91132688,200.78740000
36.91233168,204.72440000
36.91333648,204.72440000
36.91434128,212.59840000
36.91534608,208.66140000
36.91635088,196.85040000
36.91735568,204.72440000
36.91836048,200.78740000
36.91936528,204.72440000
36.92037008,204.72440000
36.92137488,204.72440000
36.92237968,200.78740000
36.92338448,208.66140000
36.92438928,204.72440000
36.92539408,212.59840000
36.92639888,208.66140000
36.92740368,208.66140000
36.92840848,204.72440000
36.92941328,204.72440000
36.93041808,212.59840000
36.93142288,208.66140000
36.93242768,208.66140000
36.93343248,204.72440000
36.93443728,208.66140000
36.93544208,212.59840000
36.93644688,212.59840000
36.93745168,204.72440000
36.93845648,204.72440000
36.93946128,208.66140000
36.94046608,208.66140000
36.94147088,212.59840000
36.94247568,212.59840000
36.94348048,208.66140000
36.94448528,204.72440000
36.94549008,200.78740000
36.94649488,200.78740000
36.94749968,200.78740000
36.94850448,204.72440000
36.94950928,200.78740000
36.95051408,212.59840000
36.95151888,200.78740000
36.95252368,208.66140000
36.95352848,204.72440000
36.95453328,212.59840000
36.95553808,212.59840000
36.95654288,208.66140000
36.95754768,204.72440000
36.95855248,208.66140000
36.95955728,204.72440000
36.96056208,204.72440000
36.96156688,200.78740000
36.96257168,212.59840000
36.96357648,204.72440000
36.96458128,208.66140000
36.96558608,208.66140000
36.96659088,208.66140000
36.96759568,204.72440000
36.96860048,212.59840000
36.96960528,204.72440000
36.97061008,204.72440000
36.97161488,204.72440000
36.97261968,204.72440000
36.97362448,204.72440000
36.97462928,196.85040000
36.97563408,196.85040000
36.97663888,192.91340000
36.97764368,192.91340000
36.97864848,204.72440000
36.97965328,204.72440000
36.98065808,204.72440000
36.98166288,204.72440000
36.98266768,200.78740000
36.98367248,200.78740000
36.98467728,204.72440000
36.98568208,204.72440000
36.98668688,200.78740000
36.98769168,204.72440000
36.98869648,204.72440000
36.98970128,204.72440000
36.99070608,208.66140000
36.99171088,204.72440000
36.99271568,200.78740000
36.99372048,200.78740000
36.99472528,200.78740000
36.99573008,204.72440000
36.99673488,204.72440000
36.99773968,204.72440000
36.99874448,204.72440000
36.99974928,200.78740000
37.00075408,204.72440000
37.00175888,208.66140000
37.00276367,208.66140000
37.00376847,204.72440000
37.00477327,204.72440000
37.00577807,204.72440000
37.00678287,200.78740000
37.00778767,200.78740000
37.00879247,200.78740000
37.00979727,200.78740000
37.01080207,200.78740000
37.01180687,208.66140000
37.01281167,208.66140000
37.01381647,208.66140000
37.01482127,208.66140000
37.01582607,208.66140000
37.01683087,208.66140000
37.01783567,208.66140000
37.01884047,208.66140000
37.01984527,204.72440000
37.02085007,212.59840000
37.02185487,204.72440000
37.02285967,204.72440000
37.02386447,204.72440000
37.02486927,204.72440000
37.02587407,204.72440000
37.02687887,204.72440000
37.02788367,204.72440000
37.02888847,200.78740000
37.02989327,208.66140000
37.03089807,208.66140000
37.03190287,208.66140000
37.03290767,204.72440000
37.03391247,204.72440000
37.03491727,200.78740000
37.03592207,200.78740000
37.03692687,204.72440000
37.03793167,200.78740000
37.03893647,204.72440000
37.03994127,200.78740000
37.04094607,196.85040000
37.04195087,196.85040000
37.04295567,200.78740000
37.04396047,200.78740000
37.04496527,204.72440000
37.04597007,212.59840000
37.04697487,208.66140000
37.04797967,208.66140000
37.04898447,208.66140000
37.04998927,208.66140000
37.05099407,208.66140000
37.05199887,212.59840000
37.05300367,208.66140000
37.05400847,212.59840000
37.05501327,212.59840000
37.05601807,212.59840000
37.05702287,204.72440000
37.05802767,204.72440000
37.05903247,212.59840000
37.06003727,216.53540000
37.06104207,208.66140000
37.06204687,208.66140000
37.06305167,208.66140000
37.06405647,208.66140000
37.06506127,212.59840000
37.06606607,208.66140000
37.06707087,212.59840000
37.06807567,208.66140000
37.06908047,212.59840000
37.07008527,208.66140000
37.07109007,220.47240000
37.07209487,204.72440000
37.07309967,185.03940000
37.07410447,208.66140000
37.07510927,208.66140000
37.07611407,224.40940000
37.07711887,208.66140000
37.07812367,212.59840000
37.07912847,208.66140000
37.08013327,212.59840000
37.08113807,208.66140000
37.08214287,208.66140000
37.08314767,208.66140000
37.08415247,212.59840000
37.08515727,212.59840000
37.08616207,208.66140000
37.08716687,208.66140000
37.08817167,208.66140000
37.08917647,208.66140000
37.09018127,204.72440000
37.09118607,208.66140000
37.09219087,208.66140000
37.09319567,204.72440000
37.09420047,208.66140000
37.09520527,204.72440000
37.09621007,204.72440000
37.09721487,204.72440000
37.09821967,212.59840000
37.09922447,204.72440000
37.10022927,208.66140000
37.10123407,200.78740000
37.10223887,208.66140000
37.10324367,204.72440000
37.10424847,204.72440000
37.10525327,204.72440000
37.10625807,196.85040000
37.10726287,204.72440000
37.10826767,204.72440000
37.10927247,208.66140000
37.11027727,212.59840000
37.11128207,212.59840000
37.11228687,204.72440000
37.11329167,208.66140000
37.11429647,208.66140000
37.11530127,208.66140000
37.11630607,208.66140000
37.11731087,204.72440000
37.11831567,208.66140000
37.11932047,204.72440000
37.12032527,208.66140000
37.12133007,204.72440000
37.12233487,204.72440000
37.12333967,204.72440000
37.12434447,200.78740000
37.12534927,204.72440000
37.12635407,208.66140000
37.12735887,212.59840000
37.12836367,204.72440000
37.12936847,208.66140000
37.13037327,208.66140000
37.13137807,204.72440000
37.13238287,208.66140000
37.13338767,208.66140000
37.13439247,192.91340000
37.13539727,204.72440000
37.13640207,200.78740000
37.13740687,204.72440000
37.13841167,204.72440000
37.13941647,200.78740000
37.14042127,204.72440000
37.14142607,208.66140000
37.14243087,216.53540000
37.14343567,208.66140000
37.14444047,204.72440000
37.14544527,208.66140000
37.14645007,208.66140000
37.14745487,208.66140000
37.14845967,208.66140000
37.14946447,204.72440000
37.15046927,204.72440000
37.15147407,204.72440000
37.15247887,204.72440000
37.15348367,204.72440000
37.15448847,204.72440000
37.15549327,212.59840000
37.15649807,196.85040000
37.15750287,204.72440000
37.15850767,204.72440000
37.15951247,204.72440000
37.16051727,204.72440000
37.16152207,208.66140000
37.16252687,200.78740000
37.16353167,204.72440000
37.16453647,204.72440000
37.16554127,188.97640000
37.16654607,200.78740000
37.16755087,204.72440000
37.16855567,204.72440000
37.16956047,200.78740000
37.17056527,196.85040000
37.17157007,204.72440000
37.17257487,208.66140000
37.17357967,224.40940000
37.17458447,216.53540000
37.17558927,204.72440000
37.17659407,208.66140000
37.17759887,212.59840000
37.17860367,208.66140000
37.17960847,212.59840000
37.18061327,212.59840000
37.18161807,208.66140000
37.18262287,212.59840000
37.18362767,208.66140000
37.18463247,208.66140000
37.18563727,208.66140000
37.18664207,212.59840000
37.18764687,204.72440000
37.18865167,204.72440000
37.18965647,204.72440000
37.19066127,212.59840000
37.19166607,208.66140000
37.19267087,208.66140000
37.19367567,208.66140000
37.19468047,212.59840000
37.19568527,196.85040000
37.19669007,208.66140000
37.19769487,200.78740000
37.19869967,208.66140000
37.19970447,208.66140000
37.20070927,204.72440000
37.20171407,208.66140000
37.20271887,216.53540000
37.20372367,204.72440000
37.20472847,212.59840000
37.20573327,204.72440000
37.20673807,212.59840000
37.20774287,212.59840000
37.20874767,212.59840000
37.20975247,216.53540000
37.21075727,216.53540000
37.21176207,212.59840000
37.21276687,212.59840000
37.21377167,212.59840000
37.21477647,208.66140000
37.21578127,212.59840000
37.21678607,212.59840000
37.21779087,212.59840000
37.21879567,216.53540000
37.21980047,208.66140000
37.22080527,212.59840000
37.22181007,208.66140000
37.22281487,208.66140000
37.22381967,204.72440000
37.22482447,208.66140000
37.22582927,200.78740000
37.22683407,204.72440000
37.22783887,204.72440000
37.22884367,208.66140000
37.22984847,204.72440000
37.23085327,204.72440000
37.23185807,208.66140000
37.23286287,216.53540000
37.23386767,208.66140000
37.23487247,212.59840000
37.23587727,208.66140000
37.23688207,204.72440000
37.23788687,204.72440000
37.23889167,208.66140000
37.23989647,212.59840000
37.24090127,204.72440000
37.24190607,208.66140000
37.24291087,208.66140000
37.24391567,204.72440000
37.24492047,204.72440000
37.24592527,208.66140000
37.24693007,200.78740000
37.24793487,208.66140000
37.24893967,204.72440000
37.24994447,208.66140000
37.25094927,200.78740000
37.25195407,200.78740000
37.25295887,200.78740000
37.25396367,204.72440000
37.25496847,212.59840000
37.25597327,204.72440000
37.25697807,204.72440000
37.25798287,200.78740000
37.25898767,188.97640000
37.25999247,196.85040000
37.26099727,200.78740000
37.26200207,200.78740000
37.26300687,200.78740000
37.26401167,200.78740000
37.26501647,204.72440000
37.26602127,204.72440000
37.26702607,204.72440000
37.26803087,196.85040000
37.26903567,196.85040000
37.27004047,200.78740000
37.27104527,208.66140000
37.27205007,200.78740000
37.27305487,200.78740000
37.27405967,204.72440000
37.27506447,204.72440000
37.27606927,200.78740000
37.27707407,196.85040000
37.27807887,200.78740000
37.27908367,200.78740000
37.28008847,200.78740000
37.28109327,200.78740000
37.28209807,196.85040000
37.28310287,196.85040000
37.28410767,196.85040000
37.28511247,192.91340000
37.28611727,192.91340000
37.28712207,196.85040000
37.28812687,192.91340000
37.28913167,196.85040000
37.29013647,192.91340000
37.29114127,192.91340000
37.29214607,192.91340000
37.29315087,177.16530000
37.29415567,196.85040000
37.29516047,188.97640000
37.29616527,200.78740000
37.29717007,196.85040000
37.29817487,196.85040000
37.29917967,196.85040000
37.30018447,200.78740000
37.30118927,196.85040000
37.30219407,200.78740000
37.30319887,196.85040000
37.30420367,196.85040000
37.30520847,200.78740000
37.30621327,192.91340000
37.30721807,196.85040000
37.30822287,196.85040000
37.30922767,200.78740000
37.31023247,192.91340000
37.31123727,192.91340000
37.31224207,200.78740000
37.31324687,192.91340000
37.31425167,196.85040000
37.31525647,196.85040000
37.31626127,188.97640000
37.31726607,192.91340000
37.31827087,185.03940000
37.31927567,192.91340000
37.32028047,192.91340000
37.32128527,196.85040000
37.32229007,188.97640000
37.32329487,192.91340000
37.32429967,196.85040000
37.32530447,188.97640000
37.32630927,185.03940000
37.32731407,185.03940000
37.32831887,188.97640000
37.32932367,192.91340000
37.33032847,192.91340000
37.33133327,192.91340000
37.33233806,192.91340000
37.33334286,192.91340000
37.33434766,188.97640000
37.33535246,192.91340000
37.33635726,196.85040000
37.33736206,200.78740000
37.33836686,192.91340000
37.33937166,196.85040000
37.34037646,188.97640000
37.34138126,196.85040000
37.34238606,196.85040000
37.34339086,192.91340000
37.34439566,192.91340000
37.34540046,192.91340000
37.34640526,200.78740000
37.34741006,188.97640000
37.34841486,200.78740000
37.34941966,192.91340000
37.35042446,192.91340000
37.35142926,192.91340000
37.35243406,192.91340000
37.35343886,196.85040000
37.35444366,196.85040000
37.35544846,188.97640000
37.35645326,188.97640000
37.35745806,192.91340000
37.35846286,192.91340000
37.35946766,188.97640000
37.36047246,192.91340000
37.36147726,192.91340000
37.36248206,196.85040000
37.36348686,200.78740000
37.36449166,196.85040000
37.36549646,188.97640000
37.36650126,192.91340000
37.36750606,192.91340000
37.36851086,204.72440000
37.36951566,196.85040000
37.37052046,196.85040000
37.37152526,196.85040000
37.37253006,192.91340000
37.37353486,196.85040000
37.37453966,196.85040000
37.37554446,200.78740000
37.37654926,204.72440000
37.37755406,196.85040000
37.37855886,196.85040000
37.37956366,196.85040000
37.38056846,196.85040000
37.38157326,196.85040000
37.38257806,188.97640000
37.38358286,188.97640000
37.38458766,192.91340000
37.38559246,204.72440000
37.38659726,196.85040000
37.38760206,192.91340000
37.38860686,192.91340000
37.38961166,196.85040000
37.39061646,192.91340000
37.39162126,196.85040000
37.39262606,196.85040000
37.39363086,200.78740000
37.39463566,204.72440000
37.39564046,204.72440000
37.39664526,200.78740000
37.39765006,196.85040000
37.39865486,200.78740000
37.39965966,200.78740000
37.40066446,192.91340000
37.40166926,200.78740000
37.40267406,200.78740000
37.40367886,196.85040000
37.40468366,200.78740000
37.40568846,200.78740000
37.40669326,192.91340000
37.40769806,204.72440000
37.40870286,200.78740000
37.40970766,200.78740000
37.41071246,192.91340000
37.41171726,200.78740000
37.41272206,196.85040000
37.41372686,196.85040000
37.41473166,196.85040000
37.41573646,196.85040000
37.41674126,188.97640000
37.41774606,196.85040000
37.41875086,185.03940000
37.41975566,188.97640000
37.42076046,188.97640000
37.42176526,196.85040000
37.42277006,200.78740000
37.42377486,196.85040000
37.42477966,200.78740000
37.42578446,200.78740000
37.42678926,200.78740000
37.42779406,200.78740000
37.42879886,200.78740000
37.42980366,204.72440000
37.43080846,200.78740000
37.43181326,196.85040000
37.43281806,200.78740000
37.43382286,200.78740000
37.43482766,200.78740000
37.43583246,196.85040000
37.43683726,196.85040000
37.43784206,200.78740000
37.43884686,200.78740000
37.43985166,196.85040000
37.44085646,204.72440000
37.44186126,200.78740000
37.44286606,200.78740000
37.44387086,200.78740000
37.44487566,200.78740000
37.44588046,196.85040000
37.44688526,200.78740000
37.44789006,196.85040000
37.44889486,196.85040000
37.44989966,200.78740000
37.45090446,196.85040000
37.45190926,200.78740000
37.45291406,200.78740000
37.45391886,188.97640000
37.45492366,200.78740000
37.45592846,200.78740000
37.45693326,196.85040000
37.45793806,200.78740000
37.45894286,192.91340000
37.45994766,196.85040000
37.46095246,200.78740000
37.46195726,196.85040000
37.46296206,196.85040000
37.46396686,196.85040000
37.46497166,196.85040000
37.46597646,204.72440000
37.46698126,200.78740000
37.46798606,200.78740000
37.46899086,192.91340000
37.46999566,200.78740000
37.47100046,196.85040000
37.47200526,196.85040000
37.47301006,200.78740000
37.47401486,196.85040000
37.47501966,196.85040000
37.47602446,200.78740000
37.47702926,196.85040000
37.47803406,196.85040000
37.47903886,200.78740000
37.48004366,196.85040000
37.48104846,192.91340000
37.48205326,196.85040000
37.48305806,196.85040000
37.48406286,192.91340000
37.48506766,196.85040000
37.48607246,188.97640000
37.48707726,185.03940000
37.48808206,192.91340000
37.48908686,188.97640000
37.49009166,192.91340000
37.49109646,196.85040000
37.49210126,200.78740000
37.49310606,196.85040000
37.49411086,196.85040000
37.49511566,200.78740000
37.49612046,192.91340000
37.49712526,196.85040000
37.49813006,196.85040000
37.49913486,200.78740000
37.50013966,196.85040000
37.50114446,192.91340000
37.50214926,196.85040000
37.50315406,200.78740000
37.50415886,192.91340000
37.50516366,200.78740000
37.50616846,196.85040000
37.50717326,196.85040000
37.50817806,196.85040000
37.50918286,192.91340000
37.51018766,188.97640000
37.51119246,196.85040000
37.51219726,188.97640000
37.51320206,196.85040000
37.51420686,196.85040000
37.51521166,196.85040000
37.51621646,188.97640000
37.51722126,188.97640000
37.51822606,188.97640000
37.51923086,188.97640000
37.52023566,196.85040000
37.52124046,192.91340000
37.52224526,188.97640000
37.52325006,196.85040000
37.52425486,196.85040000
37.52525966,196.85040000
37.52626446,200.78740000
37.52726926,200.78740000
37.52827406,196.85040000
37.52927886,192.91340000
37.53028366,196.85040000
37.53128846,192.91340000
37.53229326,196.85040000
37.53329806,192.91340000
37.53430286,200.78740000
37.53530766,188.97640000
37.53631246,192.91340000
37.53731726,196.85040000
37.53832206,200.78740000
37.53932686,196.85040000
37.54033166,200.78740000
37.54133646,196.85040000
37.54234126,196.85040000
37.54334606,200.78740000
37.54435086,192.91340000
37.54535566,188.97640000
37.54636046,192.91340000
37.54736526,188.97640000
37.54837006,200.78740000
37.54937486,185.03940000
37.55037966,185.03940000
37.55138446,196.85040000
37.55238926,196.85040000
37.55339406,196.85040000
37.55439886,200.78740000
37.55540366,196.85040000
37.55640846,200.78740000
37.55741326,188.97640000
37.55841806,196.85040000
37.55942286,204.72440000
37.56042766,192.91340000
37.56143246,188.97640000
37.56243726,188.97640000
37.56344206,196.85040000
37.56444686,200.78740000
37.56545166,200.78740000
37.56645646,200.78740000
37.56746126,200.78740000
37.56846606,200.78740000
37.56947086,200.78740000
37.57047566,192.91340000
37.57148046,196.85040000
37.57248526,200.78740000
37.57349006,200.78740000
37.57449486,192.91340000
37.57549966,200.78740000
37.57650446,188.97640000
37.57750926,196.85040000
37.57851406,196.85040000
37.57951886,212.59840000
37.58052366,200.78740000
37.58152846,200.78740000
37.58253326,196.85040000
37.58353806,188.97640000
37.58454286,188.97640000
37.58554766,196.85040000
37.58655246,192.91340000
37.58755726,196.85040000
37.58856206,196.85040000
37.58956686,200.78740000
37.59057166,196.85040000
37.59157646,196.85040000
37.59258126,200.78740000
37.59358606,192.91340000
37.59459086,192.91340000
37.59559566,192.91340000
37.59660046,196.85040000
37.59760526,192.91340000
37.59861006,196.85040000
37.59961486,200.78740000
37.60061966,196.85040000
37.60162446,192.91340000
37.60262926,192.91340000
37.60363406,200.78740000
37.60463886,196.85040000
37.60564366,188.97640000
37.60664846,188.97640000
37.60765326,200.78740000
37.60865806,196.85040000
37.60966286,192.91340000
37.61066766,196.85040000
37.61167246,200.78740000
37.61267726,196.85040000
37.61368206,196.85040000
37.61468686,177.16530000
37.61569166,188.97640000
37.61669646,192.91340000
37.61770126,192.91340000
37.61870606,188.97640000
37.61971086,196.85040000
37.62071566,200.78740000
37.62172046,196.85040000
37.62272526,200.78740000
37.62373006,200.78740000
37.62473486,200.78740000
37.62573966,188.97640000
37.62674446,196.85040000
37.62774926,192.91340000
37.62875406,204.72440000
37.62975886,200.78740000
37.63076366,200.78740000
37.63176846,192.91340000
37.63277326,200.78740000
37.63377806,196.85040000
37.63478286,192.91340000
37.63578766,196.85040000
37.63679246,196.85040000
37.63779726,196.85040000
37.63880206,192.91340000
37.63980686,200.78740000
37.64081166,192.91340000
37.64181646,192.91340000
37.64282126,196.85040000
37.64382606,192.91340000
37.64483086,192.91340000
37.64583566,185.03940000
37.64684046,192.91340000
37.64784526,185.03940000
37.64885006,192.91340000
37.64985486,192.91340000
37.65085966,192.91340000
37.65186446,196.85040000
37.65286926,196.85040000
37.65387406,196.85040000
37.65487886,196.85040000
37.65588366,196.85040000
37.65688846,200.78740000
37.65789326,188.97640000
37.65889806,196.85040000
37.65990286,192.91340000
37.66090765,196.85040000
37.66191245,196.85040000
37.66291725,196.85040000
37.66392205,192.91340000
37.66492685,200.78740000
37.66593165,192.91340000
37.66693645,188.97640000
37.66794125,192.91340000
37.66894605,192.91340000
37.66995085,196.85040000
37.67095565,196.85040000
37.67196045,192.91340000
37.67296525,196.85040000
37.67397005,177.16530000
37.67497485,188.97640000
37.67597965,196.85040000
37.67698445,216.53540000
37.67798925,192.91340000
37.67899405,188.97640000
37.67999885,185.03940000
37.68100365,188.97640000
37.68200845,192.91340000
37.68301325,192.91340000
37.68401805,192.91340000
37.68502285,196.85040000
37.68602765,196.85040000
37.68703245,196.85040000
37.68803725,196.85040000
37.68904205,200.78740000
37.69004685,200.78740000
37.69105165,192.91340000
37.69205645,196.85040000
37.69306125,192.91340000
37.69406605,200.78740000
37.69507085,188.97640000
37.69607565,192.91340000
37.69708045,192.91340000
37.69808525,192.91340000
37.69909005,196.85040000
37.70009485,192.91340000
37.70109965,196.85040000
37.70210445,192.91340000
37.70310925,196.85040000
37.70411405,196.85040000
37.70511885,192.91340000
37.70612365,192.91340000
37.70712845,188.97640000
37.70813325,192.91340000
37.70913805,188.97640000
37.71014285,196.85040000
37.71114765,192.91340000
37.71215245,181.10240000
37.71315725,188.97640000
37.71416205,185.03940000
37.71516685,185.03940000
37.71617165,188.97640000
37.71717645,188.97640000
37.71818125,192.91340000
37.71918605,196.85040000
37.72019085,200.78740000
37.72119565,196.85040000
37.72220045,188.97640000
37.72320525,196.85040000
37.72421005,192.91340000
37.72521485,188.97640000
37.72621965,192.91340000
37.72722445,200.78740000
37.72822925,192.91340000
37.72923405,188.97640000
37.73023885,192.91340000
37.73124365,192.91340000
37.73224845,192.91340000
37.73325325,192.91340000
37.73425805,196.85040000
37.73526285,192.91340000
37.73626765,192.91340000
37.73727245,192.91340000
37.73827725,192.91340000
37.73928205,192.91340000
37.74028685,188.97640000
37.74129165,192.91340000
37.74229645,192.91340000
37.74330125,188.97640000
37.74430605,188.97640000
37.74531085,181.10240000
37.74631565,181.10240000
37.74732045,188.97640000
37.74832525,192.91340000
37.74933005,181.10240000
37.75033485,188.97640000
37.75133965,196.85040000
37.75234445,188.97640000
37.75334925,192.91340000
37.75435405,196.85040000
37.75535885,196.85040000
37.75636365,188.97640000
37.75736845,192.91340000
37.75837325,192.91340000
37.75937805,192.91340000
37.76038285,192.91340000
37.76138765,192.91340000
37.76239245,188.97640000
37.76339725,185.03940000
37.76440205,192.91340000
37.76540685,192.91340000
37.76641165,196.85040000
37.76741645,192.91340000
37.76842125,192.91340000
37.76942605,188.97640000
37.77043085,192.91340000
37.77143565,185.03940000
37.77244045,188.97640000
37.77344525,185.03940000
37.77445005,196.85040000
37.77545485,192.91340000
37.77645965,192.91340000
37.77746445,188.97640000
37.77846925,181.10240000
37.77947405,188.97640000
37.78047885,188.97640000
37.78148365,188.97640000
37.78248845,192.91340000
37.78349325,188.97640000
37.78449805,188.97640000
37.78550285,188.97640000
37.78650765,188.97640000
37.78751245,192.91340000
37.78851725,185.03940000
37.78952205,185.03940000
37.79052685,188.97640000
37.79153165,192.91340000
37.79253645,188.97640000
37.79354125,188.97640000
37.79454605,188.97640000
37.79555085,188.97640000
37.79655565,188.97640000
37.79756045,185.03940000
37.79856525,185.03940000
37.79957005,188.97640000
37.80057485,181.10240000
37.80157965,188.97640000
37.80258445,188.97640000
37.80358925,188.97640000
37.80459405,188.97640000
37.80559885,181.10240000
37.80660365,185.03940000
37.80760845,192.91340000
37.80861325,169.29130000
37.80961805,181.10240000
37.81062285,181.10240000
37.81162765,185.03940000
37.81263245,188.97640000
37.81363725,185.03940000
37.81464205,188.97640000
37.81564685,188.97640000
37.81665165,188.97640000
37.81765645,181.10240000
37.81866125,192.91340000
37.81966605,188.97640000
37.82067085,181.10240000
37.82167565,181.10240000
37.82268045,181.10240000
37.82368525,188.97640000
37.82469005,188.97640000
37.82569485,188.97640000
37.82669965,188.97640000
37.82770445,185.03940000
37.82870925,185.03940000
37.82971405,185.03940000
37.83071885,188.97640000
37.83172365,188.97640000
37.83272845,188.97640000
37.83373325,181.10240000
37.83473805,185.03940000
37.83574285,188.97640000
37.83674765,181.10240000
37.83775245,177.16530000
37.83875725,181.10240000
37.83976205,185.03940000
37.84076685,173.22830000
37.84177165,181.10240000
37.84277645,177.16530000
37.84378125,177.16530000
37.84478605,181.10240000
37.84579085,181.10240000
37.84679565,181.10240000
37.84780045,181.10240000
37.84880525,185.03940000
37.84981005,185.03940000
37.85081485,181.10240000
37.85181965,185.03940000
37.85282445,185.03940000
37.85382925,177.16530000
37.85483405,185.03940000
37.85583885,177.16530000
37.85684365,185.03940000
37.85784845,177.16530000
37.85885325,177.16530000
37.85985805,181.10240000
37.86086285,181.10240000
37.86186765,188.97640000
37.86287245,185.03940000
37.86387725,185.03940000
37.86488205,181.10240000
37.86588685,181.10240000
37.86689165,177.16530000
37.86789645,181.10240000
37.86890125,185.03940000
37.86990605,177.16530000
37.87091085,181.10240000
37.87191565,177.16530000
37.87292045,185.03940000
37.87392525,181.10240000
37.87493005,181.10240000
37.87593485,177.16530000
37.87693965,177.16530000
37.87794445,181.10240000
37.87894925,177.16530000
37.87995405,181.10240000
37.88095885,181.10240000
37.88196365,185.03940000
37.88296845,177.16530000
37.88397325,185.03940000
37.88497805,181.10240000
37.88598285,181.10240000
37.88698765,181.10240000
37.88799245,185.03940000
37.88899725,181.10240000
37.89000205,181.10240000
37.89100685,177.16530000
37.89201165,173.22830000
37.89301645,185.03940000
37.89402125,181.10240000
37.89502605,181.10240000
37.89603085,181.10240000
37.89703565,181.10240000
37.89804045,177.16530000
37.89904525,181.10240000
37.90005005,185.03940000
37.90105485,185.03940000
37.90205965,177.16530000
37.90306445,177.16530000
37.90406925,181.10240000
37.90507405,188.97640000
37.90607885,181.10240000
37.90708365,169.29130000
37.90808845,173.22830000
37.90909325,177.16530000
37.91009805,181.10240000
37.91110285,177.16530000
37.91210765,177.16530000
37.91311245,181.10240000
37.91411725,181.10240000
37.91512205,177.16530000
37.91612685,185.03940000
37.91713165,177.16530000
37.91813645,177.16530000
37.91914125,181.10240000
37.92014605,181.10240000
37.92115085,177.16530000
37.92215565,181.10240000
37.92316045,181.10240000
37.92416525,177.16530000
37.92517005,181.10240000
37.92617485,181.10240000
37.92717965,188.97640000
37.92818445,181.10240000
37.92918925,181.10240000
37.93019405,177.16530000
37.93119885,181.10240000
37.93220365,181.10240000
37.93320845,181.10240000
37.93421325,177.16530000
37.93521805,177.16530000
37.93622285,177.16530000
37.93722765,185.03940000
37.93823245,181.10240000
37.93923725,188.97640000
37.94024205,173.22830000
37.94124685,177.16530000
37.94225165,173.22830000
37.94325645,177.16530000
37.94426125,177.16530000
37.94526605,181.10240000
37.94627085,177.16530000
37.94727565,181.10240000
37.94828045,181.10240000
37.94928525,185.03940000
37.95029005,177.16530000
37.95129485,177.16530000
37.95229965,177.16530000
37.95330445,177.16530000
37.95430925,181.10240000
37.95531405,181.10240000
37.95631885,177.16530000
37.95732365,181.10240000
37.95832845,181.10240000
37.95933325,181.10240000
37.96033805,181.10240000
37.96134285,181.10240000
37.96234765,181.10240000
37.96335245,181.10240000
37.96435725,177.16530000
37.96536205,185.03940000
37.96636685,173.22830000
37.96737165,181.10240000
37.96837645,177.16530000
37.96938125,181.10240000
37.97038605,177.16530000
37.97139085,188.97640000
37.97239565,173.22830000
37.97340045,177.16530000
37.97440525,169.29130000
37.97541005,173.22830000
37.97641485,177.16530000
37.97741965,181.10240000
37.97842445,173.22830000
37.97942925,185.03940000
37.98043405,181.10240000
37.98143885,177.16530000
37.98244365,177.16530000
37.98344845,177.16530000
37.98445325,173.22830000
37.98545805,181.10240000
37.98646285,181.10240000
37.98746765,173.22830000
37.98847245,181.10240000
37.98947724,173.22830000
37.99048204,177.16530000
37.99148684,173.22830000
37.99249164,177.16530000
37.99349644,177.16530000
37.99450124,177.16530000
37.99550604,177.16530000
37.99651084,177.16530000
37.99751564,177.16530000
37.99852044,177.16530000
37.99952524,177.16530000
38.00053004,177.16530000
38.00153484,177.16530000
38.00253964,181.10240000
38.00354444,169.29130000
38.00454924,177.16530000
38.00555404,173.22830000
38.00655884,173.22830000
38.00756364,173.22830000
38.00856844,177.16530000
38.00957324,177.16530000
38.01057804,173.22830000
38.01158284,188.97640000
38.01258764,177.16530000
38.01359244,181.10240000
38.01459724,181.10240000
38.01560204,173.22830000
38.01660684,177.16530000
38.01761164,177.16530000
38.01861644,181.10240000
38.01962124,181.10240000
38.02062604,181.10240000
38.02163084,173.22830000
38.02263564,177.16530000
38.02364044,177.16530000
38.02464524,177.16530000
38.02565004,177.16530000
38.02665484,177.16530000
38.02765964,173.22830000
38.02866444,177.16530000
38.02966924,181.10240000
38.03067404,177.16530000
38.03167884,169.29130000
38.03268364,169.29130000
38.03368844,173.22830000
38.03469324,177.16530000
38.03569804,177.16530000
38.03670284,173.22830000
38.03770764,169.29130000
38.03871244,181.10240000
38.03971724,173.22830000
38.04072204,169.29130000
38.04172684,177.16530000
38.04273164,173.22830000
38.04373644,177.16530000
38.04474124,177.16530000
38.04574604,177.16530000
38.04675084,177.16530000
38.04775564,177.16530000
38.04876044,177.16530000
38.04976524,177.16530000
38.05077004,173.22830000
38.05177484,181.10240000
38.05277964,173.22830000
38.05378444,181.10240000
38.05478924,181.10240000
38.05579404,177.16530000
38.05679884,177.16530000
38.05780364,181.10240000
38.05880844,173.22830000
38.05981324,181.10240000
38.06081804,177.16530000
38.06182284,181.10240000
38.06282764,181.10240000
38.06383244,177.16530000
38.06483724,177.16530000
38.06584204,169.29130000
38.06684684,181.10240000
38.06785164,177.16530000
38.06885644,181.10240000
38.06986124,177.16530000
38.07086604,173.22830000
38.07187084,177.16530000
38.07287564,192.91340000
38.07388044,169.29130000
38.07488524,177.16530000
38.07589004,173.22830000
38.07689484,177.16530000
38.07789964,177.16530000
38.07890444,181.10240000
38.07990924,169.29130000
38.08091404,177.16530000
38.08191884,177.16530000
38.08292364,192.91340000
38.08392844,181.10240000
38.08493324,181.10240000
38.08593804,181.10240000
38.08694284,173.22830000
38.08794764,177.16530000
38.08895244,173.22830000
38.08995724,177.16530000
38.09096204,177.16530000
38.09196684,177.16530000
38.09297164,173.22830000
38.09397644,173.22830000
38.09498124,173.22830000
38.09598604,173.22830000
38.09699084,173.22830000
38.09799564,173.22830000
38.09900044,173.22830000
38.10000524,181.10240000
38.10101004,173.22830000
38.10201484,177.16530000
38.10301964,173.22830000
38.10402444,177.16530000
38.10502924,181.10240000
38.10603404,181.10240000
38.10703884,169.29130000
38.10804364,173.22830000
38.10904844,169.29130000
38.11005324,173.22830000
38.11105804,169.29130000
38.11206284,173.22830000
38.11306764,169.29130000
38.11407244,173.22830000
38.11507724,173.22830000
38.11608204,185.03940000
38.11708684,177.16530000
38.11809164,181.10240000
38.11909644,177.16530000
38.12010124,177.16530000
38.12110604,173.22830000
38.12211084,177.16530000
38.12311564,177.16530000
38.12412044,177.16530000
38.12512524,181.10240000
38.12613004,177.16530000
38.12713484,177.16530000
38.12813964,173.22830000
38.12914444,169.29130000
38.13014924,173.22830000
38.13115404,173.22830000
38.13215884,177.16530000
38.13316364,177.16530000
38.13416844,173.22830000
38.13517324,177.16530000
38.13617804,177.16530000
38.13718284,177.16530000
38.13818764,173.22830000
38.13919244,177.16530000
38.14019724,177.16530000
38.14120204,173.22830000
38.14220684,169.29130000
38.14321164,173.22830000
38.14421644,165.35430000
38.14522124,165.35430000
38.14622604,165.35430000
38.14723084,173.22830000
38.14823564,181.10240000
38.14924044,173.22830000
38.15024524,169.29130000
38.15125004,173.22830000
38.15225484,177.16530000
38.15325964,173.22830000
38.15426444,177.16530000
38.15526924,181.10240000
38.15627404,177.16530000
38.15727884,173.22830000
38.15828364,173.22830000
38.15928844,177.16530000
38.16029324,173.22830000
38.16129804,173.22830000
38.16230284,169.29130000
38.16330764,173.22830000
38.16431244,177.16530000
38.16531724,173.22830000
38.16632204,177.16530000
38.16732684,173.22830000
38.16833164,177.16530000
38.16933644,177.16530000
38.17034124,173.22830000
38.17134604,173.22830000
38.17235084,173.22830000
38.17335564,185.03940000
38.17436044,173.22830000
38.17536524,169.29130000
38.17637004,173.22830000
38.17737484,161.41730000
38.17837964,173.22830000
38.17938444,173.22830000
38.18038924,200.78740000
38.18139404,173.22830000
38.18239884,181.10240000
38.18340364,177.16530000
38.18440844,173.22830000
38.18541324,173.22830000
38.18641804,181.10240000
38.18742284,173.22830000
38.18842764,177.16530000
38.18943244,177.16530000
38.19043724,173.22830000
38.19144204,173.22830000
38.19244684,173.22830000
38.19345164,177.16530000
38.19445644,169.29130000
38.19546124,173.22830000
38.19646604,169.29130000
38.19747084,177.16530000
38.19847564,177.16530000
38.19948044,173.22830000
38.20048524,177.16530000
38.20149004,173.22830000
38.20249484,173.22830000
38.20349964,173.22830000
38.20450444,181.10240000
38.20550924,181.10240000
38.20651404,161.41730000
38.20751884,173.22830000
38.20852364,173.22830000
38.20952844,173.22830000
38.21053324,169.29130000
38.21153804,173.22830000
38.21254284,173.22830000
38.21354764,173.22830000
38.21455244,181.10240000
38.21555724,173.22830000
38.21656204,177.16530000
38.21756684,185.03940000
38.21857164,177.16530000
38.21957644,177.16530000
38.22058124,181.10240000
38.22158604,173.22830000
38.22259084,177.16530000
38.22359564,177.16530000
38.22460044,173.22830000
38.22560524,177.16530000
38.22661004,173.22830000
38.22761484,169.29130000
38.22861964,177.16530000
38.22962444,173.22830000
38.23062924,177.16530000
38.23163404,173.22830000
38.23263884,173.22830000
38.23364364,177.16530000
38.23464844,177.16530000
38.23565324,177.16530000
38.23665804,181.10240000
38.23766284,173.22830000
38.23866764,173.22830000
38.23967244,177.16530000
38.24067724,177.16530000
38.24168204,169.29130000
38.24268684,169.29130000
38.24369164,169.29130000
38.24469644,173.22830000
38.24570124,173.22830000
38.24670604,177.16530000
38.24771084,173.22830000
38.24871564,173.22830000
38.24972044,181.10240000
38.25072524,181.10240000
38.25173004,181.10240000
38.25273484,181.10240000
38.25373964,177.16530000
38.25474444,177.16530000
38.25574924,177.16530000
38.25675404,177.16530000
38.25775884,173.22830000
38.25876364,169.29130000
38.25976844,173.22830000
38.26077324,169.29130000
38.26177804,177.16530000
38.26278284,177.16530000
38.26378764,173.22830000
38.26479244,177.16530000
38.26579724,177.16530000
38.26680204,173.22830000
38.26780684,177.16530000
38.26881164,177.16530000
38.26981644,173.22830000
38.27082124,177.16530000
38.27182604,177.16530000
38.27283084,177.16530000
38.27383564,177.16530000
38.27484044,161.41730000
38.27584524,165.35430000
38.27685004,169.29130000
38.27785484,185.03940000
38.27885964,173.22830000
38.27986444,173.22830000
38.28086924,173.22830000
38.28187404,177.16530000
38.28287884,177.16530000
38.28388364,181.10240000
38.28488844,177.16530000
38.28589324,177.16530000
38.28689804,173.22830000
38.28790284,173.22830000
38.28890764,177.16530000
38.28991244,177.16530000
38.29091724,177.16530000
38.29192204,173.22830000
38.29292684,177.16530000
38.29393164,173.22830000
38.29493644,177.16530000
38.29594124,177.16530000
38.29694604,177.16530000
38.29795084,177.16530000
38.29895564,173.22830000
38.29996044,173.22830000
38.30096524,177.16530000
38.30197004,181.10240000
38.30297484,181.10240000
38.30397964,177.16530000
38.30498444,173.22830000
38.30598924,181.10240000
38.30699404,177.16530000
38.30799884,177.16530000
38.30900364,169.29130000
38.31000844,169.29130000
38.31101324,177.16530000
38.31201804,173.22830000
38.31302284,177.16530000
38.31402764,177.16530000
38.31503244,181.10240000
38.31603724,173.22830000
38.31704204,173.22830000
38.31804684,177.16530000
38.31905163,177.16530000
38.32005643,177.16530000
38.32106123,173.22830000
38.32206603,177.16530000
38.32307083,177.16530000
38.32407563,169.29130000
38.32508043,173.22830000
38.32608523,173.22830000
38.32709003,173.22830000
38.32809483,177.16530000
38.32909963,177.16530000
38.33010443,173.22830000
38.33110923,173.22830000
38.33211403,177.16530000
38.33311883,177.16530000
38.33412363,177.16530000
38.33512843,177.16530000
38.33613323,177.16530000
38.33713803,169.29130000
38.33814283,173.22830000
38.33914763,173.22830000
38.34015243,165.35430000
38.34115723,161.41730000
38.34216203,161.41730000
38.34316683,173.22830000
38.34417163,169.29130000
38.34517643,173.22830000
38.34618123,173.22830000
38.34718603,173.22830000
38.34819083,173.22830000
38.34919563,177.16530000
38.35020043,177.16530000
38.35120523,181.10240000
38.35221003,173.22830000
38.35321483,181.10240000
38.35421963,185.03940000
38.35522443,173.22830000
38.35622923,177.16530000
38.35723403,173.22830000
38.35823883,173.22830000
38.35924363,173.22830000
38.36024843,173.22830000
38.36125323,173.22830000
38.36225803,173.22830000
38.36326283,173.22830000
38.36426763,169.29130000
38.36527243,173.22830000
38.36627723,169.29130000
38.36728203,169.29130000
38.36828683,173.22830000
38.36929163,169.29130000
38.37029643,173.22830000
38.37130123,173.22830000
38.37230603,165.35430000
38.37331083,169.29130000
38.37431563,157.48030000
38.37532043,169.29130000
38.37632523,173.22830000
38.37733003,169.29130000
38.37833483,173.22830000
38.37933963,177.16530000
38.38034443,173.22830000
38.38134923,173.22830000
38.38235403,177.16530000
38.38335883,177.16530000
38.38436363,177.16530000
38.38536843,173.22830000
38.38637323,173.22830000
38.38737803,173.22830000
38.38838283,169.29130000
38.38938763,173.22830000
38.39039243,169.29130000
38.39139723,173.22830000
38.39240203,173.22830000
38.39340683,177.16530000
38.39441163,173.22830000
38.39541643,173.22830000
38.39642123,177.16530000
38.39742603,173.22830000
38.39843083,173.22830000
38.39943563,169.29130000
38.40044043,169.29130000
38.40144523,177.16530000
38.40245003,173.22830000
38.40345483,169.29130000
38.40445963,169.29130000
38.40546443,169.29130000
38.40646923,169.29130000
38.40747403,165.35430000
38.40847883,169.29130000
38.40948363,165.35430000
38.41048843,169.29130000
38.41149323,165.35430000
38.41249803,165.35430000
38.41350283,165.35430000
38.41450763,173.22830000
38.41551243,169.29130000
38.41651723,173.22830000
38.41752203,173.22830000
38.41852683,173.22830000
38.41953163,173.22830000
38.42053643,173.22830000
38.42154123,169.29130000
38.42254603,173.22830000
38.42355083,173.22830000
38.42455563,173.22830000
38.42556043,173.22830000
38.42656523,165.35430000
38.42757003,169.29130000
38.42857483,173.22830000
38.42957963,173.22830000
38.43058443,177.16530000
38.43158923,173.22830000
38.43259403,173.22830000
38.43359883,173.22830000
38.43460363,169.29130000
38.43560843,169.29130000
38.43661323,173.22830000
38.43761803,173.22830000
38.43862283,169.29130000
38.43962763,173.22830000
38.44063243,173.22830000
38.44163723,173.22830000
38.44264203,181.10240000
38.44364683,169.29130000
38.44465163,169.29130000
38.44565643,177.16530000
38.44666123,173.22830000
38.44766603,169.29130000
38.44867083,177.16530000
38.44967563,177.16530000
38.45068043,177.16530000
38.45168523,173.22830000
38.45269003,177.16530000
38.45369483,177.16530000
38.45469963,169.29130000
38.45570443,173.22830000
38.45670923,177.16530000
38.45771403,177.16530000
38.45871883,177.16530000
38.45972363,173.22830000
38.46072843,173.22830000
38.46173323,177.16530000
38.46273803,169.29130000
38.46374283,173.22830000
38.46474763,173.22830000
38.46575243,173.22830000
38.46675723,177.16530000
38.46776203,169.29130000
38.46876683,173.22830000
38.46977163,169.29130000
38.47077643,169.29130000
38.47178123,169.29130000
38.47278603,173.22830000
38.47379083,169.29130000
38.47479563,173.22830000
38.47580043,177.16530000
38.47680523,165.35430000
38.47781003,169.29130000
38.47881483,165.35430000
38.47981963,165.35430000
38.48082443,173.22830000
38.48182923,177.16530000
38.48283403,173.22830000
38.48383883,177.16530000
38.48484363,173.22830000
38.48584843,173.22830000
38.48685323,169.29130000
38.48785803,169.29130000
38.48886283,169.29130000
38.48986763,177.16530000
38.49087243,177.16530000
38.49187723,173.22830000
38.49288203,173.22830000
38.49388683,177.16530000
38.49489163,169.29130000
38.49589643,177.16530000
38.49690123,177.16530000
38.49790603,173.22830000
38.49891083,169.29130000
38.49991563,173.22830000
38.50092043,169.29130000
38.50192523,169.29130000
38.50293003,169.29130000
38.50393483,169.29130000
38.50493963,165.35430000
38.50594443,173.22830000
38.50694923,161.41730000
38.50795403,173.22830000
38.50895883,165.35430000
38.50996363,169.29130000
38.51096843,169.29130000
38.51197323,173.22830000
38.51297803,173.22830000
38.51398283,177.16530000
38.51498763,173.22830000
38.51599243,177.16530000
38.51699723,173.22830000
38.51800203,173.22830000
38.51900683,165.35430000
38.52001163,169.29130000
38.52101643,169.29130000
38.52202123,173.22830000
38.52302603,173.22830000
38.52403083,169.29130000
38.52503563,173.22830000
38.52604043,169.29130000
38.52704523,165.35430000
38.52805003,169.29130000
38.52905483,169.29130000
38.53005963,169.29130000
38.53106443,165.35430000
38.53206923,173.22830000
38.53307403,169.29130000
38.53407883,161.41730000
38.53508363,173.22830000
38.53608843,165.35430000
38.53709323,161.41730000
38.53809803,165.35430000
38.53910283,161.41730000
38.54010763,169.29130000
38.54111243,165.35430000
38.54211723,169.29130000
38.54312203,173.22830000
38.54412683,169.29130000
38.54513163,173.22830000
38.54613643,173.22830000
38.54714123,177.16530000
38.54814603,173.22830000
38.54915083,173.22830000
38.55015563,169.29130000
38.55116043,169.29130000
38.55216523,161.41730000
38.55317003,165.35430000
38.55417483,169.29130000
38.55517963,173.22830000
38.55618443,169.29130000
38.55718923,169.29130000
38.55819403,169.29130000
38.55919883,169.29130000
38.56020363,165.35430000
38.56120843,169.29130000
38.56221323,165.35430000
38.56321803,169.29130000
38.56422283,169.29130000
38.56522763,165.35430000
38.56623243,165.35430000
38.56723723,169.29130000
38.56824203,169.29130000
38.56924683,165.35430000
38.57025163,169.29130000
38.57125643,173.22830000
38.57226123,169.29130000
38.57326603,165.35430000
38.57427083,165.35430000
38.57527563,165.35430000
38.57628043,169.29130000
38.57728523,169.29130000
38.57829003,173.22830000
38.57929483,173.22830000
38.58029963,177.16530000
38.58130443,169.29130000
38.58230923,165.35430000
38.58331403,161.41730000
38.58431883,169.29130000
38.58532363,165.35430000
38.58632843,173.22830000
38.58733323,169.29130000
38.58833803,169.29130000
38.58934283,169.29130000
38.59034763,169.29130000
38.59135243,165.35430000
38.59235723,165.35430000
38.59336203,165.35430000
38.59436683,169.29130000
38.59537163,169.29130000
38.59637643,169.29130000
38.59738123,169.29130000
38.59838603,169.29130000
38.59939083,165.35430000
38.60039563,165.35430000
38.60140043,169.29130000
38.60240523,161.41730000
38.60341003,169.29130000
38.60441483,169.29130000
38.60541963,169.29130000
38.60642443,157.48030000
38.60742923,161.41730000
38.60843403,161.41730000
38.60943883,169.29130000
38.61044363,165.35430000
38.61144843,169.29130000
38.61245323,173.22830000
38.61345803,173.22830000
38.61446283,173.22830000
38.61546763,169.29130000
38.61647243,169.29130000
38.61747723,169.29130000
38.61848203,165.35430000
38.61948683,173.22830000
38.62049163,169.29130000
38.62149643,169.29130000
38.62250123,169.29130000
38.62350603,173.22830000
38.62451083,169.29130000
38.62551563,169.29130000
38.62652043,169.29130000
38.62752523,165.35430000
38.62853003,169.29130000
38.62953483,169.29130000
38.63053963,169.29130000
38.63154443,169.29130000
38.63254923,169.29130000
38.63355403,165.35430000
38.63455883,169.29130000
38.63556363,173.22830000
38.63656843,169.29130000
38.63757323,169.29130000
38.63857803,165.35430000
38.63958283,157.48030000
38.64058763,169.29130000
38.64159243,161.41730000
38.64259723,165.35430000
38.64360203,165.35430000
38.64460683,169.29130000
38.64561163,169.29130000
38.64661643,169.29130000
38.64762122,173.22830000
38.64862602,169.29130000
38.64963082,169.29130000
38.65063562,169.29130000
38.65164042,169.29130000
38.65264522,173.22830000
38.65365002,169.29130000
38.65465482,169.29130000
38.65565962,169.29130000
38.65666442,165.35430000
38.65766922,169.29130000
38.65867402,173.22830000
38.65967882,165.35430000
38.66068362,169.29130000
38.66168842,169.29130000
38.66269322,169.29130000
38.66369802,169.29130000
38.66470282,173.22830000
38.66570762,165.35430000
38.66671242,165.35430000
38.66771722,165.35430000
38.66872202,165.35430000
38.66972682,173.22830000
38.67073162,165.35430000
38.67173642,161.41730000
38.67274122,161.41730000
38.67374602,165.35430000
38.67475082,165.35430000
38.67575562,165.35430000
38.67676042,169.29130000
38.67776522,169.29130000
38.67877002,165.35430000
38.67977482,169.29130000
38.68077962,149.60630000
38.68178442,165.35430000
38.68278922,165.35430000
38.68379402,185.03940000
38.68479882,161.41730000
38.68580362,165.35430000
38.68680842,169.29130000
38.68781322,165.35430000
38.68881802,165.35430000
38.68982282,173.22830000
38.69082762,169.29130000
38.69183242,165.35430000
38.69283722,169.29130000
38.69384202,165.35430000
38.69484682,165.35430000
38.69585162,165.35430000
38.69685642,165.35430000
38.69786122,161.41730000
38.69886602,161.41730000
38.69987082,165.35430000
38.70087562,169.29130000
38.70188042,165.35430000
38.70288522,169.29130000
38.70389002,165.35430000
38.70489482,149.60630000
38.70589962,161.41730000
38.70690442,161.41730000
38.70790922,161.41730000
38.70891402,165.35430000
38.70991882,165.35430000
38.71092362,165.35430000
38.71192842,165.35430000
38.71293322,169.29130000
38.71393802,161.41730000
38.71494282,165.35430000
38.71594762,165.35430000
38.71695242,169.29130000
38.71795722,165.35430000
38.71896202,169.29130000
38.71996682,169.29130000
38.72097162,169.29130000
38.72197642,165.35430000
38.72298122,169.29130000
38.72398602,165.35430000
38.72499082,165.35430000
38.72599562,165.35430000
38.72700042,165.35430000
38.72800522,165.35430000
38.72901002,165.35430000
38.73001482,161.41730000
38.73101962,161.41730000
38.73202442,161.41730000
38.73302922,165.35430000
38.73403402,165.35430000
38.73503882,169.29130000
38.73604362,165.35430000
38.73704842,161.41730000
38.73805322,169.29130000
38.73905802,165.35430000
38.74006282,153.54330000
38.74106762,161.41730000
38.74207242,165.35430000
38.74307722,165.35430000
38.74408202,161.41730000
38.74508682,157.48030000
38.74609162,165.35430000
38.74709642,165.35430000
38.74810122,169.29130000
38.74910602,165.35430000
38.75011082,165.35430000
38.75111562,169.29130000
38.75212042,165.35430000
38.75312522,161.41730000
38.75413002,165.35430000
38.75513482,165.35430000
38.75613962,165.35430000
38.75714442,165.35430000
38.75814922,161.41730000
38.75915402,161.41730000
38.76015882,161.41730000
38.76116362,161.41730000
38.76216842,161.41730000
38.76317322,161.41730000
38.76417802,165.35430000
38.76518282,165.35430000
38.76618762,165.35430000
38.76719242,165.35430000
38.76819722,165.35430000
38.76920202,161.41730000
38.77020682,165.35430000
38.77121162,161.41730000
38.77221642,165.35430000
38.77322122,165.35430000
38.77422602,161.41730000
38.77523082,157.48030000
38.77623562,157.48030000
38.77724042,157.48030000
38.77824522,145.66930000
38.77925002,161.41730000
38.78025482,161.41730000
38.78125962,173.22830000
38.78226442,165.35430000
38.78326922,165.35430000
38.78427402,161.41730000
38.78527882,161.41730000
38.78628362,165.35430000
38.78728842,161.41730000
38.78829322,165.35430000
38.78929802,165.35430000
38.79030282,161.41730000
38.79130762,161.41730000
38.79231242,165.35430000
38.79331722,161.41730000
38.79432202,161.41730000
38.79532682,161.41730000
38.79633162,157.48030000
38.79733642,153.54330000
38.79834122,157.48030000
38.79934602,161.41730000
38.80035082,161.41730000
38.80135562,161.41730000
38.80236042,165.35430000
38.80336522,157.48030000
38.80437002,161.41730000
38.80537482,161.41730000
38.80637962,157.48030000
38.80738442,153.54330000
38.80838922,153.54330000
38.80939402,149.60630000
38.81039882,153.54330000
38.81140362,157.48030000
38.81240842,161.41730000
38.81341322,161.41730000
38.81441802,161.41730000
38.81542282,161.41730000
38.81642762,157.48030000
38.81743242,161.41730000
38.81843722,161.41730000
38.81944202,161.41730000
38.82044682,161.41730000
38.82145162,153.54330000
38.82245642,157.48030000
38.82346122,161.41730000
38.82446602,161.41730000
38.82547082,161.41730000
38.82647562,153.54330000
38.82748042,153.54330000
38.82848522,153.54330000
38.82949002,149.60630000
38.83049482,157.48030000
38.83149962,161.41730000
38.83250442,157.48030000
38.83350922,157.48030000
38.83451402,157.48030000
38.83551882,157.48030000
38.83652362,157.48030000
38.83752842,161.41730000
38.83853322,157.48030000
38.83953802,157.48030000
38.84054282,149.60630000
38.84154762,149.60630000
38.84255242,153.54330000
38.84355722,149.60630000
38.84456202,149.60630000
38.84556682,153.54330000
38.84657162,157.48030000
38.84757642,165.35430000
38.84858122,161.41730000
38.84958602,157.48030000
38.85059082,157.48030000
38.85159562,165.35430000
38.85260042,157.48030000
38.85360522,161.41730000
38.85461002,161.41730000
38.85561482,157.48030000
38.85661962,157.48030000
38.85762442,161.41730000
38.85862922,161.41730000
38.85963402,157.48030000
38.86063882,153.54330000
38.86164362,153.54330000
38.86264842,161.41730000
38.86365322,157.48030000
38.86465802,157.48030000
38.86566282,157.48030000
38.86666762,153.54330000
38.86767242,157.48030000
38.86867722,153.54330000
38.86968202,153.54330000
38.87068682,157.48030000
38.87169162,153.54330000
38.87269642,149.60630000
38.87370122,137.79530000
38.87470602,149.60630000
38.87571082,149.60630000
38.87671562,145.66930000
38.87772042,145.66930000
38.87872522,161.41730000
38.87973002,157.48030000
38.88073482,153.54330000
38.88173962,157.48030000
38.88274442,153.54330000
38.88374922,161.41730000
38.88475402,153.54330000
38.88575882,157.48030000
38.88676362,157.48030000
38.88776842,157.48030000
38.88877322,157.48030000
38.88977802,157.48030000
38.89078282,161.41730000
38.89178762,149.60630000
38.89279242,149.60630000
38.89379722,153.54330000
38.89480202,153.54330000
38.89580682,153.54330000
38.89681162,149.60630000
38.89781642,153.54330000
38.89882122,153.54330000
38.89982602,153.54330000
38.90083082,157.48030000
38.90183562,153.54330000
38.90284042,157.48030000
38.90384522,153.54330000
38.90485002,153.54330000
38.90585482,141.73230000
38.90685962,149.60630000
38.90786442,149.60630000
38.90886922,145.66930000
38.90987402,145.66930000
38.91087882,149.60630000
38.91188362,153.54330000
38.91288842,161.41730000
38.91389322,157.48030000
38.91489802,157.48030000
38.91590282,157.48030000
38.91690762,157.48030000
38.91791242,157.48030000
38.91891722,157.48030000
38.91992202,153.54330000
38.92092682,153.54330000
38.92193162,149.60630000
38.92293642,153.54330000
38.92394122,153.54330000
38.92494602,149.60630000
38.92595082,149.60630000
38.92695562,153.54330000
38.92796042,157.48030000
38.92896522,153.54330000
38.92997002,149.60630000
38.93097482,153.54330000
38.93197962,153.54330000
38.93298442,149.60630000
38.93398922,157.48030000
38.93499402,157.48030000
38.93599882,153.54330000
38.93700362,153.54330000
38.93800842,157.48030000
38.93901322,153.54330000
38.94001802,149.60630000
38.94102282,141.73230000
38.94202762,149.60630000
38.94303242,145.66930000
38.94403722,149.60630000
38.94504202,153.54330000
38.94604682,157.48030000
38.94705162,153.54330000
38.94805642,149.60630000
38.94906122,157.48030000
38.95006602,153.54330000
38.95107082,157.48030000
38.95207562,153.54330000
38.95308042,149.60630000
38.95408522,153.54330000
38.95509002,145.66930000
38.95609482,149.60630000
38.95709962,149.60630000
38.95810442,145.66930000
38.95910922,145.66930000
38.96011402,145.66930000
38.96111882,145.66930000
38.96212362,149.60630000
38.96312842,149.60630000
38.96413322,145.66930000
38.96513802,149.60630000
38.96614282,149.60630000
38.96714762,149.60630000
38.96815242,149.60630000
38.96915722,149.60630000
38.97016202,145.66930000
38.97116682,141.73230000
38.97217162,145.66930000
38.97317642,137.79530000
38.97418122,145.66930000
38.97518602,141.73230000
38.97619081,149.60630000
38.97719561,149.60630000
38.97820041,149.60630000
38.97920521,153.54330000
38.98021001,149.60630000
38.98121481,149.60630000
38.98221961,145.66930000
38.98322441,145.66930000
38.98422921,149.60630000
38.98523401,149.60630000
38.98623881,145.66930000
38.98724361,145.66930000
38.98824841,153.54330000
38.98925321,149.60630000
38.99025801,137.79530000
38.99126281,145.66930000
38.99226761,137.79530000
38.99327241,137.79530000
38.99427721,149.60630000
38.99528201,149.60630000
38.99628681,145.66930000
38.99729161,145.66930000
38.99829641,145.66930000
38.99930121,141.73230000
39.00030601,149.60630000
39.00131081,133.85830000
39.00231561,141.73230000
39.00332041,145.66930000
39.00432521,153.54330000
39.00533001,141.73230000
39.00633481,133.85830000
39.00733961,141.73230000
39.00834441,141.73230000
39.00934921,141.73230000
39.01035401,145.66930000
39.01135881,145.66930000
39.01236361,149.60630000
39.01336841,145.66930000
39.01437321,145.66930000
39.01537801,145.66930000
39.01638281,149.60630000
39.01738761,145.66930000
39.01839241,145.66930000
39.01939721,145.66930000
39.02040201,141.73230000
39.02140681,141.73230000
39.02241161,137.79530000
39.02341641,145.66930000
39.02442121,137.79530000
39.02542601,141.73230000
39.02643081,137.79530000
39.02743561,137.79530000
39.02844041,141.73230000
39.02944521,141.73230000
39.03045001,141.73230000
39.03145481,141.73230000
39.03245961,137.79530000
39.03346441,141.73230000
39.03446921,141.73230000
39.03547401,137.79530000
39.03647881,137.79530000
39.03748361,133.85830000
39.03848841,122.04720000
39.03949321,129.92120000
39.04049801,137.79530000
39.04150281,133.85830000
39.04250761,141.73230000
39.04351241,137.79530000
39.04451721,141.73230000
39.04552201,141.73230000
39.04652681,137.79530000
39.04753161,141.73230000
39.04853641,141.73230000
39.04954121,137.79530000
39.05054601,137.79530000
39.05155081,141.73230000
39.05255561,137.79530000
39.05356041,137.79530000
39.05456521,137.79530000
39.05557001,133.85830000
39.05657481,137.79530000
39.05757961,137.79530000
39.05858441,137.79530000
39.05958921,133.85830000
39.06059401,133.85830000
39.06159881,133.85830000
39.06260361,133.85830000
39.06360841,133.85830000
39.06461321,137.79530000
39.06561801,133.85830000
39.06662281,137.79530000
39.06762761,137.79530000
39.06863241,133.85830000
39.06963721,133.85830000
39.07064201,129.92120000
39.07164681,125.98420000
39.07265161,125.98420000
39.07365641,137.79530000
39.07466121,129.92120000
39.07566601,137.79530000
39.07667081,133.85830000
39.07767561,133.85830000
39.07868041,137.79530000
39.07968521,137.79530000
39.08069001,137.79530000
39.08169481,137.79530000
39.08269961,133.85830000
39.08370441,133.85830000
39.08470921,133.85830000
39.08571401,129.92120000
39.08671881,133.85830000
39.08772361,129.92120000
39.08872841,125.98420000
39.08973321,133.85830000
39.09073801,133.85830000
39.09174281,137.79530000
39.09274761,129.92120000
39.09375241,129.92120000
39.09475721,133.85830000
39.09576201,129.92120000
39.09676681,129.92120000
39.09777161,133.85830000
39.09877641,129.92120000
39.09978121,129.92120000
39.10078601,129.92120000
39.10179081,122.04720000
39.10279561,122.04720000
39.10380041,122.04720000
39.10480521,122.04720000
39.10581001,122.04720000
39.10681481,129.92120000
39.10781961,129.92120000
39.10882441,129.92120000
39.10982921,129.92120000
39.11083401,129.92120000
39.11183881,129.92120000
39.11284361,129.92120000
39.11384841,129.92120000
39.11485321,129.92120000
39.11585801,125.98420000
39.11686281,125.98420000
39.11786761,129.92120000
39.11887241,129.92120000
39.11987721,125.98420000
39.12088201,125.98420000
39.12188681,125.98420000
39.12289161,129.92120000
39.12389641,129.92120000
39.12490121,125.98420000
39.12590601,125.98420000
39.12691081,125.98420000
39.12791561,125.98420000
39.12892041,125.98420000
39.12992521,133.85830000
39.13093001,129.92120000
39.13193481,122.04720000
39.13293961,125.98420000
39.13394441,125.98420000
39.13494921,137.79530000
39.13595401,114.17320000
39.13695881,114.17320000
39.13796361,118.11020000
39.13896841,122.04720000
39.13997321,122.04720000
39.14097801,125.98420000
39.14198281,125.98420000
39.14298761,125.98420000
39.14399241,125.98420000
39.14499721,122.04720000
39.14600201,125.98420000
39.14700681,125.98420000
39.14801161,125.98420000
39.14901641,118.11020000
39.15002121,122.04720000
39.15102601,122.04720000
39.15203081,122.04720000
39.15303561,118.11020000
39.15404041,118.11020000
39.15504521,122.04720000
39.15605001,122.04720000
39.15705481,125.98420000
39.15805961,122.04720000
39.15906441,125.98420000
39.16006921,122.04720000
39.16107401,118.11020000
39.16207881,122.04720000
39.16308361,122.04720000
39.16408841,118.11020000
39.16509321,118.11020000
39.16609801,122.04720000
39.16710281,122.04720000
39.16810761,114.17320000
39.16911241,114.17320000
39.17011721,110.23620000
39.17112201,114.17320000
39.17212681,118.11020000
39.17313161,114.17320000
39.17413641,118.11020000
39.17514121,122.04720000
39.17614601,118.11020000
39.17715081,118.11020000
39.17815561,122.04720000
39.17916041,118.11020000
39.18016521,122.04720000
39.18117001,122.04720000
39.18217481,122.04720000
39.18317961,122.04720000
39.18418441,106.29920000
39.18518921,118.11020000
39.18619401,114.17320000
39.18719881,133.85830000
39.18820361,122.04720000
39.18920841,122.04720000
39.19021321,118.11020000
39.19121801,118.11020000
39.19222281,122.04720000
39.19322761,118.11020000
39.19423241,122.04720000
39.19523721,118.11020000
39.19624201,122.04720000
39.19724681,122.04720000
39.19825161,122.04720000
39.19925641,114.17320000
39.20026121,122.04720000
39.20126601,106.29920000
39.20227081,106.29920000
39.20327561,114.17320000
39.20428041,114.17320000
39.20528521,110.23620000
39.20629001,118.11020000
39.20729481,118.11020000
39.20829961,118.11020000
39.20930441,118.11020000
39.21030921,114.17320000
39.21131401,122.04720000
39.21231881,118.11020000
39.21332361,114.17320000
39.21432841,122.04720000
39.21533321,118.11020000
39.21633801,118.11020000
39.21734281,114.17320000
39.21834761,110.23620000
39.21935241,114.17320000
39.22035721,114.17320000
39.22136201,114.17320000
39.22236681,114.17320000
39.22337161,114.17320000
39.22437641,110.23620000
39.22538121,110.23620000
39.22638601,110.23620000
39.22739081,110.23620000
39.22839561,114.17320000
39.22940041,114.17320000
39.23040521,110.23620000
39.23141001,114.17320000
39.23241481,114.17320000
39.23341961,106.29920000
39.23442441,110.23620000
39.23542921,110.23620000
39.23643401,110.23620000
39.23743881,102.36220000
39.23844361,110.23620000
39.23944841,110.23620000
39.24045321,110.23620000
39.24145801,118.11020000
39.24246281,110.23620000
39.24346761,110.23620000
39.24447241,118.11020000
39.24547721,114.17320000
39.24648201,114.17320000
39.24748681,114.17320000
39.24849161,114.17320000
39.24949641,106.29920000
39.25050121,114.17320000
39.25150601,110.23620000
39.25251081,106.29920000
39.25351561,110.23620000
39.25452041,114.17320000
39.25552521,106.29920000
39.25653001,114.17320000
39.25753481,114.17320000
39.25853961,114.17320000
39.25954441,114.17320000
39.26054921,114.17320000
39.26155401,114.17320000
39.26255881,114.17320000
39.26356361,118.11020000
39.26456841,118.11020000
39.26557321,114.17320000
39.26657801,110.23620000
39.26758281,114.17320000
39.26858761,114.17320000
39.26959241,118.11020000
39.27059721,114.17320000
39.27160201,129.92120000
39.27260681,110.23620000
39.27361161,110.23620000
39.27461641,106.29920000
39.27562121,114.17320000
39.27662601,110.23620000
39.27763081,114.17320000
39.27863561,114.17320000
39.27964041,110.23620000
39.28064521,118.11020000
39.28165001,94.48818000
39.28265481,110.23620000
39.28365961,106.29920000
39.28466441,122.04720000
39.28566921,102.36220000
39.28667401,106.29920000
39.28767881,106.29920000
39.28868361,102.36220000
39.28968841,110.23620000
39.29069321,98.42519000
39.29169801,98.42519000
39.29270281,94.48818000
39.29370761,98.42519000
39.29471241,98.42519000
39.29571721,98.42519000
39.29672201,98.42519000
39.29772681,98.42519000
39.29873161,94.48818000
39.29973641,94.48818000
39.30074121,94.48818000
39.30174601,78.74015000
39.30275081,90.55118000
39.30375561,86.61417000
39.30476041,86.61417000
39.30576520,90.55118000
39.30677000,90.55118000
39.30777480,98.42519000
39.30877960,102.36220000
39.30978440,94.48818000
39.31078920,98.42519000
39.31179400,102.36220000
39.31279880,98.42519000
39.31380360,98.42519000
39.31480840,98.42519000
39.31581320,98.42519000
39.31681800,94.48818000
39.31782280,98.42519000
39.31882760,102.36220000
39.31983240,102.36220000
39.32083720,98.42519000
39.32184200,102.36220000
39.32284680,102.36220000
39.32385160,106.29920000
39.32485640,106.29920000
39.32586120,106.29920000
39.32686600,106.29920000
39.32787080,106.29920000
39.32887560,102.36220000
39.32988040,110.23620000
39.33088520,82.67715000
39.33189000,94.48818000
39.33289480,94.48818000
39.33389960,102.36220000
39.33490440,102.36220000
39.33590920,106.29920000
39.33691400,98.42519000
39.33791880,102.36220000
39.33892360,106.29920000
39.33992840,106.29920000
39.34093320,106.29920000
39.34193800,102.36220000
39.34294280,106.29920000
39.34394760,102.36220000
39.34495240,102.36220000
39.34595720,102.36220000
39.34696200,94.48818000
39.34796680,94.48818000
39.34897160,98.42519000
39.34997640,94.48818000
39.35098120,94.48818000
39.35198600,94.48818000
39.35299080,94.48818000
39.35399560,94.48818000
39.35500040,94.48818000
39.35600520,94.48818000
39.35701000,94.48818000
39.35801480,94.48818000
39.35901960,90.55118000
39.36002440,98.42519000
39.36102920,94.48818000
39.36203400,94.48818000
39.36303880,94.48818000
39.36404360,78.74015000
39.36504840,90.55118000
39.36605320,94.48818000
39.36705800,94.48818000
39.36806280,94.48818000
39.36906760,98.42519000
39.37007240,102.36220000
39.37107720,102.36220000
39.37208200,98.42519000
39.37308680,106.29920000
39.37409160,102.36220000
39.37509640,102.36220000
39.37610120,102.36220000
39.37710600,102.36220000
39.37811080,102.36220000
39.37911560,90.55118000
39.38012040,98.42519000
39.38112520,98.42519000
39.38213000,102.36220000
39.38313480,102.36220000
39.38413960,94.48818000
39.38514440,98.42519000
39.38614920,94.48818000
39.38715400,94.48818000
39.38815880,94.48818000
39.38916360,98.42519000
39.39016840,94.48818000
39.39117320,94.48818000
39.39217800,98.42519000
39.39318280,98.42519000
39.39418760,94.48818000
39.39519240,94.48818000
39.39619720,94.48818000
39.39720200,90.55118000
39.39820680,78.74015000
39.39921160,94.48818000
39.40021640,82.67715000
39.40122120,90.55118000
39.40222600,94.48818000
39.40323080,94.48818000
39.40423560,94.48818000
39.40524040,98.42519000
39.40624520,94.48818000
39.40725000,98.42519000
39.40825480,94.48818000
39.40925960,106.29920000
39.41026440,98.42519000
39.41126920,94.48818000
39.41227400,94.48818000
39.41327880,94.48818000
39.41428360,94.48818000
39.41528840,98.42519000
39.41629320,98.42519000
39.41729800,98.42519000
39.41830280,98.42519000
39.41930760,94.48818000
39.42031240,98.42519000
39.42131720,90.55118000
39.42232200,90.55118000
39.42332680,98.42519000
39.42433160,94.48818000
39.42533640,94.48818000
39.42634120,90.55118000
39.42734600,98.42519000
39.42835080,94.48818000
39.42935560,90.55118000
39.43036040,90.55118000
39.43136520,78.74015000
39.43237000,86.61417000
39.43337480,86.61417000
39.43437960,90.55118000
39.43538440,90.55118000
39.43638920,94.48818000
39.43739400,94.48818000
39.43839880,90.55118000
39.43940360,94.48818000
39.44040840,94.48818000
39.44141320,94.48818000
39.44241800,90.55118000
39.44342280,94.48818000
39.44442760,94.48818000
39.44543240,86.61417000
39.44643720,86.61417000
39.44744200,90.55118000
39.44844680,90.55118000
39.44945160,86.61417000
39.45045640,90.55118000
39.45146120,90.55118000
39.45246600,90.55118000
39.45347080,94.48818000
39.45447560,94.48818000
39.45548040,90.55118000
39.45648520,90.55118000
39.45749000,90.55118000
39.45849480,94.48818000
39.45949960,90.55118000
39.46050440,90.55118000
39.46150920,86.61417000
39.46251400,82.67715000
39.46351880,86.61417000
39.46452360,86.61417000
39.46552840,86.61417000
39.46653320,94.48818000
39.46753800,90.55118000
39.46854280,94.48818000
39.46954760,90.55118000
39.47055240,94.48818000
39.47155720,94.48818000
39.47256200,98.42519000
39.47356680,90.55118000
39.47457160,94.48818000
39.47557640,90.55118000
39.47658120,82.67715000
39.47758600,90.55118000
39.47859080,94.48818000
39.47959560,98.42519000
39.48060040,94.48818000
39.48160520,86.61417000
39.48261000,86.61417000
39.48361480,90.55118000
39.48461960,90.55118000
39.48562440,90.55118000
39.48662920,94.48818000
39.48763400,86.61417000
39.48863880,90.55118000
39.48964360,90.55118000
39.49064840,90.55118000
39.49165320,78.74015000
39.49265800,82.67715000
39.49366280,78.74015000
39.49466760,74.80315000
39.49567240,82.67715000
39.49667720,86.61417000
39.49768200,90.55118000
39.49868680,90.55118000
39.49969160,94.48818000
39.50069640,86.61417000
39.50170120,90.55118000
39.50270600,86.61417000
39.50371080,90.55118000
39.50471560,86.61417000
39.50572040,90.55118000
39.50672520,82.67715000
39.50773000,82.67715000
39.50873480,86.61417000
39.50973960,82.67715000
39.51074440,86.61417000
39.51174920,86.61417000
39.51275400,86.61417000
39.51375880,86.61417000
39.51476360,90.55118000
39.51576840,86.61417000
39.51677320,86.61417000
39.51777800,86.61417000
39.51878280,86.61417000
39.51978760,86.61417000
39.52079240,82.67715000
39.52179720,94.48818000
39.52280200,86.61417000
39.52380680,74.80315000
39.52481160,82.67715000
39.52581640,82.67715000
39.52682120,78.74015000
39.52782600,86.61417000
39.52883080,86.61417000
39.52983560,86.61417000
39.53084040,86.61417000
39.53184520,86.61417000
39.53285000,86.61417000
39.53385480,86.61417000
39.53485960,86.61417000
39.53586440,78.74015000
39.53686920,86.61417000
39.53787400,90.55118000
39.53887880,86.61417000
39.53988360,86.61417000
39.54088840,86.61417000
39.54189320,82.67715000
39.54289800,78.74015000
39.54390280,82.67715000
39.54490760,86.61417000
39.54591240,86.61417000
39.54691720,86.61417000
39.54792200,86.61417000
39.54892680,86.61417000
39.54993160,90.55118000
39.55093640,90.55118000
39.55194120,86.61417000
39.55294600,90.55118000
39.55395080,90.55118000
39.55495560,86.61417000
39.55596040,74.80315000
39.55696520,78.74015000
39.55797000,78.74015000
39.55897480,78.74015000
39.55997960,82.67715000
39.56098440,86.61417000
39.56198920,90.55118000
39.56299400,82.67715000
39.56399880,86.61417000
39.56500360,82.67715000
39.56600840,90.55118000
39.56701320,90.55118000
39.56801800,82.67715000
39.56902280,86.61417000
39.57002760,82.67715000
39.57103240,86.61417000
39.57203720,82.67715000
39.57304200,82.67715000
39.57404680,82.67715000
39.57505160,78.74015000
39.57605640,82.67715000
39.57706120,86.61417000
39.57806600,78.74015000
39.57907080,78.74015000
39.58007560,78.74015000
39.58108040,82.67715000
39.58208520,78.74015000
39.58309000,82.67715000
39.58409480,78.74015000
39.58509960,82.67715000
39.58610440,82.67715000
39.58710920,78.74015000
39.58811400,82.67715000
39.58911880,74.80315000
39.59012360,66.92913000
39.59112840,70.86613000
39.59213320,66.92913000
39.59313800,74.80315000
39.59414280,74.80315000
39.59514760,74.80315000
39.59615240,74.80315000
39.59715720,78.74015000
39.59816200,78.74015000
39.59916680,78.74015000
39.60017160,74.80315000
39.60117640,70.86613000
39.60218120,78.74015000
39.60318600,78.74015000
39.60419080,74.80315000
39.60519560,82.67715000
39.60620040,70.86613000
39.60720520,70.86613000
39.60821000,70.86613000
39.60921480,74.80315000
39.61021960,74.80315000
39.61122440,74.80315000
39.61222920,74.80315000
39.61323400,78.74015000
39.61423880,74.80315000
39.61524360,66.92913000
39.61624840,74.80315000
39.61725320,74.80315000
39.61825800,70.86613000
39.61926280,78.74015000
39.62026760,74.80315000
39.62127240,62.99212000
39.62227720,66.92913000
39.62328200,66.92913000
39.62428680,70.86613000
39.62529160,70.86613000
39.62629640,78.74015000
39.62730120,74.80315000
39.62830600,74.80315000
39.62931080,74.80315000
39.63031560,66.92913000
39.63132040,74.80315000
39.63232520,70.86613000
39.63333000,74.80315000
39.63433479,74.80315000
39.63533959,70.86613000
39.63634439,70.86613000
39.63734919,70.86613000
39.63835399,62.99212000
39.63935879,66.92913000
39.64036359,66.92913000
39.64136839,66.92913000
39.64237319,66.92913000
39.64337799,66.92913000
39.64438279,66.92913000
39.64538759,66.92913000
39.64639239,66.92913000
39.64739719,70.86613000
39.64840199,70.86613000
39.64940679,66.92913000
39.65041159,70.86613000
39.65141639,62.99212000
39.65242119,59.05511000
39.65342599,62.99212000
39.65443079,59.05511000
39.65543559,62.99212000
39.65644039,62.99212000
39.65744519,66.92913000
39.65844999,66.92913000
39.65945479,66.92913000
39.66045959,74.80315000
39.66146439,70.86613000
39.66246919,70.86613000
39.66347399,66.92913000
39.66447879,66.92913000
39.66548359,66.92913000
39.66648839,66.92913000
39.66749319,66.92913000
39.66849799,62.99212000
39.66950279,66.92913000
39.67050759,62.99212000
39.67151239,59.05511000
39.67251719,62.99212000
39.67352199,66.92913000
39.67452679,66.92913000
39.67553159,66.92913000
39.67653639,66.92913000
39.67754119,62.99212000
39.67854599,66.92913000
39.67955079,66.92913000
39.68055559,66.92913000
39.68156039,62.99212000
39.68256519,66.92913000
39.68356999,62.99212000
39.68457479,59.05511000
39.68557959,62.99212000
39.68658439,66.92913000
39.68758919,51.18110000
39.68859399,66.92913000
39.68959879,66.92913000
39.69060359,70.86613000
39.69160839,66.92913000
39.69261319,66.92913000
39.69361799,62.99212000
39.69462279,66.92913000
39.69562759,66.92913000
39.69663239,66.92913000
39.69763719,62.99212000
39.69864199,66.92913000
39.69964679,62.99212000
39.70065159,62.99212000
39.70165639,66.92913000
39.70266119,62.99212000
39.70366599,66.92913000
39.70467079,62.99212000
39.70567559,62.99212000
39.70668039,59.05511000
39.70768519,66.92913000
39.70868999,66.92913000
39.70969479,62.99212000
39.71069959,62.99212000
39.71170439,62.99212000
39.71270919,55.11811000
39.71371399,55.11811000
39.71471879,59.05511000
39.71572359,62.99212000
39.71672839,62.99212000
39.71773319,62.99212000
39.71873799,62.99212000
39.71974279,62.99212000
39.72074759,62.99212000
39.72175239,59.05511000
39.72275719,62.99212000
39.72376199,59.05511000
39.72476679,62.99212000
39.72577159,62.99212000
39.72677639,66.92913000
39.72778119,62.99212000
39.72878599,62.99212000
39.72979079,59.05511000
39.73079559,62.99212000
39.73180039,66.92913000
39.73280519,59.05511000
39.73380999,62.99212000
39.73481479,62.99212000
39.73581959,59.05511000
39.73682439,62.99212000
39.73782919,59.05511000
39.73883399,55.11811000
39.73983879,59.05511000
39.74084359,62.99212000
39.74184839,59.05511000
39.74285319,78.74015000
39.74385799,51.18110000
39.74486279,55.11811000
39.74586759,55.11811000
39.74687239,59.05511000
39.74787719,55.11811000
39.74888199,59.05511000
39.74988679,62.99212000
39.75089159,55.11811000
39.75189639,55.11811000
39.75290119,59.05511000
39.75390599,59.05511000
39.75491079,55.11811000
39.75591559,62.99212000
39.75692039,59.05511000
39.75792519,55.11811000
39.75892999,62.99212000
39.75993479,59.05511000
39.76093959,59.05511000
39.76194439,62.99212000
39.76294919,55.11811000
39.76395399,55.11811000
39.76495879,55.11811000
39.76596359,59.05511000
39.76696839,59.05511000
39.76797319,59.05511000
39.76897799,62.99212000
39.76998279,55.11811000
39.77098759,51.18110000
39.77199239,59.05511000
39.77299719,55.11811000
39.77400199,62.99212000
39.77500679,51.18110000
39.77601159,55.11811000
39.77701639,51.18110000
39.77802119,51.18110000
39.77902599,51.18110000
39.78003079,59.05511000
39.78103559,55.11811000
39.78204039,74.80315000
39.78304519,55.11811000
39.78404999,59.05511000
39.78505479,47.24409000
39.78605959,55.11811000
39.78706439,51.18110000
39.78806919,74.80315000
39.78907399,51.18110000
39.79007879,51.18110000
39.79108359,55.11811000
39.79208839,55.11811000
39.79309319,55.11811000
39.79409799,55.11811000
39.79510279,55.11811000
39.79610759,55.11811000
39.79711239,55.11811000
39.79811719,59.05511000
39.79912199,59.05511000
39.80012679,59.05511000
39.80113159,55.11811000
39.80213639,51.18110000
39.80314119,55.11811000
39.80414599,51.18110000
39.80515079,55.11811000
39.80615559,55.11811000
39.80716039,55.11811000
39.80816519,43.30709000
39.80916999,51.18110000
39.81017479,51.18110000
39.81117959,55.11811000
39.81218439,55.11811000
39.81318919,62.99212000
39.81419399,59.05511000
39.81519879,55.11811000
39.81620359,55.11811000
39.81720839,59.05511000
39.81821319,55.11811000
39.81921799,55.11811000
39.82022279,55.11811000
39.82122759,55.11811000
39.82223239,55.11811000
39.82323719,51.18110000
39.82424199,55.11811000
39.82524679,55.11811000
39.82625159,51.18110000
39.82725639,55.11811000
39.82826119,55.11811000
39.82926599,51.18110000
39.83027079,55.11811000
39.83127559,55.11811000
39.83228039,55.11811000
39.83328519,51.18110000
39.83428999,51.18110000
39.83529479,47.24409000
39.83629959,51.18110000
39.83730439,55.11811000
39.83830919,47.24409000
39.83931399,47.24409000
39.84031879,47.24409000
39.84132359,47.24409000
39.84232839,47.24409000
39.84333319,47.24409000
39.84433799,55.11811000
39.84534279,55.11811000
39.84634759,55.11811000
39.84735239,59.05511000
39.84835719,51.18110000
39.84936199,55.11811000
39.85036679,51.18110000
39.85137159,51.18110000
39.85237639,47.24409000
39.85338119,55.11811000
39.85438599,47.24409000
39.85539079,55.11811000
39.85639559,51.18110000
39.85740039,51.18110000
39.85840519,55.11811000
39.85940999,51.18110000
39.86041479,51.18110000
39.86141959,51.18110000
39.86242439,55.11811000
39.86342919,51.18110000
39.86443399,51.18110000
39.86543879,55.11811000
39.86644359,51.18110000
39.86744839,43.30709000
39.86845319,43.30709000
39.86945799,47.24409000
39.87046279,43.30709000
39.87146759,47.24409000
39.87247239,51.18110000
39.87347719,51.18110000
39.87448199,51.18110000
39.87548679,51.18110000
39.87649159,55.11811000
39.87749639,55.11811000
39.87850119,51.18110000
39.87950599,55.11811000
39.88051079,55.11811000
39.88151559,51.18110000
39.88252039,43.30709000
39.88352519,47.24409000
39.88452999,47.24409000
39.88553479,59.05511000
39.88653959,51.18110000
39.88754439,51.18110000
39.88854919,51.18110000
39.88955399,47.24409000
39.89055879,47.24409000
39.89156359,47.24409000
39.89256839,47.24409000
39.89357319,51.18110000
39.89457799,51.18110000
39.89558279,47.24409000
39.89658759,47.24409000
39.89759239,51.18110000
39.89859719,43.30709000
39.89960199,39.37008000
39.90060679,43.30709000
39.90161159,43.30709000
39.90261639,47.24409000
39.90362119,43.30709000
39.90462599,51.18110000
39.90563079,47.24409000
39.90663559,47.24409000
39.90764039,47.24409000
39.90864519,47.24409000
39.90964999,47.24409000
39.91065479,51.18110000
39.91165959,47.24409000
39.91266439,51.18110000
39.91366919,47.24409000
39.91467399,47.24409000
39.91567879,39.37008000
39.91668359,43.30709000
39.91768839,39.37008000
39.91869319,47.24409000
39.91969799,47.24409000
39.92070279,43.30709000
39.92170759,51.18110000
39.92271239,51.18110000
39.92371719,43.30709000
39.92472199,47.24409000
39.92572679,51.18110000
39.92673159,47.24409000
39.92773639,47.24409000
39.92874119,47.24409000
39.92974599,51.18110000
39.93075079,47.24409000
39.93175559,43.30709000
39.93276039,39.37008000
39.93376519,43.30709000
39.93476999,47.24409000
39.93577479,47.24409000
39.93677959,47.24409000
39.93778439,43.30709000
39.93878919,51.18110000
39.93979399,47.24409000
39.94079879,51.18110000
39.94180359,51.18110000
39.94280839,43.30709000
39.94381319,47.24409000
39.94481799,47.24409000
39.94582279,51.18110000
39.94682759,47.24409000
39.94783239,47.24409000
39.94883719,43.30709000
39.94984199,39.37008000
39.95084679,43.30709000
39.95185159,47.24409000
39.95285639,47.24409000
39.95386119,51.18110000
39.95486599,51.18110000
39.95587079,47.24409000
39.95687559,47.24409000
39.95788039,47.24409000
39.95888519,47.24409000
39.95988999,51.18110000
39.96089479,43.30709000
39.96189959,51.18110000
39.96290438,43.30709000
39.96390918,47.24409000
39.96491398,35.43307000
39.96591878,35.43307000
39.96692358,39.37008000
39.96792838,43.30709000
39.96893318,47.24409000
39.96993798,47.24409000
39.97094278,43.30709000
39.97194758,47.24409000
39.97295238,47.24409000
39.97395718,47.24409000
39.97496198,43.30709000
39.97596678,43.30709000
39.97697158,43.30709000
39.97797638,47.24409000
39.97898118,43.30709000
39.97998598,39.37008000
39.98099078,39.37008000
39.98199558,31.49606000
39.98300038,43.30709000
39.98400518,47.24409000
39.98500998,39.37008000
39.98601478,39.37008000
39.98701958,47.24409000
39.98802438,43.30709000
39.98902918,43.30709000
39.99003398,39.37008000
39.99103878,47.24409000
39.99204358,43.30709000
39.99304838,39.37008000
39.99405318,47.24409000
39.99505798,43.30709000
39.99606278,47.24409000
39.99706758,39.37008000
39.99807238,43.30709000
39.99907718,39.37008000
40.00008198,35.43307000
40.00108678,39.37008000
40.00209158,39.37008000
40.00309638,39.37008000
40.00410118,39.37008000
40.00510598,43.30709000
40.00611078,47.24409000
40.00711558,43.30709000
40.00812038,47.24409000
40.00912518,47.24409000
40.01012998,43.30709000
40.01113478,47.24409000
40.01213958,47.24409000
40.01314438,39.37008000
40.01414918,35.43307000
40.01515398,43.30709000
40.01615878,39.37008000
40.01716358,39.37008000
40.01816838,39.37008000
40.01917318,43.30709000
40.02017798,51.18110000
40.02118278,47.24409000
40.02218758,47.24409000
40.02319238,47.24409000
40.02419718,39.37008000
40.02520198,39.37008000
40.02620678,43.30709000
40.02721158,43.30709000
40.02821638,47.24409000
40.02922118,39.37008000
40.03022598,39.37008000
40.03123078,39.37008000
40.03223558,47.24409000
40.03324038,39.37008000
40.03424518,39.37008000
40.03524998,39.37008000
40.03625478,39.37008000
40.03725958,35.43307000
40.03826438,43.30709000
40.03926918,39.37008000
40.04027398,43.30709000
40.04127878,51.18110000
40.04228358,43.30709000
40.04328838,43.30709000
40.04429318,43.30709000
40.04529798,43.30709000
40.04630278,39.37008000
40.04730758,43.30709000
40.04831238,47.24409000
40.04931718,43.30709000
40.05032198,35.43307000
40.05132678,39.37008000
40.05233158,43.30709000
40.05333638,43.30709000
40.05434118,39.37008000
40.05534598,39.37008000
40.05635078,39.37008000
40.05735558,43.30709000
40.05836038,35.43307000
40.05936518,43.30709000
40.06036998,43.30709000
40.06137478,35.43307000
40.06237958,35.43307000
40.06338438,39.37008000
40.06438918,39.37008000
40.06539398,43.30709000
40.06639878,39.37008000
40.06740358,39.37008000
40.06840838,39.37008000
40.06941318,31.49606000
40.07041798,35.43307000
40.07142278,35.43307000
40.07242758,39.37008000
40.07343238,35.43307000
40.07443718,39.37008000
40.07544198,43.30709000
40.07644678,43.30709000
40.07745158,47.24409000
40.07845638,39.37008000
40.07946118,43.30709000
40.08046598,43.30709000
40.08147078,39.37008000
40.08247558,39.37008000
40.08348038,43.30709000
40.08448518,39.37008000
40.08548998,35.43307000
40.08649478,39.37008000
40.08749958,39.37008000
40.08850438,35.43307000
40.08950918,39.37008000
40.09051398,39.37008000
40.09151878,35.43307000
40.09252358,35.43307000
40.09352838,31.49606000
40.09453318,35.43307000
40.09553798,35.43307000
40.09654278,39.37008000
40.09754758,35.43307000
40.09855238,39.37008000
40.09955718,35.43307000
40.10056198,31.49606000
40.10156678,39.37008000
40.10257158,23.62205000
40.10357638,39.37008000
40.10458118,27.55905000
40.10558598,31.49606000
40.10659078,39.37008000
40.10759558,39.37008000
40.10860038,39.37008000
40.10960518,43.30709000
40.11060998,31.49606000
40.11161478,35.43307000
40.11261958,35.43307000
40.11362438,39.37008000
40.11462918,35.43307000
40.11563398,39.37008000
40.11663878,35.43307000
40.11764358,39.37008000
40.11864838,35.43307000
40.11965318,31.49606000
40.12065798,35.43307000
40.12166278,35.43307000
40.12266758,35.43307000
40.12367238,35.43307000
40.12467718,39.37008000
40.12568198,31.49606000
40.12668678,27.55905000
40.12769158,31.49606000
40.12869638,31.49606000
40.12970118,35.43307000
40.13070598,43.30709000
40.13171078,31.49606000
40.13271558,35.43307000
40.13372038,23.62205000
40.13472518,23.62205000
40.13572998,27.55905000
40.13673478,27.55905000
40.13773958,35.43307000
40.13874438,31.49606000
40.13974918,35.43307000
40.14075398,35.43307000
40.14175878,39.37008000
40.14276358,35.43307000
40.14376838,35.43307000
40.14477318,35.43307000
40.14577798,35.43307000
40.14678278,39.37008000
40.14778758,43.30709000
40.14879238,39.37008000
40.14979718,39.37008000
40.15080198,31.49606000
40.15180678,35.43307000
40.15281158,39.37008000
40.15381638,31.49606000
40.15482118,35.43307000
40.15582598,35.43307000
40.15683078,35.43307000
40.15783558,35.43307000
40.15884038,31.49606000
40.15984518,31.49606000
40.16084998,31.49606000
40.16185478,35.43307000
40.16285958,35.43307000
40.16386438,23.62205000
40.16486918,31.49606000
40.16587398,31.49606000
40.16687878,23.62205000
40.16788358,35.43307000
40.16888838,35.43307000
40.16989318,35.43307000
40.17089798,39.37008000
40.17190278,39.37008000
40.17290758,35.43307000
40.17391238,43.30709000
40.17491718,35.43307000
40.17592198,35.43307000
40.17692678,39.37008000
40.17793158,35.43307000
40.17893638,35.43307000
40.17994118,35.43307000
40.18094598,39.37008000
40.18195078,39.37008000
40.18295558,31.49606000
40.18396038,35.43307000
40.18496518,35.43307000
40.18596998,35.43307000
40.18697478,35.43307000
40.18797958,35.43307000
40.18898438,35.43307000
40.18998918,39.37008000
40.19099398,27.55905000
40.19199878,27.55905000
40.19300358,35.43307000
40.19400838,51.18110000
40.19501318,35.43307000
40.19601798,35.43307000
40.19702278,27.55905000
40.19802758,31.49606000
40.19903238,27.55905000
40.20003718,31.49606000
40.20104198,27.55905000
40.20204678,31.49606000
40.20305158,35.43307000
40.20405638,35.43307000
40.20506118,35.43307000
40.20606598,35.43307000
40.20707078,35.43307000
40.20807558,31.49606000
40.20908038,31.49606000
40.21008518,35.43307000
40.21108998,39.37008000
40.21209478,31.49606000
40.21309958,39.37008000
40.21410438,31.49606000
40.21510918,31.49606000
40.21611398,35.43307000
40.21711878,35.43307000
40.21812358,35.43307000
40.21912838,35.43307000
40.22013318,31.49606000
40.22113798,35.43307000
40.22214278,31.49606000
40.22314758,31.49606000
40.22415238,31.49606000
40.22515718,31.49606000
40.22616198,35.43307000
40.22716678,27.55905000
40.22817158,31.49606000
40.22917638,27.55905000
40.23018118,27.55905000
40.23118598,27.55905000
40.23219078,31.49606000
40.23319558,31.49606000
40.23420038,27.55905000
40.23520518,31.49606000
40.23620998,31.49606000
40.23721478,31.49606000
40.23821958,35.43307000
40.23922438,35.43307000
40.24022918,27.55905000
40.24123398,27.55905000
40.24223878,23.62205000
40.24324358,31.49606000
40.24424838,31.49606000
40.24525318,31.49606000
40.24625798,31.49606000
40.24726278,27.55905000
40.24826758,31.49606000
40.24927238,35.43307000
40.25027718,27.55905000
40.25128198,31.49606000
40.25228678,31.49606000
40.25329158,31.49606000
40.25429638,31.49606000
40.25530118,27.55905000
40.25630598,31.49606000
40.25731078,31.49606000
40.25831558,27.55905000
40.25932038,31.49606000
40.26032518,31.49606000
40.26132998,27.55905000
40.26233478,23.62205000
40.26333958,23.62205000
40.26434438,23.62205000
40.26534918,23.62205000
40.26635398,31.49606000
40.26735878,35.43307000
40.26836358,27.55905000
40.26936838,35.43307000
40.27037318,31.49606000
40.27137798,23.62205000
40.27238278,31.49606000
40.27338758,31.49606000
40.27439238,31.49606000
40.27539718,35.43307000
40.27640198,31.49606000
40.27740678,31.49606000
40.27841158,27.55905000
40.27941638,27.55905000
40.28042118,27.55905000
40.28142598,31.49606000
40.28243078,31.49606000
40.28343558,31.49606000
40.28444038,31.49606000
40.28544518,27.55905000
40.28644998,31.49606000
40.28745478,23.62205000
40.28845958,15.74803000
40.28946438,27.55905000
40.29046918,27.55905000
40.29147398,31.49606000
40.29247877,27.55905000
40.29348357,23.62205000
40.29448837,27.55905000
40.29549317,23.62205000
40.29649797,27.55905000
40.29750277,27.55905000
40.29850757,27.55905000
40.29951237,27.55905000
40.30051717,31.49606000
40.30152197,31.49606000
40.30252677,35.43307000
40.30353157,31.49606000
40.30453637,31.49606000
40.30554117,27.55905000
40.30654597,35.43307000
40.30755077,27.55905000
40.30855557,39.37008000
40.30956037,27.55905000
40.31056517,27.55905000
40.31156997,31.49606000
40.31257477,31.49606000
40.31357957,27.55905000
40.31458437,35.43307000
40.31558917,35.43307000
40.31659397,27.55905000
40.31759877,35.43307000
40.31860357,31.49606000
40.31960837,31.49606000
40.32061317,31.49606000
40.32161797,27.55905000
40.32262277,27.55905000
40.32362757,27.55905000
40.32463237,27.55905000
40.32563717,19.68504000
40.32664197,23.62205000
40.32764677,23.62205000
40.32865157,23.62205000
40.32965637,35.43307000
40.33066117,31.49606000
40.33166597,27.55905000
40.33267077,31.49606000
40.33367557,35.43307000
40.33468037,35.43307000
40.33568517,35.43307000
40.33668997,31.49606000
40.33769477,27.55905000
40.33869957,27.55905000
40.33970437,27.55905000
40.34070917,35.43307000
40.34171397,35.43307000
40.34271877,31.49606000
40.34372357,31.49606000
40.34472837,31.49606000
40.34573317,31.49606000
40.34673797,35.43307000
40.34774277,27.55905000
40.34874757,23.62205000
40.34975237,27.55905000
40.35075717,27.55905000
40.35176197,27.55905000
40.35276677,31.49606000
40.35377157,23.62205000
40.35477637,27.55905000
40.35578117,27.55905000
40.35678597,19.68504000
40.35779077,19.68504000
40.35879557,23.62205000
40.35980037,27.55905000
40.36080517,23.62205000
40.36180997,27.55905000
40.36281477,27.55905000
40.36381957,31.49606000
40.36482437,31.49606000
40.36582917,31.49606000
40.36683397,31.49606000
40.36783877,35.43307000
40.36884357,35.43307000
40.36984837,31.49606000
40.37085317,23.62205000
40.37185797,27.55905000
40.37286277,23.62205000
40.37386757,31.49606000
40.37487237,31.49606000
40.37587717,31.49606000
40.37688197,27.55905000
40.37788677,23.62205000
40.37889157,31.49606000
40.37989637,27.55905000
40.38090117,27.55905000
40.38190597,27.55905000
40.38291077,23.62205000
40.38391557,27.55905000
40.38492037,27.55905000
40.38592517,19.68504000
40.38692997,19.68504000
40.38793477,23.62205000
40.38893957,23.62205000
40.38994437,19.68504000
40.39094917,19.68504000
40.39195397,23.62205000
40.39295877,23.62205000
40.39396357,27.55905000
40.39496837,27.55905000
40.39597317,31.49606000
40.39697797,31.49606000
40.39798277,31.49606000
40.39898757,27.55905000
40.39999237,23.62205000
40.40099717,31.49606000
40.40200197,23.62205000
40.40300677,23.62205000
40.40401157,15.74803000
40.40501637,23.62205000
40.40602117,31.49606000
40.40702597,23.62205000
40.40803077,31.49606000
40.40903557,23.62205000
40.41004037,27.55905000
40.41104517,23.62205000
40.41204997,23.62205000
40.41305477,27.55905000
40.41405957,27.55905000
40.41506437,27.55905000
40.41606917,19.68504000
40.41707397,31.49606000
40.41807877,27.55905000
40.41908357,27.55905000
40.42008837,23.62205000
40.42109317,23.62205000
40.42209797,19.68504000
40.42310277,19.68504000
40.42410757,19.68504000
40.42511237,23.62205000
40.42611717,19.68504000
40.42712197,23.62205000
40.42812677,23.62205000
40.42913157,23.62205000
40.43013637,23.62205000
40.43114117,23.62205000
40.43214597,35.43307000
40.43315077,31.49606000
40.43415557,27.55905000
40.43516037,23.62205000
40.43616517,23.62205000
40.43716997,23.62205000
40.43817477,23.62205000
40.43917957,31.49606000
40.44018437,27.55905000
40.44118917,23.62205000
40.44219397,27.55905000
40.44319877,23.62205000
40.44420357,27.55905000
40.44520837,35.43307000
40.44621317,31.49606000
40.44721797,27.55905000
40.44822277,23.62205000
40.44922757,23.62205000
40.45023237,19.68504000
40.45123717,19.68504000
40.45224197,19.68504000
40.45324677,19.68504000
40.45425157,15.74803000
40.45525637,23.62205000
40.45626117,15.74803000
40.45726597,23.62205000
40.45827077,19.68504000
40.45927557,27.55905000
40.46028037,27.55905000
40.46128517,27.55905000
40.46228997,31.49606000
40.46329477,27.55905000
40.46429957,23.62205000
40.46530437,27.55905000
40.46630917,23.62205000
40.46731397,27.55905000
40.46831877,19.68504000
40.46932357,19.68504000
40.47032837,27.55905000
40.47133317,27.55905000
40.47233797,27.55905000
40.47334277,27.55905000
40.47434757,23.62205000
40.47535237,19.68504000
40.47635717,23.62205000
40.47736197,23.62205000
40.47836677,23.62205000
40.47937157,19.68504000
40.48037637,19.68504000
40.48138117,27.55905000
40.48238597,23.62205000
40.48339077,19.68504000
40.48439557,23.62205000
40.48540037,19.68504000
40.48640517,35.43307000
40.48740997,19.68504000
40.48841477,23.62205000
40.48941957,15.74803000
40.49042437,23.62205000
40.49142917,27.55905000
40.49243397,27.55905000
40.49343877,27.55905000
40.49444357,27.55905000
40.49544837,27.55905000
40.49645317,23.62205000
40.49745797,31.49606000
40.49846277,27.55905000
40.49946757,19.68504000
40.50047237,19.68504000
40.50147717,23.62205000
40.50248197,23.62205000
40.50348677,23.62205000
40.50449157,23.62205000
40.50549637,27.55905000
40.50650117,27.55905000
40.50750597,23.62205000
40.50851077,19.68504000
40.50951557,19.68504000
40.51052037,23.62205000
40.51152517,27.55905000
40.51252997,23.62205000
40.51353477,27.55905000
40.51453957,19.68504000
40.51554437,23.62205000
40.51654917,19.68504000
40.51755397,15.74803000
40.51855877,15.74803000
40.51956357,23.62205000
40.52056837,19.68504000
40.52157317,15.74803000
40.52257797,27.55905000
40.52358277,27.55905000
40.52458757,23.62205000
40.52559237,27.55905000
40.52659717,27.55905000
40.52760197,27.55905000
40.52860677,23.62205000
40.52961157,23.62205000
40.53061637,23.62205000
40.53162117,19.68504000
40.53262597,23.62205000
40.53363077,19.68504000
40.53463557,11.81102000
40.53564037,27.55905000
40.53664517,23.62205000
40.53764997,23.62205000
40.53865477,19.68504000
40.53965957,19.68504000
40.54066437,23.62205000
40.54166917,23.62205000
40.54267397,23.62205000
40.54367877,15.74803000
40.54468357,23.62205000
40.54568837,23.62205000
40.54669317,19.68504000
40.54769797,27.55905000
40.54870277,19.68504000
40.54970757,7.87401500
40.55071237,19.68504000
40.55171717,15.74803000
40.55272197,15.74803000
40.55372677,23.62205000
40.55473157,23.62205000
40.55573637,23.62205000
40.55674117,27.55905000
40.55774597,27.55905000
40.55875077,23.62205000
40.55975557,23.62205000
40.56076037,27.55905000
40.56176517,23.62205000
40.56276997,27.55905000
40.56377477,23.62205000
40.56477957,23.62205000
40.56578437,23.62205000
40.56678917,27.55905000
40.56779397,19.68504000
40.56879877,23.62205000
40.56980357,19.68504000
40.57080837,23.62205000
40.57181317,23.62205000
40.57281797,19.68504000
40.57382277,23.62205000
40.57482757,23.62205000
40.57583237,23.62205000
40.57683717,19.68504000
40.57784197,19.68504000
40.57884677,23.62205000
40.57985157,15.74803000
40.58085637,7.87401500
40.58186117,11.81102000
40.58286597,11.81102000
40.58387077,11.81102000
40.58487557,19.68504000
40.58588037,19.68504000
40.58688517,23.62205000
40.58788997,23.62205000
40.58889477,23.62205000
40.58989957,27.55905000
40.59090437,23.62205000
40.59190917,23.62205000
40.59291397,23.62205000
40.59391877,23.62205000
40.59492357,27.55905000
40.59592837,23.62205000
40.59693317,15.74803000
40.59793797,19.68504000
40.59894277,19.68504000
40.59994757,35.43307000
40.60095237,15.74803000
40.60195717,19.68504000
40.60296197,19.68504000
40.60396677,23.62205000
40.60497157,19.68504000
40.60597637,23.62205000
40.60698117,19.68504000
40.60798597,19.68504000
40.60899077,23.62205000
40.60999557,23.62205000
40.61100037,23.62205000
40.61200517,19.68504000
40.61300997,19.68504000
40.61401477,3.93700800
40.61501957,3.93700800
40.61602437,7.87401500
40.61702917,11.81102000
40.61803397,19.68504000
40.61903877,19.68504000
40.62004357,15.74803000
40.62104836,19.68504000
40.62205316,23.62205000
40.62305796,19.68504000
40.62406276,19.68504000
40.62506756,19.68504000
40.62607236,23.62205000
40.62707716,15.74803000
40.62808196,23.62205000
40.62908676,15.74803000
40.63009156,15.74803000
40.63109636,15.74803000
40.63210116,23.62205000
40.63310596,23.62205000
40.63411076,19.68504000
40.63511556,19.68504000
40.63612036,19.68504000
40.63712516,19.68504000
40.63812996,27.55905000
40.63913476,19.68504000
40.64013956,19.68504000
40.64114436,23.62205000
40.64214916,15.74803000
40.64315396,15.74803000
40.64415876,23.62205000
40.64516356,15.74803000
40.64616836,11.81102000
40.64717316,15.74803000
40.64817796,15.74803000
40.64918276,19.68504000
40.65018756,19.68504000
40.65119236,19.68504000
40.65219716,23.62205000
40.65320196,23.62205000
40.65420676,19.68504000
40.65521156,23.62205000
40.65621636,15.74803000
40.65722116,23.62205000
40.65822596,19.68504000
40.65923076,19.68504000
40.66023556,23.62205000
40.66124036,23.62205000
40.66224516,23.62205000
40.66324996,19.68504000
40.66425476,15.74803000
40.66525956,19.68504000
40.66626436,23.62205000
40.66726916,23.62205000
40.66827396,19.68504000
40.66927876,15.74803000
40.67028356,19.68504000
40.67128836,15.74803000
40.67229316,23.62205000
40.67329796,23.62205000
40.67430276,23.62205000
40.67530756,23.62205000
40.67631236,15.74803000
40.67731716,19.68504000
40.67832196,19.68504000
40.67932676,11.81102000
40.68033156,15.74803000
40.68133636,7.87401500
40.68234116,19.68504000
40.68334596,11.81102000
40.68435076,19.68504000
40.68535556,23.62205000
40.68636036,19.68504000
40.68736516,19.68504000
40.68836996,23.62205000
40.68937476,19.68504000
40.69037956,19.68504000
40.69138436,23.62205000
40.69238916,19.68504000
40.69339396,15.74803000
40.69439876,7.87401500
40.69540356,15.74803000
40.69640836,15.74803000
40.69741316,31.49606000
40.69841796,19.68504000
40.69942276,11.81102000
40.70042756,23.62205000
40.70143236,15.74803000
40.70243716,19.68504000
40.70344196,19.68504000
40.70444676,19.68504000
40.70545156,11.81102000
40.70645636,15.74803000
40.70746116,19.68504000
40.70846596,19.68504000
40.70947076,19.68504000
40.71047556,15.74803000
40.71148036,11.81102000
40.71248516,11.81102000
40.71348996,11.81102000
40.71449476,7.87401500
40.71549956,19.68504000
40.71650436,7.87401500
40.71750916,11.81102000
40.71851396,15.74803000
40.71951876,11.81102000
40.72052356,19.68504000
40.72152836,15.74803000
40.72253316,19.68504000
40.72353796,19.68504000
40.72454276,23.62205000
40.72554756,23.62205000
40.72655236,19.68504000
40.72755716,15.74803000
40.72856196,11.81102000
40.72956676,11.81102000
40.73057156,19.68504000
40.73157636,15.74803000
40.73258116,11.81102000
40.73358596,15.74803000
40.73459076,15.74803000
40.73559556,15.74803000
40.73660036,19.68504000
40.73760516,15.74803000
40.73860996,19.68504000
40.73961476,19.68504000
40.74061956,15.74803000
40.74162436,19.68504000
40.74262916,15.74803000
40.74363396,11.81102000
40.74463876,0.00000000
40.74564356,11.81102000
40.74664836,11.81102000
40.74765316,19.68504000
40.74865796,19.68504000
40.74966276,15.74803000
40.75066756,27.55905000
40.75167236,15.74803000
40.75267716,23.62205000
40.75368196,23.62205000
40.75468676,19.68504000
40.75569156,19.68504000
40.75669636,15.74803000
40.75770116,19.68504000
40.75870596,19.68504000
40.75971076,11.81102000
40.76071556,15.74803000
40.76172036,15.74803000
40.76272516,19.68504000
40.76372996,19.68504000
40.76473476,19.68504000
40.76573956,19.68504000
40.76674436,23.62205000
40.76774916,15.74803000
40.76875396,15.74803000
40.76975876,15.74803000
40.77076356,15.74803000
40.77176836,19.68504000
40.77277316,19.68504000
40.77377796,15.74803000
40.77478276,11.81102000
40.77578756,7.87401500
40.77679236,11.81102000
40.77779716,11.81102000
40.77880196,15.74803000
40.77980676,19.68504000
40.78081156,11.81102000
40.78181636,15.74803000
40.78282116,19.68504000
40.78382596,15.74803000
40.78483076,23.62205000
40.78583556,19.68504000
40.78684036,19.68504000
40.78784516,15.74803000
40.78884996,19.68504000
40.78985476,15.74803000
40.79085956,19.68504000
40.79186436,7.87401500
40.79286916,15.74803000
40.79387396,11.81102000
40.79487876,15.74803000
40.79588356,11.81102000
40.79688836,19.68504000
40.79789316,19.68504000
40.79889796,15.74803000
40.79990276,15.74803000
40.80090756,23.62205000
40.80191236,19.68504000
40.80291716,15.74803000
40.80392196,19.68504000
40.80492676,19.68504000
40.80593156,19.68504000
40.80693636,19.68504000
40.80794116,11.81102000
40.80894596,3.93700800
40.80995076,7.87401500
40.81095556,11.81102000
40.81196036,15.74803000
40.81296516,11.81102000
40.81396996,19.68504000
40.81497476,15.74803000
40.81597956,19.68504000
40.81698436,19.68504000
40.81798916,15.74803000
40.81899396,15.74803000
40.81999876,15.74803000
40.82100356,15.74803000
40.82200836,19.68504000
40.82301316,11.81102000
40.82401796,11.81102000
40.82502276,11.81102000
40.82602756,11.81102000
40.82703236,11.81102000
40.82803716,19.68504000
40.82904196,15.74803000
40.83004676,15.74803000
40.83105156,19.68504000
40.83205636,15.74803000
40.83306116,15.74803000
40.83406596,19.68504000
40.83507076,15.74803000
40.83607556,19.68504000
40.83708036,11.81102000
40.83808516,11.81102000
40.83908996,15.74803000
40.84009476,11.81102000
40.84109956,11.81102000
40.84210436,3.93700800
40.84310916,7.87401500
40.84411396,11.81102000
40.84511876,7.87401500
40.84612356,7.87401500
40.84712836,11.81102000
40.84813316,11.81102000
40.84913796,19.68504000
40.85014276,15.74803000
40.85114756,15.74803000
40.85215236,15.74803000
40.85315716,11.81102000
40.85416196,15.74803000
40.85516676,19.68504000
40.85617156,11.81102000
40.85717636,11.81102000
40.85818116,7.87401500
40.85918596,7.87401500
40.86019076,15.74803000
40.86119556,15.74803000
40.86220036,19.68504000
40.86320516,15.74803000
40.86420996,19.68504000
40.86521476,15.74803000
40.86621956,19.68504000
40.86722436,15.74803000
40.86822916,19.68504000
40.86923396,15.74803000
40.87023876,19.68504000
40.87124356,15.74803000
40.87224836,7.87401500
40.87325316,7.87401500
40.87425796,7.87401500
40.87526276,11.81102000
40.87626756,15.74803000
40.87727236,15.74803000
40.87827716,19.68504000
40.87928196,11.81102000
40.88028676,19.68504000
40.88129156,15.74803000
40.88229636,15.74803000
40.88330116,11.81102000
40.88430596,15.74803000
40.88531076,19.68504000
40.88631556,15.74803000
40.88732036,23.62205000
40.88832516,11.81102000
40.88932996,7.87401500
40.89033476,11.81102000
40.89133956,11.81102000
40.89234436,23.62205000
40.89334916,15.74803000
40.89435396,15.74803000
40.89535876,11.81102000
40.89636356,15.74803000
40.89736836,15.74803000
40.89837316,11.81102000
40.89937796,15.74803000
40.90038276,11.81102000
40.90138756,3.93700800
40.90239236,15.74803000
40.90339716,11.81102000
40.90440196,7.87401500
40.90540676,11.81102000
40.90641156,3.93700800
40.90741636,7.87401500
40.90842116,15.74803000
40.90942596,15.74803000
40.91043076,15.74803000
40.91143556,11.81102000
40.91244036,15.74803000
40.91344516,15.74803000
40.91444996,11.81102000
40.91545476,19.68504000
40.91645956,15.74803000
40.91746436,15.74803000
40.91846916,15.74803000
40.91947396,11.81102000
40.92047876,15.74803000
40.92148356,19.68504000
40.92248836,11.81102000
40.92349316,11.81102000
40.92449796,7.87401500
40.92550276,11.81102000
40.92650756,11.81102000
40.92751236,19.68504000
40.92851716,15.74803000
40.92952196,15.74803000
40.93052676,11.81102000
40.93153156,3.93700800
40.93253636,3.93700800
40.93354116,7.87401500
40.93454596,7.87401500
40.93555076,7.87401500
40.93655556,15.74803000
40.93756036,15.74803000
40.93856516,11.81102000
40.93956996,11.81102000
40.94057476,19.68504000
40.94157956,19.68504000
40.94258436,19.68504000
40.94358916,19.68504000
40.94459396,15.74803000
40.94559876,11.81102000
40.94660356,15.74803000
40.94760836,11.81102000
40.94861316,7.87401500
40.94961795,15.74803000
40.95062275,15.74803000
40.95162755,15.74803000
40.95263235,11.81102000
40.95363715,15.74803000
40.95464195,11.81102000
40.95564675,11.81102000
40.95665155,7.87401500
40.95765635,15.74803000
40.95866115,11.81102000
40.95966595,7.87401500
40.96067075,11.81102000
40.96167555,11.81102000
40.96268035,11.81102000
40.96368515,0.00000000
40.96468995,11.81102000
40.96569475,11.81102000
40.96669955,11.81102000
40.96770435,11.81102000
40.96870915,11.81102000
40.96971395,15.74803000
40.97071875,11.81102000
40.97172355,11.81102000
40.97272835,7.87401500
40.97373315,15.74803000
40.97473795,15.74803000
40.97574275,11.81102000
40.97674755,19.68504000
40.97775235,15.74803000
40.97875715,19.68504000
40.97976195,11.81102000
40.98076675,15.74803000
40.98177155,15.74803000
40.98277635,11.81102000
40.98378115,11.81102000
40.98478595,7.87401500
40.98579075,11.81102000
40.98679555,11.81102000
40.98780035,15.74803000
40.98880515,11.81102000
40.98980995,19.68504000
40.99081475,15.74803000
40.99181955,11.81102000
40.99282435,11.81102000
40.99382915,15.74803000
40.99483395,11.81102000
40.99583875,7.87401500
40.99684355,7.87401500
40.99784835,7.87401500
40.99885315,11.81102000
40.99985795,11.81102000
41.00086275,19.68504000
41.00186755,15.74803000
41.00287235,19.68504000
41.00387715,15.74803000
41.00488195,7.87401500
41.00588675,35.43307000
41.00689155,15.74803000
41.00789635,15.74803000
41.00890115,15.74803000
41.00990595,11.81102000
41.01091075,15.74803000
41.01191555,11.81102000
41.01292035,11.81102000
41.01392515,15.74803000
41.01492995,15.74803000
41.01593475,11.81102000
41.01693955,11.81102000
41.01794435,19.68504000
41.01894915,15.74803000
41.01995395,15.74803000
41.02095875,7.87401500
41.02196355,7.87401500
41.02296835,11.81102000
41.02397315,11.81102000
41.02497795,15.74803000
41.02598275,11.81102000
41.02698755,3.93700800
41.02799235,7.87401500
41.02899715,3.93700800
41.03000195,7.87401500
41.03100675,11.81102000
41.03201155,11.81102000
41.03301635,11.81102000
41.03402115,11.81102000
41.03502595,19.68504000
41.03603075,11.81102000
41.03703555,7.87401500
41.03804035,7.87401500
41.03904515,11.81102000
41.04004995,11.81102000
41.04105475,11.81102000
41.04205955,15.74803000
41.04306435,11.81102000
41.04406915,15.74803000
41.04507395,11.81102000
41.04607875,11.81102000
41.04708355,15.74803000
41.04808835,15.74803000
41.04909315,11.81102000
41.05009795,7.87401500
41.05110275,11.81102000
41.05210755,7.87401500
41.05311235,11.81102000
41.05411715,7.87401500
41.05512195,11.81102000
41.05612675,7.87401500
41.05713155,11.81102000
41.05813635,0.00000000
41.05914115,3.93700800
41.06014595,7.87401500
41.06115075,11.81102000
41.06215555,7.87401500
41.06316035,11.81102000
41.06416515,11.81102000
41.06516995,15.74803000
41.06617475,15.74803000
41.06717955,11.81102000
41.06818435,11.81102000
41.06918915,11.81102000
41.07019395,11.81102000
41.07119875,11.81102000
41.07220355,15.74803000
41.07320835,11.81102000
41.07421315,19.68504000
41.07521795,7.87401500
41.07622275,11.81102000
41.07722755,19.68504000
41.07823235,15.74803000
41.07923715,11.81102000
41.08024195,15.74803000
41.08124675,15.74803000
41.08225155,15.74803000
41.08325635,15.74803000
41.08426115,7.87401500
41.08526595,7.87401500
41.08627075,-3.93700800
41.08727555,7.87401500
41.08828035,3.93700800
41.08928515,3.93700800
41.09028995,15.74803000
41.09129475,3.93700800
41.09229955,11.81102000
41.09330435,15.74803000
41.09430915,7.87401500
41.09531395,11.81102000
41.09631875,11.81102000
41.09732355,7.87401500
41.09832835,11.81102000
41.09933315,11.81102000
41.10033795,0.00000000
41.10134275,11.81102000
41.10234755,3.93700800
41.10335235,27.55905000
41.10435715,11.81102000
41.10536195,11.81102000
41.10636675,11.81102000
41.10737155,15.74803000
41.10837635,11.81102000
41.10938115,7.87401500
41.11038595,7.87401500
41.11139075,15.74803000
41.11239555,11.81102000
41.11340035,11.81102000
41.11440515,11.81102000
41.11540995,11.81102000
41.11641475,15.74803000
41.11741955,7.87401500
41.11842435,0.00000000
41.11942915,7.87401500
41.12043395,7.87401500
41.12143875,7.87401500
41.12244355,15.74803000
41.12344835,19.68504000
41.12445315,15.74803000
41.12545795,11.81102000
41.12646275,7.87401500
41.12746755,11.81102000
41.12847235,11.81102000
41.12947715,11.81102000
41.13048195,15.74803000
41.13148675,15.74803000
41.13249155,11.81102000
41.13349635,7.87401500
41.13450115,11.81102000
41.13550595,7.87401500
41.13651075,11.81102000
41.13751555,11.81102000
41.13852035,7.87401500
41.13952515,7.87401500
41.14052995,11.81102000
41.14153475,7.87401500
41.14253955,15.74803000
41.14354435,11.81102000
41.14454915,11.81102000
41.14555395,11.81102000
41.14655875,11.81102000
41.14756355,3.93700800
41.14856835,7.87401500
41.14957315,-3.93700800
41.15057795,0.00000000
41.15158275,0.00000000
41.15258755,7.87401500
41.15359235,15.74803000
41.15459715,7.87401500
41.15560195,3.93700800
41.15660675,11.81102000
41.15761155,11.81102000
41.15861635,15.74803000
41.15962115,15.74803000
41.16062595,7.87401500
41.16163075,11.81102000
41.16263555,11.81102000
41.16364035,7.87401500
41.16464515,15.74803000
41.16564995,15.74803000
41.16665475,7.87401500
41.16765955,7.87401500
41.16866435,7.87401500
41.16966915,15.74803000
41.17067395,15.74803000
41.17167875,7.87401500
41.17268355,11.81102000
41.17368835,3.93700800
41.17469315,7.87401500
41.17569795,11.81102000
41.17670275,7.87401500
41.17770755,11.81102000
41.17871235,11.81102000
41.17971715,-3.93700800
41.18072195,0.00000000
41.18172675,3.93700800
41.18273155,7.87401500
41.18373635,7.87401500
41.18474115,11.81102000
41.18574595,7.87401500
41.18675075,11.81102000
41.18775555,11.81102000
41.18876035,11.81102000
41.18976515,15.74803000
41.19076995,15.74803000
41.19177475,11.81102000
41.19277955,3.93700800
41.19378435,11.81102000
41.19478915,7.87401500
41.19579395,11.81102000
41.19679875,15.74803000
41.19780355,-3.93700800
41.19880835,7.87401500
41.19981315,7.87401500
41.20081795,11.81102000
41.20182275,0.00000000
41.20282755,11.81102000
41.20383235,7.87401500
41.20483715,7.87401500
41.20584195,7.87401500
41.20684675,7.87401500
41.20785155,11.81102000
41.20885635,11.81102000
41.20986115,0.00000000
41.21086595,3.93700800
41.21187075,3.93700800
41.21287555,7.87401500
41.21388035,7.87401500
41.21488515,3.93700800
41.21588995,7.87401500
41.21689475,7.87401500
41.21789955,11.81102000
41.21890435,11.81102000
41.21990915,15.74803000
41.22091395,11.81102000
41.22191875,11.81102000
41.22292355,11.81102000
41.22392835,15.74803000
41.22493315,7.87401500
41.22593795,7.87401500
41.22694275,11.81102000
41.22794755,7.87401500
41.22895235,15.74803000
41.22995715,11.81102000
41.23096195,7.87401500
41.23196675,11.81102000
41.23297155,7.87401500
41.23397635,11.81102000
41.23498115,7.87401500
41.23598595,7.87401500
41.23699075,7.87401500
41.23799555,7.87401500
41.23900035,11.81102000
41.24000515,3.93700800
41.24100995,-3.93700800
41.24201475,7.87401500
41.24301955,0.00000000
41.24402435,7.87401500
41.24502915,7.87401500
41.24603395,11.81102000
41.24703875,3.93700800
41.24804355,3.93700800
41.24904835,11.81102000
41.25005315,11.81102000
41.25105795,7.87401500
41.25206275,7.87401500
41.25306755,7.87401500
41.25407235,7.87401500
41.25507715,7.87401500
41.25608195,11.81102000
41.25708675,11.81102000
41.25809155,11.81102000
41.25909635,7.87401500
41.26010115,7.87401500
41.26110595,7.87401500
41.26211075,7.87401500
41.26311555,3.93700800
41.26412035,3.93700800
41.26512515,3.93700800
41.26612995,7.87401500
41.26713475,7.87401500
41.26813955,11.81102000
41.26914435,7.87401500
41.27014915,11.81102000
41.27115395,11.81102000
41.27215875,-3.93700800
41.27316355,0.00000000
41.27416835,3.93700800
41.27517315,3.93700800
41.27617795,7.87401500
41.27718275,7.87401500
41.27818755,11.81102000
41.27919234,3.93700800
41.28019714,3.93700800
41.28120194,7.87401500
41.28220674,7.87401500
41.28321154,19.68504000
41.28421634,11.81102000
41.28522114,7.87401500
41.28622594,7.87401500
41.28723074,7.87401500
41.28823554,3.93700800
41.28924034,11.81102000
41.29024514,7.87401500
41.29124994,7.87401500
41.29225474,3.93700800
41.29325954,3.93700800
41.29426434,11.81102000
41.29526914,-3.93700800
41.29627394,7.87401500
41.29727874,3.93700800
41.29828354,7.87401500
41.29928834,7.87401500
41.30029314,7.87401500
41.30129794,7.87401500
41.30230274,-3.93700800
41.30330754,3.93700800
41.30431234,0.00000000
41.30531714,0.00000000
41.30632194,3.93700800
41.30732674,7.87401500
41.30833154,11.81102000
41.30933634,11.81102000
41.31034114,15.74803000
41.31134594,7.87401500
41.31235074,7.87401500
41.31335554,7.87401500
41.31436034,7.87401500
41.31536514,7.87401500
41.31636994,11.81102000
41.31737474,7.87401500
41.31837954,7.87401500
41.31938434,11.81102000
41.32038914,7.87401500
41.32139394,3.93700800
41.32239874,7.87401500
41.32340354,7.87401500
41.32440834,7.87401500
41.32541314,7.87401500
41.32641794,11.81102000
41.32742274,7.87401500
41.32842754,3.93700800
41.32943234,3.93700800
41.33043714,3.93700800
41.33144194,7.87401500
41.33244674,11.81102000
41.33345154,0.00000000
41.33445634,0.00000000
41.33546114,3.93700800
41.33646594,3.93700800
41.33747074,7.87401500
41.33847554,7.87401500
41.33948034,7.87401500
41.34048514,7.87401500
41.34148994,7.87401500
41.34249474,7.87401500
41.34349954,7.87401500
41.34450434,3.93700800
41.34550914,7.87401500
41.34651394,0.00000000
41.34751874,7.87401500
41.34852354,7.87401500
41.34952834,3.93700800
41.35053314,7.87401500
41.35153794,3.93700800
41.35254274,3.93700800
41.35354754,7.87401500
41.35455234,7.87401500
41.35555714,7.87401500
41.35656194,3.93700800
41.35756674,7.87401500
41.35857154,7.87401500
41.35957634,3.93700800
41.36058114,7.87401500
41.36158594,7.87401500
41.36259074,7.87401500
41.36359554,7.87401500
41.36460034,7.87401500
41.36560514,0.00000000
41.36660994,0.00000000
41.36761474,0.00000000
41.36861954,3.93700800
41.36962434,0.00000000
41.37062914,3.93700800
41.37163394,3.93700800
41.37263874,7.87401500
41.37364354,7.87401500
41.37464834,7.87401500
41.37565314,7.87401500
41.37665794,3.93700800
41.37766274,3.93700800
41.37866754,3.93700800
41.37967234,7.87401500
41.38067714,7.87401500
41.38168194,7.87401500
41.38268674,3.93700800
41.38369154,7.87401500
41.38469634,7.87401500
41.38570114,3.93700800
41.38670594,11.81102000
41.38771074,7.87401500
41.38871554,3.93700800
41.38972034,7.87401500
41.39072514,11.81102000
41.39172994,7.87401500
41.39273474,0.00000000
41.39373954,7.87401500
41.39474434,0.00000000
41.39574914,7.87401500
41.39675394,0.00000000
41.39775874,0.00000000
41.39876354,3.93700800
41.39976834,3.93700800
41.40077314,11.81102000
41.40177794,3.93700800
41.40278274,7.87401500
41.40378754,15.74803000
41.40479234,7.87401500
41.40579714,7.87401500
41.40680194,7.87401500
41.40780674,11.81102000
41.40881154,7.87401500
41.40981634,3.93700800
41.41082114,3.93700800
41.41182594,11.81102000
41.41283074,7.87401500
41.41383554,0.00000000
41.41484034,11.81102000
41.41584514,3.93700800
41.41684994,7.87401500
41.41785474,7.87401500
41.41885954,11.81102000
41.41986434,7.87401500
41.42086914,7.87401500
41.42187394,0.00000000
41.42287874,7.87401500
41.42388354,3.93700800
41.42488834,3.93700800
41.42589314,7.87401500
41.42689794,0.00000000
41.42790274,3.93700800
41.42890754,7.87401500
41.42991234,3.93700800
41.43091714,3.93700800
41.43192194,7.87401500
41.43292674,-3.93700800
41.43393154,-3.93700800
41.43493634,0.00000000
41.43594114,0.00000000
41.43694594,3.93700800
41.43795074,3.93700800
41.43895554,7.87401500
41.43996034,7.87401500
41.44096514,7.87401500
41.44196994,3.93700800
41.44297474,0.00000000
41.44397954,7.87401500
41.44498434,7.87401500
41.44598914,7.87401500
41.44699394,7.87401500
41.44799874,3.93700800
41.44900354,3.93700800
41.45000834,7.87401500
41.45101314,7.87401500
41.45201794,3.93700800
41.45302274,0.00000000
41.45402754,3.93700800
41.45503234,7.87401500
41.45603714,3.93700800
41.45704194,11.81102000
41.45804674,3.93700800
41.45905154,0.00000000
41.46005634,3.93700800
41.46106114,7.87401500
41.46206594,3.93700800
41.46307074,7.87401500
41.46407554,3.93700800
41.46508034,3.93700800
41.46608514,3.93700800
41.46708994,7.87401500
41.46809474,3.93700800
41.46909954,3.93700800
41.47010434,3.93700800
41.47110914,0.00000000
41.47211394,0.00000000
41.47311874,7.87401500
41.47412354,3.93700800
41.47512834,0.00000000
41.47613314,3.93700800
41.47713794,7.87401500
41.47814274,3.93700800
41.47914754,7.87401500
41.48015234,3.93700800
41.48115714,3.93700800
41.48216194,3.93700800
41.48316674,3.93700800
41.48417154,3.93700800
41.48517634,3.93700800
41.48618114,0.00000000
41.48718594,0.00000000
41.48819074,3.93700800
41.48919554,0.00000000
41.49020034,-3.93700800
41.49120514,-3.93700800
41.49220994,-3.93700800
41.49321474,0.00000000
41.49421954,-3.93700800
41.49522434,3.93700800
41.49622914,0.00000000
41.49723394,0.00000000
41.49823874,-3.93700800
41.49924354,-3.93700800
41.50024834,-3.93700800
41.50125314,0.00000000
41.50225794,-3.93700800
41.50326274,0.00000000
41.50426754,-19.68504000
41.50527234,-3.93700800
41.50627714,-7.87401500
41.50728194,-7.87401500
41.50828674,-3.93700800
41.50929154,11.81102000
41.51029634,3.93700800
41.51130114,3.93700800
41.51230594,3.93700800
41.51331074,3.93700800
41.51431554,3.93700800
41.51532034,3.93700800
41.51632514,0.00000000
41.51732994,3.93700800
41.51833474,0.00000000
41.51933954,3.93700800
41.52034434,0.00000000
41.52134914,0.00000000
41.52235394,0.00000000
41.52335874,0.00000000
41.52436354,-3.93700800
41.52536834,0.00000000
41.52637314,-3.93700800
41.52737794,3.93700800
41.52838274,0.00000000
41.52938754,0.00000000
41.53039234,-11.81102000
41.53139714,-7.87401500
41.53240194,-3.93700800
41.53340674,-7.87401500
41.53441154,-7.87401500
41.53541634,-3.93700800
41.53642114,-3.93700800
41.53742594,0.00000000
41.53843074,-3.93700800
41.53943554,-3.93700800
41.54044034,-7.87401500
41.54144514,-3.93700800
41.54244994,0.00000000
41.54345474,-3.93700800
41.54445954,0.00000000
41.54546434,0.00000000
41.54646914,-3.93700800
41.54747394,-7.87401500
41.54847874,0.00000000
41.54948354,0.00000000
41.55048834,-3.93700800
41.55149314,0.00000000
41.55249794,3.93700800
41.55350274,0.00000000
41.55450754,-11.81102000
41.55551234,-7.87401500
41.55651714,-15.74803000
41.55752194,-7.87401500
41.55852674,-3.93700800
41.55953154,-3.93700800
41.56053634,-3.93700800
41.56154114,0.00000000
41.56254594,3.93700800
41.56355074,0.00000000
41.56455554,0.00000000
41.56556034,-3.93700800
41.56656514,-3.93700800
41.56756994,0.00000000
41.56857474,0.00000000
41.56957954,0.00000000
41.57058434,0.00000000
41.57158914,-3.93700800
41.57259394,-7.87401500
41.57359874,-3.93700800
41.57460354,-7.87401500
41.57560834,0.00000000
41.57661314,-3.93700800
41.57761794,-7.87401500
41.57862274,-3.93700800
41.57962754,0.00000000
41.58063234,-3.93700800
41.58163714,-3.93700800
41.58264194,-11.81102000
41.58364674,-7.87401500
41.58465154,-7.87401500
41.58565634,-3.93700800
41.58666114,-7.87401500
41.58766594,-7.87401500
41.58867074,-7.87401500
41.58967554,-3.93700800
41.59068034,-7.87401500
41.59168514,-3.93700800
41.59268994,-3.93700800
41.59369474,-3.93700800
41.59469954,-7.87401500
41.59570434,-7.87401500
41.59670914,-3.93700800
41.59771394,0.00000000
41.59871874,-7.87401500
41.59972354,-3.93700800
41.60072834,0.00000000
41.60173314,-7.87401500
41.60273794,-7.87401500
41.60374274,-11.81102000
41.60474754,-7.87401500
41.60575234,-7.87401500
41.60675714,3.93700800
41.60776193,-7.87401500
41.60876673,-7.87401500
41.60977153,-7.87401500
41.61077633,-7.87401500
41.61178113,-3.93700800
41.61278593,-3.93700800
41.61379073,-3.93700800
41.61479553,0.00000000
41.61580033,-3.93700800
41.61680513,-7.87401500
41.61780993,-7.87401500
41.61881473,-3.93700800
41.61981953,-3.93700800
41.62082433,-3.93700800
41.62182913,0.00000000
41.62283393,0.00000000
41.62383873,11.81102000
41.62484353,11.81102000
41.62584833,15.74803000
41.62685313,11.81102000
41.62785793,15.74803000
41.62886273,15.74803000
41.62986753,15.74803000
41.63087233,19.68504000
41.63187713,19.68504000
41.63288193,19.68504000
41.63388673,23.62205000
41.63489153,23.62205000
41.63589633,23.62205000
41.63690113,19.68504000
41.63790593,19.68504000
41.63891073,19.68504000
41.63991553,19.68504000
41.64092033,19.68504000
41.64192513,15.74803000
41.64292993,11.81102000
41.64393473,11.81102000
41.64493953,11.81102000
41.64594433,7.87401500
41.64694913,0.00000000
41.64795393,-7.87401500
41.64895873,-7.87401500
41.64996353,-11.81102000
41.65096833,-11.81102000
41.65197313,-11.81102000
41.65297793,-15.74803000
41.65398273,-19.68504000
41.65498753,-19.68504000
41.65599233,-19.68504000
41.65699713,-19.68504000
41.65800193,-19.68504000
41.65900673,-27.55905000
41.66001153,-23.62205000
41.66101633,-19.68504000
41.66202113,-23.62205000
41.66302593,-23.62205000
41.66403073,-15.74803000
41.66503553,-15.74803000
41.66604033,-15.74803000
41.66704513,-11.81102000
41.66804993,-11.81102000
41.66905473,-11.81102000
41.67005953,-7.87401500
41.67106433,-3.93700800
41.67206913,-3.93700800
41.67307393,7.87401500
41.67407873,7.87401500
41.67508353,-7.87401500
41.67608833,7.87401500
41.67709313,15.74803000
41.67809793,11.81102000
41.67910273,11.81102000
41.68010753,3.93700800
41.68111233,-3.93700800
41.68211713,-3.93700800
41.68312193,-3.93700800
41.68412673,-3.93700800
41.68513153,-3.93700800
41.68613633,3.93700800
41.68714113,3.93700800
41.68814593,3.93700800
41.68915073,3.93700800
41.69015553,3.93700800
41.69116033,0.00000000
41.69216513,0.00000000
41.69316993,3.93700800
41.69417473,0.00000000
41.69517953,0.00000000
41.69618433,3.93700800
41.69718913,-3.93700800
41.69819393,3.93700800
41.69919873,3.93700800
41.70020353,0.00000000
41.70120833,-11.81102000
41.70221313,0.00000000
41.70321793,-15.74803000
41.70422273,-3.93700800
41.70522753,-3.93700800
41.70623233,-3.93700800
41.70723713,-7.87401500
41.70824193,-3.93700800
41.70924673,-3.93700800
41.71025153,3.93700800
41.71125633,0.00000000
41.71226113,3.93700800
41.71326593,3.93700800
41.71427073,0.00000000
41.71527553,3.93700800
41.71628033,0.00000000
41.71728513,-3.93700800
41.71828993,-3.93700800
41.71929473,0.00000000
41.72029953,0.00000000
41.72130433,3.93700800
41.72230913,-3.93700800
41.72331393,3.93700800
41.72431873,0.00000000
41.72532353,0.00000000
41.72632833,0.00000000
41.72733313,-3.93700800
41.72833793,0.00000000
41.72934273,3.93700800
41.73034753,0.00000000
41.73135233,0.00000000
41.73235713,-3.93700800
41.73336193,-7.87401500
41.73436673,0.00000000
41.73537153,-7.87401500
41.73637633,-3.93700800
41.73738113,0.00000000
41.73838593,-3.93700800
41.73939073,0.00000000
41.74039553,7.87401500
41.74140033,3.93700800
41.74240513,3.93700800
41.74340993,3.93700800
41.74441473,0.00000000
41.74541953,0.00000000
41.74642433,0.00000000
41.74742913,0.00000000
41.74843393,0.00000000
41.74943873,3.93700800
41.75044353,-3.93700800
41.75144833,-3.93700800
41.75245313,-7.87401500
41.75345793,3.93700800
41.75446273,0.00000000
41.75546753,0.00000000
41.75647233,3.93700800
41.75747713,3.93700800
41.75848193,3.93700800
41.75948673,0.00000000
41.76049153,0.00000000
41.76149633,0.00000000
41.76250113,0.00000000
41.76350593,-3.93700800
41.76451073,-3.93700800
41.76551553,0.00000000
41.76652033,0.00000000
41.76752513,-7.87401500
41.76852993,-3.93700800
41.76953473,3.93700800
41.77053953,0.00000000
41.77154433,3.93700800
41.77254913,3.93700800
41.77355393,0.00000000
41.77455873,3.93700800
41.77556353,0.00000000
41.77656833,0.00000000
41.77757313,0.00000000
41.77857793,3.93700800
41.77958273,0.00000000
41.78058753,0.00000000
41.78159233,0.00000000
41.78259713,0.00000000
41.78360193,-3.93700800
41.78460673,-3.93700800
41.78561153,0.00000000
41.78661633,3.93700800
41.78762113,0.00000000
41.78862593,7.87401500
41.78963073,0.00000000
41.79063553,7.87401500
41.79164033,-11.81102000
41.79264513,-3.93700800
41.79364993,0.00000000
41.79465473,-3.93700800
41.79565953,0.00000000
41.79666433,0.00000000
41.79766913,3.93700800
41.79867393,-7.87401500
41.79967873,0.00000000
41.80068353,0.00000000
41.80168833,11.81102000
41.80269313,3.93700800
41.80369793,3.93700800
41.80470273,3.93700800
41.80570753,3.93700800
41.80671233,3.93700800
41.80771713,3.93700800
41.80872193,3.93700800
41.80972673,0.00000000
41.81073153,3.93700800
41.81173633,3.93700800
41.81274113,0.00000000
41.81374593,3.93700800
41.81475073,3.93700800
41.81575553,-3.93700800
41.81676033,-3.93700800
41.81776513,-3.93700800
41.81876993,0.00000000
41.81977473,0.00000000
41.82077953,-3.93700800
41.82178433,-7.87401500
41.82278913,-3.93700800
41.82379393,0.00000000
41.82479873,0.00000000
41.82580353,3.93700800
41.82680833,3.93700800
41.82781313,7.87401500
41.82881793,0.00000000
41.82982273,0.00000000
41.83082753,3.93700800
41.83183233,0.00000000
41.83283713,3.93700800
41.83384193,3.93700800
41.83484673,3.93700800
41.83585153,7.87401500
41.83685633,7.87401500
41.83786113,3.93700800
41.83886593,-3.93700800
41.83987073,3.93700800
41.84087553,0.00000000
41.84188033,3.93700800
41.84288513,7.87401500
41.84388993,3.93700800
41.84489473,7.87401500
41.84589953,3.93700800
41.84690433,3.93700800
41.84790913,-3.93700800
41.84891393,-7.87401500
41.84991873,0.00000000
41.85092353,-3.93700800
41.85192833,0.00000000
41.85293313,0.00000000
41.85393793,0.00000000
41.85494273,3.93700800
41.85594753,3.93700800
41.85695233,3.93700800
41.85795713,3.93700800
41.85896193,3.93700800
41.85996673,3.93700800
41.86097153,3.93700800
41.86197633,7.87401500
41.86298113,3.93700800
41.86398593,0.00000000
41.86499073,-3.93700800
41.86599553,-3.93700800
41.86700033,7.87401500
41.86800513,3.93700800
41.86900993,0.00000000
41.87001473,3.93700800
41.87101953,7.87401500
41.87202433,3.93700800
41.87302913,0.00000000
41.87403393,3.93700800
41.87503873,7.87401500
41.87604353,3.93700800
41.87704833,7.87401500
41.87805313,7.87401500
41.87905793,-3.93700800
41.88006273,-3.93700800
41.88106753,-3.93700800
41.88207233,0.00000000
41.88307713,3.93700800
41.88408193,7.87401500
41.88508673,3.93700800
41.88609153,3.93700800
41.88709633,3.93700800
41.88810113,7.87401500
41.88910593,3.93700800
41.89011073,7.87401500
41.89111553,3.93700800
41.89212033,3.93700800
41.89312513,3.93700800
41.89412993,7.87401500
41.89513473,3.93700800
41.89613953,0.00000000
41.89714433,-3.93700800
41.89814913,-3.93700800
41.89915393,3.93700800
41.90015873,3.93700800
41.90116353,0.00000000
41.90216833,3.93700800
41.90317313,3.93700800
41.90417793,-3.93700800
41.90518273,3.93700800
41.90618753,3.93700800
41.90719233,0.00000000
41.90819713,-3.93700800
41.90920193,-7.87401500
41.91020673,3.93700800
41.91121153,0.00000000
41.91221633,-7.87401500
41.91322113,-3.93700800
41.91422593,3.93700800
41.91523073,3.93700800
41.91623553,7.87401500
41.91724033,7.87401500
41.91824513,3.93700800
41.91924993,3.93700800
41.92025473,3.93700800
41.92125953,0.00000000
41.92226433,7.87401500
41.92326913,3.93700800
41.92427393,3.93700800
41.92527873,0.00000000
41.92628353,3.93700800
41.92728833,3.93700800
41.92829313,11.81102000
41.92929793,0.00000000
41.93030273,0.00000000
41.93130753,3.93700800
41.93231233,3.93700800
41.93331713,0.00000000
41.93432193,3.93700800
41.93532673,7.87401500
41.93633152,3.93700800
41.93733632,23.62205000
41.93834112,-3.93700800
41.93934592,0.00000000
41.94035072,0.00000000
41.94135552,0.00000000
41.94236032,3.93700800
41.94336512,0.00000000
41.94436992,3.93700800
41.94537472,3.93700800
41.94637952,3.93700800
41.94738432,0.00000000
41.94838912,11.81102000
41.94939392,7.87401500
41.95039872,7.87401500
41.95140352,3.93700800
41.95240832,7.87401500
41.95341312,11.81102000
41.95441792,7.87401500
41.95542272,7.87401500
41.95642752,7.87401500
41.95743232,7.87401500
41.95843712,11.81102000
41.95944192,7.87401500
41.96044672,3.93700800
41.96145152,3.93700800
41.96245632,0.00000000
41.96346112,3.93700800
41.96446592,3.93700800
41.96547072,7.87401500
41.96647552,-3.93700800
41.96748032,-3.93700800
41.96848512,3.93700800
41.96948992,0.00000000
41.97049472,0.00000000
41.97149952,3.93700800
41.97250432,7.87401500
41.97350912,7.87401500
41.97451392,3.93700800
41.97551872,7.87401500
41.97652352,7.87401500
41.97752832,3.93700800
41.97853312,7.87401500
41.97953792,7.87401500
41.98054272,7.87401500
41.98154752,3.93700800
41.98255232,3.93700800
41.98355712,3.93700800
41.98456192,7.87401500
41.98556672,7.87401500
41.98657152,3.93700800
41.98757632,3.93700800
41.98858112,3.93700800
41.98958592,7.87401500
41.99059072,3.93700800
41.99159552,7.87401500
41.99260032,7.87401500
41.99360512,3.93700800
41.99460992,0.00000000
41.99561472,-11.81102000
41.99661952,0.00000000
41.99762432,3.93700800
41.99862912,0.00000000
41.99963392,0.00000000
42.00063872,3.93700800
42.00164352,3.93700800
42.00264832,7.87401500
42.00365312,7.87401500
42.00465792,11.81102000
42.00566272,7.87401500
42.00666752,7.87401500
42.00767232,7.87401500
42.00867712,7.87401500
42.00968192,3.93700800
42.01068672,3.93700800
42.01169152,0.00000000
42.01269632,23.62205000
42.01370112,3.93700800
42.01470592,3.93700800
42.01571072,7.87401500
42.01671552,7.87401500
42.01772032,3.93700800
42.01872512,7.87401500
42.01972992,3.93700800
42.02073472,3.93700800
42.02173952,7.87401500
42.02274432,3.93700800
42.02374912,7.87401500
42.02475392,-3.93700800
42.02575872,-3.93700800
42.02676352,-7.87401500
42.02776832,-3.93700800
42.02877312,0.00000000
42.02977792,7.87401500
42.03078272,3.93700800
42.03178752,3.93700800
42.03279232,7.87401500
42.03379712,7.87401500
42.03480192,0.00000000
42.03580672,3.93700800
42.03681152,11.81102000
42.03781632,7.87401500
42.03882112,7.87401500
42.03982592,7.87401500
42.04083072,3.93700800
42.04183552,3.93700800
42.04284032,3.93700800
42.04384512,0.00000000
42.04484992,3.93700800
42.04585472,7.87401500
42.04685952,7.87401500
42.04786432,3.93700800
42.04886912,7.87401500
42.04987392,7.87401500
42.05087872,7.87401500
42.05188352,7.87401500
42.05288832,11.81102000
42.05389312,0.00000000
42.05489792,0.00000000
42.05590272,0.00000000
42.05690752,3.93700800
42.05791232,7.87401500
42.05891712,-3.93700800
42.05992192,3.93700800
42.06092672,7.87401500
42.06193152,3.93700800
42.06293632,7.87401500
42.06394112,7.87401500
42.06494592,7.87401500
42.06595072,3.93700800
42.06695552,3.93700800
42.06796032,7.87401500
42.06896512,7.87401500
42.06996992,7.87401500
42.07097472,11.81102000
42.07197952,7.87401500
42.07298432,0.00000000
42.07398912,7.87401500
42.07499392,3.93700800
42.07599872,7.87401500
42.07700352,3.93700800
42.07800832,7.87401500
42.07901312,7.87401500
42.08001792,11.81102000
42.08102272,11.81102000
42.08202752,7.87401500
42.08303232,7.87401500
42.08403712,7.87401500
42.08504192,0.00000000
42.08604672,3.93700800
42.08705152,3.93700800
42.08805632,7.87401500
42.08906112,7.87401500
42.09006592,7.87401500
42.09107072,3.93700800
42.09207552,7.87401500
42.09308032,3.93700800
42.09408512,7.87401500
42.09508992,11.81102000
42.09609472,7.87401500
42.09709952,7.87401500
42.09810432,7.87401500
42.09910912,11.81102000
42.10011392,11.81102000
42.10111872,11.81102000
42.10212352,7.87401500
42.10312832,7.87401500
42.10413312,7.87401500
42.10513792,11.81102000
42.10614272,7.87401500
42.10714752,-3.93700800
42.10815232,3.93700800
42.10915712,7.87401500
42.11016192,27.55905000
42.11116672,7.87401500
42.11217152,15.74803000
42.11317632,7.87401500
42.11418112,0.00000000
42.11518592,3.93700800
42.11619072,3.93700800
42.11719552,7.87401500
42.11820032,3.93700800
42.11920512,7.87401500
42.12020992,11.81102000
42.12121472,7.87401500
42.12221952,3.93700800
42.12322432,11.81102000
42.12422912,3.93700800
42.12523392,3.93700800
42.12623872,3.93700800
42.12724352,7.87401500
42.12824832,7.87401500
42.12925312,11.81102000
42.13025792,7.87401500
42.13126272,7.87401500
42.13226752,7.87401500
42.13327232,11.81102000
42.13427712,7.87401500
42.13528192,3.93700800
42.13628672,7.87401500
42.13729152,3.93700800
42.13829632,7.87401500
42.13930112,7.87401500
42.14030592,-7.87401500
42.14131072,3.93700800
42.14231552,0.00000000
42.14332032,0.00000000
42.14432512,11.81102000
42.14532992,11.81102000
42.14633472,7.87401500
42.14733952,7.87401500
42.14834432,15.74803000
42.14934912,7.87401500
42.15035392,7.87401500
42.15135872,3.93700800
42.15236352,15.74803000
42.15336832,11.81102000
42.15437312,7.87401500
42.15537792,11.81102000
42.15638272,3.93700800
42.15738752,7.87401500
42.15839232,7.87401500
42.15939712,7.87401500
42.16040192,11.81102000
42.16140672,11.81102000
42.16241152,7.87401500
42.16341632,3.93700800
42.16442112,11.81102000
42.16542592,11.81102000
42.16643072,3.93700800
42.16743552,11.81102000
42.16844032,7.87401500
42.16944512,23.62205000
42.17044992,7.87401500
42.17145472,7.87401500
42.17245952,0.00000000
42.17346432,3.93700800
42.17446912,0.00000000
42.17547392,7.87401500
42.17647872,7.87401500
42.17748352,7.87401500
42.17848832,7.87401500
42.17949312,11.81102000
42.18049792,11.81102000
42.18150272,7.87401500
42.18250752,3.93700800
42.18351232,7.87401500
42.18451712,7.87401500
42.18552192,7.87401500
42.18652672,0.00000000
42.18753152,7.87401500
42.18853632,7.87401500
42.18954112,7.87401500
42.19054592,3.93700800
42.19155072,7.87401500
42.19255552,11.81102000
42.19356032,7.87401500
42.19456512,7.87401500
42.19556992,7.87401500
42.19657472,7.87401500
42.19757952,11.81102000
42.19858432,0.00000000
42.19958912,0.00000000
42.20059392,0.00000000
42.20159872,3.93700800
42.20260352,3.93700800
42.20360832,3.93700800
42.20461312,-3.93700800
42.20561792,11.81102000
42.20662272,7.87401500
42.20762752,11.81102000
42.20863232,11.81102000
42.20963712,11.81102000
42.21064192,7.87401500
42.21164672,7.87401500
42.21265152,11.81102000
42.21365632,7.87401500
42.21466112,7.87401500
42.21566592,7.87401500
42.21667072,11.81102000
42.21767552,15.74803000
42.21868032,11.81102000
42.21968512,11.81102000
42.22068992,7.87401500
42.22169472,7.87401500
42.22269952,7.87401500
42.22370432,7.87401500
42.22470912,11.81102000
42.22571392,7.87401500
42.22671872,7.87401500
42.22772352,7.87401500
42.22872832,3.93700800
42.22973312,0.00000000
42.23073792,3.93700800
42.23174272,3.93700800
42.23274752,0.00000000
42.23375232,7.87401500
42.23475712,7.87401500
42.23576192,7.87401500
42.23676672,3.93700800
42.23777152,3.93700800
42.23877632,3.93700800
42.23978112,7.87401500
42.24078592,11.81102000
42.24179072,11.81102000
42.24279552,7.87401500
42.24380032,7.87401500
42.24480512,7.87401500
42.24580992,7.87401500
42.24681472,7.87401500
42.24781952,3.93700800
42.24882432,3.93700800
42.24982912,11.81102000
42.25083392,7.87401500
42.25183872,7.87401500
42.25284352,7.87401500
42.25384832,3.93700800
42.25485312,3.93700800
42.25585792,3.93700800
42.25686272,3.93700800
42.25786752,7.87401500
42.25887232,3.93700800
42.25987712,7.87401500
42.26088192,7.87401500
42.26188672,7.87401500
42.26289152,0.00000000
42.26389632,0.00000000
42.26490112,3.93700800
42.26590591,3.93700800
42.26691071,3.93700800
42.26791551,3.93700800
42.26892031,7.87401500
42.26992511,3.93700800
42.27092991,3.93700800
42.27193471,3.93700800
42.27293951,3.93700800
42.27394431,3.93700800
42.27494911,7.87401500
42.27595391,7.87401500
42.27695871,3.93700800
42.27796351,7.87401500
42.27896831,11.81102000
42.27997311,7.87401500
42.28097791,7.87401500
42.28198271,7.87401500
42.28298751,7.87401500
42.28399231,7.87401500
42.28499711,7.87401500
42.28600191,3.93700800
42.28700671,0.00000000
42.28801151,0.00000000
42.28901631,3.93700800
42.29002111,0.00000000
42.29102591,-3.93700800
42.29203071,0.00000000
42.29303551,0.00000000
42.29404031,3.93700800
42.29504511,3.93700800
42.29604991,3.93700800
42.29705471,7.87401500
42.29805951,7.87401500
42.29906431,11.81102000
42.30006911,7.87401500
42.30107391,0.00000000
42.30207871,-7.87401500
42.30308351,3.93700800
42.30408831,0.00000000
42.30509311,11.81102000
42.30609791,11.81102000
42.30710271,7.87401500
42.30810751,7.87401500
42.30911231,7.87401500
42.31011711,7.87401500
42.31112191,7.87401500
42.31212671,7.87401500
42.31313151,0.00000000
42.31413631,7.87401500
42.31514111,0.00000000
42.31614591,3.93700800
42.31715071,0.00000000
42.31815551,7.87401500
42.31916031,3.93700800
42.32016511,3.93700800
42.32116991,3.93700800
42.32217471,7.87401500
42.32317951,11.81102000
42.32418431,15.74803000
42.32518911,7.87401500
42.32619391,11.81102000
42.32719871,7.87401500
42.32820351,11.81102000
42.32920831,7.87401500
42.33021311,7.87401500
42.33121791,3.93700800
42.33222271,7.87401500
42.33322751,11.81102000
42.33423231,7.87401500
42.33523711,3.93700800
42.33624191,-3.93700800
42.33724671,0.00000000
42.33825151,3.93700800
42.33925631,0.00000000
42.34026111,7.87401500
42.34126591,7.87401500
42.34227071,7.87401500
42.34327551,11.81102000
42.34428031,11.81102000
42.34528511,11.81102000
42.34628991,7.87401500
42.34729471,11.81102000
42.34829951,7.87401500
42.34930431,7.87401500
42.35030911,11.81102000
42.35131391,7.87401500
42.35231871,3.93700800
42.35332351,3.93700800
42.35432831,11.81102000
42.35533311,11.81102000
42.35633791,7.87401500
42.35734271,11.81102000
42.35834751,7.87401500
42.35935231,7.87401500
42.36035711,11.81102000
42.36136191,7.87401500
42.36236671,7.87401500
42.36337151,3.93700800
42.36437631,7.87401500
42.36538111,0.00000000
42.36638591,3.93700800
42.36739071,-3.93700800
42.36839551,0.00000000
42.36940031,7.87401500
42.37040511,7.87401500
42.37140991,7.87401500
42.37241471,11.81102000
42.37341951,11.81102000
42.37442431,7.87401500
42.37542911,11.81102000
42.37643391,11.81102000
42.37743871,11.81102000
42.37844351,3.93700800
42.37944831,11.81102000
42.38045311,7.87401500
42.38145791,3.93700800
42.38246271,7.87401500
42.38346751,7.87401500
42.38447231,3.93700800
42.38547711,7.87401500
42.38648191,3.93700800
42.38748671,3.93700800
42.38849151,3.93700800
42.38949631,11.81102000
42.39050111,7.87401500
42.39150591,7.87401500
42.39251071,7.87401500
42.39351551,3.93700800
42.39452031,7.87401500
42.39552511,7.87401500
42.39652991,7.87401500
42.39753471,3.93700800
42.39853951,7.87401500
42.39954431,-3.93700800
42.40054911,-3.93700800
42.40155391,3.93700800
42.40255871,7.87401500
42.40356351,3.93700800
42.40456831,7.87401500
42.40557311,7.87401500
42.40657791,3.93700800
42.40758271,7.87401500
42.40858751,11.81102000
42.40959231,7.87401500
42.41059711,3.93700800
42.41160191,11.81102000
42.41260671,7.87401500
42.41361151,7.87401500
42.41461631,7.87401500
42.41562111,3.93700800
42.41662591,3.93700800
42.41763071,3.93700800
42.41863551,0.00000000
42.41964031,7.87401500
42.42064511,11.81102000
42.42164991,7.87401500
42.42265471,3.93700800
42.42365951,3.93700800
42.42466431,3.93700800
42.42566911,3.93700800
42.42667391,7.87401500
42.42767871,7.87401500
42.42868351,3.93700800
42.42968831,3.93700800
42.43069311,19.68504000
42.43169791,3.93700800
42.43270271,-3.93700800
42.43370751,0.00000000
42.43471231,0.00000000
42.43571711,7.87401500
42.43672191,7.87401500
42.43772671,3.93700800
42.43873151,7.87401500
42.43973631,3.93700800
42.44074111,0.00000000
42.44174591,7.87401500
42.44275071,3.93700800
42.44375551,7.87401500
42.44476031,7.87401500
42.44576511,3.93700800
42.44676991,7.87401500
42.44777471,7.87401500
42.44877951,3.93700800
42.44978431,11.81102000
42.45078911,0.00000000
42.45179391,11.81102000
42.45279871,7.87401500
42.45380351,7.87401500
42.45480831,7.87401500
42.45581311,3.93700800
42.45681791,0.00000000
42.45782271,7.87401500
42.45882751,0.00000000
42.45983231,0.00000000
42.46083711,7.87401500
42.46184191,3.93700800
42.46284671,0.00000000
42.46385151,3.93700800
42.46485631,7.87401500
42.46586111,0.00000000
42.46686591,3.93700800
42.46787071,7.87401500
42.46887551,7.87401500
42.46988031,7.87401500
42.47088511,7.87401500
42.47188991,7.87401500
42.47289471,7.87401500
42.47389951,11.81102000
42.47490431,3.93700800
42.47590911,7.87401500
42.47691391,7.87401500
42.47791871,7.87401500
42.47892351,3.93700800
42.47992831,3.93700800
42.48093311,0.00000000
42.48193791,7.87401500
42.48294271,3.93700800
42.48394751,3.93700800
42.48495231,7.87401500
42.48595711,11.81102000
42.48696191,7.87401500
42.48796671,3.93700800
42.48897151,3.93700800
42.48997631,3.93700800
42.49098111,0.00000000
42.49198591,7.87401500
42.49299071,7.87401500
42.49399551,7.87401500
42.49500031,7.87401500
42.49600511,11.81102000
42.49700991,-3.93700800
42.49801471,11.81102000
42.49901951,3.93700800
42.50002431,3.93700800
42.50102911,3.93700800
42.50203391,7.87401500
42.50303871,7.87401500
42.50404351,3.93700800
42.50504831,11.81102000
42.50605311,7.87401500
42.50705791,7.87401500
42.50806271,7.87401500
42.50906751,7.87401500
42.51007231,11.81102000
42.51107711,11.81102000
42.51208191,7.87401500
42.51308671,7.87401500
42.51409151,11.81102000
42.51509631,0.00000000
42.51610111,7.87401500
42.51710591,-3.93700800
42.51811071,3.93700800
42.51911551,7.87401500
42.52012031,11.81102000
42.52112511,11.81102000
42.52212991,7.87401500
42.52313471,7.87401500
42.52413951,11.81102000
42.52514431,11.81102000
42.52614911,11.81102000
42.52715391,15.74803000
42.52815871,7.87401500
42.52916351,7.87401500
42.53016831,3.93700800
42.53117311,7.87401500
42.53217791,0.00000000
42.53318271,7.87401500
42.53418751,3.93700800
42.53519231,7.87401500
42.53619711,7.87401500
42.53720191,7.87401500
42.53820671,7.87401500
42.53921151,7.87401500
42.54021631,11.81102000
42.54122111,3.93700800
42.54222591,7.87401500
42.54323071,7.87401500
42.54423551,7.87401500
42.54524031,-3.93700800
42.54624511,-3.93700800
42.54724991,-3.93700800
42.54825471,-3.93700800
42.54925951,3.93700800
42.55026431,7.87401500
42.55126911,3.93700800
42.55227391,7.87401500
42.55327871,7.87401500
42.55428351,3.93700800
42.55528831,7.87401500
42.55629311,7.87401500
42.55729791,7.87401500
42.55830271,3.93700800
42.55930751,7.87401500
42.56031231,3.93700800
42.56131711,7.87401500
42.56232191,7.87401500
42.56332671,7.87401500
42.56433151,3.93700800
42.56533631,7.87401500
42.56634111,11.81102000
42.56734591,11.81102000
42.56835071,3.93700800
42.56935551,3.93700800
42.57036031,15.74803000
42.57136511,3.93700800
42.57236991,3.93700800
42.57337471,3.93700800
42.57437951,3.93700800
42.57538431,3.93700800
42.57638911,-3.93700800
42.57739391,0.00000000
42.57839871,7.87401500
42.57940351,-3.93700800
42.58040831,0.00000000
42.58141311,7.87401500
42.58241791,3.93700800
42.58342271,3.93700800
42.58442751,3.93700800
42.58543231,7.87401500
42.58643711,3.93700800
42.58744191,11.81102000
42.58844671,3.93700800
42.58945151,7.87401500
42.59045631,3.93700800
42.59146111,7.87401500
42.59246591,3.93700800
42.59347071,3.93700800
42.59447550,0.00000000
42.59548030,0.00000000
42.59648510,3.93700800
42.59748990,7.87401500
42.59849470,3.93700800
42.59949950,7.87401500
42.60050430,3.93700800
42.60150910,3.93700800
42.60251390,7.87401500
42.60351870,-3.93700800
42.60452350,3.93700800
42.60552830,0.00000000
42.60653310,3.93700800
42.60753790,0.00000000
42.60854270,3.93700800
42.60954750,7.87401500
42.61055230,3.93700800
42.61155710,3.93700800
42.61256190,7.87401500
42.61356670,23.62205000
42.61457150,7.87401500
42.61557630,7.87401500
42.61658110,7.87401500
42.61758590,3.93700800
42.61859070,7.87401500
42.61959550,7.87401500
42.62060030,7.87401500
42.62160510,3.93700800
42.62260990,11.81102000
42.62361470,3.93700800
42.62461950,3.93700800
42.62562430,11.81102000
42.62662910,7.87401500
42.62763390,0.00000000
42.62863870,0.00000000
42.62964350,0.00000000
42.63064830,7.87401500
42.63165310,7.87401500
42.63265790,7.87401500
42.63366270,-11.81102000
42.63466750,3.93700800
42.63567230,0.00000000
42.63667710,3.93700800
42.63768190,3.93700800
42.63868670,7.87401500
42.63969150,11.81102000
42.64069630,7.87401500
42.64170110,11.81102000
42.64270590,7.87401500
42.64371070,3.93700800
42.64471550,7.87401500
42.64572030,7.87401500
42.64672510,11.81102000
42.64772990,11.81102000
42.64873470,11.81102000
42.64973950,7.87401500
42.65074430,15.74803000
42.65174910,7.87401500
42.65275390,11.81102000
42.65375870,7.87401500
42.65476350,11.81102000
42.65576830,7.87401500
42.65677310,7.87401500
42.65777790,7.87401500
42.65878270,11.81102000
42.65978750,3.93700800
42.66079230,7.87401500
42.66179710,7.87401500
42.66280190,11.81102000
42.66380670,7.87401500
42.66481150,7.87401500
42.66581630,11.81102000
42.66682110,3.93700800
42.66782590,3.93700800
42.66883070,-3.93700800
42.66983550,0.00000000
42.67084030,3.93700800
42.67184510,7.87401500
42.67284990,7.87401500
42.67385470,3.93700800
42.67485950,7.87401500
42.67586430,7.87401500
42.67686910,0.00000000
42.67787390,3.93700800
42.67887870,3.93700800
42.67988350,7.87401500
42.68088830,7.87401500
42.68189310,7.87401500
42.68289790,7.87401500
42.68390270,7.87401500
42.68490750,7.87401500
42.68591230,11.81102000
42.68691710,3.93700800
42.68792190,7.87401500
42.68892670,7.87401500
42.68993150,7.87401500
42.69093630,7.87401500
42.69194110,3.93700800
42.69294590,3.93700800
42.69395070,3.93700800
42.69495550,3.93700800
42.69596030,7.87401500
42.69696510,7.87401500
42.69796990,11.81102000
42.69897470,7.87401500
42.69997950,7.87401500
42.70098430,3.93700800
42.70198910,0.00000000
42.70299390,3.93700800
42.70399870,3.93700800
42.70500350,3.93700800
42.70600830,3.93700800
42.70701310,7.87401500
42.70801790,-3.93700800
42.70902270,0.00000000
42.71002750,3.93700800
42.71103230,11.81102000
42.71203710,11.81102000
42.71304190,11.81102000
42.71404670,7.87401500
42.71505150,7.87401500
42.71605630,7.87401500
42.71706110,11.81102000
42.71806590,3.93700800
42.71907070,7.87401500
42.72007550,7.87401500
42.72108030,3.93700800
42.72208510,7.87401500
42.72308990,11.81102000
42.72409470,7.87401500
42.72509950,3.93700800
42.72610430,3.93700800
42.72710910,3.93700800
42.72811390,3.93700800
42.72911870,3.93700800
42.73012350,7.87401500
42.73112830,3.93700800
42.73213310,0.00000000
42.73313790,3.93700800
42.73414270,3.93700800
42.73514750,7.87401500
42.73615230,7.87401500
42.73715710,3.93700800
42.73816190,3.93700800
42.73916670,7.87401500
42.74017150,7.87401500
42.74117630,3.93700800
42.74218110,7.87401500
42.74318590,7.87401500
42.74419070,3.93700800
42.74519550,3.93700800
42.74620030,3.93700800
42.74720510,0.00000000
42.74820990,7.87401500
42.74921470,11.81102000
42.75021950,7.87401500
42.75122430,7.87401500
42.75222910,0.00000000
42.75323390,0.00000000
42.75423870,0.00000000
42.75524350,3.93700800
42.75624830,0.00000000
42.75725310,3.93700800
42.75825790,3.93700800
42.75926270,7.87401500
42.76026750,7.87401500
42.76127230,7.87401500
42.76227710,7.87401500
42.76328190,7.87401500
42.76428670,7.87401500
42.76529150,7.87401500
42.76629630,11.81102000
42.76730110,11.81102000
42.76830590,7.87401500
42.76931070,7.87401500
42.77031550,7.87401500
42.77132030,7.87401500
42.77232510,3.93700800
42.77332990,7.87401500
42.77433470,3.93700800
42.77533950,3.93700800
42.77634430,3.93700800
42.77734910,3.93700800
42.77835390,7.87401500
42.77935870,7.87401500
42.78036350,11.81102000
42.78136830,3.93700800
42.78237310,-3.93700800
42.78337790,3.93700800
42.78438270,3.93700800
42.78538750,0.00000000
42.78639230,3.93700800
42.78739710,11.81102000
42.78840190,11.81102000
42.78940670,7.87401500
42.79041150,3.93700800
42.79141630,7.87401500
42.79242110,7.87401500
42.79342590,7.87401500
42.79443070,7.87401500
42.79543550,7.87401500
42.79644030,3.93700800
42.79744510,3.93700800
42.79844990,3.93700800
42.79945470,7.87401500
42.80045950,7.87401500
42.80146430,7.87401500
42.80246910,7.87401500
42.80347390,7.87401500
42.80447870,7.87401500
42.80548350,-3.93700800
42.80648830,3.93700800
42.80749310,7.87401500
42.80849790,11.81102000
42.80950270,7.87401500
42.81050750,7.87401500
42.81151230,0.00000000
42.81251710,0.00000000
42.81352190,3.93700800
42.81452670,3.93700800
42.81553150,7.87401500
42.81653630,7.87401500
42.81754110,7.87401500
42.81854590,7.87401500
42.81955070,7.87401500
42.82055550,7.87401500
42.82156030,3.93700800
42.82256510,3.93700800
42.82356990,7.87401500
42.82457470,3.93700800
42.82557950,3.93700800
42.82658430,7.87401500
42.82758910,7.87401500
42.82859390,7.87401500
42.82959870,11.81102000
42.83060350,7.87401500
42.83160830,3.93700800
42.83261310,7.87401500
42.83361790,3.93700800
42.83462270,7.87401500
42.83562750,11.81102000
42.83663230,7.87401500
42.83763710,7.87401500
42.83864190,3.93700800
42.83964670,7.87401500
42.84065150,11.81102000
42.84165630,0.00000000
42.84266110,7.87401500
42.84366590,7.87401500
42.84467070,3.93700800
42.84567550,7.87401500
42.84668030,3.93700800
42.84768510,7.87401500
42.84868990,7.87401500
42.84969470,11.81102000
42.85069950,11.81102000
42.85170430,11.81102000
42.85270910,11.81102000
42.85371390,11.81102000
42.85471870,7.87401500
42.85572350,3.93700800
42.85672830,7.87401500
42.85773310,15.74803000
42.85873790,11.81102000
42.85974270,7.87401500
42.86074750,7.87401500
42.86175230,7.87401500
42.86275710,11.81102000
42.86376190,11.81102000
42.86476670,7.87401500
42.86577150,7.87401500
42.86677630,7.87401500
42.86778110,7.87401500
42.86878590,3.93700800
42.86979070,0.00000000
42.87079550,0.00000000
42.87180030,0.00000000
42.87280510,0.00000000
42.87380990,7.87401500
42.87481470,7.87401500
42.87581950,11.81102000
42.87682430,7.87401500
42.87782910,11.81102000
42.87883390,7.87401500
42.87983870,11.81102000
42.88084350,11.81102000
42.88184830,7.87401500
42.88285310,7.87401500
42.88385790,7.87401500
42.88486270,7.87401500
42.88586750,7.87401500
42.88687230,7.87401500
42.88787710,3.93700800
42.88888190,3.93700800
42.88988670,7.87401500
42.89089150,7.87401500
42.89189630,7.87401500
42.89290110,11.81102000
42.89390590,11.81102000
42.89491070,7.87401500
42.89591550,3.93700800
42.89692030,7.87401500
42.89792510,3.93700800
42.89892990,3.93700800
42.89993470,7.87401500
42.90093950,3.93700800
42.90194430,3.93700800
42.90294910,3.93700800
42.90395390,11.81102000
42.90495870,7.87401500
42.90596350,15.74803000
42.90696830,11.81102000
42.90797310,11.81102000
42.90897790,7.87401500
42.90998270,11.81102000
42.91098750,7.87401500
42.91199230,3.93700800
42.91299710,11.81102000
42.91400190,3.93700800
42.91500670,7.87401500
42.91601150,11.81102000
42.91701630,7.87401500
42.91802110,7.87401500
42.91902590,7.87401500
42.92003070,7.87401500
42.92103550,7.87401500
42.92204030,3.93700800
42.92304509,7.87401500
42.92404989,7.87401500
42.92505469,-3.93700800
42.92605949,3.93700800
42.92706429,0.00000000
42.92806909,7.87401500
42.92907389,7.87401500
42.93007869,11.81102000
42.93108349,7.87401500
42.93208829,11.81102000
42.93309309,7.87401500
42.93409789,7.87401500
42.93510269,11.81102000
42.93610749,7.87401500
42.93711229,3.93700800
42.93811709,3.93700800
42.93912189,7.87401500
42.94012669,3.93700800
42.94113149,7.87401500
42.94213629,11.81102000
42.94314109,11.81102000
42.94414589,11.81102000
42.94515069,7.87401500
42.94615549,7.87401500
42.94716029,7.87401500
42.94816509,7.87401500
42.94916989,3.93700800
42.95017469,7.87401500
42.95117949,7.87401500
42.95218429,3.93700800
42.95318909,3.93700800
42.95419389,-3.93700800
42.95519869,7.87401500
42.95620349,7.87401500
42.95720829,3.93700800
42.95821309,3.93700800
42.95921789,3.93700800
42.96022269,3.93700800
42.96122749,11.81102000
42.96223229,3.93700800
42.96323709,11.81102000
42.96424189,7.87401500
42.96524669,11.81102000
42.96625149,11.81102000
42.96725629,7.87401500
42.96826109,11.81102000
42.96926589,3.93700800
42.97027069,7.87401500
42.97127549,7.87401500
42.97228029,7.87401500
42.97328509,7.87401500
42.97428989,7.87401500
42.97529469,3.93700800
42.97629949,7.87401500
42.97730429,3.93700800
42.97830909,3.93700800
42.97931389,3.93700800
42.98031869,7.87401500
42.98132349,7.87401500
42.98232829,11.81102000
42.98333309,3.93700800
42.98433789,-3.93700800
42.98534269,-3.93700800
42.98634749,0.00000000
42.98735229,3.93700800
42.98835709,3.93700800
42.98936189,7.87401500
42.99036669,7.87401500
42.99137149,7.87401500
42.99237629,7.87401500
42.99338109,11.81102000
42.99438589,3.93700800
42.99539069,3.93700800
42.99639549,7.87401500
42.99740029,7.87401500
42.99840509,7.87401500
42.99940989,7.87401500
43.00041469,0.00000000
43.00141949,3.93700800
43.00242429,7.87401500
43.00342909,11.81102000
43.00443389,3.93700800
43.00543869,7.87401500
43.00644349,3.93700800
43.00744829,3.93700800
43.00845309,3.93700800
43.00945789,7.87401500
43.01046269,-7.87401500
43.01146749,0.00000000
43.01247229,3.93700800
43.01347709,0.00000000
43.01448189,3.93700800
43.01548669,7.87401500
43.01649149,3.93700800
43.01749629,3.93700800
43.01850109,7.87401500
43.01950589,23.62205000
43.02051069,11.81102000
43.02151549,7.87401500
43.02252029,11.81102000
43.02352509,7.87401500
43.02452989,7.87401500
43.02553469,7.87401500
43.02653949,3.93700800
43.02754429,3.93700800
43.02854909,7.87401500
43.02955389,7.87401500
43.03055869,7.87401500
43.03156349,7.87401500
43.03256829,7.87401500
43.03357309,3.93700800
43.03457789,7.87401500
43.03558269,3.93700800
43.03658749,3.93700800
43.03759229,-3.93700800
43.03859709,0.00000000
43.03960189,-3.93700800
43.04060669,3.93700800
43.04161149,7.87401500
43.04261629,3.93700800
43.04362109,3.93700800
43.04462589,11.81102000
43.04563069,11.81102000
43.04663549,7.87401500
43.04764029,11.81102000
43.04864509,7.87401500
43.04964989,7.87401500
43.05065469,3.93700800
43.05165949,3.93700800
43.05266429,7.87401500
43.05366909,11.81102000
43.05467389,11.81102000
43.05567869,7.87401500
43.05668349,7.87401500
43.05768829,7.87401500
43.05869309,3.93700800
43.05969789,7.87401500
43.06070269,7.87401500
43.06170749,7.87401500
43.06271229,7.87401500
43.06371709,3.93700800
43.06472189,0.00000000
43.06572669,0.00000000
43.06673149,-3.93700800
43.06773629,-3.93700800
43.06874109,7.87401500
43.06974589,11.81102000
43.07075069,3.93700800
43.07175549,7.87401500
43.07276029,11.81102000
43.07376509,11.81102000
43.07476989,3.93700800
43.07577469,11.81102000
43.07677949,7.87401500
43.07778429,11.81102000
43.07878909,3.93700800
43.07979389,11.81102000
43.08079869,3.93700800
43.08180349,7.87401500
43.08280829,7.87401500
43.08381309,3.93700800
43.08481789,7.87401500
43.08582269,11.81102000
43.08682749,7.87401500
43.08783229,11.81102000
43.08883709,7.87401500
43.08984189,7.87401500
43.09084669,11.81102000
43.09185149,3.93700800
43.09285629,11.81102000
43.09386109,7.87401500
43.09486589,0.00000000
43.09587069,7.87401500
43.09687549,3.93700800
43.09788029,0.00000000
43.09888509,0.00000000
43.09988989,0.00000000
43.10089469,7.87401500
43.10189949,11.81102000
43.10290429,11.81102000
43.10390909,3.93700800
43.10491389,7.87401500
43.10591869,7.87401500
43.10692349,11.81102000
43.10792829,7.87401500
43.10893309,7.87401500
43.10993789,11.81102000
43.11094269,7.87401500
43.11194749,7.87401500
43.11295229,7.87401500
43.11395709,0.00000000
43.11496189,0.00000000
43.11596669,3.93700800
43.11697149,23.62205000
43.11797629,7.87401500
43.11898109,7.87401500
43.11998589,7.87401500
43.12099069,3.93700800
43.12199549,11.81102000
43.12300029,7.87401500
43.12400509,7.87401500
43.12500989,3.93700800
43.12601469,-3.93700800
43.12701949,3.93700800
43.12802429,3.93700800
43.12902909,3.93700800
43.13003389,7.87401500
43.13103869,3.93700800
43.13204349,7.87401500
43.13304829,7.87401500
43.13405309,15.74803000
43.13505789,7.87401500
43.13606269,15.74803000
43.13706749,7.87401500
43.13807229,7.87401500
43.13907709,7.87401500
43.14008189,7.87401500
43.14108669,3.93700800
43.14209149,3.93700800
43.14309629,11.81102000
43.14410109,7.87401500
43.14510589,3.93700800
43.14611069,11.81102000
43.14711549,0.00000000
43.14812029,0.00000000
43.14912509,3.93700800
43.15012989,7.87401500
43.15113469,3.93700800
43.15213949,-3.93700800
43.15314429,0.00000000
43.15414909,3.93700800
43.15515389,3.93700800
43.15615869,7.87401500
43.15716349,7.87401500
43.15816829,7.87401500
43.15917309,7.87401500
43.16017789,3.93700800
43.16118269,7.87401500
43.16218749,11.81102000
43.16319229,7.87401500
43.16419709,7.87401500
43.16520189,7.87401500
43.16620669,7.87401500
43.16721149,7.87401500
43.16821629,11.81102000
43.16922109,11.81102000
43.17022589,7.87401500
43.17123069,11.81102000
43.17223549,7.87401500
43.17324029,3.93700800
43.17424509,7.87401500
43.17524989,11.81102000
43.17625469,7.87401500
43.17725949,11.81102000
43.17826429,11.81102000
43.17926909,3.93700800
43.18027389,-7.87401500
43.18127869,-3.93700800
43.18228349,3.93700800
43.18328829,3.93700800
43.18429309,7.87401500
43.18529789,7.87401500
43.18630269,3.93700800
43.18730749,7.87401500
43.18831229,7.87401500
43.18931709,3.93700800
43.19032189,7.87401500
43.19132669,7.87401500
43.19233149,7.87401500
43.19333629,7.87401500
43.19434109,7.87401500
43.19534589,7.87401500
43.19635069,3.93700800
43.19735549,7.87401500
43.19836029,11.81102000
43.19936509,7.87401500
43.20036989,11.81102000
43.20137469,7.87401500
43.20237949,7.87401500
43.20338429,7.87401500
43.20438909,7.87401500
43.20539389,7.87401500
43.20639869,11.81102000
43.20740349,7.87401500
43.20840829,7.87401500
43.20941309,7.87401500
43.21041789,3.93700800
43.21142269,-3.93700800
43.21242749,3.93700800
43.21343229,3.93700800
43.21443709,11.81102000
43.21544189,7.87401500
43.21644669,3.93700800
43.21745149,7.87401500
43.21845629,11.81102000
43.21946109,7.87401500
43.22046589,7.87401500
43.22147069,7.87401500
43.22247549,7.87401500
43.22348029,7.87401500
43.22448509,3.93700800
43.22548989,3.93700800
43.22649469,7.87401500
43.22749949,7.87401500
43.22850429,-3.93700800
43.22950909,7.87401500
43.23051389,7.87401500
43.23151869,3.93700800
43.23252349,7.87401500
43.23352829,7.87401500
43.23453309,3.93700800
43.23553789,7.87401500
43.23654269,11.81102000
43.23754749,3.93700800
43.23855229,3.93700800
43.23955709,3.93700800
43.24056189,0.00000000
43.24156669,0.00000000
43.24257149,7.87401500
43.24357629,3.93700800
43.24458109,3.93700800
43.24558589,3.93700800
43.24659069,7.87401500
43.24759549,11.81102000
43.24860029,7.87401500
43.24960509,11.81102000
43.25060989,7.87401500
43.25161469,3.93700800
43.25261948,7.87401500
43.25362428,11.81102000
43.25462908,7.87401500
43.25563388,11.81102000
43.25663868,3.93700800
43.25764348,7.87401500
43.25864828,11.81102000
43.25965308,3.93700800
43.26065788,0.00000000
43.26166268,3.93700800
43.26266748,3.93700800
43.26367228,7.87401500
43.26467708,7.87401500
43.26568188,7.87401500
43.26668668,3.93700800
43.26769148,-3.93700800
43.26869628,0.00000000
43.26970108,3.93700800
43.27070588,3.93700800
43.27171068,7.87401500
43.27271548,7.87401500
43.27372028,3.93700800
43.27472508,7.87401500
43.27572988,3.93700800
43.27673468,7.87401500
43.27773948,3.93700800
43.27874428,3.93700800
43.27974908,11.81102000
43.28075388,7.87401500
43.28175868,7.87401500
43.28276348,15.74803000
43.28376828,11.81102000
43.28477308,11.81102000
43.28577788,11.81102000
43.28678268,3.93700800
43.28778748,11.81102000
43.28879228,3.93700800
43.28979708,15.74803000
43.29080188,7.87401500
43.29180668,7.87401500
43.29281148,0.00000000
43.29381628,7.87401500
43.29482108,7.87401500
43.29582588,7.87401500
43.29683068,3.93700800
43.29783548,7.87401500
43.29884028,3.93700800
43.29984508,11.81102000
43.30084988,7.87401500
43.30185468,7.87401500
43.30285948,11.81102000
43.30386428,11.81102000
43.30486908,7.87401500
43.30587388,11.81102000
43.30687868,11.81102000
43.30788348,7.87401500
43.30888828,-3.93700800
43.30989308,7.87401500
43.31089788,3.93700800
43.31190268,15.74803000
43.31290748,11.81102000
43.31391228,7.87401500
43.31491708,11.81102000
43.31592188,11.81102000
43.31692668,7.87401500
43.31793148,11.81102000
43.31893628,7.87401500
43.31994108,11.81102000
43.32094588,11.81102000
43.32195068,15.74803000
43.32295548,11.81102000
43.32396028,-3.93700800
43.32496508,11.81102000
43.32596988,0.00000000
43.32697468,3.93700800
43.32797948,3.93700800
43.32898428,7.87401500
43.32998908,11.81102000
43.33099388,3.93700800
43.33199868,11.81102000
43.33300348,11.81102000
43.33400828,11.81102000
43.33501308,15.74803000
43.33601788,15.74803000
43.33702268,11.81102000
43.33802748,11.81102000
43.33903228,11.81102000
43.34003708,7.87401500
43.34104188,15.74803000
43.34204668,3.93700800
43.34305148,7.87401500
43.34405628,-3.93700800
43.34506108,11.81102000
43.34606588,15.74803000
43.34707068,11.81102000
43.34807548,7.87401500
43.34908028,11.81102000
43.35008508,7.87401500
43.35108988,11.81102000
43.35209468,11.81102000
43.35309948,7.87401500
43.35410428,7.87401500
43.35510908,7.87401500
43.35611388,3.93700800
43.35711868,7.87401500
43.35812348,7.87401500
43.35912828,-7.87401500
43.36013308,3.93700800
43.36113788,3.93700800
43.36214268,3.93700800
43.36314748,7.87401500
43.36415228,7.87401500
43.36515708,11.81102000
43.36616188,11.81102000
43.36716668,11.81102000
43.36817148,3.93700800
43.36917628,7.87401500
43.37018108,7.87401500
43.37118588,11.81102000
43.37219068,15.74803000
43.37319548,7.87401500
43.37420028,3.93700800
43.37520508,3.93700800
43.37620988,7.87401500
43.37721468,11.81102000
43.37821948,11.81102000
43.37922428,7.87401500
43.38022908,7.87401500
43.38123388,7.87401500
43.38223868,3.93700800
43.38324348,7.87401500
43.38424828,11.81102000
43.38525308,11.81102000
43.38625788,7.87401500
43.38726268,7.87401500
43.38826748,7.87401500
43.38927228,7.87401500
43.39027708,7.87401500
43.39128188,3.93700800
43.39228668,3.93700800
43.39329148,7.87401500
43.39429628,7.87401500
43.39530108,7.87401500
43.39630588,15.74803000
43.39731068,15.74803000
43.39831548,3.93700800
43.39932028,7.87401500
43.40032508,3.93700800
43.40132988,7.87401500
43.40233468,7.87401500
43.40333948,7.87401500
43.40434428,7.87401500
43.40534908,11.81102000
43.40635388,0.00000000
43.40735868,7.87401500
43.40836348,3.93700800
43.40936828,11.81102000
43.41037308,7.87401500
43.41137788,11.81102000
43.41238268,7.87401500
43.41338748,11.81102000
43.41439228,11.81102000
43.41539708,15.74803000
43.41640188,7.87401500
43.41740668,7.87401500
43.41841148,11.81102000
43.41941628,7.87401500
43.42042108,7.87401500
43.42142588,7.87401500
43.42243068,7.87401500
43.42343548,7.87401500
43.42444028,7.87401500
43.42544508,7.87401500
43.42644988,7.87401500
43.42745468,7.87401500
43.42845948,7.87401500
43.42946428,7.87401500
43.43046908,7.87401500
43.43147388,3.93700800
43.43247868,0.00000000
43.43348348,3.93700800
43.43448828,3.93700800
43.43549308,0.00000000
43.43649788,7.87401500
43.43750268,3.93700800
43.43850748,7.87401500
43.43951228,3.93700800
43.44051708,7.87401500
43.44152188,7.87401500
43.44252668,7.87401500
43.44353148,11.81102000
43.44453628,7.87401500
43.44554108,7.87401500
43.44654588,7.87401500
43.44755068,3.93700800
43.44855548,7.87401500
43.44956028,7.87401500
43.45056508,11.81102000
43.45156988,7.87401500
43.45257468,7.87401500
43.45357948,11.81102000
43.45458428,3.93700800
43.45558908,3.93700800
43.45659388,7.87401500
43.45759868,7.87401500
43.45860348,7.87401500
43.45960828,7.87401500
43.46061308,-3.93700800
43.46161788,3.93700800
43.46262268,3.93700800
43.46362748,3.93700800
43.46463228,7.87401500
43.46563708,11.81102000
43.46664188,7.87401500
43.46764668,15.74803000
43.46865148,11.81102000
43.46965628,11.81102000
43.47066108,11.81102000
43.47166588,7.87401500
43.47267068,7.87401500
43.47367548,7.87401500
43.47468028,15.74803000
43.47568508,7.87401500
43.47668988,11.81102000
43.47769468,11.81102000
43.47869948,7.87401500
43.47970428,11.81102000
43.48070908,7.87401500
43.48171388,7.87401500
43.48271868,7.87401500
43.48372348,7.87401500
43.48472828,11.81102000
43.48573308,7.87401500
43.48673788,-3.93700800
43.48774268,0.00000000
43.48874748,-3.93700800
43.48975228,7.87401500
43.49075708,7.87401500
43.49176188,7.87401500
43.49276668,11.81102000
43.49377148,11.81102000
43.49477628,7.87401500
43.49578108,7.87401500
43.49678588,11.81102000
43.49779068,7.87401500
43.49879548,11.81102000
43.49980028,7.87401500
43.50080508,11.81102000
43.50180988,7.87401500
43.50281468,11.81102000
43.50381948,3.93700800
43.50482428,7.87401500
43.50582908,3.93700800
43.50683388,7.87401500
43.50783868,11.81102000
43.50884348,11.81102000
43.50984828,7.87401500
43.51085308,7.87401500
43.51185788,15.74803000
43.51286268,7.87401500
43.51386748,7.87401500
43.51487228,-3.93700800
43.51587708,3.93700800
43.51688188,7.87401500
43.51788668,0.00000000
43.51889148,7.87401500
43.51989628,7.87401500
43.52090108,3.93700800
43.52190588,11.81102000
43.52291068,23.62205000
43.52391548,11.81102000
43.52492028,7.87401500
43.52592508,7.87401500
43.52692988,11.81102000
43.52793468,7.87401500
43.52893948,7.87401500
43.52994428,7.87401500
43.53094908,11.81102000
43.53195388,11.81102000
43.53295868,11.81102000
43.53396348,7.87401500
43.53496828,7.87401500
43.53597308,11.81102000
43.53697788,3.93700800
43.53798268,7.87401500
43.53898748,0.00000000
43.53999228,7.87401500
43.54099708,7.87401500
43.54200188,11.81102000
43.54300668,7.87401500
43.54401148,0.00000000
43.54501628,3.93700800
43.54602108,0.00000000
43.54702588,7.87401500
43.54803068,7.87401500
43.54903548,11.81102000
43.55004028,7.87401500
43.55104508,11.81102000
43.55204988,7.87401500
43.55305468,7.87401500
43.55405948,3.93700800
43.55506428,11.81102000
43.55606908,11.81102000
43.55707388,11.81102000
43.55807868,11.81102000
43.55908348,11.81102000
43.56008828,15.74803000
43.56109308,7.87401500
43.56209788,3.93700800
43.56310268,11.81102000
43.56410748,15.74803000
43.56511228,11.81102000
43.56611708,11.81102000
43.56712188,15.74803000
43.56812668,11.81102000
43.56913148,7.87401500
43.57013628,3.93700800
43.57114108,7.87401500
43.57214588,11.81102000
43.57315068,3.93700800
43.57415548,11.81102000
43.57516028,3.93700800
43.57616508,3.93700800
43.57716988,3.93700800
43.57817468,3.93700800
43.57917948,3.93700800
43.58018428,7.87401500
43.58118907,11.81102000
43.58219387,7.87401500
43.58319867,11.81102000
43.58420347,11.81102000
43.58520827,7.87401500
43.58621307,3.93700800
43.58721787,7.87401500
43.58822267,11.81102000
43.58922747,7.87401500
43.59023227,7.87401500
43.59123707,11.81102000
43.59224187,7.87401500
43.59324667,11.81102000
43.59425147,7.87401500
43.59525627,7.87401500
43.59626107,7.87401500
43.59726587,11.81102000
43.59827067,11.81102000
43.59927547,11.81102000
43.60028027,11.81102000
43.60128507,11.81102000
43.60228987,7.87401500
43.60329467,11.81102000
43.60429947,11.81102000
43.60530427,11.81102000
43.60630907,11.81102000
43.60731387,11.81102000
43.60831867,11.81102000
43.60932347,11.81102000
43.61032827,-3.93700800
43.61133307,3.93700800
43.61233787,7.87401500
43.61334267,11.81102000
43.61434747,7.87401500
43.61535227,7.87401500
43.61635707,7.87401500
43.61736187,0.00000000
43.61836667,7.87401500
43.61937147,7.87401500
43.62037627,31.49606000
43.62138107,11.81102000
43.62238587,11.81102000
43.62339067,7.87401500
43.62439547,7.87401500
43.62540027,7.87401500
43.62640507,7.87401500
43.62740987,7.87401500
43.62841467,11.81102000
43.62941947,7.87401500
43.63042427,7.87401500
43.63142907,11.81102000
43.63243387,11.81102000
43.63343867,11.81102000
43.63444347,7.87401500
43.63544827,7.87401500
43.63645307,7.87401500
43.63745787,7.87401500
43.63846267,7.87401500
43.63946747,7.87401500
43.64047227,11.81102000
43.64147707,7.87401500
43.64248187,7.87401500
43.64348667,-7.87401500
43.64449147,7.87401500
43.64549627,3.93700800
43.64650107,3.93700800
43.64750587,3.93700800
43.64851067,7.87401500
43.64951547,3.93700800
43.65052027,3.93700800
43.65152507,7.87401500
43.65252987,3.93700800
43.65353467,11.81102000
43.65453947,7.87401500
43.65554427,11.81102000
43.65654907,3.93700800
43.65755387,7.87401500
43.65855867,11.81102000
43.65956347,7.87401500
43.66056827,7.87401500
43.66157307,7.87401500
43.66257787,11.81102000
43.66358267,11.81102000
43.66458747,7.87401500
43.66559227,7.87401500
43.66659707,7.87401500
43.66760187,7.87401500
43.66860667,7.87401500
43.66961147,11.81102000
43.67061627,11.81102000
43.67162107,3.93700800
43.67262587,15.74803000
43.67363067,0.00000000
43.67463547,3.93700800
43.67564027,0.00000000
43.67664507,3.93700800
43.67764987,11.81102000
43.67865467,7.87401500
43.67965947,7.87401500
43.68066427,7.87401500
43.68166907,11.81102000
43.68267387,7.87401500
43.68367867,3.93700800
43.68468347,7.87401500
43.68568827,3.93700800
43.68669307,15.74803000
43.68769787,7.87401500
43.68870267,3.93700800
43.68970747,7.87401500
43.69071227,11.81102000
43.69171707,7.87401500
43.69272187,7.87401500
43.69372667,11.81102000
43.69473147,7.87401500
43.69573627,7.87401500
43.69674107,11.81102000
43.69774587,3.93700800
43.69875067,3.93700800
43.69975547,3.93700800
43.70076027,3.93700800
43.70176507,0.00000000
43.70276987,3.93700800
43.70377467,0.00000000
43.70477947,3.93700800
43.70578427,3.93700800
43.70678907,7.87401500
43.70779387,3.93700800
43.70879867,7.87401500
43.70980347,7.87401500
43.71080827,7.87401500
43.71181307,7.87401500
43.71281787,7.87401500
43.71382267,11.81102000
43.71482747,0.00000000
43.71583227,7.87401500
43.71683707,3.93700800
43.71784187,23.62205000
43.71884667,7.87401500
43.71985147,11.81102000
43.72085627,11.81102000
43.72186107,11.81102000
43.72286587,3.93700800
43.72387067,7.87401500
43.72487547,7.87401500
43.72588027,3.93700800
43.72688507,11.81102000
43.72788987,11.81102000
43.72889467,11.81102000
43.72989947,11.81102000
43.73090427,11.81102000
43.73190907,15.74803000
43.73291387,0.00000000
43.73391867,0.00000000
43.73492347,3.93700800
43.73592827,7.87401500
43.73693307,7.87401500
43.73793787,7.87401500
43.73894267,11.81102000
43.73994747,11.81102000
43.74095227,11.81102000
43.74195707,3.93700800
43.74296187,3.93700800
43.74396667,7.87401500
43.74497147,7.87401500
43.74597627,11.81102000
43.74698107,11.81102000
43.74798587,7.87401500
43.74899067,3.93700800
43.74999547,7.87401500
43.75100027,7.87401500
43.75200507,11.81102000
43.75300987,7.87401500
43.75401467,11.81102000
43.75501947,15.74803000
43.75602427,11.81102000
43.75702907,7.87401500
43.75803387,11.81102000
43.75903867,15.74803000
43.76004347,7.87401500
43.76104827,3.93700800
43.76205307,7.87401500
43.76305787,7.87401500
43.76406267,0.00000000
43.76506747,0.00000000
43.76607227,0.00000000
43.76707707,7.87401500
43.76808187,7.87401500
43.76908667,7.87401500
43.77009147,11.81102000
43.77109627,7.87401500
43.77210107,11.81102000
43.77310587,11.81102000
43.77411067,11.81102000
43.77511547,7.87401500
43.77612027,7.87401500
43.77712507,7.87401500
43.77812987,11.81102000
43.77913467,7.87401500
43.78013947,11.81102000
43.78114427,11.81102000
43.78214907,3.93700800
43.78315387,7.87401500
43.78415867,11.81102000
43.78516347,7.87401500
43.78616827,15.74803000
43.78717307,7.87401500
43.78817787,7.87401500
43.78918267,11.81102000
43.79018747,7.87401500
43.79119227,3.93700800
43.79219707,11.81102000
43.79320187,11.81102000
43.79420667,11.81102000
43.79521147,11.81102000
43.79621627,3.93700800
43.79722107,-3.93700800
43.79822587,3.93700800
43.79923067,7.87401500
43.80023547,7.87401500
43.80124027,7.87401500
43.80224507,7.87401500
43.80324987,11.81102000
43.80425467,11.81102000
43.80525947,11.81102000
43.80626427,7.87401500
43.80726907,11.81102000
43.80827387,11.81102000
43.80927867,7.87401500
43.81028347,7.87401500
43.81128827,7.87401500
43.81229307,0.00000000
43.81329787,7.87401500
43.81430267,3.93700800
43.81530747,7.87401500
43.81631227,7.87401500
43.81731707,7.87401500
43.81832187,7.87401500
43.81932667,7.87401500
43.82033147,7.87401500
43.82133627,11.81102000
43.82234107,0.00000000
43.82334587,11.81102000
43.82435067,7.87401500
43.82535547,7.87401500
43.82636027,7.87401500
43.82736507,7.87401500
43.82836987,-7.87401500
43.82937467,0.00000000
43.83037947,0.00000000
43.83138427,0.00000000
43.83238907,3.93700800
43.83339387,11.81102000
43.83439867,7.87401500
43.83540347,15.74803000
43.83640827,11.81102000
43.83741307,11.81102000
43.83841787,11.81102000
43.83942267,11.81102000
43.84042747,11.81102000
43.84143227,11.81102000
43.84243707,11.81102000
43.84344187,11.81102000
43.84444667,15.74803000
43.84545147,7.87401500
43.84645627,7.87401500
43.84746107,7.87401500
43.84846587,11.81102000
43.84947067,7.87401500
43.85047547,15.74803000
43.85148027,7.87401500
43.85248507,3.93700800
43.85348987,7.87401500
43.85449467,7.87401500
43.85549947,7.87401500
43.85650427,11.81102000
43.85750907,3.93700800
43.85851387,-3.93700800
43.85951867,7.87401500
43.86052347,0.00000000
43.86152827,3.93700800
43.86253307,0.00000000
43.86353787,7.87401500
43.86454267,3.93700800
43.86554747,7.87401500
43.86655227,11.81102000
43.86755707,11.81102000
43.86856187,11.81102000
43.86956667,11.81102000
43.87057147,11.81102000
43.87157627,15.74803000
43.87258107,3.93700800
43.87358587,7.87401500
43.87459067,15.74803000
43.87559547,3.93700800
43.87660027,7.87401500
43.87760507,3.93700800
43.87860987,7.87401500
43.87961467,7.87401500
43.88061947,7.87401500
43.88162427,11.81102000
43.88262907,7.87401500
43.88363387,11.81102000
43.88463867,7.87401500
43.88564347,7.87401500
43.88664827,7.87401500
43.88765307,11.81102000
43.88865787,0.00000000
43.88966267,3.93700800
43.89066747,3.93700800
43.89167227,0.00000000
43.89267707,3.93700800
43.89368187,3.93700800
43.89468667,7.87401500
43.89569147,7.87401500
43.89669627,11.81102000
43.89770107,15.74803000
43.89870587,11.81102000
43.89971067,7.87401500
43.90071547,11.81102000
43.90172027,7.87401500
43.90272507,3.93700800
43.90372987,11.81102000
43.90473467,7.87401500
43.90573947,7.87401500
43.90674427,11.81102000
43.90774907,7.87401500
43.90875387,3.93700800
43.90975866,3.93700800
43.91076346,3.93700800
43.91176826,3.93700800
43.91277306,15.74803000
43.91377786,7.87401500
43.91478266,7.87401500
43.91578746,11.81102000
43.91679226,11.81102000
43.91779706,7.87401500
43.91880186,3.93700800
43.91980666,3.93700800
43.92081146,3.93700800
43.92181626,3.93700800
43.92282106,7.87401500
43.92382586,7.87401500
43.92483066,11.81102000
43.92583546,7.87401500
43.92684026,3.93700800
43.92784506,11.81102000
43.92884986,0.00000000
43.92985466,11.81102000
43.93085946,11.81102000
43.93186426,7.87401500
43.93286906,7.87401500
43.93387386,11.81102000
43.93487866,11.81102000
43.93588346,7.87401500
43.93688826,15.74803000
43.93789306,3.93700800
43.93889786,7.87401500
43.93990266,7.87401500
43.94090746,7.87401500
43.94191226,7.87401500
43.94291706,3.93700800
43.94392186,7.87401500
43.94492666,3.93700800
43.94593146,7.87401500
43.94693626,11.81102000
43.94794106,7.87401500
43.94894586,3.93700800
43.94995066,7.87401500
43.95095546,-3.93700800
43.95196026,7.87401500
43.95296506,3.93700800
43.95396986,0.00000000
43.95497466,3.93700800
43.95597946,3.93700800
43.95698426,11.81102000
43.95798906,11.81102000
43.95899386,7.87401500
43.95999866,7.87401500
43.96100346,7.87401500
43.96200826,11.81102000
43.96301306,11.81102000
43.96401786,7.87401500
43.96502266,7.87401500
43.96602746,11.81102000
43.96703226,7.87401500
43.96803706,7.87401500
43.96904186,11.81102000
43.97004666,11.81102000
43.97105146,3.93700800
43.97205626,11.81102000
43.97306106,11.81102000
43.97406586,7.87401500
43.97507066,7.87401500
43.97607546,7.87401500
43.97708026,3.93700800
43.97808506,7.87401500
43.97908986,11.81102000
43.98009466,3.93700800
43.98109946,0.00000000
43.98210426,11.81102000
43.98310906,0.00000000
43.98411386,7.87401500
43.98511866,7.87401500
43.98612346,3.93700800
43.98712826,3.93700800
43.98813306,7.87401500
43.98913786,11.81102000
43.99014266,7.87401500
43.99114746,11.81102000
43.99215226,7.87401500
43.99315706,3.93700800
43.99416186,11.81102000
43.99516666,11.81102000
43.99617146,11.81102000
43.99717626,7.87401500
43.99818106,15.74803000
43.99918586,11.81102000
44.00019066,11.81102000
44.00119546,11.81102000
44.00220026,7.87401500
44.00320506,11.81102000
44.00420986,11.81102000
44.00521466,7.87401500
44.00621946,7.87401500
44.00722426,11.81102000
44.00822906,7.87401500
44.00923386,3.93700800
44.01023866,11.81102000
44.01124346,7.87401500
44.01224826,7.87401500
44.01325306,15.74803000
44.01425786,3.93700800
44.01526266,0.00000000
44.01626746,3.93700800
44.01727226,3.93700800
44.01827706,3.93700800
44.01928186,3.93700800
44.02028666,11.81102000
44.02129146,11.81102000
44.02229626,7.87401500
44.02330106,3.93700800
44.02430586,3.93700800
44.02531066,7.87401500
44.02631546,23.62205000
44.02732026,3.93700800
44.02832506,11.81102000
44.02932986,3.93700800
44.03033466,3.93700800
44.03133946,7.87401500
44.03234426,7.87401500
44.03334906,7.87401500
44.03435386,7.87401500
44.03535866,7.87401500
44.03636346,11.81102000
44.03736826,7.87401500
44.03837306,7.87401500
44.03937786,11.81102000
44.04038266,7.87401500
44.04138746,3.93700800
44.04239226,7.87401500
44.04339706,7.87401500
44.04440186,11.81102000
44.04540666,-3.93700800
44.04641146,3.93700800
44.04741626,0.00000000
44.04842106,7.87401500
44.04942586,7.87401500
44.05043066,7.87401500
44.05143546,7.87401500
44.05244026,11.81102000
44.05344506,11.81102000
44.05444986,11.81102000
44.05545466,7.87401500
44.05645946,-3.93700800
44.05746426,3.93700800
44.05846906,7.87401500
44.05947386,15.74803000
44.06047866,11.81102000
44.06148346,11.81102000
44.06248826,7.87401500
44.06349306,7.87401500
44.06449786,7.87401500
44.06550266,7.87401500
44.06650746,7.87401500
44.06751226,7.87401500
44.06851706,11.81102000
44.06952186,7.87401500
44.07052666,7.87401500
44.07153146,7.87401500
44.07253626,0.00000000
44.07354106,7.87401500
44.07454586,7.87401500
44.07555066,-7.87401500
44.07655546,0.00000000
44.07756026,3.93700800
44.07856506,3.93700800
44.07956986,7.87401500
44.08057466,7.87401500
44.08157946,11.81102000
44.08258426,7.87401500
44.08358906,11.81102000
44.08459386,15.74803000
44.08559866,3.93700800
44.08660346,15.74803000
44.08760826,3.93700800
44.08861306,3.93700800
44.08961786,7.87401500
44.09062266,0.00000000
44.09162746,11.81102000
44.09263226,7.87401500
44.09363706,7.87401500
44.09464186,11.81102000
44.09564666,7.87401500
44.09665146,11.81102000
44.09765626,7.87401500
44.09866106,7.87401500
44.09966586,3.93700800
44.10067066,3.93700800
44.10167546,11.81102000
44.10268026,7.87401500
44.10368506,7.87401500
44.10468986,7.87401500
44.10569466,3.93700800
44.10669946,-7.87401500
44.10770426,7.87401500
44.10870906,7.87401500
44.10971386,3.93700800
44.11071866,7.87401500
44.11172346,11.81102000
44.11272826,7.87401500
44.11373306,15.74803000
44.11473786,7.87401500
44.11574266,7.87401500
44.11674746,11.81102000
44.11775226,11.81102000
44.11875706,3.93700800
44.11976186,11.81102000
44.12076666,0.00000000
44.12177146,7.87401500
44.12277626,7.87401500
44.12378106,27.55905000
44.12478586,11.81102000
44.12579066,15.74803000
44.12679546,7.87401500
44.12780026,11.81102000
44.12880506,15.74803000
44.12980986,11.81102000
44.13081466,7.87401500
44.13181946,7.87401500
44.13282426,19.68504000
44.13382906,7.87401500
44.13483386,7.87401500
44.13583866,11.81102000
44.13684346,3.93700800
44.13784826,0.00000000
44.13885306,0.00000000
44.13985786,0.00000000
44.14086266,7.87401500
44.14186746,3.93700800
44.14287226,11.81102000
44.14387706,7.87401500
44.14488186,11.81102000
44.14588666,11.81102000
44.14689146,7.87401500
44.14789626,7.87401500
44.14890106,7.87401500
44.14990586,7.87401500
44.15091066,7.87401500
44.15191546,7.87401500
44.15292026,7.87401500
44.15392506,0.00000000
44.15492986,7.87401500
44.15593466,7.87401500
44.15693946,7.87401500
44.15794426,7.87401500
44.15894906,7.87401500
44.15995386,7.87401500
44.16095866,11.81102000
44.16196346,11.81102000
44.16296826,7.87401500
44.16397306,11.81102000
44.16497786,15.74803000
44.16598266,7.87401500
44.16698746,7.87401500
44.16799226,11.81102000
44.16899706,3.93700800
44.17000186,-3.93700800
44.17100666,7.87401500
44.17201146,0.00000000
44.17301626,3.93700800
44.17402106,3.93700800
44.17502586,7.87401500
44.17603066,3.93700800
44.17703546,11.81102000
44.17804026,7.87401500
44.17904506,7.87401500
44.18004986,11.81102000
44.18105466,7.87401500
44.18205946,11.81102000
44.18306426,11.81102000
44.18406906,11.81102000
44.18507386,7.87401500
44.18607866,7.87401500
44.18708346,3.93700800
44.18808826,15.74803000
44.18909306,7.87401500
44.19009786,15.74803000
44.19110266,11.81102000
44.19210746,7.87401500
44.19311226,7.87401500
44.19411706,11.81102000
44.19512186,7.87401500
44.19612666,11.81102000
44.19713146,11.81102000
44.19813626,7.87401500
44.19914106,7.87401500
44.20014586,7.87401500
44.20115066,11.81102000
44.20215546,7.87401500
44.20316026,3.93700800
44.20416506,3.93700800
44.20516986,3.93700800
44.20617466,11.81102000
44.20717946,7.87401500
44.20818426,7.87401500
44.20918906,7.87401500
44.21019386,11.81102000
44.21119866,11.81102000
44.21220346,7.87401500
44.21320826,11.81102000
44.21421306,7.87401500
44.21521786,11.81102000
44.21622266,11.81102000
44.21722746,11.81102000
44.21823226,-3.93700800
44.21923706,7.87401500
44.22024186,11.81102000
44.22124666,19.68504000
44.22225146,7.87401500
44.22325626,15.74803000
44.22426106,3.93700800
44.22526586,11.81102000
44.22627066,11.81102000
44.22727546,11.81102000
44.22828026,11.81102000
44.22928506,11.81102000
44.23028986,7.87401500
44.23129466,15.74803000
44.23229946,7.87401500
44.23330426,11.81102000
44.23430906,11.81102000
44.23531386,-11.81102000
44.23631866,0.00000000
44.23732346,3.93700800
44.23832826,3.93700800
44.23933305,7.87401500
44.24033785,7.87401500
44.24134265,7.87401500
44.24234745,11.81102000
44.24335225,7.87401500
44.24435705,11.81102000
44.24536185,15.74803000
44.24636665,7.87401500
44.24737145,7.87401500
44.24837625,11.81102000
44.24938105,3.93700800
44.25038585,15.74803000
44.25139065,7.87401500
44.25239545,7.87401500
44.25340025,7.87401500
44.25440505,11.81102000
44.25540985,11.81102000
44.25641465,11.81102000
44.25741945,11.81102000
44.25842425,11.81102000
44.25942905,11.81102000
44.26043385,11.81102000
44.26143865,11.81102000
44.26244345,7.87401500
44.26344825,7.87401500
44.26445305,7.87401500
44.26545785,7.87401500
44.26646265,7.87401500
44.26746745,-11.81102000
44.26847225,0.00000000
44.26947705,0.00000000
44.27048185,7.87401500
44.27148665,3.93700800
44.27249145,7.87401500
44.27349625,11.81102000
44.27450105,7.87401500
44.27550585,7.87401500
44.27651065,11.81102000
44.27751545,7.87401500
44.27852025,7.87401500
44.27952505,11.81102000
44.28052985,15.74803000
44.28153465,3.93700800
44.28253945,11.81102000
44.28354425,11.81102000
44.28454905,7.87401500
44.28555385,11.81102000
44.28655865,11.81102000
44.28756345,7.87401500
44.28856825,3.93700800
44.28957305,11.81102000
44.29057785,7.87401500
44.29158265,11.81102000
44.29258745,7.87401500
44.29359225,7.87401500
44.29459705,11.81102000
44.29560185,11.81102000
44.29660665,11.81102000
44.29761145,7.87401500
44.29861625,3.93700800
44.29962105,3.93700800
44.30062585,0.00000000
44.30163065,3.93700800
44.30263545,3.93700800
44.30364025,7.87401500
44.30464505,7.87401500
44.30564985,7.87401500
44.30665465,7.87401500
44.30765945,7.87401500
44.30866425,11.81102000
44.30966905,11.81102000
44.31067385,7.87401500
44.31167865,11.81102000
44.31268345,7.87401500
44.31368825,11.81102000
44.31469305,7.87401500
44.31569785,0.00000000
44.31670265,3.93700800
44.31770745,3.93700800
44.31871225,7.87401500
44.31971705,7.87401500
44.32072185,11.81102000
44.32172665,11.81102000
44.32273145,19.68504000
44.32373625,11.81102000
44.32474105,7.87401500
44.32574585,0.00000000
44.32675065,-3.93700800
44.32775545,3.93700800
44.32876025,3.93700800
44.32976505,7.87401500
44.33076985,11.81102000
44.33177465,3.93700800
44.33277945,3.93700800
44.33378425,7.87401500
44.33478905,7.87401500
44.33579385,11.81102000
44.33679865,11.81102000
44.33780345,7.87401500
44.33880825,7.87401500
44.33981305,11.81102000
44.34081785,11.81102000
44.34182265,11.81102000
44.34282745,7.87401500
44.34383225,7.87401500
44.34483705,15.74803000
44.34584185,7.87401500
44.34684665,7.87401500
44.34785145,11.81102000
44.34885625,3.93700800
44.34986105,7.87401500
44.35086585,3.93700800
44.35187065,3.93700800
44.35287545,11.81102000
44.35388025,11.81102000
44.35488505,0.00000000
44.35588985,7.87401500
44.35689465,3.93700800
44.35789945,7.87401500
44.35890425,7.87401500
44.35990905,7.87401500
44.36091385,3.93700800
44.36191865,11.81102000
44.36292345,3.93700800
44.36392825,11.81102000
44.36493305,7.87401500
44.36593785,7.87401500
44.36694265,7.87401500
44.36794745,11.81102000
44.36895225,11.81102000
44.36995705,7.87401500
44.37096185,11.81102000
44.37196665,7.87401500
44.37297145,7.87401500
44.37397625,7.87401500
44.37498105,7.87401500
44.37598585,11.81102000
44.37699065,7.87401500
44.37799545,11.81102000
44.37900025,11.81102000
44.38000505,11.81102000
44.38100985,7.87401500
44.38201465,7.87401500
44.38301945,3.93700800
44.38402425,11.81102000
44.38502905,7.87401500
44.38603385,7.87401500
44.38703865,3.93700800
44.38804345,3.93700800
44.38904825,7.87401500
44.39005305,3.93700800
44.39105785,3.93700800
44.39206265,7.87401500
44.39306745,11.81102000
44.39407225,11.81102000
44.39507705,7.87401500
44.39608185,11.81102000
44.39708665,7.87401500
44.39809145,7.87401500
44.39909625,15.74803000
44.40010105,11.81102000
44.40110585,15.74803000
44.40211065,7.87401500
44.40311545,11.81102000
44.40412025,15.74803000
44.40512505,7.87401500
44.40612985,7.87401500
44.40713465,15.74803000
44.40813945,7.87401500
44.40914425,11.81102000
44.41014905,11.81102000
44.41115385,7.87401500
44.41215865,11.81102000
44.41316345,11.81102000
44.41416825,7.87401500
44.41517305,7.87401500
44.41617785,15.74803000
44.41718265,3.93700800
44.41818745,3.93700800
44.41919225,3.93700800
44.42019705,0.00000000
44.42120185,7.87401500
44.42220665,7.87401500
44.42321145,7.87401500
44.42421625,7.87401500
44.42522105,7.87401500
44.42622585,11.81102000
44.42723065,11.81102000
44.42823545,11.81102000
44.42924025,7.87401500
44.43024505,3.93700800
44.43124985,7.87401500
44.43225465,3.93700800
44.43325945,11.81102000
44.43426425,11.81102000
44.43526905,15.74803000
44.43627385,7.87401500
44.43727865,7.87401500
44.43828345,11.81102000
44.43928825,11.81102000
44.44029305,11.81102000
44.44129785,15.74803000
44.44230265,11.81102000
44.44330745,11.81102000
44.44431225,7.87401500
44.44531705,11.81102000
44.44632185,11.81102000
44.44732665,0.00000000
44.44833145,0.00000000
44.44933625,7.87401500
44.45034105,3.93700800
44.45134585,7.87401500
44.45235065,7.87401500
44.45335545,7.87401500
44.45436025,11.81102000
44.45536505,7.87401500
44.45636985,15.74803000
44.45737465,15.74803000
44.45837945,7.87401500
44.45938425,7.87401500
44.46038905,7.87401500
44.46139385,7.87401500
44.46239865,7.87401500
44.46340345,7.87401500
44.46440825,7.87401500
44.46541305,15.74803000
44.46641785,7.87401500
44.46742265,15.74803000
44.46842745,7.87401500
44.46943225,11.81102000
44.47043705,7.87401500
44.47144185,7.87401500
44.47244665,7.87401500
44.47345145,11.81102000
44.47445625,7.87401500
44.47546105,7.87401500
44.47646585,11.81102000
44.47747065,7.87401500
44.47847545,3.93700800
44.47948025,0.00000000
44.48048505,7.87401500
44.48148985,7.87401500
44.48249465,11.81102000
44.48349945,7.87401500
44.48450425,7.87401500
44.48550905,7.87401500
44.48651385,15.74803000
44.48751865,7.87401500
44.48852345,11.81102000
44.48952825,11.81102000
44.49053305,11.81102000
44.49153785,7.87401500
44.49254265,11.81102000
44.49354745,7.87401500
44.49455225,7.87401500
44.49555705,3.93700800
44.49656185,3.93700800
44.49756665,3.93700800
44.49857145,7.87401500
44.49957625,7.87401500
44.50058105,11.81102000
44.50158585,11.81102000
44.50259065,0.00000000
44.50359545,7.87401500
44.50460025,15.74803000
44.50560505,7.87401500
44.50660985,11.81102000
44.50761465,-3.93700800
44.50861945,7.87401500
44.50962425,7.87401500
44.51062905,0.00000000
44.51163385,7.87401500
44.51263865,7.87401500
44.51364345,11.81102000
44.51464825,11.81102000
44.51565305,15.74803000
44.51665785,7.87401500
44.51766265,7.87401500
44.51866745,11.81102000
44.51967225,7.87401500
44.52067705,11.81102000
44.52168185,11.81102000
44.52268665,11.81102000
44.52369145,11.81102000
44.52469625,11.81102000
44.52570105,7.87401500
44.52670585,7.87401500
44.52771065,7.87401500
44.52871545,7.87401500
44.52972025,23.62205000
44.53072505,7.87401500
44.53172985,3.93700800
44.53273465,11.81102000
44.53373945,15.74803000
44.53474425,3.93700800
44.53574905,3.93700800
44.53675385,0.00000000
44.53775865,3.93700800
44.53876345,7.87401500
44.53976825,11.81102000
44.54077305,7.87401500
44.54177785,7.87401500
44.54278265,11.81102000
44.54378745,3.93700800
44.54479225,7.87401500
44.54579705,7.87401500
44.54680185,7.87401500
44.54780665,11.81102000
44.54881145,11.81102000
44.54981625,11.81102000
44.55082105,11.81102000
44.55182585,7.87401500
44.55283065,7.87401500
44.55383545,15.74803000
44.55484025,11.81102000
44.55584505,7.87401500
44.55684985,7.87401500
44.55785465,11.81102000
44.55885945,11.81102000
44.55986425,7.87401500
44.56086905,7.87401500
44.56187385,7.87401500
44.56287865,11.81102000
44.56388345,3.93700800
44.56488825,11.81102000
44.56589305,3.93700800
44.56689785,11.81102000
44.56790264,3.93700800
44.56890744,7.87401500
44.56991224,11.81102000
44.57091704,7.87401500
44.57192184,11.81102000
44.57292664,11.81102000
44.57393144,7.87401500
44.57493624,3.93700800
44.57594104,7.87401500
44.57694584,11.81102000
44.57795064,7.87401500
44.57895544,11.81102000
44.57996024,11.81102000
44.58096504,11.81102000
44.58196984,7.87401500
44.58297464,11.81102000
44.58397944,7.87401500
44.58498424,11.81102000
44.58598904,7.87401500
44.58699384,7.87401500
44.58799864,15.74803000
44.58900344,7.87401500
44.59000824,11.81102000
44.59101304,11.81102000
44.59201784,11.81102000
44.59302264,3.93700800
44.59402744,7.87401500
44.59503224,11.81102000
44.59603704,0.00000000
44.59704184,11.81102000
44.59804664,7.87401500
44.59905144,7.87401500
44.60005624,3.93700800
44.60106104,7.87401500
44.60206584,7.87401500
44.60307064,15.74803000
44.60407544,7.87401500
44.60508024,11.81102000
44.60608504,7.87401500
44.60708984,11.81102000
44.60809464,7.87401500
44.60909944,3.93700800
44.61010424,11.81102000
44.61110904,11.81102000
44.61211384,3.93700800
44.61311864,11.81102000
44.61412344,7.87401500
44.61512824,11.81102000
44.61613304,11.81102000
44.61713784,7.87401500
44.61814264,7.87401500
44.61914744,7.87401500
44.62015224,11.81102000
44.62115704,11.81102000
44.62216184,7.87401500
44.62316664,11.81102000
44.62417144,0.00000000
44.62517624,7.87401500
44.62618104,7.87401500
44.62718584,31.49606000
44.62819064,-3.93700800
44.62919544,3.93700800
44.63020024,3.93700800
44.63120504,3.93700800
44.63220984,3.93700800
44.63321464,11.81102000
44.63421944,7.87401500
44.63522424,7.87401500
44.63622904,11.81102000
44.63723384,7.87401500
44.63823864,11.81102000
44.63924344,15.74803000
44.64024824,11.81102000
44.64125304,3.93700800
44.64225784,7.87401500
44.64326264,11.81102000
44.64426744,7.87401500
44.64527224,11.81102000
44.64627704,15.74803000
44.64728184,11.81102000
44.64828664,11.81102000
44.64929144,7.87401500
44.65029624,11.81102000
44.65130104,15.74803000
44.65230584,11.81102000
44.65331064,7.87401500
44.65431544,11.81102000
44.65532024,15.74803000
44.65632504,0.00000000
44.65732984,0.00000000
44.65833464,7.87401500
44.65933944,0.00000000
44.66034424,7.87401500
44.66134904,11.81102000
44.66235384,11.81102000
44.66335864,7.87401500
44.66436344,7.87401500
44.66536824,7.87401500
44.66637304,11.81102000
44.66737784,15.74803000
44.66838264,7.87401500
44.66938744,11.81102000
44.67039224,11.81102000
44.67139704,11.81102000
44.67240184,7.87401500
44.67340664,11.81102000
44.67441144,11.81102000
44.67541624,7.87401500
44.67642104,15.74803000
44.67742584,11.81102000
44.67843064,11.81102000
44.67943544,15.74803000
44.68044024,15.74803000
44.68144504,11.81102000
44.68244984,11.81102000
44.68345464,11.81102000
44.68445944,11.81102000
44.68546424,11.81102000
44.68646904,15.74803000
44.68747384,23.62205000
44.68847864,7.87401500
44.68948344,3.93700800
44.69048824,7.87401500
44.69149304,7.87401500
44.69249784,11.81102000
44.69350264,11.81102000
44.69450744,11.81102000
44.69551224,11.81102000
44.69651704,7.87401500
44.69752184,7.87401500
44.69852664,15.74803000
44.69953144,11.81102000
44.70053624,11.81102000
44.70154104,7.87401500
44.70254584,11.81102000
44.70355064,11.81102000
44.70455544,11.81102000
44.70556024,7.87401500
44.70656504,7.87401500
44.70756984,7.87401500
44.70857464,11.81102000
44.70957944,11.81102000
44.71058424,15.74803000
44.71158904,11.81102000
44.71259384,11.81102000
44.71359864,11.81102000
44.71460344,7.87401500
44.71560824,3.93700800
44.71661304,11.81102000
44.71761784,3.93700800
44.71862264,7.87401500
44.71962744,3.93700800
44.72063224,7.87401500
44.72163704,-7.87401500
44.72264184,7.87401500
44.72364664,3.93700800
44.72465144,15.74803000
44.72565624,11.81102000
44.72666104,7.87401500
44.72766584,3.93700800
44.72867064,11.81102000
44.72967544,7.87401500
44.73068024,11.81102000
44.73168504,7.87401500
44.73268984,11.81102000
44.73369464,11.81102000
44.73469944,7.87401500
44.73570424,7.87401500
44.73670904,7.87401500
44.73771384,7.87401500
44.73871864,3.93700800
44.73972344,0.00000000
44.74072824,11.81102000
44.74173304,7.87401500
44.74273784,3.93700800
44.74374264,7.87401500
44.74474744,7.87401500
44.74575224,3.93700800
44.74675704,3.93700800
44.74776184,7.87401500
44.74876664,0.00000000
44.74977144,3.93700800
44.75077624,7.87401500
44.75178104,7.87401500
44.75278584,7.87401500
44.75379064,7.87401500
44.75479544,3.93700800
44.75580024,-3.93700800
44.75680504,7.87401500
44.75780984,7.87401500
44.75881464,7.87401500
44.75981944,11.81102000
44.76082424,11.81102000
44.76182904,7.87401500
44.76283384,11.81102000
44.76383864,7.87401500
44.76484344,3.93700800
44.76584824,3.93700800
44.76685304,11.81102000
44.76785784,19.68504000
44.76886264,7.87401500
44.76986744,7.87401500
44.77087224,0.00000000
44.77187704,0.00000000
44.77288184,0.00000000
44.77388664,3.93700800
44.77489144,3.93700800
44.77589624,11.81102000
44.77690104,7.87401500
44.77790584,7.87401500
44.77891064,7.87401500
44.77991544,11.81102000
44.78092024,7.87401500
44.78192504,7.87401500
44.78292984,11.81102000
44.78393464,7.87401500
44.78493944,7.87401500
44.78594424,7.87401500
44.78694904,11.81102000
44.78795384,7.87401500
44.78895864,7.87401500
44.78996344,7.87401500
44.79096824,11.81102000
44.79197304,11.81102000
44.79297784,11.81102000
44.79398264,7.87401500
44.79498744,7.87401500
44.79599224,3.93700800
44.79699704,7.87401500
44.79800184,3.93700800
44.79900664,7.87401500
44.80001144,7.87401500
44.80101624,11.81102000
44.80202104,11.81102000
44.80302584,7.87401500
44.80403064,7.87401500
44.80503544,7.87401500
44.80604024,7.87401500
44.80704504,11.81102000
44.80804984,11.81102000
44.80905464,11.81102000
44.81005944,7.87401500
44.81106424,15.74803000
44.81206904,11.81102000
44.81307384,15.74803000
44.81407864,7.87401500
44.81508344,11.81102000
44.81608824,11.81102000
44.81709304,11.81102000
44.81809784,11.81102000
44.81910264,-3.93700800
44.82010744,0.00000000
44.82111224,7.87401500
44.82211704,7.87401500
44.82312184,11.81102000
44.82412664,7.87401500
44.82513144,3.93700800
44.82613624,15.74803000
44.82714104,7.87401500
44.82814584,11.81102000
44.82915064,11.81102000
44.83015544,7.87401500
44.83116024,7.87401500
44.83216504,7.87401500
44.83316984,7.87401500
44.83417464,11.81102000
44.83517944,7.87401500
44.83618424,7.87401500
44.83718904,7.87401500
44.83819384,7.87401500
44.83919864,11.81102000
44.84020344,7.87401500
44.84120824,7.87401500
44.84221304,11.81102000
44.84321784,7.87401500
44.84422264,11.81102000
44.84522744,11.81102000
44.84623224,7.87401500
44.84723704,7.87401500
44.84824184,7.87401500
44.84924664,7.87401500
44.85025144,0.00000000
44.85125624,7.87401500
44.85226104,3.93700800
44.85326584,3.93700800
44.85427064,3.93700800
44.85527544,11.81102000
44.85628024,11.81102000
44.85728504,7.87401500
44.85828984,7.87401500
44.85929464,7.87401500
44.86029944,7.87401500
44.86130424,7.87401500
44.86230904,11.81102000
44.86331384,15.74803000
44.86431864,7.87401500
44.86532344,11.81102000
44.86632824,11.81102000
44.86733304,3.93700800
44.86833784,3.93700800
44.86934264,7.87401500
44.87034744,7.87401500
44.87135224,11.81102000
44.87235704,11.81102000
44.87336184,11.81102000
44.87436664,15.74803000
44.87537144,11.81102000
44.87637624,11.81102000
44.87738104,11.81102000
44.87838584,0.00000000
44.87939064,7.87401500
44.88039544,7.87401500
44.88140024,7.87401500
44.88240504,7.87401500
44.88340984,7.87401500
44.88441464,11.81102000
44.88541944,3.93700800
44.88642424,7.87401500
44.88742904,15.74803000
44.88843384,11.81102000
44.88943864,11.81102000
44.89044344,15.74803000
44.89144824,11.81102000
44.89245304,11.81102000
44.89345784,11.81102000
44.89446264,15.74803000
44.89546744,11.81102000
44.89647223,11.81102000
44.89747703,7.87401500
44.89848183,7.87401500
44.89948663,11.81102000
44.90049143,7.87401500
44.90149623,0.00000000
44.90250103,11.81102000
44.90350583,19.68504000
44.90451063,3.93700800
44.90551543,7.87401500
44.90652023,11.81102000
44.90752503,7.87401500
44.90852983,11.81102000
44.90953463,11.81102000
44.91053943,7.87401500
44.91154423,7.87401500
44.91254903,11.81102000
44.91355383,11.81102000
44.91455863,11.81102000
44.91556343,15.74803000
44.91656823,7.87401500
44.91757303,7.87401500
44.91857783,11.81102000
44.91958263,11.81102000
44.92058743,15.74803000
44.92159223,7.87401500
44.92259703,15.74803000
44.92360183,15.74803000
44.92460663,7.87401500
44.92561143,11.81102000
44.92661623,11.81102000
44.92762103,11.81102000
44.92862583,3.93700800
44.92963063,7.87401500
44.93063543,11.81102000
44.93164023,11.81102000
44.93264503,7.87401500
44.93364983,7.87401500
44.93465463,11.81102000
44.93565943,27.55905000
44.93666423,11.81102000
44.93766903,7.87401500
44.93867383,11.81102000
44.93967863,15.74803000
44.94068343,11.81102000
44.94168823,15.74803000
44.94269303,7.87401500
44.94369783,11.81102000
44.94470263,11.81102000
44.94570743,7.87401500
44.94671223,11.81102000
44.94771703,11.81102000
44.94872183,11.81102000
44.94972663,7.87401500
44.95073143,7.87401500
44.95173623,7.87401500
44.95274103,11.81102000
44.95374583,7.87401500
44.95475063,7.87401500
44.95575543,7.87401500
44.95676023,11.81102000
44.95776503,7.87401500
44.95876983,7.87401500
44.95977463,7.87401500
44.96077943,11.81102000
44.96178423,11.81102000
44.96278903,11.81102000
44.96379383,11.81102000
44.96479863,15.74803000
44.96580343,7.87401500
44.96680823,11.81102000
44.96781303,7.87401500
44.96881783,15.74803000
44.96982263,15.74803000
44.97082743,11.81102000
44.97183223,11.81102000
44.97283703,7.87401500
44.97384183,7.87401500
44.97484663,15.74803000
44.97585143,7.87401500
44.97685623,11.81102000
44.97786103,11.81102000
44.97886583,15.74803000
44.97987063,7.87401500
44.98087543,11.81102000
44.98188023,3.93700800
44.98288503,7.87401500
44.98388983,0.00000000
44.98489463,15.74803000
44.98589943,3.93700800
44.98690423,7.87401500
44.98790903,7.87401500
44.98891383,11.81102000
44.98991863,11.81102000
44.99092343,11.81102000
44.99192823,7.87401500
44.99293303,11.81102000
44.99393783,11.81102000
44.99494263,15.74803000
44.99594743,15.74803000
44.99695223,15.74803000
44.99795703,11.81102000
44.99896183,3.93700800
44.99996663,7.87401500
45.00097143,11.81102000
45.00197623,7.87401500
45.00298103,11.81102000
45.00398583,11.81102000
45.00499063,7.87401500
45.00599543,11.81102000
45.00700023,11.81102000
45.00800503,11.81102000
45.00900983,11.81102000
45.01001463,11.81102000
45.01101943,11.81102000
45.01202423,7.87401500
45.01302903,3.93700800
45.01403383,3.93700800
45.01503863,0.00000000
45.01604343,7.87401500
45.01704823,11.81102000
45.01805303,11.81102000
45.01905783,11.81102000
45.02006263,11.81102000
45.02106743,15.74803000
45.02207223,11.81102000
45.02307703,11.81102000
45.02408183,15.74803000
45.02508663,11.81102000
45.02609143,11.81102000
45.02709623,15.74803000
45.02810103,7.87401500
45.02910583,11.81102000
45.03011063,0.00000000
45.03111543,11.81102000
45.03212023,7.87401500
45.03312503,31.49606000
45.03412983,11.81102000
45.03513463,11.81102000
45.03613943,11.81102000
45.03714423,11.81102000
45.03814903,11.81102000
45.03915383,7.87401500
45.04015863,3.93700800
45.04116343,3.93700800
45.04216823,7.87401500
45.04317303,11.81102000
45.04417783,15.74803000
45.04518263,11.81102000
45.04618743,15.74803000
45.04719223,3.93700800
45.04819703,7.87401500
45.04920183,15.74803000
45.05020663,15.74803000
45.05121143,11.81102000
45.05221623,11.81102000
45.05322103,11.81102000
45.05422583,7.87401500
45.05523063,11.81102000
45.05623543,11.81102000
45.05724023,11.81102000
45.05824503,11.81102000
45.05924983,15.74803000
45.06025463,7.87401500
45.06125943,15.74803000
45.06226423,11.81102000
45.06326903,3.93700800
45.06427383,0.00000000
45.06527863,0.00000000
45.06628343,3.93700800
45.06728823,11.81102000
45.06829303,7.87401500
45.06929783,7.87401500
45.07030263,11.81102000
45.07130743,15.74803000
45.07231223,7.87401500
45.07331703,11.81102000
45.07432183,11.81102000
45.07532663,11.81102000
45.07633143,7.87401500
45.07733623,11.81102000
45.07834103,11.81102000
45.07934583,7.87401500
45.08035063,7.87401500
45.08135543,11.81102000
45.08236023,11.81102000
45.08336503,11.81102000
45.08436983,7.87401500
45.08537463,15.74803000
45.08637943,7.87401500
45.08738423,11.81102000
45.08838903,11.81102000
45.08939383,7.87401500
45.09039863,7.87401500
45.09140343,11.81102000
45.09240823,11.81102000
45.09341303,7.87401500
45.09441783,11.81102000
45.09542263,7.87401500
45.09642743,7.87401500
45.09743223,3.93700800
45.09843703,11.81102000
45.09944183,11.81102000
45.10044663,15.74803000
45.10145143,15.74803000
45.10245623,11.81102000
45.10346103,7.87401500
45.10446583,11.81102000
45.10547063,11.81102000
45.10647543,11.81102000
45.10748023,11.81102000
45.10848503,11.81102000
45.10948983,11.81102000
45.11049463,11.81102000
45.11149943,11.81102000
45.11250423,7.87401500
45.11350903,11.81102000
45.11451383,11.81102000
45.11551863,15.74803000
45.11652343,7.87401500
45.11752823,7.87401500
45.11853303,11.81102000
45.11953783,11.81102000
45.12054263,19.68504000
45.12154743,7.87401500
45.12255223,3.93700800
45.12355703,7.87401500
45.12456183,7.87401500
45.12556663,11.81102000
45.12657143,7.87401500
45.12757623,-3.93700800
45.12858103,7.87401500
45.12958583,11.81102000
45.13059063,15.74803000
45.13159543,11.81102000
45.13260023,11.81102000
45.13360503,11.81102000
45.13460983,11.81102000
45.13561463,15.74803000
45.13661943,11.81102000
45.13762423,11.81102000
45.13862903,7.87401500
45.13963383,11.81102000
45.14063863,11.81102000
45.14164343,11.81102000
45.14264823,11.81102000
45.14365303,11.81102000
45.14465783,7.87401500
45.14566263,7.87401500
45.14666743,11.81102000
45.14767223,15.74803000
45.14867703,11.81102000
45.14968183,7.87401500
45.15068663,7.87401500
45.15169143,3.93700800
45.15269623,11.81102000
45.15370103,3.93700800
45.15470583,7.87401500
45.15571063,7.87401500
45.15671543,7.87401500
45.15772023,7.87401500
45.15872503,7.87401500
45.15972983,7.87401500
45.16073463,11.81102000
45.16173943,11.81102000
45.16274423,7.87401500
45.16374903,15.74803000
45.16475383,15.74803000
45.16575863,11.81102000
45.16676343,7.87401500
45.16776823,7.87401500
45.16877303,7.87401500
45.16977783,11.81102000
45.17078263,11.81102000
45.17178743,11.81102000
45.17279223,11.81102000
45.17379703,7.87401500
45.17480183,11.81102000
45.17580663,11.81102000
45.17681143,7.87401500
45.17781623,7.87401500
45.17882103,3.93700800
45.17982583,7.87401500
45.18083063,3.93700800
45.18183543,3.93700800
45.18284023,3.93700800
45.18384503,15.74803000
45.18484983,7.87401500
45.18585463,11.81102000
45.18685943,11.81102000
45.18786423,7.87401500
45.18886903,11.81102000
45.18987383,11.81102000
45.19087863,11.81102000
45.19188343,11.81102000
45.19288823,7.87401500
45.19389303,0.00000000
45.19489783,7.87401500
45.19590263,15.74803000
45.19690743,11.81102000
45.19791223,11.81102000
45.19891703,11.81102000
45.19992183,11.81102000
45.20092663,11.81102000
45.20193143,11.81102000
45.20293623,7.87401500
45.20394103,11.81102000
45.20494583,7.87401500
45.20595063,11.81102000
45.20695543,7.87401500
45.20796023,11.81102000
45.20896503,7.87401500
45.20996983,3.93700800
45.21097463,7.87401500
45.21197943,7.87401500
45.21298423,11.81102000
45.21398903,11.81102000
45.21499383,7.87401500
45.21599863,11.81102000
45.21700343,7.87401500
45.21800823,11.81102000
45.21901303,7.87401500
45.22001783,11.81102000
45.22102263,7.87401500
45.22202743,11.81102000
45.22303223,7.87401500
45.22403703,15.74803000
45.22504183,3.93700800
45.22604662,11.81102000
45.22705142,7.87401500
45.22805622,11.81102000
45.22906102,11.81102000
45.23006582,11.81102000
45.23107062,11.81102000
45.23207542,7.87401500
45.23308022,7.87401500
45.23408502,11.81102000
45.23508982,15.74803000
45.23609462,3.93700800
45.23709942,3.93700800
45.23810422,11.81102000
45.23910902,15.74803000
45.24011382,11.81102000
45.24111862,7.87401500
45.24212342,3.93700800
45.24312822,7.87401500
45.24413302,15.74803000
45.24513782,15.74803000
45.24614262,15.74803000
45.24714742,11.81102000
45.24815222,15.74803000
45.24915702,11.81102000
45.25016182,11.81102000
45.25116662,11.81102000
45.25217142,15.74803000
45.25317622,11.81102000
45.25418102,15.74803000
45.25518582,11.81102000
45.25619062,11.81102000
45.25719542,11.81102000
45.25820022,3.93700800
45.25920502,11.81102000
45.26020982,7.87401500
45.26121462,7.87401500
45.26221942,7.87401500
45.26322422,3.93700800
45.26422902,7.87401500
45.26523382,7.87401500
45.26623862,7.87401500
45.26724342,11.81102000
45.26824822,7.87401500
45.26925302,7.87401500
45.27025782,11.81102000
45.27126262,11.81102000
45.27226742,11.81102000
45.27327222,11.81102000
45.27427702,3.93700800
45.27528182,7.87401500
45.27628662,11.81102000
45.27729142,15.74803000
45.27829622,11.81102000
45.27930102,11.81102000
45.28030582,7.87401500
45.28131062,7.87401500
45.28231542,7.87401500
45.28332022,15.74803000
45.28432502,11.81102000
45.28532982,7.87401500
45.28633462,11.81102000
45.28733942,11.81102000
45.28834422,7.87401500
45.28934902,11.81102000
45.29035382,3.93700800
45.29135862,3.93700800
45.29236342,3.93700800
45.29336822,3.93700800
45.29437302,7.87401500
45.29537782,7.87401500
45.29638262,3.93700800
45.29738742,3.93700800
45.29839222,11.81102000
45.29939702,15.74803000
45.30040182,7.87401500
45.30140662,7.87401500
45.30241142,11.81102000
45.30341622,7.87401500
45.30442102,11.81102000
45.30542582,11.81102000
45.30643062,7.87401500
45.30743542,7.87401500
45.30844022,3.93700800
45.30944502,11.81102000
45.31044982,15.74803000
45.31145462,7.87401500
45.31245942,15.74803000
45.31346422,7.87401500
45.31446902,11.81102000
45.31547382,11.81102000
45.31647862,7.87401500
45.31748342,15.74803000
45.31848822,11.81102000
45.31949302,7.87401500
45.32049782,11.81102000
45.32150262,7.87401500
45.32250742,15.74803000
45.32351222,7.87401500
45.32451702,3.93700800
45.32552182,15.74803000
45.32652662,7.87401500
45.32753142,11.81102000
45.32853622,11.81102000
45.32954102,11.81102000
45.33054582,19.68504000
45.33155062,15.74803000
45.33255542,11.81102000
45.33356022,11.81102000
45.33456502,11.81102000
45.33556982,11.81102000
45.33657462,15.74803000
45.33757942,15.74803000
45.33858422,3.93700800
45.33958902,11.81102000
45.34059382,7.87401500
45.34159862,11.81102000
45.34260342,11.81102000
45.34360822,15.74803000
45.34461302,7.87401500
45.34561782,7.87401500
45.34662262,11.81102000
45.34762742,15.74803000
45.34863222,7.87401500
45.34963702,7.87401500
45.35064182,7.87401500
45.35164662,7.87401500
45.35265142,0.00000000
45.35365622,7.87401500
45.35466102,7.87401500
45.35566582,0.00000000
45.35667062,3.93700800
45.35767542,7.87401500
45.35868022,11.81102000
45.35968502,15.74803000
45.36068982,11.81102000
45.36169462,11.81102000
45.36269942,11.81102000
45.36370422,11.81102000
45.36470902,11.81102000
45.36571382,7.87401500
45.36671862,15.74803000
45.36772342,11.81102000
45.36872822,7.87401500
45.36973302,7.87401500
45.37073782,11.81102000
45.37174262,7.87401500
45.37274742,11.81102000
45.37375222,7.87401500
45.37475702,15.74803000
45.37576182,11.81102000
45.37676662,7.87401500
45.37777142,11.81102000
45.37877622,11.81102000
45.37978102,11.81102000
45.38078582,7.87401500
45.38179062,11.81102000
45.38279542,7.87401500
45.38380022,7.87401500
45.38480502,7.87401500
45.38580982,7.87401500
45.38681462,7.87401500
45.38781942,7.87401500
45.38882422,7.87401500
45.38982902,11.81102000
45.39083382,11.81102000
45.39183862,7.87401500
45.39284342,11.81102000
45.39384822,11.81102000
45.39485302,15.74803000
45.39585782,11.81102000
45.39686262,11.81102000
45.39786742,7.87401500
45.39887222,11.81102000
45.39987702,11.81102000
45.40088182,11.81102000
45.40188662,11.81102000
45.40289142,7.87401500
45.40389622,11.81102000
45.40490102,3.93700800
45.40590582,7.87401500
45.40691062,7.87401500
45.40791542,15.74803000
45.40892022,11.81102000
45.40992502,7.87401500
45.41092982,7.87401500
45.41193462,3.93700800
45.41293942,7.87401500
45.41394422,7.87401500
45.41494902,7.87401500
45.41595382,7.87401500
45.41695862,15.74803000
45.41796342,11.81102000
45.41896822,7.87401500
45.41997302,7.87401500
45.42097782,7.87401500
45.42198262,11.81102000
45.42298742,7.87401500
45.42399222,11.81102000
45.42499702,11.81102000
45.42600182,11.81102000
45.42700662,7.87401500
45.42801142,11.81102000
45.42901622,11.81102000
45.43002102,15.74803000
45.43102582,15.74803000
45.43203062,7.87401500
45.43303542,7.87401500
45.43404022,15.74803000
45.43504502,11.81102000
45.43604982,0.00000000
45.43705462,3.93700800
45.43805942,3.93700800
45.43906422,23.62205000
45.44006902,11.81102000
45.44107382,7.87401500
45.44207862,11.81102000
45.44308342,11.81102000
45.44408822,7.87401500
45.44509302,11.81102000
45.44609782,11.81102000
45.44710262,11.81102000
45.44810742,11.81102000
45.44911222,7.87401500
45.45011702,11.81102000
45.45112182,7.87401500
45.45212662,11.81102000
45.45313142,7.87401500
45.45413622,7.87401500
45.45514102,3.93700800
45.45614582,11.81102000
45.45715062,11.81102000
45.45815542,11.81102000
45.45916022,7.87401500
45.46016502,7.87401500
45.46116982,7.87401500
45.46217462,7.87401500
45.46317942,11.81102000
45.46418422,7.87401500
45.46518902,3.93700800
45.46619382,3.93700800
45.46719862,7.87401500
45.46820342,3.93700800
45.46920822,0.00000000
45.47021302,3.93700800
45.47121782,3.93700800
45.47222262,11.81102000
45.47322742,11.81102000
45.47423222,11.81102000
45.47523702,11.81102000
45.47624182,11.81102000
45.47724662,11.81102000
45.47825142,11.81102000
45.47925622,15.74803000
45.48026102,11.81102000
45.48126582,11.81102000
45.48227062,11.81102000
45.48327542,15.74803000
45.48428022,11.81102000
45.48528502,3.93700800
45.48628982,7.87401500
45.48729462,7.87401500
45.48829942,15.74803000
45.48930422,15.74803000
45.49030902,11.81102000
45.49131382,11.81102000
45.49231862,11.81102000
45.49332342,7.87401500
45.49432822,11.81102000
45.49533302,7.87401500
45.49633782,7.87401500
45.49734262,7.87401500
45.49834742,7.87401500
45.49935222,7.87401500
45.50035702,11.81102000
45.50136182,11.81102000
45.50236662,11.81102000
45.50337142,3.93700800
45.50437622,11.81102000
45.50538102,15.74803000
45.50638582,7.87401500
45.50739062,11.81102000
45.50839542,11.81102000
45.50940022,7.87401500
45.51040502,11.81102000
45.51140982,7.87401500
45.51241462,15.74803000
45.51341942,7.87401500
45.51442422,11.81102000
45.51542902,11.81102000
45.51643382,11.81102000
45.51743862,11.81102000
45.51844342,11.81102000
45.51944822,11.81102000
45.52045302,11.81102000
45.52145782,11.81102000
45.52246262,7.87401500
45.52346742,15.74803000
45.52447222,7.87401500
45.52547702,7.87401500
45.52648182,7.87401500
45.52748662,7.87401500
45.52849142,7.87401500
45.52949622,7.87401500
45.53050102,11.81102000
45.53150582,11.81102000
45.53251062,11.81102000
45.53351542,-3.93700800
45.53452022,3.93700800
45.53552502,7.87401500
45.53652982,19.68504000
45.53753462,7.87401500
45.53853942,7.87401500
45.53954422,11.81102000
45.54054902,7.87401500
45.54155382,11.81102000
45.54255862,11.81102000
45.54356342,7.87401500
45.54456822,11.81102000
45.54557302,11.81102000
45.54657782,11.81102000
45.54758262,11.81102000
45.54858742,11.81102000
45.54959222,11.81102000
45.55059702,3.93700800
45.55160182,7.87401500
45.55260662,3.93700800
45.55361142,11.81102000
45.55461621,7.87401500
45.55562101,11.81102000
45.55662581,3.93700800
45.55763061,7.87401500
45.55863541,11.81102000
45.55964021,7.87401500
45.56064501,7.87401500
45.56164981,11.81102000
45.56265461,11.81102000
45.56365941,11.81102000
45.56466421,7.87401500
45.56566901,15.74803000
45.56667381,11.81102000
45.56767861,7.87401500
45.56868341,7.87401500
45.56968821,7.87401500
45.57069301,15.74803000
45.57169781,15.74803000
45.57270261,7.87401500
45.57370741,11.81102000
45.57471221,15.74803000
45.57571701,7.87401500
45.57672181,7.87401500
45.57772661,7.87401500
45.57873141,11.81102000
45.57973621,7.87401500
45.58074101,7.87401500
45.58174581,15.74803000
45.58275061,7.87401500
45.58375541,7.87401500
45.58476021,7.87401500
45.58576501,3.93700800
45.58676981,7.87401500
45.58777461,7.87401500
45.58877941,3.93700800
45.58978421,3.93700800
45.59078901,7.87401500
45.59179381,7.87401500
45.59279861,15.74803000
45.59380341,15.74803000
45.59480821,15.74803000
45.59581301,15.74803000
45.59681781,11.81102000
45.59782261,7.87401500
45.59882741,11.81102000
45.59983221,3.93700800
45.60083701,7.87401500
45.60184181,11.81102000
45.60284661,11.81102000
45.60385141,11.81102000
45.60485621,11.81102000
45.60586101,15.74803000
45.60686581,11.81102000
45.60787061,11.81102000
45.60887541,11.81102000
45.60988021,11.81102000
45.61088501,7.87401500
45.61188981,11.81102000
45.61289461,0.00000000
45.61389941,3.93700800
45.61490421,-7.87401500
45.61590901,-3.93700800
45.61691381,-7.87401500
45.61791861,-11.81102000
45.61892341,-7.87401500
45.61992821,-7.87401500
45.62093301,-11.81102000
45.62193781,-15.74803000
45.62294261,-15.74803000
45.62394741,-19.68504000
45.62495221,-19.68504000
45.62595701,-23.62205000
45.62696181,-23.62205000
45.62796661,-23.62205000
45.62897141,-27.55905000
45.62997621,-23.62205000
45.63098101,-35.43307000
45.63198581,-31.49606000
45.63299061,-31.49606000
45.63399541,-31.49606000
45.63500021,-31.49606000
45.63600501,-31.49606000
45.63700981,-31.49606000
45.63801461,-31.49606000
45.63901941,-31.49606000
45.64002421,-27.55905000
45.64102901,-31.49606000
45.64203381,-31.49606000
45.64303861,-27.55905000
45.64404341,-31.49606000
45.64504821,-35.43307000
45.64605301,-27.55905000
45.64705781,-31.49606000
45.64806261,-31.49606000
45.64906741,-31.49606000
45.65007221,-19.68504000
45.65107701,-27.55905000
45.65208181,-23.62205000
45.65308661,-23.62205000
45.65409141,-23.62205000
45.65509621,-19.68504000
45.65610101,-19.68504000
45.65710581,-27.55905000
45.65811061,-27.55905000
45.65911541,-23.62205000
45.66012021,-19.68504000
45.66112501,-19.68504000
45.66212981,-23.62205000
45.66313461,-27.55905000
45.66413941,-31.49606000
45.66514421,-31.49606000
45.66614901,-35.43307000
45.66715381,-27.55905000
45.66815861,-27.55905000
45.66916341,-31.49606000
45.67016821,-35.43307000
45.67117301,-35.43307000
45.67217781,-39.37008000
45.67318261,-35.43307000
45.67418741,-43.30709000
45.67519221,-47.24409000
45.67619701,-43.30709000
45.67720181,-43.30709000
45.67820661,-43.30709000
45.67921141,-43.30709000
45.68021621,-47.24409000
45.68122101,-47.24409000
45.68222581,-47.24409000
45.68323061,-39.37008000
45.68423541,-39.37008000
45.68524021,-43.30709000
45.68624501,-43.30709000
45.68724981,-43.30709000
45.68825461,-47.24409000
45.68925941,-43.30709000
45.69026421,-39.37008000
45.69126901,-47.24409000
45.69227381,-47.24409000
45.69327861,-39.37008000
45.69428341,-47.24409000
45.69528821,-47.24409000
45.69629301,-43.30709000
45.69729781,-47.24409000
45.69830261,-51.18110000
45.69930741,-39.37008000
45.70031221,-47.24409000
45.70131701,-47.24409000
45.70232181,-47.24409000
45.70332661,-43.30709000
45.70433141,-47.24409000
45.70533621,-47.24409000
45.70634101,-47.24409000
45.70734581,-47.24409000
45.70835061,-47.24409000
45.70935541,-47.24409000
45.71036021,-47.24409000
45.71136501,-43.30709000
45.71236981,-39.37008000
45.71337461,-47.24409000
45.71437941,-47.24409000
45.71538421,-43.30709000
45.71638901,-47.24409000
45.71739381,-47.24409000
45.71839861,-51.18110000
45.71940341,-51.18110000
45.72040821,-47.24409000
45.72141301,-51.18110000
45.72241781,-51.18110000
45.72342261,-55.11811000
45.72442741,-51.18110000
45.72543221,-55.11811000
45.72643701,-55.11811000
45.72744181,-55.11811000
45.72844661,-59.05511000
45.72945141,-59.05511000
45.73045621,-62.99212000
45.73146101,-59.05511000
45.73246581,-66.92913000
45.73347061,-62.99212000
45.73447541,-62.99212000
45.73548021,-62.99212000
45.73648501,-59.05511000
45.73748981,-62.99212000
45.73849461,-59.05511000
45.73949941,-62.99212000
45.74050421,-59.05511000
45.74150901,-62.99212000
45.74251381,-51.18110000
45.74351861,-59.05511000
45.74452341,-59.05511000
45.74552821,-66.92913000
45.74653301,-62.99212000
45.74753781,-62.99212000
45.74854261,-55.11811000
45.74954741,-62.99212000
45.75055221,-59.05511000
45.75155701,-59.05511000
45.75256181,-62.99212000
45.75356661,-62.99212000
45.75457141,-55.11811000
45.75557621,-62.99212000
45.75658101,-59.05511000
45.75758581,-70.86613000
45.75859061,-62.99212000
45.75959541,-62.99212000
45.76060021,-70.86613000
45.76160501,-74.80315000
45.76260981,-70.86613000
45.76361461,-66.92913000
45.76461941,-62.99212000
45.76562421,-66.92913000
45.76662901,-66.92913000
45.76763381,-62.99212000
45.76863861,-66.92913000
45.76964341,-62.99212000
45.77064821,-62.99212000
45.77165301,-66.92913000
45.77265781,-66.92913000
45.77366261,-66.92913000
45.77466741,-70.86613000
45.77567221,-66.92913000
45.77667701,-62.99212000
45.77768181,-70.86613000
45.77868661,-74.80315000
45.77969141,-66.92913000
45.78069621,-66.92913000
45.78170101,-70.86613000
45.78270581,-66.92913000
45.78371061,-66.92913000
45.78471541,-70.86613000
45.78572021,-70.86613000
45.78672501,-70.86613000
45.78772981,-70.86613000
45.78873461,-78.74015000
45.78973941,-74.80315000
45.79074421,-74.80315000
45.79174901,-70.86613000
45.79275381,-78.74015000
45.79375861,-74.80315000
45.79476341,-74.80315000
45.79576821,-74.80315000
45.79677301,-66.92913000
45.79777781,-74.80315000
45.79878261,-74.80315000
45.79978741,-70.86613000
45.80079221,-70.86613000
45.80179701,-70.86613000
45.80280181,-74.80315000
45.80380661,-74.80315000
45.80481141,-74.80315000
45.80581621,-74.80315000
45.80682101,-78.74015000
45.80782581,-70.86613000
45.80883061,-74.80315000
45.80983541,-74.80315000
45.81084021,-78.74015000
45.81184501,-78.74015000
45.81284981,-74.80315000
45.81385461,-78.74015000
45.81485941,-74.80315000
45.81586421,-78.74015000
45.81686901,-82.67715000
45.81787381,-78.74015000
45.81887861,-78.74015000
45.81988341,-82.67715000
45.82088821,-82.67715000
45.82189301,-86.61417000
45.82289781,-82.67715000
45.82390261,-82.67715000
45.82490741,-78.74015000
45.82591221,-82.67715000
45.82691701,-82.67715000
45.82792181,-82.67715000
45.82892661,-74.80315000
45.82993141,-82.67715000
45.83093621,-74.80315000
45.83194101,-78.74015000
45.83294581,-78.74015000
45.83395061,-78.74015000
45.83495541,-78.74015000
45.83596021,-78.74015000
45.83696501,-78.74015000
45.83796981,-78.74015000
45.83897461,-78.74015000
45.83997941,-82.67715000
45.84098421,-78.74015000
45.84198901,-90.55118000
45.84299381,-82.67715000
45.84399861,-86.61417000
45.84500341,-70.86613000
45.84600821,-82.67715000
45.84701301,-82.67715000
45.84801781,-82.67715000
45.84902261,-86.61417000
45.85002741,-86.61417000
45.85103221,-86.61417000
45.85203701,-86.61417000
45.85304181,-82.67715000
45.85404661,-82.67715000
45.85505141,-86.61417000
45.85605621,-90.55118000
45.85706101,-90.55118000
45.85806581,-90.55118000
45.85907061,-90.55118000
45.86007541,-94.48818000
45.86108021,-90.55118000
45.86208501,-98.42519000
45.86308981,-82.67715000
45.86409461,-86.61417000
45.86509941,-90.55118000
45.86610421,-90.55118000
45.86710901,-86.61417000
45.86811381,-90.55118000
45.86911861,-90.55118000
45.87012341,-86.61417000
45.87112821,-86.61417000
45.87213301,-86.61417000
45.87313781,-90.55118000
45.87414261,-86.61417000
45.87514741,-98.42519000
45.87615221,-90.55118000
45.87715701,-94.48818000
45.87816181,-90.55118000
45.87916661,-90.55118000
45.88017141,-90.55118000
45.88117621,-90.55118000
45.88218101,-90.55118000
45.88318580,-90.55118000
45.88419060,-94.48818000
45.88519540,-86.61417000
45.88620020,-94.48818000
45.88720500,-94.48818000
45.88820980,-90.55118000
45.88921460,-98.42519000
45.89021940,-98.42519000
45.89122420,-102.36220000
45.89222900,-98.42519000
45.89323380,-98.42519000
45.89423860,-94.48818000
45.89524340,-98.42519000
45.89624820,-90.55118000
45.89725300,-90.55118000
45.89825780,-90.55118000
45.89926260,-86.61417000
45.90026740,-94.48818000
45.90127220,-90.55118000
45.90227700,-90.55118000
45.90328180,-98.42519000
45.90428660,-90.55118000
45.90529140,-98.42519000
45.90629620,-94.48818000
45.90730100,-102.36220000
45.90830580,-98.42519000
45.90931060,-98.42519000
45.91031540,-94.48818000
45.91132020,-94.48818000
45.91232500,-94.48818000
45.91332980,-90.55118000
45.91433460,-94.48818000
45.91533940,-98.42519000
45.91634420,-98.42519000
45.91734900,-94.48818000
45.91835380,-98.42519000
45.91935860,-106.29920000
45.92036340,-98.42519000
45.92136820,-94.48818000
45.92237300,-102.36220000
45.92337780,-98.42519000
45.92438260,-98.42519000
45.92538740,-102.36220000
45.92639220,-98.42519000
45.92739700,-94.48818000
45.92840180,-102.36220000
45.92940660,-98.42519000
45.93041140,-102.36220000
45.93141620,-102.36220000
45.93242100,-98.42519000
45.93342580,-98.42519000
45.93443060,-94.48818000
45.93543540,-98.42519000
45.93644020,-102.36220000
45.93744500,-106.29920000
45.93844980,-106.29920000
45.93945460,-110.23620000
45.94045940,-110.23620000
45.94146420,-106.29920000
45.94246900,-86.61417000
45.94347380,-102.36220000
45.94447860,-110.23620000
45.94548340,-106.29920000
45.94648820,-106.29920000
45.94749300,-106.29920000
45.94849780,-102.36220000
45.94950260,-102.36220000
45.95050740,-118.11020000
45.95151220,-110.23620000
45.95251700,-114.17320000
45.95352180,-110.23620000
45.95452660,-110.23620000
45.95553140,-106.29920000
45.95653620,-106.29920000
45.95754100,-110.23620000
45.95854580,-106.29920000
45.95955060,-102.36220000
45.96055540,-102.36220000
45.96156020,-106.29920000
45.96256500,-106.29920000
45.96356980,-106.29920000
45.96457460,-106.29920000
45.96557940,-106.29920000
45.96658420,-110.23620000
45.96758900,-110.23620000
45.96859380,-106.29920000
45.96959860,-110.23620000
45.97060340,-110.23620000
45.97160820,-110.23620000
45.97261300,-110.23620000
45.97361780,-110.23620000
45.97462260,-114.17320000
45.97562740,-114.17320000
45.97663220,-114.17320000
45.97763700,-110.23620000
45.97864180,-114.17320000
45.97964660,-114.17320000
45.98065140,-110.23620000
45.98165620,-118.11020000
45.98266100,-114.17320000
45.98366580,-110.23620000
45.98467060,-122.04720000
45.98567540,-118.11020000
45.98668020,-110.23620000
45.98768500,-118.11020000
45.98868980,-118.11020000
45.98969460,-114.17320000
45.99069940,-118.11020000
45.99170420,-114.17320000
45.99270900,-106.29920000
45.99371380,-114.17320000
45.99471860,-118.11020000
45.99572340,-118.11020000
45.99672820,-114.17320000
45.99773300,-114.17320000
45.99873780,-114.17320000
45.99974260,-122.04720000
46.00074740,-118.11020000
46.00175220,-118.11020000
46.00275700,-114.17320000
46.00376180,-118.11020000
46.00476660,-118.11020000
46.00577140,-114.17320000
46.00677620,-122.04720000
46.00778100,-114.17320000
46.00878580,-118.11020000
46.00979060,-122.04720000
46.01079540,-118.11020000
46.01180020,-122.04720000
46.01280500,-122.04720000
46.01380980,-114.17320000
46.01481460,-118.11020000
46.01581940,-122.04720000
46.01682420,-118.11020000
46.01782900,-129.92120000
46.01883380,-125.98420000
46.01983860,-122.04720000
46.02084340,-122.04720000
46.02184820,-122.04720000
46.02285300,-125.98420000
46.02385780,-122.04720000
46.02486260,-122.04720000
46.02586740,-118.11020000
46.02687220,-114.17320000
46.02787700,-118.11020000
46.02888180,-122.04720000
46.02988660,-118.11020000
46.03089140,-118.11020000
46.03189620,-118.11020000
46.03290100,-118.11020000
46.03390580,-118.11020000
46.03491060,-118.11020000
46.03591540,-114.17320000
46.03692020,-133.85830000
46.03792500,-122.04720000
46.03892980,-122.04720000
46.03993460,-110.23620000
46.04093940,-118.11020000
46.04194420,-125.98420000
46.04294900,-122.04720000
46.04395380,-122.04720000
46.04495860,-125.98420000
46.04596340,-125.98420000
46.04696820,-125.98420000
46.04797300,-125.98420000
46.04897780,-125.98420000
46.04998260,-122.04720000
46.05098740,-125.98420000
46.05199220,-122.04720000
46.05299700,-122.04720000
46.05400180,-122.04720000
46.05500660,-129.92120000
46.05601140,-125.98420000
46.05701620,-122.04720000
46.05802100,-125.98420000
46.05902580,-125.98420000
46.06003060,-118.11020000
46.06103540,-122.04720000
46.06204020,-125.98420000
46.06304500,-122.04720000
46.06404980,-122.04720000
46.06505460,-122.04720000
46.06605940,-122.04720000
46.06706420,-118.11020000
46.06806900,-125.98420000
46.06907380,-118.11020000
46.07007860,-133.85830000
46.07108340,-122.04720000
46.07208820,-125.98420000
46.07309300,-125.98420000
46.07409780,-133.85830000
46.07510260,-122.04720000
46.07610740,-129.92120000
46.07711220,-129.92120000
46.07811700,-125.98420000
46.07912180,-129.92120000
46.08012660,-129.92120000
46.08113140,-129.92120000
46.08213620,-129.92120000
46.08314100,-129.92120000
46.08414580,-129.92120000
46.08515060,-129.92120000
46.08615540,-137.79530000
46.08716020,-137.79530000
46.08816500,-137.79530000
46.08916980,-133.85830000
46.09017460,-141.73230000
46.09117940,-133.85830000
46.09218420,-137.79530000
46.09318900,-137.79530000
46.09419380,-137.79530000
46.09519860,-137.79530000
46.09620340,-145.66930000
46.09720820,-137.79530000
46.09821300,-141.73230000
46.09921780,-137.79530000
46.10022260,-137.79530000
46.10122740,-133.85830000
46.10223220,-141.73230000
46.10323700,-141.73230000
46.10424180,-137.79530000
46.10524660,-137.79530000
46.10625140,-137.79530000
46.10725620,-141.73230000
46.10826100,-149.60630000
46.10926580,-137.79530000
46.11027060,-141.73230000
46.11127540,-137.79530000
46.11228020,-141.73230000
46.11328500,-133.85830000
46.11428980,-133.85830000
46.11529460,-133.85830000
46.11629940,-129.92120000
46.11730420,-133.85830000
46.11830900,-137.79530000
46.11931380,-141.73230000
46.12031860,-133.85830000
46.12132340,-141.73230000
46.12232820,-137.79530000
46.12333300,-133.85830000
46.12433780,-137.79530000
46.12534260,-137.79530000
46.12634740,-141.73230000
46.12735220,-137.79530000
46.12835700,-141.73230000
46.12936180,-137.79530000
46.13036660,-141.73230000
46.13137140,-141.73230000
46.13237620,-141.73230000
46.13338100,-141.73230000
46.13438580,-149.60630000
46.13539060,-145.66930000
46.13639540,-145.66930000
46.13740020,-141.73230000
46.13840500,-141.73230000
46.13940980,-145.66930000
46.14041460,-145.66930000
46.14141940,-141.73230000
46.14242420,-145.66930000
46.14342900,-149.60630000
46.14443380,-145.66930000
46.14543860,-141.73230000
46.14644340,-149.60630000
46.14744820,-149.60630000
46.14845300,-145.66930000
46.14945780,-145.66930000
46.15046260,-145.66930000
46.15146740,-145.66930000
46.15247220,-137.79530000
46.15347700,-141.73230000
46.15448180,-141.73230000
46.15548660,-141.73230000
46.15649140,-137.79530000
46.15749620,-137.79530000
46.15850100,-137.79530000
46.15950580,-141.73230000
46.16051060,-137.79530000
46.16151540,-141.73230000
46.16252020,-137.79530000
46.16352500,-137.79530000
46.16452980,-141.73230000
46.16553460,-133.85830000
46.16653940,-137.79530000
46.16754420,-141.73230000
46.16854900,-141.73230000
46.16955380,-141.73230000
46.17055860,-141.73230000
46.17156340,-137.79530000
46.17256820,-141.73230000
46.17357300,-145.66930000
46.17457780,-137.79530000
46.17558260,-141.73230000
46.17658740,-137.79530000
46.17759220,-141.73230000
46.17859700,-145.66930000
46.17960180,-149.60630000
46.18060660,-149.60630000
46.18161140,-149.60630000
46.18261620,-149.60630000
46.18362100,-153.54330000
46.18462580,-149.60630000
46.18563060,-149.60630000
46.18663540,-145.66930000
46.18764020,-145.66930000
46.18864500,-149.60630000
46.18964980,-145.66930000
46.19065460,-145.66930000
46.19165940,-145.66930000
46.19266420,-145.66930000
46.19366900,-145.66930000
46.19467380,-145.66930000
46.19567860,-149.60630000
46.19668340,-149.60630000
46.19768820,-145.66930000
46.19869300,-145.66930000
46.19969780,-149.60630000
46.20070260,-153.54330000
46.20170740,-153.54330000
46.20271220,-149.60630000
46.20371700,-141.73230000
46.20472180,-145.66930000
46.20572660,-145.66930000
46.20673140,-145.66930000
46.20773620,-141.73230000
46.20874100,-149.60630000
46.20974580,-145.66930000
46.21075060,-153.54330000
46.21175540,-153.54330000
46.21276019,-149.60630000
46.21376499,-149.60630000
46.21476979,-141.73230000
46.21577459,-145.66930000
46.21677939,-153.54330000
46.21778419,-145.66930000
46.21878899,-145.66930000
46.21979379,-145.66930000
46.22079859,-149.60630000
46.22180339,-149.60630000
46.22280819,-145.66930000
46.22381299,-153.54330000
46.22481779,-149.60630000
46.22582259,-149.60630000
46.22682739,-149.60630000
46.22783219,-145.66930000
46.22883699,-145.66930000
46.22984179,-149.60630000
46.23084659,-153.54330000
46.23185139,-153.54330000
46.23285619,-157.48030000
46.23386099,-149.60630000
46.23486579,-145.66930000
46.23587059,-153.54330000
46.23687539,-157.48030000
46.23788019,-153.54330000
46.23888499,-153.54330000
46.23988979,-145.66930000
46.24089459,-157.48030000
46.24189939,-157.48030000
46.24290419,-153.54330000
46.24390899,-169.29130000
46.24491379,-157.48030000
46.24591859,-157.48030000
46.24692339,-153.54330000
46.24792819,-157.48030000
46.24893299,-161.41730000
46.24993779,-157.48030000
46.25094259,-153.54330000
46.25194739,-149.60630000
46.25295219,-153.54330000
46.25395699,-157.48030000
46.25496179,-157.48030000
46.25596659,-153.54330000
46.25697139,-157.48030000
46.25797619,-157.48030000
46.25898099,-149.60630000
46.25998579,-161.41730000
46.26099059,-157.48030000
46.26199539,-153.54330000
46.26300019,-161.41730000
46.26400499,-157.48030000
46.26500979,-161.41730000
46.26601459,-161.41730000
46.26701939,-157.48030000
46.26802419,-149.60630000
46.26902899,-157.48030000
46.27003379,-157.48030000
46.27103859,-157.48030000
46.27204339,-157.48030000
46.27304819,-157.48030000
46.27405299,-153.54330000
46.27505779,-157.48030000
46.27606259,-161.41730000
46.27706739,-169.29130000
46.27807219,-157.48030000
46.27907699,-161.41730000
46.28008179,-157.48030000
46.28108659,-161.41730000
46.28209139,-161.41730000
46.28309619,-161.41730000
46.28410099,-157.48030000
46.28510579,-157.48030000
46.28611059,-157.48030000
46.28711539,-157.48030000
46.28812019,-157.48030000
46.28912499,-157.48030000
46.29012979,-161.41730000
46.29113459,-157.48030000
46.29213939,-161.41730000
46.29314419,-157.48030000
46.29414899,-157.48030000
46.29515379,-157.48030000
46.29615859,-157.48030000
46.29716339,-157.48030000
46.29816819,-161.41730000
46.29917299,-157.48030000
46.30017779,-157.48030000
46.30118259,-161.41730000
46.30218739,-161.41730000
46.30319219,-157.48030000
46.30419699,-157.48030000
46.30520179,-153.54330000
46.30620659,-153.54330000
46.30721139,-157.48030000
46.30821619,-157.48030000
46.30922099,-153.54330000
46.31022579,-153.54330000
46.31123059,-165.35430000
46.31223539,-153.54330000
46.31324019,-161.41730000
46.31424499,-165.35430000
46.31524979,-161.41730000
46.31625459,-161.41730000
46.31725939,-153.54330000
46.31826419,-157.48030000
46.31926899,-157.48030000
46.32027379,-157.48030000
46.32127859,-157.48030000
46.32228339,-161.41730000
46.32328819,-165.35430000
46.32429299,-161.41730000
46.32529779,-161.41730000
46.32630259,-161.41730000
46.32730739,-169.29130000
46.32831219,-165.35430000
46.32931699,-165.35430000
46.33032179,-173.22830000
46.33132659,-169.29130000
46.33233139,-169.29130000
46.33333619,-173.22830000
46.33434099,-177.16530000
46.33534579,-173.22830000
46.33635059,-177.16530000
46.33735539,-173.22830000
46.33836019,-173.22830000
46.33936499,-177.16530000
46.34036979,-169.29130000
46.34137459,-177.16530000
46.34237939,-173.22830000
46.34338419,-173.22830000
46.34438899,-181.10240000
46.34539379,-169.29130000
46.34639859,-185.03940000
46.34740339,-185.03940000
46.34840819,-173.22830000
46.34941299,-177.16530000
46.35041779,-173.22830000
46.35142259,-177.16530000
46.35242739,-173.22830000
46.35343219,-173.22830000
46.35443699,-173.22830000
46.35544179,-177.16530000
46.35644659,-173.22830000
46.35745139,-173.22830000
46.35845619,-173.22830000
46.35946099,-173.22830000
46.36046579,-173.22830000
46.36147059,-169.29130000
46.36247539,-177.16530000
46.36348019,-177.16530000
46.36448499,-173.22830000
46.36548979,-169.29130000
46.36649459,-173.22830000
46.36749939,-169.29130000
46.36850419,-173.22830000
46.36950899,-173.22830000
46.37051379,-169.29130000
46.37151859,-173.22830000
46.37252339,-173.22830000
46.37352819,-173.22830000
46.37453299,-169.29130000
46.37553779,-173.22830000
46.37654259,-169.29130000
46.37754739,-173.22830000
46.37855219,-177.16530000
46.37955699,-177.16530000
46.38056179,-173.22830000
46.38156659,-177.16530000
46.38257139,-177.16530000
46.38357619,-169.29130000
46.38458099,-177.16530000
46.38558579,-169.29130000
46.38659059,-169.29130000
46.38759539,-173.22830000
46.38860019,-173.22830000
46.38960499,-173.22830000
46.39060979,-169.29130000
46.39161459,-173.22830000
46.39261939,-173.22830000
46.39362419,-169.29130000
46.39462899,-173.22830000
46.39563379,-181.10240000
46.39663859,-173.22830000
46.39764339,-173.22830000
46.39864819,-173.22830000
46.39965299,-177.16530000
46.40065779,-173.22830000
46.40166259,-177.16530000
46.40266739,-181.10240000
46.40367219,-177.16530000
46.40467699,-177.16530000
46.40568179,-177.16530000
46.40668659,-177.16530000
46.40769139,-177.16530000
46.40869619,-181.10240000
46.40970099,-177.16530000
46.41070579,-181.10240000
46.41171059,-188.97640000
46.41271539,-185.03940000
46.41372019,-177.16530000
46.41472499,-181.10240000
46.41572979,-177.16530000
46.41673459,-177.16530000
46.41773939,-185.03940000
46.41874419,-173.22830000
46.41974899,-177.16530000
46.42075379,-181.10240000
46.42175859,-177.16530000
46.42276339,-177.16530000
46.42376819,-177.16530000
46.42477299,-177.16530000
46.42577779,-177.16530000
46.42678259,-181.10240000
46.42778739,-185.03940000
46.42879219,-181.10240000
46.42979699,-181.10240000
46.43080179,-181.10240000
46.43180659,-181.10240000
46.43281139,-177.16530000
46.43381619,-177.16530000
46.43482099,-173.22830000
46.43582579,-177.16530000
46.43683059,-181.10240000
46.43783539,-177.16530000
46.43884019,-177.16530000
46.43984499,-177.16530000
46.44084979,-177.16530000
46.44185459,-177.16530000
46.44285939,-192.91340000
46.44386419,-181.10240000
46.44486899,-192.91340000
46.44587379,-169.29130000
46.44687859,-181.10240000
46.44788339,-181.10240000
46.44888819,-181.10240000
46.44989299,-181.10240000
46.45089779,-177.16530000
46.45190259,-177.16530000
46.45290739,-181.10240000
46.45391219,-177.16530000
46.45491699,-173.22830000
46.45592179,-185.03940000
46.45692659,-181.10240000
46.45793139,-181.10240000
46.45893619,-181.10240000
46.45994099,-185.03940000
46.46094579,-181.10240000
46.46195059,-185.03940000
46.46295539,-181.10240000
46.46396019,-181.10240000
46.46496499,-181.10240000
46.46596979,-181.10240000
46.46697459,-181.10240000
46.46797939,-181.10240000
46.46898419,-185.03940000
46.46998899,-181.10240000
46.47099379,-185.03940000
46.47199859,-188.97640000
46.47300339,-185.03940000
46.47400819,-181.10240000
46.47501299,-185.03940000
46.47601779,-185.03940000
46.47702259,-188.97640000
46.47802739,-192.91340000
46.47903219,-188.97640000
46.48003699,-185.03940000
46.48104179,-192.91340000
46.48204659,-185.03940000
46.48305139,-185.03940000
46.48405619,-185.03940000
46.48506099,-185.03940000
46.48606579,-185.03940000
46.48707059,-185.03940000
46.48807539,-181.10240000
46.48908019,-185.03940000
46.49008499,-188.97640000
46.49108979,-185.03940000
46.49209459,-192.91340000
46.49309939,-188.97640000
46.49410419,-192.91340000
46.49510899,-185.03940000
46.49611379,-188.97640000
46.49711859,-185.03940000
46.49812339,-188.97640000
46.49912819,-188.97640000
46.50013299,-188.97640000
46.50113779,-192.91340000
46.50214259,-188.97640000
46.50314739,-192.91340000
46.50415219,-188.97640000
46.50515699,-185.03940000
46.50616179,-188.97640000
46.50716659,-185.03940000
46.50817139,-192.91340000
46.50917619,-188.97640000
46.51018099,-192.91340000
46.51118579,-192.91340000
46.51219059,-192.91340000
46.51319539,-196.85040000
46.51420019,-188.97640000
46.51520499,-192.91340000
46.51620979,-188.97640000
46.51721459,-188.97640000
46.51821939,-185.03940000
46.51922419,-185.03940000
46.52022899,-181.10240000
46.52123379,-181.10240000
46.52223859,-185.03940000
46.52324339,-185.03940000
46.52424819,-185.03940000
46.52525299,-188.97640000
46.52625779,-188.97640000
46.52726259,-181.10240000
46.52826739,-188.97640000
46.52927219,-188.97640000
46.53027699,-188.97640000
46.53128179,-185.03940000
46.53228659,-188.97640000
46.53329139,-181.10240000
46.53429619,-192.91340000
46.53530099,-188.97640000
46.53630579,-192.91340000
46.53731059,-192.91340000
46.53831539,-192.91340000
46.53932019,-188.97640000
46.54032499,-208.66140000
46.54132978,-192.91340000
46.54233458,-188.97640000
46.54333938,-185.03940000
46.54434418,-200.78740000
46.54534898,-196.85040000
46.54635378,-188.97640000
46.54735858,-200.78740000
46.54836338,-188.97640000
46.54936818,-192.91340000
46.55037298,-185.03940000
46.55137778,-192.91340000
46.55238258,-185.03940000
46.55338738,-188.97640000
46.55439218,-188.97640000
46.55539698,-188.97640000
46.55640178,-188.97640000
46.55740658,-196.85040000
46.55841138,-188.97640000
46.55941618,-188.97640000
46.56042098,-192.91340000
46.56142578,-185.03940000
46.56243058,-188.97640000
46.56343538,-192.91340000
46.56444018,-188.97640000
46.56544498,-188.97640000
46.56644978,-192.91340000
46.56745458,-192.91340000
46.56845938,-188.97640000
46.56946418,-188.97640000
46.57046898,-188.97640000
46.57147378,-188.97640000
46.57247858,-192.91340000
46.57348338,-192.91340000
46.57448818,-196.85040000
46.57549298,-200.78740000
46.57649778,-200.78740000
46.57750258,-200.78740000
46.57850738,-200.78740000
46.57951218,-196.85040000
46.58051698,-192.91340000
46.58152178,-196.85040000
46.58252658,-188.97640000
46.58353138,-196.85040000
46.58453618,-185.03940000
46.58554098,-192.91340000
46.58654578,-188.97640000
46.58755058,-188.97640000
46.58855538,-192.91340000
46.58956018,-192.91340000
46.59056498,-196.85040000
46.59156978,-188.97640000
46.59257458,-196.85040000
46.59357938,-192.91340000
46.59458418,-196.85040000
46.59558898,-192.91340000
46.59659378,-192.91340000
46.59759858,-188.97640000
46.59860338,-188.97640000
46.59960818,-192.91340000
46.60061298,-196.85040000
46.60161778,-188.97640000
46.60262258,-192.91340000
46.60362738,-196.85040000
46.60463218,-192.91340000
46.60563698,-196.85040000
46.60664178,-192.91340000
46.60764658,-196.85040000
46.60865138,-196.85040000
46.60965618,-200.78740000
46.61066098,-200.78740000
46.61166578,-200.78740000
46.61267058,-200.78740000
46.61367538,-196.85040000
46.61468018,-192.91340000
46.61568498,-196.85040000
46.61668978,-196.85040000
46.61769458,-196.85040000
46.61869938,-196.85040000
46.61970418,-188.97640000
46.62070898,-192.91340000
46.62171378,-196.85040000
46.62271858,-196.85040000
46.62372338,-192.91340000
46.62472818,-200.78740000
46.62573298,-188.97640000
46.62673778,-192.91340000
46.62774258,-192.91340000
46.62874738,-196.85040000
46.62975218,-192.91340000
46.63075698,-196.85040000
46.63176178,-192.91340000
46.63276658,-192.91340000
46.63377138,-188.97640000
46.63477618,-192.91340000
46.63578098,-192.91340000
46.63678578,-196.85040000
46.63779058,-208.66140000
46.63879538,-196.85040000
46.63980018,-192.91340000
46.64080498,-192.91340000
46.64180978,-192.91340000
46.64281458,-212.59840000
46.64381938,-196.85040000
46.64482418,-196.85040000
46.64582898,-192.91340000
46.64683378,-196.85040000
46.64783858,-192.91340000
46.64884338,-185.03940000
46.64984818,-192.91340000
46.65085298,-188.97640000
46.65185778,-185.03940000
46.65286258,-192.91340000
46.65386738,-192.91340000
46.65487218,-192.91340000
46.65587698,-196.85040000
46.65688178,-196.85040000
46.65788658,-188.97640000
46.65889138,-188.97640000
46.65989618,-192.91340000
46.66090098,-188.97640000
46.66190578,-188.97640000
46.66291058,-188.97640000
46.66391538,-188.97640000
46.66492018,-192.91340000
46.66592498,-196.85040000
46.66692978,-188.97640000
46.66793458,-192.91340000
46.66893938,-192.91340000
46.66994418,-185.03940000
46.67094898,-192.91340000
46.67195378,-188.97640000
46.67295858,-188.97640000
46.67396338,-188.97640000
46.67496818,-192.91340000
46.67597298,-196.85040000
46.67697778,-192.91340000
46.67798258,-188.97640000
46.67898738,-192.91340000
46.67999218,-185.03940000
46.68099698,-192.91340000
46.68200178,-185.03940000
46.68300658,-188.97640000
46.68401138,-188.97640000
46.68501618,-188.97640000
46.68602098,-188.97640000
46.68702578,-188.97640000
46.68803058,-196.85040000
46.68903538,-192.91340000
46.69004018,-192.91340000
46.69104498,-185.03940000
46.69204978,-188.97640000
46.69305458,-192.91340000
46.69405938,-196.85040000
46.69506418,-196.85040000
46.69606898,-188.97640000
46.69707378,-188.97640000
46.69807858,-192.91340000
46.69908338,-188.97640000
46.70008818,-192.91340000
46.70109298,-196.85040000
46.70209778,-188.97640000
46.70310258,-196.85040000
46.70410738,-192.91340000
46.70511218,-188.97640000
46.70611698,-188.97640000
46.70712178,-192.91340000
46.70812658,-192.91340000
46.70913138,-192.91340000
46.71013618,-192.91340000
46.71114098,-188.97640000
46.71214578,-196.85040000
46.71315058,-192.91340000
46.71415538,-196.85040000
46.71516018,-192.91340000
46.71616498,-192.91340000
46.71716978,-185.03940000
46.71817458,-188.97640000
46.71917938,-188.97640000
46.72018418,-188.97640000
46.72118898,-188.97640000
46.72219378,-188.97640000
46.72319858,-185.03940000
46.72420338,-185.03940000
46.72520818,-185.03940000
46.72621298,-192.91340000
46.72721778,-181.10240000
46.72822258,-192.91340000
46.72922738,-185.03940000
46.73023218,-192.91340000
46.73123698,-185.03940000
46.73224178,-188.97640000
46.73324658,-188.97640000
46.73425138,-188.97640000
46.73525618,-196.85040000
46.73626098,-188.97640000
46.73726578,-196.85040000
46.73827058,-185.03940000
46.73927538,-188.97640000
46.74028018,-188.97640000
46.74128498,-185.03940000
46.74228978,-185.03940000
46.74329458,-196.85040000
46.74429938,-196.85040000
46.74530418,-192.91340000
46.74630898,-196.85040000
46.74731378,-188.97640000
46.74831858,-192.91340000
46.74932338,-192.91340000
46.75032818,-185.03940000
46.75133298,-188.97640000
46.75233778,-188.97640000
46.75334258,-188.97640000
46.75434738,-188.97640000
46.75535218,-185.03940000
46.75635698,-188.97640000
46.75736178,-185.03940000
46.75836658,-192.91340000
46.75937138,-188.97640000
46.76037618,-188.97640000
46.76138098,-188.97640000
46.76238578,-188.97640000
46.76339058,-188.97640000
46.76439538,-185.03940000
46.76540018,-192.91340000
46.76640498,-188.97640000
46.76740978,-185.03940000
46.76841458,-192.91340000
46.76941938,-196.85040000
46.77042418,-188.97640000
46.77142898,-196.85040000
46.77243378,-188.97640000
46.77343858,-196.85040000
46.77444338,-185.03940000
46.77544818,-204.72440000
46.77645298,-192.91340000
46.77745778,-192.91340000
46.77846258,-192.91340000
46.77946738,-192.91340000
46.78047218,-185.03940000
46.78147698,-188.97640000
46.78248178,-188.97640000
46.78348658,-185.03940000
46.78449138,-192.91340000
46.78549618,-185.03940000
46.78650098,-188.97640000
46.78750578,-188.97640000
46.78851058,-188.97640000
46.78951538,-185.03940000
46.79052018,-185.03940000
46.79152498,-188.97640000
46.79252978,-185.03940000
46.79353458,-188.97640000
46.79453938,-188.97640000
46.79554418,-188.97640000
46.79654898,-188.97640000
46.79755378,-185.03940000
46.79855858,-185.03940000
46.79956338,-188.97640000
46.80056818,-188.97640000
46.80157298,-188.97640000
46.80257778,-185.03940000
46.80358258,-188.97640000
46.80458738,-185.03940000
46.80559218,-188.97640000
46.80659698,-185.03940000
46.80760178,-192.91340000
46.80860658,-188.97640000
46.80961138,-192.91340000
46.81061618,-192.91340000
46.81162098,-192.91340000
46.81262578,-181.10240000
46.81363058,-188.97640000
46.81463538,-181.10240000
46.81564018,-173.22830000
46.81664498,-185.03940000
46.81764978,-188.97640000
46.81865458,-192.91340000
46.81965938,-181.10240000
46.82066418,-188.97640000
46.82166898,-185.03940000
46.82267378,-185.03940000
46.82367858,-181.10240000
46.82468338,-188.97640000
46.82568818,-185.03940000
46.82669298,-185.03940000
46.82769778,-192.91340000
46.82870258,-185.03940000
46.82970738,-185.03940000
46.83071218,-177.16530000
46.83171698,-188.97640000
46.83272178,-188.97640000
46.83372658,-185.03940000
46.83473138,-188.97640000
46.83573618,-185.03940000
46.83674098,-181.10240000
46.83774578,-185.03940000
46.83875058,-185.03940000
46.83975538,-181.10240000
46.84076018,-192.91340000
46.84176498,-185.03940000
46.84276978,-185.03940000
46.84377458,-185.03940000
46.84477938,-185.03940000
46.84578418,-177.16530000
46.84678898,-185.03940000
46.84779378,-177.16530000
46.84879858,-192.91340000
46.84980338,-181.10240000
46.85080818,-181.10240000
46.85181298,-165.35430000
46.85281778,-181.10240000
46.85382258,-177.16530000
46.85482738,-185.03940000
46.85583218,-185.03940000
46.85683698,-177.16530000
46.85784178,-181.10240000
46.85884658,-181.10240000
46.85985138,-181.10240000
46.86085618,-177.16530000
46.86186098,-185.03940000
46.86286578,-177.16530000
46.86387058,-177.16530000
46.86487538,-181.10240000
46.86588018,-185.03940000
46.86688498,-181.10240000
46.86788978,-185.03940000
46.86889458,-188.97640000
46.86989937,-177.16530000
46.87090417,-181.10240000
46.87190897,-177.16530000
46.87291377,-188.97640000
46.87391857,-185.03940000
46.87492337,-185.03940000
46.87592817,-177.16530000
46.87693297,-181.10240000
46.87793777,-181.10240000
46.87894257,-177.16530000
46.87994737,-181.10240000
46.88095217,-181.10240000
46.88195697,-181.10240000
46.88296177,-177.16530000
46.88396657,-181.10240000
46.88497137,-177.16530000
46.88597617,-181.10240000
46.88698097,-177.16530000
46.88798577,-181.10240000
46.88899057,-177.16530000
46.88999537,-181.10240000
46.89100017,-181.10240000
46.89200497,-181.10240000
46.89300977,-181.10240000
46.89401457,-177.16530000
46.89501937,-177.16530000
46.89602417,-177.16530000
46.89702897,-185.03940000
46.89803377,-177.16530000
46.89903857,-185.03940000
46.90004337,-188.97640000
46.90104817,-181.10240000
46.90205297,-181.10240000
46.90305777,-177.16530000
46.90406257,-181.10240000
46.90506737,-185.03940000
46.90607217,-188.97640000
46.90707697,-185.03940000
46.90808177,-185.03940000
46.90908657,-185.03940000
46.91009137,-181.10240000
46.91109617,-185.03940000
46.91210097,-185.03940000
46.91310577,-181.10240000
46.91411057,-181.10240000
46.91511537,-181.10240000
46.91612017,-185.03940000
46.91712497,-177.16530000
46.91812977,-177.16530000
46.91913457,-177.16530000
46.92013937,-177.16530000
46.92114417,-185.03940000
46.92214897,-181.10240000
46.92315377,-185.03940000
46.92415857,-177.16530000
46.92516337,-185.03940000
46.92616817,-177.16530000
46.92717297,-185.03940000
46.92817777,-181.10240000
46.92918257,-185.03940000
46.93018737,-185.03940000
46.93119217,-185.03940000
46.93219697,-188.97640000
46.93320177,-188.97640000
46.93420657,-181.10240000
46.93521137,-185.03940000
46.93621617,-181.10240000
46.93722097,-185.03940000
46.93822577,-188.97640000
46.93923057,-200.78740000
46.94023537,-196.85040000
46.94124017,-188.97640000
46.94224497,-185.03940000
46.94324977,-185.03940000
46.94425457,-192.91340000
46.94525937,-181.10240000
46.94626417,-196.85040000
46.94726897,-185.03940000
46.94827377,-185.03940000
46.94927857,-161.41730000
46.95028337,-177.16530000
46.95128817,-185.03940000
46.95229297,-185.03940000
46.95329777,-181.10240000
46.95430257,-185.03940000
46.95530737,-177.16530000
46.95631217,-181.10240000
46.95731697,-185.03940000
46.95832177,-181.10240000
46.95932657,-185.03940000
46.96033137,-185.03940000
46.96133617,-185.03940000
46.96234097,-181.10240000
46.96334577,-188.97640000
46.96435057,-192.91340000
46.96535537,-181.10240000
46.96636017,-188.97640000
46.96736497,-177.16530000
46.96836977,-188.97640000
46.96937457,-188.97640000
46.97037937,-192.91340000
46.97138417,-192.91340000
46.97238897,-188.97640000
46.97339377,-188.97640000
46.97439857,-185.03940000
46.97540337,-192.91340000
46.97640817,-185.03940000
46.97741297,-188.97640000
46.97841777,-181.10240000
46.97942257,-188.97640000
46.98042737,-181.10240000
46.98143217,-185.03940000
46.98243697,-185.03940000
46.98344177,-181.10240000
46.98444657,-181.10240000
46.98545137,-185.03940000
46.98645617,-185.03940000
46.98746097,-181.10240000
46.98846577,-188.97640000
46.98947057,-181.10240000
46.99047537,-185.03940000
46.99148017,-177.16530000
46.99248497,-181.10240000
46.99348977,-181.10240000
46.99449457,-181.10240000
46.99549937,-185.03940000
46.99650417,-185.03940000
46.99750897,-181.10240000
46.99851377,-181.10240000
46.99951857,-181.10240000
47.00052337,-181.10240000
47.00152817,-181.10240000
47.00253297,-185.03940000
47.00353777,-192.91340000
47.00454257,-185.03940000
47.00554737,-188.97640000
47.00655217,-181.10240000
47.00755697,-185.03940000
47.00856177,-181.10240000
47.00956657,-185.03940000
47.01057137,-181.10240000
47.01157617,-177.16530000
47.01258097,-181.10240000
47.01358577,-181.10240000
47.01459057,-185.03940000
47.01559537,-181.10240000
47.01660017,-185.03940000
47.01760497,-188.97640000
47.01860977,-185.03940000
47.01961457,-177.16530000
47.02061937,-185.03940000
47.02162417,-185.03940000
47.02262897,-181.10240000
47.02363377,-177.16530000
47.02463857,-181.10240000
47.02564337,-177.16530000
47.02664817,-181.10240000
47.02765297,-181.10240000
47.02865777,-188.97640000
47.02966257,-185.03940000
47.03066737,-181.10240000
47.03167217,-181.10240000
47.03267697,-181.10240000
47.03368177,-181.10240000
47.03468657,-181.10240000
47.03569137,-177.16530000
47.03669617,-192.91340000
47.03770097,-177.16530000
47.03870577,-185.03940000
47.03971057,-185.03940000
47.04071537,-185.03940000
47.04172017,-181.10240000
47.04272497,-185.03940000
47.04372977,-185.03940000
47.04473457,-181.10240000
47.04573937,-181.10240000
47.04674417,-173.22830000
47.04774897,-177.16530000
47.04875377,-177.16530000
47.04975857,-181.10240000
47.05076337,-177.16530000
47.05176817,-181.10240000
47.05277297,-177.16530000
47.05377777,-185.03940000
47.05478257,-173.22830000
47.05578737,-181.10240000
47.05679217,-177.16530000
47.05779697,-173.22830000
47.05880177,-185.03940000
47.05980657,-177.16530000
47.06081137,-181.10240000
47.06181617,-177.16530000
47.06282097,-181.10240000
47.06382577,-177.16530000
47.06483057,-181.10240000
47.06583537,-181.10240000
47.06684017,-177.16530000
47.06784497,-181.10240000
47.06884977,-188.97640000
47.06985457,-185.03940000
47.07085937,-188.97640000
47.07186417,-188.97640000
47.07286897,-177.16530000
47.07387377,-181.10240000
47.07487857,-177.16530000
47.07588337,-177.16530000
47.07688817,-181.10240000
47.07789297,-177.16530000
47.07889777,-177.16530000
47.07990257,-173.22830000
47.08090737,-177.16530000
47.08191217,-181.10240000
47.08291697,-177.16530000
47.08392177,-185.03940000
47.08492657,-177.16530000
47.08593137,-173.22830000
47.08693617,-177.16530000
47.08794097,-181.10240000
47.08894577,-177.16530000
47.08995057,-177.16530000
47.09095537,-181.10240000
47.09196017,-181.10240000
47.09296497,-185.03940000
47.09396977,-181.10240000
47.09497457,-181.10240000
47.09597937,-177.16530000
47.09698417,-181.10240000
47.09798897,-185.03940000
47.09899377,-181.10240000
47.09999857,-188.97640000
47.10100337,-188.97640000
47.10200817,-185.03940000
47.10301297,-185.03940000
47.10401777,-188.97640000
47.10502257,-185.03940000
47.10602737,-185.03940000
47.10703217,-177.16530000
47.10803697,-181.10240000
47.10904177,-181.10240000
47.11004657,-181.10240000
47.11105137,-177.16530000
47.11205617,-181.10240000
47.11306097,-177.16530000
47.11406577,-181.10240000
47.11507057,-181.10240000
47.11607537,-181.10240000
47.11708017,-185.03940000
47.11808497,-185.03940000
47.11908977,-177.16530000
47.12009457,-185.03940000
47.12109937,-181.10240000
47.12210417,-181.10240000
47.12310897,-177.16530000
47.12411377,-185.03940000
47.12511857,-181.10240000
47.12612337,-185.03940000
47.12712817,-188.97640000
47.12813297,-181.10240000
47.12913777,-185.03940000
47.13014257,-192.91340000
47.13114737,-188.97640000
47.13215217,-188.97640000
47.13315697,-188.97640000
47.13416177,-188.97640000
47.13516657,-188.97640000
47.13617137,-185.03940000
47.13717617,-185.03940000
47.13818097,-181.10240000
47.13918577,-181.10240000
47.14019057,-185.03940000
47.14119537,-188.97640000
47.14220017,-185.03940000
47.14320497,-188.97640000
47.14420977,-177.16530000
47.14521457,-181.10240000
47.14621937,-185.03940000
47.14722417,-185.03940000
47.14822897,-181.10240000
47.14923377,-185.03940000
47.15023857,-185.03940000
47.15124337,-185.03940000
47.15224817,-185.03940000
47.15325297,-185.03940000
47.15425777,-185.03940000
47.15526257,-181.10240000
47.15626737,-181.10240000
47.15727217,-173.22830000
47.15827697,-188.97640000
47.15928177,-181.10240000
47.16028657,-192.91340000
47.16129137,-185.03940000
47.16229617,-185.03940000
47.16330097,-181.10240000
47.16430577,-181.10240000
47.16531057,-185.03940000
47.16631537,-185.03940000
47.16732017,-177.16530000
47.16832497,-181.10240000
47.16932977,-177.16530000
47.17033457,-181.10240000
47.17133937,-181.10240000
47.17234417,-177.16530000
47.17334897,-173.22830000
47.17435377,-181.10240000
47.17535857,-177.16530000
47.17636337,-181.10240000
47.17736817,-177.16530000
47.17837297,-177.16530000
47.17937777,-177.16530000
47.18038257,-185.03940000
47.18138737,-181.10240000
47.18239217,-181.10240000
47.18339697,-181.10240000
47.18440177,-177.16530000
47.18540657,-177.16530000
47.18641137,-177.16530000
47.18741617,-181.10240000
47.18842097,-185.03940000
47.18942577,-185.03940000
47.19043057,-185.03940000
47.19143537,-185.03940000
47.19244017,-181.10240000
47.19344497,-177.16530000
47.19444977,-181.10240000
47.19545457,-177.16530000
47.19645937,-181.10240000
47.19746417,-177.16530000
47.19846897,-173.22830000
47.19947376,-173.22830000
47.20047856,-177.16530000
47.20148336,-177.16530000
47.20248816,-181.10240000
47.20349296,-177.16530000
47.20449776,-181.10240000
47.20550256,-173.22830000
47.20650736,-177.16530000
47.20751216,-181.10240000
47.20851696,-181.10240000
47.20952176,-181.10240000
47.21052656,-177.16530000
47.21153136,-181.10240000
47.21253616,-181.10240000
47.21354096,-177.16530000
47.21454576,-173.22830000
47.21555056,-173.22830000
47.21655536,-173.22830000
47.21756016,-185.03940000
47.21856496,-185.03940000
47.21956976,-181.10240000
47.22057456,-177.16530000
47.22157936,-177.16530000
47.22258416,-173.22830000
47.22358896,-177.16530000
47.22459376,-177.16530000
47.22559856,-169.29130000
47.22660336,-173.22830000
47.22760816,-169.29130000
47.22861296,-173.22830000
47.22961776,-173.22830000
47.23062256,-169.29130000
47.23162736,-169.29130000
47.23263216,-169.29130000
47.23363696,-165.35430000
47.23464176,-169.29130000
47.23564656,-169.29130000
47.23665136,-169.29130000
47.23765616,-173.22830000
47.23866096,-173.22830000
47.23966576,-173.22830000
47.24067056,-173.22830000
47.24167536,-173.22830000
47.24268016,-169.29130000
47.24368496,-169.29130000
47.24468976,-169.29130000
47.24569456,-173.22830000
47.24669936,-165.35430000
47.24770416,-165.35430000
47.24870896,-173.22830000
47.24971376,-173.22830000
47.25071856,-173.22830000
47.25172336,-169.29130000
47.25272816,-169.29130000
47.25373296,-165.35430000
47.25473776,-173.22830000
47.25574256,-169.29130000
47.25674736,-169.29130000
47.25775216,-161.41730000
47.25875696,-165.35430000
47.25976176,-169.29130000
47.26076656,-169.29130000
47.26177136,-169.29130000
47.26277616,-169.29130000
47.26378096,-169.29130000
47.26478576,-165.35430000
47.26579056,-161.41730000
47.26679536,-169.29130000
47.26780016,-169.29130000
47.26880496,-169.29130000
47.26980976,-169.29130000
47.27081456,-165.35430000
47.27181936,-173.22830000
47.27282416,-169.29130000
47.27382896,-169.29130000
47.27483376,-165.35430000
47.27583856,-165.35430000
47.27684336,-161.41730000
47.27784816,-173.22830000
47.27885296,-161.41730000
47.27985776,-177.16530000
47.28086256,-173.22830000
47.28186736,-173.22830000
47.28287216,-165.35430000
47.28387696,-173.22830000
47.28488176,-165.35430000
47.28588656,-165.35430000
47.28689136,-161.41730000
47.28789616,-165.35430000
47.28890096,-165.35430000
47.28990576,-161.41730000
47.29091056,-157.48030000
47.29191536,-165.35430000
47.29292016,-161.41730000
47.29392496,-161.41730000
47.29492976,-161.41730000
47.29593456,-161.41730000
47.29693936,-161.41730000
47.29794416,-161.41730000
47.29894896,-161.41730000
47.29995376,-161.41730000
47.30095856,-161.41730000
47.30196336,-157.48030000
47.30296816,-157.48030000
47.30397296,-169.29130000
47.30497776,-165.35430000
47.30598256,-161.41730000
47.30698736,-157.48030000
47.30799216,-161.41730000
47.30899696,-165.35430000
47.31000176,-161.41730000
47.31100656,-161.41730000
47.31201136,-161.41730000
47.31301616,-165.35430000
47.31402096,-165.35430000
47.31502576,-161.41730000
47.31603056,-161.41730000
47.31703536,-161.41730000
47.31804016,-161.41730000
47.31904496,-157.48030000
47.32004976,-161.41730000
47.32105456,-165.35430000
47.32205936,-161.41730000
47.32306416,-161.41730000
47.32406896,-161.41730000
47.32507376,-157.48030000
47.32607856,-161.41730000
47.32708336,-161.41730000
47.32808816,-161.41730000
47.32909296,-161.41730000
47.33009776,-161.41730000
47.33110256,-157.48030000
47.33210736,-165.35430000
47.33311216,-161.41730000
47.33411696,-157.48030000
47.33512176,-161.41730000
47.33612656,-161.41730000
47.33713136,-165.35430000
47.33813616,-161.41730000
47.33914096,-161.41730000
47.34014576,-153.54330000
47.34115056,-161.41730000
47.34215536,-157.48030000
47.34316016,-157.48030000
47.34416496,-161.41730000
47.34516976,-161.41730000
47.34617456,-169.29130000
47.34717936,-157.48030000
47.34818416,-161.41730000
47.34918896,-157.48030000
47.35019376,-157.48030000
47.35119856,-153.54330000
47.35220336,-161.41730000
47.35320816,-153.54330000
47.35421296,-153.54330000
47.35521776,-137.79530000
47.35622256,-153.54330000
47.35722736,-153.54330000
47.35823216,-153.54330000
47.35923696,-149.60630000
47.36024176,-153.54330000
47.36124656,-153.54330000
47.36225136,-153.54330000
47.36325616,-153.54330000
47.36426096,-157.48030000
47.36526576,-153.54330000
47.36627056,-149.60630000
47.36727536,-149.60630000
47.36828016,-157.48030000
47.36928496,-157.48030000
47.37028976,-153.54330000
47.37129456,-161.41730000
47.37229936,-153.54330000
47.37330416,-153.54330000
47.37430896,-153.54330000
47.37531376,-141.73230000
47.37631856,-157.48030000
47.37732336,-157.48030000
47.37832816,-153.54330000
47.37933296,-153.54330000
47.38033776,-157.48030000
47.38134256,-157.48030000
47.38234736,-153.54330000
47.38335216,-145.66930000
47.38435696,-153.54330000
47.38536176,-153.54330000
47.38636656,-153.54330000
47.38737136,-153.54330000
47.38837616,-153.54330000
47.38938096,-153.54330000
47.39038576,-157.48030000
47.39139056,-149.60630000
47.39239536,-149.60630000
47.39340016,-153.54330000
47.39440496,-149.60630000
47.39540976,-153.54330000
47.39641456,-153.54330000
47.39741936,-157.48030000
47.39842416,-145.66930000
47.39942896,-153.54330000
47.40043376,-153.54330000
47.40143856,-157.48030000
47.40244336,-157.48030000
47.40344816,-153.54330000
47.40445296,-149.60630000
47.40545776,-153.54330000
47.40646256,-153.54330000
47.40746736,-153.54330000
47.40847216,-153.54330000
47.40947696,-157.48030000
47.41048176,-157.48030000
47.41148656,-153.54330000
47.41249136,-149.60630000
47.41349616,-165.35430000
47.41450096,-161.41730000
47.41550576,-157.48030000
47.41651056,-157.48030000
47.41751536,-153.54330000
47.41852016,-157.48030000
47.41952496,-149.60630000
47.42052976,-149.60630000
47.42153456,-149.60630000
47.42253936,-157.48030000
47.42354416,-153.54330000
47.42454896,-149.60630000
47.42555376,-149.60630000
47.42655856,-161.41730000
47.42756336,-149.60630000
47.42856816,-149.60630000
47.42957296,-153.54330000
47.43057776,-153.54330000
47.43158256,-157.48030000
47.43258736,-153.54330000
47.43359216,-153.54330000
47.43459696,-161.41730000
47.43560176,-149.60630000
47.43660656,-161.41730000
47.43761136,-149.60630000
47.43861616,-161.41730000
47.43962096,-149.60630000
47.44062576,-157.48030000
47.44163056,-153.54330000
47.44263536,-153.54330000
47.44364016,-153.54330000
47.44464496,-153.54330000
47.44564976,-149.60630000
47.44665456,-157.48030000
47.44765936,-157.48030000
47.44866416,-153.54330000
47.44966896,-165.35430000
47.45067376,-153.54330000
47.45167856,-149.60630000
47.45268336,-161.41730000
47.45368816,-161.41730000
47.45469296,-157.48030000
47.45569776,-153.54330000
47.45670256,-157.48030000
47.45770736,-149.60630000
47.45871216,-145.66930000
47.45971696,-149.60630000
47.46072176,-149.60630000
47.46172656,-149.60630000
47.46273136,-149.60630000
47.46373616,-145.66930000
47.46474096,-149.60630000
47.46574576,-153.54330000
47.46675056,-153.54330000
47.46775536,-153.54330000
47.46876016,-153.54330000
47.46976496,-149.60630000
47.47076976,-153.54330000
47.47177456,-153.54330000
47.47277936,-149.60630000
47.47378416,-153.54330000
47.47478896,-145.66930000
47.47579376,-145.66930000
47.47679856,-153.54330000
47.47780336,-149.60630000
47.47880816,-149.60630000
47.47981296,-149.60630000
47.48081776,-153.54330000
47.48182256,-133.85830000
47.48282736,-157.48030000
47.48383216,-149.60630000
47.48483696,-153.54330000
47.48584176,-145.66930000
47.48684656,-149.60630000
47.48785136,-157.48030000
47.48885616,-145.66930000
47.48986096,-157.48030000
47.49086576,-157.48030000
47.49187056,-153.54330000
47.49287536,-149.60630000
47.49388016,-149.60630000
47.49488496,-145.66930000
47.49588976,-141.73230000
47.49689456,-145.66930000
47.49789936,-141.73230000
47.49890416,-157.48030000
47.49990896,-149.60630000
47.50091376,-149.60630000
47.50191856,-149.60630000
47.50292336,-149.60630000
47.50392816,-145.66930000
47.50493296,-149.60630000
47.50593776,-153.54330000
47.50694256,-149.60630000
47.50794736,-145.66930000
47.50895216,-149.60630000
47.50995696,-149.60630000
47.51096176,-145.66930000
47.51196656,-153.54330000
47.51297136,-149.60630000
47.51397616,-145.66930000
47.51498096,-153.54330000
47.51598576,-149.60630000
47.51699056,-153.54330000
47.51799536,-149.60630000
47.51900016,-153.54330000
47.52000496,-149.60630000
47.52100976,-161.41730000
47.52201456,-153.54330000
47.52301936,-157.48030000
47.52402416,-157.48030000
47.52502896,-153.54330000
47.52603376,-153.54330000
47.52703856,-149.60630000
47.52804335,-149.60630000
47.52904815,-145.66930000
47.53005295,-149.60630000
47.53105775,-153.54330000
47.53206255,-157.48030000
47.53306735,-149.60630000
47.53407215,-149.60630000
47.53507695,-149.60630000
47.53608175,-153.54330000
47.53708655,-145.66930000
47.53809135,-153.54330000
47.53909615,-149.60630000
47.54010095,-153.54330000
47.54110575,-149.60630000
47.54211055,-149.60630000
47.54311535,-149.60630000
47.54412015,-149.60630000
47.54512495,-145.66930000
47.54612975,-145.66930000
47.54713455,-157.48030000
47.54813935,-153.54330000
47.54914415,-157.48030000
47.55014895,-153.54330000
47.55115375,-157.48030000
47.55215855,-157.48030000
47.55316335,-153.54330000
47.55416815,-153.54330000
47.55517295,-153.54330000
47.55617775,-153.54330000
47.55718255,-149.60630000
47.55818735,-145.66930000
47.55919215,-153.54330000
47.56019695,-145.66930000
47.56120175,-149.60630000
47.56220655,-153.54330000
47.56321135,-145.66930000
47.56421615,-153.54330000
47.56522095,-153.54330000
47.56622575,-153.54330000
47.56723055,-153.54330000
47.56823535,-145.66930000
47.56924015,-149.60630000
47.57024495,-145.66930000
47.57124975,-149.60630000
47.57225455,-153.54330000
47.57325935,-157.48030000
47.57426415,-145.66930000
47.57526895,-149.60630000
47.57627375,-149.60630000
47.57727855,-153.54330000
47.57828335,-145.66930000
47.57928815,-149.60630000
47.58029295,-157.48030000
47.58129775,-161.41730000
47.58230255,-157.48030000
47.58330735,-153.54330000
47.58431215,-149.60630000
47.58531695,-153.54330000
47.58632175,-145.66930000
47.58732655,-145.66930000
47.58833135,-149.60630000
47.58933615,-141.73230000
47.59034095,-149.60630000
47.59134575,-137.79530000
47.59235055,-149.60630000
47.59335535,-149.60630000
47.59436015,-141.73230000
47.59536495,-145.66930000
47.59636975,-153.54330000
47.59737455,-145.66930000
47.59837935,-149.60630000
47.59938415,-149.60630000
47.60038895,-149.60630000
47.60139375,-149.60630000
47.60239855,-149.60630000
47.60340335,-145.66930000
47.60440815,-145.66930000
47.60541295,-153.54330000
47.60641775,-141.73230000
47.60742255,-141.73230000
47.60842735,-145.66930000
47.60943215,-145.66930000
47.61043695,-149.60630000
47.61144175,-149.60630000
47.61244655,-153.54330000
47.61345135,-157.48030000
47.61445615,-153.54330000
47.61546095,-149.60630000
47.61646575,-141.73230000
47.61747055,-141.73230000
47.61847535,-145.66930000
47.61948015,-137.79530000
47.62048495,-145.66930000
47.62148975,-141.73230000
47.62249455,-141.73230000
47.62349935,-141.73230000
47.62450415,-141.73230000
47.62550895,-149.60630000
47.62651375,-145.66930000
47.62751855,-145.66930000
47.62852335,-141.73230000
47.62952815,-145.66930000
47.63053295,-141.73230000
47.63153775,-145.66930000
47.63254255,-145.66930000
47.63354735,-145.66930000
47.63455215,-145.66930000
47.63555695,-141.73230000
47.63656175,-141.73230000
47.63756655,-141.73230000
47.63857135,-145.66930000
47.63957615,-145.66930000
47.64058095,-145.66930000
47.64158575,-145.66930000
47.64259055,-141.73230000
47.64359535,-141.73230000
47.64460015,-145.66930000
47.64560495,-133.85830000
47.64660975,-149.60630000
47.64761455,-145.66930000
47.64861935,-145.66930000
47.64962415,-149.60630000
47.65062895,-149.60630000
47.65163375,-141.73230000
47.65263855,-149.60630000
47.65364335,-153.54330000
47.65464815,-145.66930000
47.65565295,-141.73230000
47.65665775,-145.66930000
47.65766255,-145.66930000
47.65866735,-145.66930000
47.65967215,-145.66930000
47.66067695,-145.66930000
47.66168175,-149.60630000
47.66268655,-141.73230000
47.66369135,-149.60630000
47.66469615,-149.60630000
47.66570095,-149.60630000
47.66670575,-145.66930000
47.66771055,-145.66930000
47.66871535,-145.66930000
47.66972015,-145.66930000
47.67072495,-141.73230000
47.67172975,-141.73230000
47.67273455,-141.73230000
47.67373935,-145.66930000
47.67474415,-145.66930000
47.67574895,-145.66930000
47.67675375,-141.73230000
47.67775855,-149.60630000
47.67876335,-153.54330000
47.67976815,-153.54330000
47.68077295,-145.66930000
47.68177775,-149.60630000
47.68278255,-145.66930000
47.68378735,-145.66930000
47.68479215,-149.60630000
47.68579695,-153.54330000
47.68680175,-149.60630000
47.68780655,-149.60630000
47.68881135,-145.66930000
47.68981615,-141.73230000
47.69082095,-149.60630000
47.69182575,-141.73230000
47.69283055,-145.66930000
47.69383535,-145.66930000
47.69484015,-149.60630000
47.69584495,-157.48030000
47.69684975,-141.73230000
47.69785455,-149.60630000
47.69885935,-149.60630000
47.69986415,-145.66930000
47.70086895,-149.60630000
47.70187375,-145.66930000
47.70287855,-149.60630000
47.70388335,-149.60630000
47.70488815,-145.66930000
47.70589295,-149.60630000
47.70689775,-153.54330000
47.70790255,-149.60630000
47.70890735,-145.66930000
47.70991215,-149.60630000
47.71091695,-149.60630000
47.71192175,-153.54330000
47.71292655,-149.60630000
47.71393135,-149.60630000
47.71493615,-145.66930000
47.71594095,-149.60630000
47.71694575,-145.66930000
47.71795055,-161.41730000
47.71895535,-153.54330000
47.71996015,-153.54330000
47.72096495,-149.60630000
47.72196975,-149.60630000
47.72297455,-149.60630000
47.72397935,-149.60630000
47.72498415,-149.60630000
47.72598895,-149.60630000
47.72699375,-157.48030000
47.72799855,-149.60630000
47.72900335,-153.54330000
47.73000815,-145.66930000
47.73101295,-149.60630000
47.73201775,-141.73230000
47.73302255,-145.66930000
47.73402735,-145.66930000
47.73503215,-145.66930000
47.73603695,-149.60630000
47.73704175,-149.60630000
47.73804655,-145.66930000
47.73905135,-149.60630000
47.74005615,-145.66930000
47.74106095,-157.48030000
47.74206575,-149.60630000
47.74307055,-145.66930000
47.74407535,-149.60630000
47.74508015,-145.66930000
47.74608495,-153.54330000
47.74708975,-153.54330000
47.74809455,-149.60630000
47.74909935,-149.60630000
47.75010415,-145.66930000
47.75110895,-153.54330000
47.75211375,-145.66930000
47.75311855,-145.66930000
47.75412335,-149.60630000
47.75512815,-141.73230000
47.75613295,-145.66930000
47.75713775,-141.73230000
47.75814255,-153.54330000
47.75914735,-149.60630000
47.76015215,-153.54330000
47.76115695,-129.92120000
47.76216175,-149.60630000
47.76316655,-149.60630000
47.76417135,-145.66930000
47.76517615,-149.60630000
47.76618095,-145.66930000
47.76718575,-149.60630000
47.76819055,-149.60630000
47.76919535,-153.54330000
47.77020015,-153.54330000
47.77120495,-145.66930000
47.77220975,-145.66930000
47.77321455,-145.66930000
47.77421935,-145.66930000
47.77522415,-145.66930000
47.77622895,-161.41730000
47.77723375,-149.60630000
47.77823855,-149.60630000
47.77924335,-149.60630000
47.78024815,-149.60630000
47.78125295,-153.54330000
47.78225775,-145.66930000
47.78326255,-149.60630000
47.78426735,-145.66930000
47.78527215,-145.66930000
47.78627695,-145.66930000
47.78728175,-145.66930000
47.78828655,-145.66930000
47.78929135,-145.66930000
47.79029615,-149.60630000
47.79130095,-149.60630000
47.79230575,-149.60630000
47.79331055,-149.60630000
47.79431535,-149.60630000
47.79532015,-141.73230000
47.79632495,-145.66930000
47.79732975,-141.73230000
47.79833455,-145.66930000
47.79933935,-149.60630000
47.80034415,-149.60630000
47.80134895,-141.73230000
47.80235375,-149.60630000
47.80335855,-145.66930000
47.80436335,-145.66930000
47.80536815,-149.60630000
47.80637295,-145.66930000
47.80737775,-149.60630000
47.80838255,-149.60630000
47.80938735,-149.60630000
47.81039215,-149.60630000
47.81139695,-157.48030000
47.81240175,-153.54330000
47.81340655,-149.60630000
47.81441135,-145.66930000
47.81541615,-149.60630000
47.81642095,-149.60630000
47.81742575,-145.66930000
47.81843055,-145.66930000
47.81943535,-145.66930000
47.82044015,-141.73230000
47.82144495,-153.54330000
47.82244975,-145.66930000
47.82345455,-145.66930000
47.82445935,-153.54330000
47.82546415,-153.54330000
47.82646895,-141.73230000
47.82747375,-153.54330000
47.82847855,-149.60630000
47.82948335,-149.60630000
47.83048815,-149.60630000
47.83149295,-149.60630000
47.83249775,-153.54330000
47.83350255,-149.60630000
47.83450735,-149.60630000
47.83551215,-145.66930000
47.83651695,-149.60630000
47.83752175,-145.66930000
47.83852655,-141.73230000
47.83953135,-149.60630000
47.84053615,-149.60630000
47.84154095,-153.54330000
47.84254575,-149.60630000
47.84355055,-153.54330000
47.84455535,-153.54330000
47.84556015,-153.54330000
47.84656495,-149.60630000
47.84756975,-149.60630000
47.84857455,-145.66930000
47.84957935,-145.66930000
47.85058415,-145.66930000
47.85158895,-141.73230000
47.85259375,-141.73230000
47.85359855,-141.73230000
47.85460335,-149.60630000
47.85560815,-157.48030000
47.85661294,-149.60630000
47.85761774,-153.54330000
47.85862254,-122.04720000
47.85962734,-149.60630000
47.86063214,-149.60630000
47.86163694,-149.60630000
47.86264174,-149.60630000
47.86364654,-153.54330000
47.86465134,-145.66930000
47.86565614,-141.73230000
47.86666094,-145.66930000
47.86766574,-153.54330000
47.86867054,-145.66930000
47.86967534,-149.60630000
47.87068014,-141.73230000
47.87168494,-149.60630000
47.87268974,-145.66930000
47.87369454,-149.60630000
47.87469934,-149.60630000
47.87570414,-145.66930000
47.87670894,-153.54330000
47.87771374,-149.60630000
47.87871854,-149.60630000
47.87972334,-149.60630000
47.88072814,-145.66930000
47.88173294,-145.66930000
47.88273774,-145.66930000
47.88374254,-145.66930000
47.88474734,-141.73230000
47.88575214,-149.60630000
47.88675694,-145.66930000
47.88776174,-145.66930000
47.88876654,-153.54330000
47.88977134,-145.66930000
47.89077614,-149.60630000
47.89178094,-153.54330000
47.89278574,-149.60630000
47.89379054,-145.66930000
47.89479534,-153.54330000
47.89580014,-145.66930000
47.89680494,-149.60630000
47.89780974,-149.60630000
47.89881454,-149.60630000
47.89981934,-149.60630000
47.90082414,-145.66930000
47.90182894,-149.60630000
47.90283374,-149.60630000
47.90383854,-145.66930000
47.90484334,-157.48030000
47.90584814,-137.79530000
47.90685294,-161.41730000
47.90785774,-153.54330000
47.90886254,-145.66930000
47.90986734,-149.60630000
47.91087214,-149.60630000
47.91187694,-145.66930000
47.91288174,-149.60630000
47.91388654,-145.66930000
47.91489134,-145.66930000
47.91589614,-145.66930000
47.91690094,-137.79530000
47.91790574,-141.73230000
47.91891054,-145.66930000
47.91991534,-145.66930000
47.92092014,-141.73230000
47.92192494,-149.60630000
47.92292974,-149.60630000
47.92393454,-149.60630000
47.92493934,-141.73230000
47.92594414,-141.73230000
47.92694894,-141.73230000
47.92795374,-141.73230000
47.92895854,-145.66930000
47.92996334,-145.66930000
47.93096814,-141.73230000
47.93197294,-141.73230000
47.93297774,-145.66930000
47.93398254,-145.66930000
47.93498734,-149.60630000
47.93599214,-149.60630000
47.93699694,-157.48030000
47.93800174,-153.54330000
47.93900654,-149.60630000
47.94001134,-149.60630000
47.94101614,-145.66930000
47.94202094,-145.66930000
47.94302574,-145.66930000
47.94403054,-141.73230000
47.94503534,-141.73230000
47.94604014,-145.66930000
47.94704494,-145.66930000
47.94804974,-141.73230000
47.94905454,-149.60630000
47.95005934,-145.66930000
47.95106414,-137.79530000
47.95206894,-145.66930000
47.95307374,-157.48030000
47.95407854,-149.60630000
47.95508334,-153.54330000
47.95608814,-133.85830000
47.95709294,-137.79530000
47.95809774,-145.66930000
47.95910254,-141.73230000
47.96010734,-153.54330000
47.96111214,-145.66930000
47.96211694,-145.66930000
47.96312174,-145.66930000
47.96412654,-141.73230000
47.96513134,-153.54330000
47.96613614,-149.60630000
47.96714094,-149.60630000
47.96814574,-149.60630000
47.96915054,-145.66930000
47.97015534,-149.60630000
47.97116014,-149.60630000
47.97216494,-157.48030000
47.97316974,-141.73230000
47.97417454,-145.66930000
47.97517934,-141.73230000
47.97618414,-141.73230000
47.97718894,-141.73230000
47.97819374,-145.66930000
47.97919854,-149.60630000
47.98020334,-145.66930000
47.98120814,-141.73230000
47.98221294,-145.66930000
47.98321774,-145.66930000
47.98422254,-141.73230000
47.98522734,-141.73230000
47.98623214,-145.66930000
47.98723694,-149.60630000
47.98824174,-149.60630000
47.98924654,-145.66930000
47.99025134,-141.73230000
47.99125614,-141.73230000
47.99226094,-149.60630000
47.99326574,-145.66930000
47.99427054,-145.66930000
47.99527534,-145.66930000
47.99628014,-145.66930000
47.99728494,-145.66930000
47.99828974,-157.48030000
47.99929454,-149.60630000
48.00029934,-149.60630000
48.00130414,-149.60630000
48.00230894,-149.60630000
48.00331374,-149.60630000
48.00431854,-153.54330000
48.00532334,-145.66930000
48.00632814,-145.66930000
48.00733294,-145.66930000
48.00833774,-145.66930000
48.00934254,-145.66930000
48.01034734,-137.79530000
48.01135214,-149.60630000
48.01235694,-141.73230000
48.01336174,-149.60630000
48.01436654,-141.73230000
48.01537134,-145.66930000
48.01637614,-141.73230000
48.01738094,-149.60630000
48.01838574,-145.66930000
48.01939054,-149.60630000
48.02039534,-145.66930000
48.02140014,-149.60630000
48.02240494,-149.60630000
48.02340974,-141.73230000
48.02441454,-149.60630000
48.02541934,-145.66930000
48.02642414,-145.66930000
48.02742894,-141.73230000
48.02843374,-137.79530000
48.02943854,-141.73230000
48.03044334,-157.48030000
48.03144814,-145.66930000
48.03245294,-149.60630000
48.03345774,-149.60630000
48.03446254,-145.66930000
48.03546734,-149.60630000
48.03647214,-149.60630000
48.03747694,-145.66930000
48.03848174,-137.79530000
48.03948654,-137.79530000
48.04049134,-141.73230000
48.04149614,-141.73230000
48.04250094,-141.73230000
48.04350574,-145.66930000
48.04451054,-141.73230000
48.04551534,-141.73230000
48.04652014,-141.73230000
48.04752494,-141.73230000
48.04852974,-141.73230000
48.04953454,-145.66930000
48.05053934,-145.66930000
48.05154414,-145.66930000
48.05254894,-145.66930000
48.05355374,-141.73230000
48.05455854,-141.73230000
48.05556334,-137.79530000
48.05656814,-141.73230000
48.05757294,-145.66930000
48.05857774,-145.66930000
48.05958254,-133.85830000
48.06058734,-149.60630000
48.06159214,-149.60630000
48.06259694,-145.66930000
48.06360174,-145.66930000
48.06460654,-137.79530000
48.06561134,-137.79530000
48.06661614,-145.66930000
48.06762094,-141.73230000
48.06862574,-145.66930000
48.06963054,-137.79530000
48.07063534,-145.66930000
48.07164014,-141.73230000
48.07264494,-141.73230000
48.07364974,-141.73230000
48.07465454,-145.66930000
48.07565934,-145.66930000
48.07666414,-137.79530000
48.07766894,-141.73230000
48.07867374,-141.73230000
48.07967854,-137.79530000
48.08068334,-145.66930000
48.08168814,-137.79530000
48.08269294,-141.73230000
48.08369774,-145.66930000
48.08470254,-145.66930000
48.08570734,-141.73230000
48.08671214,-141.73230000
48.08771694,-141.73230000
48.08872174,-137.79530000
48.08972654,-149.60630000
48.09073134,-149.60630000
48.09173614,-149.60630000
48.09274094,-145.66930000
48.09374574,-141.73230000
48.09475054,-145.66930000
48.09575534,-145.66930000
48.09676014,-137.79530000
48.09776494,-137.79530000
48.09876974,-137.79530000
48.09977454,-141.73230000
48.10077934,-141.73230000
48.10178414,-141.73230000
48.10278894,-141.73230000
48.10379374,-141.73230000
48.10479854,-141.73230000
48.10580334,-141.73230000
48.10680814,-137.79530000
48.10781294,-141.73230000
48.10881774,-141.73230000
48.10982254,-141.73230000
48.11082734,-141.73230000
48.11183214,-141.73230000
48.11283694,-137.79530000
48.11384174,-141.73230000
48.11484654,-137.79530000
48.11585134,-141.73230000
48.11685614,-141.73230000
48.11786094,-145.66930000
48.11886574,-141.73230000
48.11987054,-133.85830000
48.12087534,-149.60630000
48.12188014,-149.60630000
48.12288494,-145.66930000
48.12388974,-145.66930000
48.12489454,-141.73230000
48.12589934,-141.73230000
48.12690414,-137.79530000
48.12790894,-141.73230000
48.12891374,-137.79530000
48.12991854,-137.79530000
48.13092334,-133.85830000
48.13192814,-133.85830000
48.13293294,-145.66930000
48.13393774,-141.73230000
48.13494254,-141.73230000
48.13594734,-141.73230000
48.13695214,-141.73230000
48.13795694,-141.73230000
48.13896174,-141.73230000
48.13996654,-137.79530000
48.14097134,-137.79530000
48.14197614,-141.73230000
48.14298094,-137.79530000
48.14398574,-141.73230000
48.14499054,-149.60630000
48.14599534,-141.73230000
48.14700014,-137.79530000
48.14800494,-149.60630000
48.14900974,-149.60630000
48.15001454,-141.73230000
48.15101934,-137.79530000
48.15202414,-145.66930000
48.15302894,-153.54330000
48.15403374,-145.66930000
48.15503854,-145.66930000
48.15604334,-141.73230000
48.15704814,-137.79530000
48.15805294,-141.73230000
48.15905774,-137.79530000
48.16006254,-141.73230000
48.16106734,-145.66930000
48.16207214,-141.73230000
48.16307694,-137.79530000
48.16408174,-145.66930000
48.16508654,-137.79530000
48.16609134,-137.79530000
48.16709614,-141.73230000
48.16810094,-137.79530000
48.16910574,-133.85830000
48.17011054,-141.73230000
48.17111534,-137.79530000
48.17212014,-137.79530000
48.17312494,-137.79530000
48.17412974,-141.73230000
48.17513454,-137.79530000
48.17613934,-137.79530000
48.17714414,-133.85830000
48.17814894,-137.79530000
48.17915374,-133.85830000
48.18015854,-133.85830000
48.18116334,-141.73230000
48.18216814,-137.79530000
48.18317294,-149.60630000
48.18417774,-141.73230000
48.18518254,-133.85830000
48.18618733,-145.66930000
48.18719213,-137.79530000
48.18819693,-137.79530000
48.18920173,-137.79530000
48.19020653,-133.85830000
48.19121133,-133.85830000
48.19221613,-133.85830000
48.19322093,-137.79530000
48.19422573,-133.85830000
48.19523053,-129.92120000
48.19623533,-133.85830000
48.19724013,-137.79530000
48.19824493,-137.79530000
48.19924973,-141.73230000
48.20025453,-129.92120000
48.20125933,-137.79530000
48.20226413,-137.79530000
48.20326893,-133.85830000
48.20427373,-133.85830000
48.20527853,-137.79530000
48.20628333,-133.85830000
48.20728813,-133.85830000
48.20829293,-133.85830000
48.20929773,-137.79530000
48.21030253,-137.79530000
48.21130733,-137.79530000
48.21231213,-133.85830000
48.21331693,-145.66930000
48.21432173,-141.73230000
48.21532653,-141.73230000
48.21633133,-141.73230000
48.21733613,-133.85830000
48.21834093,-133.85830000
48.21934573,-129.92120000
48.22035053,-133.85830000
48.22135533,-137.79530000
48.22236013,-133.85830000
48.22336493,-125.98420000
48.22436973,-129.92120000
48.22537453,-133.85830000
48.22637933,-129.92120000
48.22738413,-129.92120000
48.22838893,-133.85830000
48.22939373,-133.85830000
48.23039853,-133.85830000
48.23140333,-137.79530000
48.23240813,-137.79530000
48.23341293,-129.92120000
48.23441773,-133.85830000
48.23542253,-133.85830000
48.23642733,-137.79530000
48.23743213,-137.79530000
48.23843693,-137.79530000
48.23944173,-129.92120000
48.24044653,-129.92120000
48.24145133,-129.92120000
48.24245613,-133.85830000
48.24346093,-133.85830000
48.24446573,-133.85830000
48.24547053,-145.66930000
48.24647533,-145.66930000
48.24748013,-141.73230000
48.24848493,-137.79530000
48.24948973,-137.79530000
48.25049453,-133.85830000
48.25149933,-129.92120000
48.25250413,-122.04720000
48.25350893,-129.92120000
48.25451373,-137.79530000
48.25551853,-125.98420000
48.25652333,-129.92120000
48.25752813,-129.92120000
48.25853293,-133.85830000
48.25953773,-129.92120000
48.26054253,-129.92120000
48.26154733,-145.66930000
48.26255213,-133.85830000
48.26355693,-137.79530000
48.26456173,-133.85830000
48.26556653,-129.92120000
48.26657133,-137.79530000
48.26757613,-133.85830000
48.26858093,-125.98420000
48.26958573,-133.85830000
48.27059053,-133.85830000
48.27159533,-133.85830000
48.27260013,-129.92120000
48.27360493,-129.92120000
48.27460973,-129.92120000
48.27561453,-149.60630000
48.27661933,-141.73230000
48.27762413,-141.73230000
48.27862893,-133.85830000
48.27963373,-141.73230000
48.28063853,-129.92120000
48.28164333,-129.92120000
48.28264813,-137.79530000
48.28365293,-129.92120000
48.28465773,-133.85830000
48.28566253,-133.85830000
48.28666733,-125.98420000
48.28767213,-133.85830000
48.28867693,-133.85830000
48.28968173,-133.85830000
48.29068653,-125.98420000
48.29169133,-129.92120000
48.29269613,-129.92120000
48.29370093,-133.85830000
48.29470573,-137.79530000
48.29571053,-137.79530000
48.29671533,-133.85830000
48.29772013,-129.92120000
48.29872493,-133.85830000
48.29972973,-133.85830000
48.30073453,-133.85830000
48.30173933,-133.85830000
48.30274413,-133.85830000
48.30374893,-129.92120000
48.30475373,-129.92120000
48.30575853,-133.85830000
48.30676333,-118.11020000
48.30776813,-129.92120000
48.30877293,-137.79530000
48.30977773,-129.92120000
48.31078253,-137.79530000
48.31178733,-137.79530000
48.31279213,-133.85830000
48.31379693,-133.85830000
48.31480173,-125.98420000
48.31580653,-129.92120000
48.31681133,-129.92120000
48.31781613,-125.98420000
48.31882093,-129.92120000
48.31982573,-125.98420000
48.32083053,-129.92120000
48.32183533,-125.98420000
48.32284013,-125.98420000
48.32384493,-125.98420000
48.32484973,-129.92120000
48.32585453,-125.98420000
48.32685933,-125.98420000
48.32786413,-129.92120000
48.32886893,-129.92120000
48.32987373,-129.92120000
48.33087853,-122.04720000
48.33188333,-125.98420000
48.33288813,-133.85830000
48.33389293,-129.92120000
48.33489773,-129.92120000
48.33590253,-129.92120000
48.33690733,-133.85830000
48.33791213,-133.85830000
48.33891693,-137.79530000
48.33992173,-129.92120000
48.34092653,-129.92120000
48.34193133,-125.98420000
48.34293613,-125.98420000
48.34394093,-129.92120000
48.34494573,-125.98420000
48.34595053,-122.04720000
48.34695533,-129.92120000
48.34796013,-125.98420000
48.34896493,-129.92120000
48.34996973,-129.92120000
48.35097453,-129.92120000
48.35197933,-125.98420000
48.35298413,-125.98420000
48.35398893,-122.04720000
48.35499373,-129.92120000
48.35599853,-129.92120000
48.35700333,-125.98420000
48.35800813,-125.98420000
48.35901293,-137.79530000
48.36001773,-133.85830000
48.36102253,-129.92120000
48.36202733,-110.23620000
48.36303213,-129.92120000
48.36403693,-125.98420000
48.36504173,-129.92120000
48.36604653,-125.98420000
48.36705133,-122.04720000
48.36805613,-125.98420000
48.36906093,-129.92120000
48.37006573,-129.92120000
48.37107053,-129.92120000
48.37207533,-129.92120000
48.37308013,-122.04720000
48.37408493,-122.04720000
48.37508973,-122.04720000
48.37609453,-129.92120000
48.37709933,-129.92120000
48.37810413,-129.92120000
48.37910893,-125.98420000
48.38011373,-118.11020000
48.38111853,-125.98420000
48.38212333,-125.98420000
48.38312813,-122.04720000
48.38413293,-125.98420000
48.38513773,-125.98420000
48.38614253,-122.04720000
48.38714733,-125.98420000
48.38815213,-125.98420000
48.38915693,-125.98420000
48.39016173,-125.98420000
48.39116653,-122.04720000
48.39217133,-129.92120000
48.39317613,-122.04720000
48.39418093,-122.04720000
48.39518573,-125.98420000
48.39619053,-122.04720000
48.39719533,-129.92120000
48.39820013,-125.98420000
48.39920493,-141.73230000
48.40020973,-129.92120000
48.40121453,-129.92120000
48.40221933,-125.98420000
48.40322413,-129.92120000
48.40422893,-129.92120000
48.40523373,-122.04720000
48.40623853,-118.11020000
48.40724333,-122.04720000
48.40824813,-125.98420000
48.40925293,-129.92120000
48.41025773,-122.04720000
48.41126253,-118.11020000
48.41226733,-122.04720000
48.41327213,-122.04720000
48.41427693,-122.04720000
48.41528173,-122.04720000
48.41628653,-118.11020000
48.41729133,-122.04720000
48.41829613,-122.04720000
48.41930093,-122.04720000
48.42030573,-125.98420000
48.42131053,-122.04720000
48.42231533,-122.04720000
48.42332013,-118.11020000
48.42432493,-125.98420000
48.42532973,-125.98420000
48.42633453,-125.98420000
48.42733933,-118.11020000
48.42834413,-125.98420000
48.42934893,-125.98420000
48.43035373,-129.92120000
48.43135853,-133.85830000
48.43236333,-125.98420000
48.43336813,-118.11020000
48.43437293,-122.04720000
48.43537773,-125.98420000
48.43638253,-122.04720000
48.43738733,-122.04720000
48.43839213,-122.04720000
48.43939693,-118.11020000
48.44040173,-122.04720000
48.44140653,-129.92120000
48.44241133,-122.04720000
48.44341613,-118.11020000
48.44442093,-125.98420000
48.44542573,-122.04720000
48.44643053,-122.04720000
48.44743533,-125.98420000
48.44844013,-125.98420000
48.44944493,-122.04720000
48.45044973,-122.04720000
48.45145453,-125.98420000
48.45245933,-118.11020000
48.45346413,-122.04720000
48.45446893,-125.98420000
48.45547373,-122.04720000
48.45647853,-137.79530000
48.45748333,-129.92120000
48.45848813,-122.04720000
48.45949293,-106.29920000
48.46049773,-114.17320000
48.46150253,-125.98420000
48.46250733,-129.92120000
48.46351213,-125.98420000
48.46451693,-125.98420000
48.46552173,-125.98420000
48.46652653,-125.98420000
48.46753133,-122.04720000
48.46853613,-122.04720000
48.46954093,-129.92120000
48.47054573,-118.11020000
48.47155053,-114.17320000
48.47255533,-118.11020000
48.47356013,-125.98420000
48.47456493,-118.11020000
48.47556973,-122.04720000
48.47657453,-122.04720000
48.47757933,-118.11020000
48.47858413,-125.98420000
48.47958893,-118.11020000
48.48059373,-122.04720000
48.48159853,-122.04720000
48.48260333,-125.98420000
48.48360813,-122.04720000
48.48461293,-118.11020000
48.48561773,-118.11020000
48.48662253,-118.11020000
48.48762733,-122.04720000
48.48863213,-122.04720000
48.48963693,-125.98420000
48.49064173,-125.98420000
48.49164653,-125.98420000
48.49265133,-133.85830000
48.49365613,-125.98420000
48.49466093,-122.04720000
48.49566573,-125.98420000
48.49667053,-125.98420000
48.49767533,-118.11020000
48.49868013,-118.11020000
48.49968493,-122.04720000
48.50068973,-118.11020000
48.50169453,-118.11020000
48.50269933,-118.11020000
48.50370413,-114.17320000
48.50470893,-122.04720000
48.50571373,-125.98420000
48.50671853,-122.04720000
48.50772333,-118.11020000
48.50872813,-118.11020000
48.50973293,-118.11020000
48.51073773,-122.04720000
48.51174253,-122.04720000
48.51274733,-122.04720000
48.51375213,-122.04720000
48.51475692,-118.11020000
48.51576172,-118.11020000
48.51676652,-118.11020000
48.51777132,-122.04720000
48.51877612,-118.11020000
48.51978092,-118.11020000
48.52078572,-125.98420000
48.52179052,-122.04720000
48.52279532,-137.79530000
48.52380012,-125.98420000
48.52480492,-125.98420000
48.52580972,-125.98420000
48.52681452,-122.04720000
48.52781932,-122.04720000
48.52882412,-118.11020000
48.52982892,-114.17320000
48.53083372,-122.04720000
48.53183852,-118.11020000
48.53284332,-118.11020000
48.53384812,-122.04720000
48.53485292,-118.11020000
48.53585772,-118.11020000
48.53686252,-118.11020000
48.53786732,-118.11020000
48.53887212,-122.04720000
48.53987692,-122.04720000
48.54088172,-118.11020000
48.54188652,-114.17320000
48.54289132,-118.11020000
48.54389612,-122.04720000
48.54490092,-118.11020000
48.54590572,-125.98420000
48.54691052,-118.11020000
48.54791532,-122.04720000
48.54892012,-118.11020000
48.54992492,-118.11020000
48.55092972,-118.11020000
48.55193452,-125.98420000
48.55293932,-129.92120000
48.55394412,-129.92120000
48.55494892,-125.98420000
48.55595372,-129.92120000
48.55695852,-118.11020000
48.55796332,-118.11020000
48.55896812,-110.23620000
48.55997292,-122.04720000
48.56097772,-118.11020000
48.56198252,-114.17320000
48.56298732,-110.23620000
48.56399212,-122.04720000
48.56499692,-122.04720000
48.56600172,-118.11020000
48.56700652,-118.11020000
48.56801132,-118.11020000
48.56901612,-122.04720000
48.57002092,-122.04720000
48.57102572,-122.04720000
48.57203052,-118.11020000
48.57303532,-122.04720000
48.57404012,-118.11020000
48.57504492,-118.11020000
48.57604972,-118.11020000
48.57705452,-118.11020000
48.57805932,-118.11020000
48.57906412,-114.17320000
48.58006892,-114.17320000
48.58107372,-114.17320000
48.58207852,-114.17320000
48.58308332,-125.98420000
48.58408812,-118.11020000
48.58509292,-125.98420000
48.58609772,-118.11020000
48.58710252,-125.98420000
48.58810732,-122.04720000
48.58911212,-118.11020000
48.59011692,-114.17320000
48.59112172,-118.11020000
48.59212652,-114.17320000
48.59313132,-118.11020000
48.59413612,-114.17320000
48.59514092,-118.11020000
48.59614572,-118.11020000
48.59715052,-118.11020000
48.59815532,-118.11020000
48.59916012,-118.11020000
48.60016492,-114.17320000
48.60116972,-114.17320000
48.60217452,-118.11020000
48.60317932,-118.11020000
48.60418412,-118.11020000
48.60518892,-122.04720000
48.60619372,-114.17320000
48.60719852,-118.11020000
48.60820332,-118.11020000
48.60920812,-118.11020000
48.61021292,-114.17320000
48.61121772,-114.17320000
48.61222252,-122.04720000
48.61322732,-114.17320000
48.61423212,-114.17320000
48.61523692,-118.11020000
48.61624172,-118.11020000
48.61724652,-118.11020000
48.61825132,-118.11020000
48.61925612,-122.04720000
48.62026092,-122.04720000
48.62126572,-118.11020000
48.62227052,-110.23620000
48.62327532,-114.17320000
48.62428012,-118.11020000
48.62528492,-118.11020000
48.62628972,-114.17320000
48.62729452,-114.17320000
48.62829932,-114.17320000
48.62930412,-114.17320000
48.63030892,-110.23620000
48.63131372,-118.11020000
48.63231852,-118.11020000
48.63332332,-122.04720000
48.63432812,-118.11020000
48.63533292,-118.11020000
48.63633772,-122.04720000
48.63734252,-118.11020000
48.63834732,-114.17320000
48.63935212,-118.11020000
48.64035692,-118.11020000
48.64136172,-118.11020000
48.64236652,-114.17320000
48.64337132,-122.04720000
48.64437612,-118.11020000
48.64538092,-118.11020000
48.64638572,-114.17320000
48.64739052,-125.98420000
48.64839532,-122.04720000
48.64940012,-118.11020000
48.65040492,-118.11020000
48.65140972,-118.11020000
48.65241452,-118.11020000
48.65341932,-118.11020000
48.65442412,-106.29920000
48.65542892,-110.23620000
48.65643372,-110.23620000
48.65743852,-118.11020000
48.65844332,-114.17320000
48.65944812,-114.17320000
48.66045292,-118.11020000
48.66145772,-114.17320000
48.66246252,-118.11020000
48.66346732,-114.17320000
48.66447212,-110.23620000
48.66547692,-114.17320000
48.66648172,-118.11020000
48.66748652,-118.11020000
48.66849132,-118.11020000
48.66949612,-114.17320000
48.67050092,-118.11020000
48.67150572,-118.11020000
48.67251052,-114.17320000
48.67351532,-114.17320000
48.67452012,-118.11020000
48.67552492,-110.23620000
48.67652972,-122.04720000
48.67753452,-110.23620000
48.67853932,-118.11020000
48.67954412,-118.11020000
48.68054892,-114.17320000
48.68155372,-110.23620000
48.68255852,-110.23620000
48.68356332,-110.23620000
48.68456812,-118.11020000
48.68557292,-114.17320000
48.68657772,-114.17320000
48.68758252,-110.23620000
48.68858732,-110.23620000
48.68959212,-114.17320000
48.69059692,-110.23620000
48.69160172,-118.11020000
48.69260652,-114.17320000
48.69361132,-114.17320000
48.69461612,-110.23620000
48.69562092,-110.23620000
48.69662572,-114.17320000
48.69763052,-114.17320000
48.69863532,-114.17320000
48.69964012,-114.17320000
48.70064492,-122.04720000
48.70164972,-114.17320000
48.70265452,-110.23620000
48.70365932,-118.11020000
48.70466412,-118.11020000
48.70566892,-114.17320000
48.70667372,-125.98420000
48.70767852,-122.04720000
48.70868332,-114.17320000
48.70968812,-118.11020000
48.71069292,-114.17320000
48.71169772,-110.23620000
48.71270252,-106.29920000
48.71370732,-106.29920000
48.71471212,-110.23620000
48.71571692,-106.29920000
48.71672172,-122.04720000
48.71772652,-110.23620000
48.71873132,-114.17320000
48.71973612,-114.17320000
48.72074092,-110.23620000
48.72174572,-106.29920000
48.72275052,-110.23620000
48.72375532,-118.11020000
48.72476012,-110.23620000
48.72576492,-118.11020000
48.72676972,-114.17320000
48.72777452,-110.23620000
48.72877932,-114.17320000
48.72978412,-114.17320000
48.73078892,-106.29920000
48.73179372,-110.23620000
48.73279852,-110.23620000
48.73380332,-118.11020000
48.73480812,-110.23620000
48.73581292,-110.23620000
48.73681772,-114.17320000
48.73782252,-110.23620000
48.73882732,-110.23620000
48.73983212,-114.17320000
48.74083692,-114.17320000
48.74184172,-114.17320000
48.74284652,-110.23620000
48.74385132,-106.29920000
48.74485612,-106.29920000
48.74586092,-110.23620000
48.74686572,-110.23620000
48.74787052,-106.29920000
48.74887532,-114.17320000
48.74988012,-110.23620000
48.75088492,-110.23620000
48.75188972,-110.23620000
48.75289452,-114.17320000
48.75389932,-110.23620000
48.75490412,-110.23620000
48.75590892,-110.23620000
48.75691372,-110.23620000
48.75791852,-110.23620000
48.75892332,-110.23620000
48.75992812,-110.23620000
48.76093292,-110.23620000
48.76193772,-110.23620000
48.76294252,-114.17320000
48.76394732,-110.23620000
48.76495212,-114.17320000
48.76595692,-114.17320000
48.76696172,-110.23620000
48.76796652,-114.17320000
48.76897132,-122.04720000
48.76997612,-114.17320000
48.77098092,-114.17320000
48.77198572,-110.23620000
48.77299052,-114.17320000
48.77399532,-110.23620000
48.77500012,-114.17320000
48.77600492,-110.23620000
48.77700972,-110.23620000
48.77801452,-110.23620000
48.77901932,-106.29920000
48.78002412,-110.23620000
48.78102892,-110.23620000
48.78203372,-114.17320000
48.78303852,-114.17320000
48.78404332,-114.17320000
48.78504812,-110.23620000
48.78605292,-118.11020000
48.78705772,-114.17320000
48.78806252,-118.11020000
48.78906732,-114.17320000
48.79007212,-110.23620000
48.79107692,-110.23620000
48.79208172,-110.23620000
48.79308652,-114.17320000
48.79409132,-110.23620000
48.79509612,-110.23620000
48.79610092,-110.23620000
48.79710572,-114.17320000
48.79811052,-114.17320000
48.79911532,-125.98420000
48.80012012,-118.11020000
48.80112492,-118.11020000
48.80212972,-114.17320000
48.80313452,-114.17320000
48.80413932,-114.17320000
48.80514412,-110.23620000
48.80614892,-110.23620000
48.80715372,-106.29920000
48.80815852,-106.29920000
48.80916332,-110.23620000
48.81016812,-110.23620000
48.81117292,-106.29920000
48.81217772,-102.36220000
48.81318252,-114.17320000
48.81418732,-110.23620000
48.81519212,-114.17320000
48.81619692,-114.17320000
48.81720172,-110.23620000
48.81820652,-106.29920000
48.81921132,-114.17320000
48.82021612,-118.11020000
48.82122092,-110.23620000
48.82222572,-114.17320000
48.82323052,-114.17320000
48.82423532,-114.17320000
48.82524012,-110.23620000
48.82624492,-110.23620000
48.82724972,-114.17320000
48.82825452,-110.23620000
48.82925932,-110.23620000
48.83026412,-106.29920000
48.83126892,-118.11020000
48.83227372,-122.04720000
48.83327852,-118.11020000
48.83428332,-110.23620000
48.83528812,-114.17320000
48.83629292,-106.29920000
48.83729772,-110.23620000
48.83830252,-110.23620000
48.83930732,-110.23620000
48.84031212,-110.23620000
48.84131692,-110.23620000
48.84232172,-106.29920000
48.84332651,-114.17320000
48.84433131,-106.29920000
48.84533611,-110.23620000
48.84634091,-110.23620000
48.84734571,-114.17320000
48.84835051,-114.17320000
48.84935531,-110.23620000
48.85036011,-110.23620000
48.85136491,-110.23620000
48.85236971,-106.29920000
48.85337451,-110.23620000
48.85437931,-110.23620000
48.85538411,-106.29920000
48.85638891,-114.17320000
48.85739371,-106.29920000
48.85839851,-102.36220000
48.85940331,-110.23620000
48.86040811,-110.23620000
48.86141291,-118.11020000
48.86241771,-125.98420000
48.86342251,-118.11020000
48.86442731,-114.17320000
48.86543211,-110.23620000
48.86643691,-110.23620000
48.86744171,-110.23620000
48.86844651,-106.29920000
48.86945131,-106.29920000
48.87045611,-102.36220000
48.87146091,-102.36220000
48.87246571,-110.23620000
48.87347051,-110.23620000
48.87447531,-110.23620000
48.87548011,-106.29920000
48.87648491,-110.23620000
48.87748971,-114.17320000
48.87849451,-106.29920000
48.87949931,-114.17320000
48.88050411,-106.29920000
48.88150891,-114.17320000
48.88251371,-110.23620000
48.88351851,-106.29920000
48.88452331,-110.23620000
48.88552811,-110.23620000
48.88653291,-114.17320000
48.88753771,-110.23620000
48.88854251,-110.23620000
48.88954731,-110.23620000
48.89055211,-110.23620000
48.89155691,-122.04720000
48.89256171,-114.17320000
48.89356651,-110.23620000
48.89457131,-106.29920000
48.89557611,-114.17320000
48.89658091,-106.29920000
48.89758571,-106.29920000
48.89859051,-106.29920000
48.89959531,-106.29920000
48.90060011,-110.23620000
48.90160491,-118.11020000
48.90260971,-106.29920000
48.90361451,-102.36220000
48.90461931,-106.29920000
48.90562411,-114.17320000
48.90662891,-110.23620000
48.90763371,-110.23620000
48.90863851,-102.36220000
48.90964331,-106.29920000
48.91064811,-110.23620000
48.91165291,-110.23620000
48.91265771,-110.23620000
48.91366251,-114.17320000
48.91466731,-110.23620000
48.91567211,-106.29920000
48.91667691,-110.23620000
48.91768171,-106.29920000
48.91868651,-114.17320000
48.91969131,-106.29920000
48.92069611,-106.29920000
48.92170091,-90.55118000
48.92270571,-114.17320000
48.92371051,-114.17320000
48.92471531,-110.23620000
48.92572011,-110.23620000
48.92672491,-110.23620000
48.92772971,-110.23620000
48.92873451,-106.29920000
48.92973931,-106.29920000
48.93074411,-106.29920000
48.93174891,-106.29920000
48.93275371,-110.23620000
48.93375851,-110.23620000
48.93476331,-106.29920000
48.93576811,-114.17320000
48.93677291,-110.23620000
48.93777771,-106.29920000
48.93878251,-106.29920000
48.93978731,-114.17320000
48.94079211,-110.23620000
48.94179691,-114.17320000
48.94280171,-110.23620000
48.94380651,-106.29920000
48.94481131,-118.11020000
48.94581611,-114.17320000
48.94682091,-110.23620000
48.94782571,-110.23620000
48.94883051,-114.17320000
48.94983531,-114.17320000
48.95084011,-110.23620000
48.95184491,-114.17320000
48.95284971,-122.04720000
48.95385451,-118.11020000
48.95485931,-118.11020000
48.95586411,-118.11020000
48.95686891,-114.17320000
48.95787371,-118.11020000
48.95887851,-110.23620000
48.95988331,-125.98420000
48.96088811,-114.17320000
48.96189291,-114.17320000
48.96289771,-90.55118000
48.96390251,-110.23620000
48.96490731,-110.23620000
48.96591211,-114.17320000
48.96691691,-110.23620000
48.96792171,-110.23620000
48.96892651,-110.23620000
48.96993131,-118.11020000
48.97093611,-114.17320000
48.97194091,-110.23620000
48.97294571,-114.17320000
48.97395051,-114.17320000
48.97495531,-114.17320000
48.97596011,-114.17320000
48.97696491,-114.17320000
48.97796971,-114.17320000
48.97897451,-110.23620000
48.97997931,-114.17320000
48.98098411,-114.17320000
48.98198891,-114.17320000
48.98299371,-118.11020000
48.98399851,-114.17320000
48.98500331,-114.17320000
48.98600811,-122.04720000
48.98701291,-118.11020000
48.98801771,-118.11020000
48.98902251,-114.17320000
48.99002731,-118.11020000
48.99103211,-114.17320000
48.99203691,-114.17320000
48.99304171,-118.11020000
48.99404651,-122.04720000
48.99505131,-122.04720000
48.99605611,-114.17320000
48.99706091,-114.17320000
48.99806571,-118.11020000
48.99907051,-114.17320000
49.00007531,-118.11020000
49.00108011,-114.17320000
49.00208491,-118.11020000
49.00308971,-114.17320000
49.00409451,-114.17320000
49.00509931,-114.17320000
49.00610411,-114.17320000
49.00710891,-118.11020000
49.00811371,-114.17320000
49.00911851,-114.17320000
49.01012331,-114.17320000
49.01112811,-114.17320000
49.01213291,-118.11020000
49.01313771,-118.11020000
49.01414251,-118.11020000
49.01514731,-125.98420000
49.01615211,-118.11020000
49.01715691,-118.11020000
49.01816171,-122.04720000
49.01916651,-118.11020000
49.02017131,-110.23620000
49.02117611,-114.17320000
49.02218091,-114.17320000
49.02318571,-110.23620000
49.02419051,-110.23620000
49.02519531,-114.17320000
49.02620011,-110.23620000
49.02720491,-114.17320000
49.02820971,-118.11020000
49.02921451,-114.17320000
49.03021931,-114.17320000
49.03122411,-118.11020000
49.03222891,-110.23620000
49.03323371,-118.11020000
49.03423851,-122.04720000
49.03524331,-118.11020000
49.03624811,-110.23620000
49.03725291,-114.17320000
49.03825771,-118.11020000
49.03926251,-118.11020000
49.04026731,-118.11020000
49.04127211,-122.04720000
49.04227691,-114.17320000
49.04328171,-106.29920000
49.04428651,-125.98420000
49.04529131,-118.11020000
49.04629611,-118.11020000
49.04730091,-118.11020000
49.04830571,-114.17320000
49.04931051,-118.11020000
49.05031531,-118.11020000
49.05132011,-114.17320000
49.05232491,-118.11020000
49.05332971,-114.17320000
49.05433451,-114.17320000
49.05533931,-114.17320000
49.05634411,-118.11020000
49.05734891,-129.92120000
49.05835371,-118.11020000
49.05935851,-118.11020000
49.06036331,-98.42519000
49.06136811,-114.17320000
49.06237291,-114.17320000
49.06337771,-114.17320000
49.06438251,-114.17320000
49.06538731,-118.11020000
49.06639211,-118.11020000
49.06739691,-118.11020000
49.06840171,-118.11020000
49.06940651,-118.11020000
49.07041131,-114.17320000
49.07141611,-114.17320000
49.07242091,-114.17320000
49.07342571,-114.17320000
49.07443051,-118.11020000
49.07543531,-118.11020000
49.07644011,-122.04720000
49.07744491,-122.04720000
49.07844971,-122.04720000
49.07945451,-122.04720000
49.08045931,-125.98420000
49.08146411,-118.11020000
49.08246891,-122.04720000
49.08347371,-114.17320000
49.08447851,-118.11020000
49.08548331,-114.17320000
49.08648811,-122.04720000
49.08749291,-114.17320000
49.08849771,-114.17320000
49.08950251,-114.17320000
49.09050731,-122.04720000
49.09151211,-118.11020000
49.09251691,-125.98420000
49.09352171,-114.17320000
49.09452651,-118.11020000
49.09553131,-118.11020000
49.09653611,-118.11020000
49.09754091,-118.11020000
49.09854571,-118.11020000
49.09955051,-118.11020000
49.10055531,-118.11020000
49.10156011,-114.17320000
49.10256491,-122.04720000
49.10356971,-122.04720000
49.10457451,-118.11020000
49.10557931,-118.11020000
49.10658411,-118.11020000
49.10758891,-122.04720000
49.10859371,-122.04720000
49.10959851,-122.04720000
49.11060331,-122.04720000
49.11160811,-118.11020000
49.11261291,-118.11020000
49.11361771,-118.11020000
49.11462251,-114.17320000
49.11562731,-125.98420000
49.11663211,-125.98420000
49.11763691,-122.04720000
49.11864171,-118.11020000
49.11964651,-118.11020000
49.12065131,-114.17320000
49.12165611,-118.11020000
49.12266091,-122.04720000
49.12366571,-118.11020000
49.12467051,-118.11020000
49.12567531,-118.11020000
49.12668011,-122.04720000
49.12768491,-118.11020000
49.12868971,-118.11020000
49.12969451,-122.04720000
49.13069931,-118.11020000
49.13170411,-114.17320000
49.13270891,-118.11020000
49.13371371,-118.11020000
49.13471851,-122.04720000
49.13572331,-122.04720000
49.13672811,-118.11020000
49.13773291,-118.11020000
49.13873771,-122.04720000
49.13974251,-125.98420000
49.14074731,-118.11020000
49.14175211,-114.17320000
49.14275691,-114.17320000
49.14376171,-122.04720000
49.14476651,-106.29920000
49.14577131,-118.11020000
49.14677611,-114.17320000
49.14778091,-125.98420000
49.14878571,-125.98420000
49.14979051,-122.04720000
49.15079531,-122.04720000
49.15180011,-122.04720000
49.15280491,-118.11020000
49.15380971,-114.17320000
49.15481451,-125.98420000
49.15581931,-122.04720000
49.15682411,-118.11020000
49.15782891,-110.23620000
49.15883371,-118.11020000
49.15983851,-118.11020000
49.16084331,-118.11020000
49.16184811,-118.11020000
49.16285291,-114.17320000
49.16385771,-114.17320000
49.16486251,-118.11020000
49.16586731,-114.17320000
49.16687211,-118.11020000
49.16787691,-122.04720000
49.16888171,-114.17320000
49.16988651,-118.11020000
49.17089131,-118.11020000
49.17189611,-118.11020000
49.17290090,-122.04720000
49.17390570,-118.11020000
49.17491050,-118.11020000
49.17591530,-118.11020000
49.17692010,-125.98420000
49.17792490,-122.04720000
49.17892970,-118.11020000
49.17993450,-118.11020000
49.18093930,-118.11020000
49.18194410,-118.11020000
49.18294890,-114.17320000
49.18395370,-118.11020000
49.18495850,-114.17320000
49.18596330,-114.17320000
49.18696810,-118.11020000
49.18797290,-114.17320000
49.18897770,-125.98420000
49.18998250,-118.11020000
49.19098730,-118.11020000
49.19199210,-110.23620000
49.19299690,-114.17320000
49.19400170,-118.11020000
49.19500650,-114.17320000
49.19601130,-118.11020000
49.19701610,-114.17320000
49.19802090,-118.11020000
49.19902570,-118.11020000
49.20003050,-118.11020000
49.20103530,-118.11020000
49.20204010,-114.17320000
49.20304490,-102.36220000
49.20404970,-118.11020000
49.20505450,-114.17320000
49.20605930,-102.36220000
49.20706410,-118.11020000
49.20806890,-118.11020000
49.20907370,-118.11020000
49.21007850,-114.17320000
49.21108330,-118.11020000
49.21208810,-114.17320000
49.21309290,-110.23620000
49.21409770,-114.17320000
49.21510250,-110.23620000
49.21610730,-110.23620000
49.21711210,-114.17320000
49.21811690,-110.23620000
49.21912170,-110.23620000
49.22012650,-118.11020000
49.22113130,-114.17320000
49.22213610,-118.11020000
49.22314090,-118.11020000
49.22414570,-114.17320000
49.22515050,-114.17320000
49.22615530,-114.17320000
49.22716010,-114.17320000
49.22816490,-114.17320000
49.22916970,-114.17320000
49.23017450,-114.17320000
49.23117930,-118.11020000
49.23218410,-114.17320000
49.23318890,-118.11020000
49.23419370,-114.17320000
49.23519850,-114.17320000
49.23620330,-118.11020000
49.23720810,-118.11020000
49.23821290,-122.04720000
49.23921770,-122.04720000
49.24022250,-106.29920000
49.24122730,-114.17320000
49.24223210,-118.11020000
49.24323690,-118.11020000
49.24424170,-122.04720000
49.24524650,-118.11020000
49.24625130,-122.04720000
49.24725610,-114.17320000
49.24826090,-114.17320000
49.24926570,-110.23620000
49.25027050,-110.23620000
49.25127530,-118.11020000
49.25228010,-118.11020000
49.25328490,-110.23620000
49.25428970,-118.11020000
49.25529450,-110.23620000
49.25629930,-114.17320000
49.25730410,-114.17320000
49.25830890,-114.17320000
49.25931370,-114.17320000
49.26031850,-118.11020000
49.26132330,-114.17320000
49.26232810,-114.17320000
49.26333290,-118.11020000
49.26433770,-114.17320000
49.26534250,-114.17320000
49.26634730,-114.17320000
49.26735210,-110.23620000
49.26835690,-110.23620000
49.26936170,-118.11020000
49.27036650,-118.11020000
49.27137130,-118.11020000
49.27237610,-114.17320000
49.27338090,-110.23620000
49.27438570,-118.11020000
49.27539050,-125.98420000
49.27639530,-122.04720000
49.27740010,-118.11020000
49.27840490,-118.11020000
49.27940970,-114.17320000
49.28041450,-110.23620000
49.28141930,-110.23620000
49.28242410,-110.23620000
49.28342890,-110.23620000
49.28443370,-110.23620000
49.28543850,-118.11020000
49.28644330,-114.17320000
49.28744810,-110.23620000
49.28845290,-110.23620000
49.28945770,-114.17320000
49.29046250,-110.23620000
49.29146730,-114.17320000
49.29247210,-114.17320000
49.29347690,-110.23620000
49.29448170,-110.23620000
49.29548650,-114.17320000
49.29649130,-110.23620000
49.29749610,-114.17320000
49.29850090,-114.17320000
49.29950570,-114.17320000
49.30051050,-110.23620000
49.30151530,-122.04720000
49.30252010,-114.17320000
49.30352490,-118.11020000
49.30452970,-98.42519000
49.30553450,-118.11020000
49.30653930,-122.04720000
49.30754410,-118.11020000
49.30854890,-122.04720000
49.30955370,-118.11020000
49.31055850,-114.17320000
49.31156330,-118.11020000
49.31256810,-114.17320000
49.31357290,-110.23620000
49.31457770,-118.11020000
49.31558250,-110.23620000
49.31658730,-122.04720000
49.31759210,-122.04720000
49.31859690,-125.98420000
49.31960170,-122.04720000
49.32060650,-122.04720000
49.32161130,-118.11020000
49.32261610,-122.04720000
49.32362090,-118.11020000
49.32462570,-122.04720000
49.32563050,-122.04720000
49.32663530,-122.04720000
49.32764010,-125.98420000
49.32864490,-118.11020000
49.32964970,-122.04720000
49.33065450,-122.04720000
49.33165930,-122.04720000
49.33266410,-118.11020000
49.33366890,-114.17320000
49.33467370,-118.11020000
49.33567850,-122.04720000
49.33668330,-118.11020000
49.33768810,-114.17320000
49.33869290,-118.11020000
49.33969770,-122.04720000
49.34070250,-122.04720000
49.34170730,-118.11020000
49.34271210,-114.17320000
49.34371690,-114.17320000
49.34472170,-106.29920000
49.34572650,-110.23620000
49.34673130,-110.23620000
49.34773610,-106.29920000
49.34874090,-102.36220000
49.34974570,-106.29920000
49.35075050,-106.29920000
49.35175530,-106.29920000
49.35276010,-98.42519000
49.35376490,-106.29920000
49.35476970,-102.36220000
49.35577450,-106.29920000
49.35677930,-102.36220000
49.35778410,-102.36220000
49.35878890,-106.29920000
49.35979370,-106.29920000
49.36079850,-106.29920000
49.36180330,-106.29920000
49.36280810,-106.29920000
49.36381290,-98.42519000
49.36481770,-106.29920000
49.36582250,-114.17320000
49.36682730,-110.23620000
49.36783210,-106.29920000
49.36883690,-110.23620000
49.36984170,-106.29920000
49.37084650,-106.29920000
49.37185130,-118.11020000
49.37285610,-110.23620000
49.37386090,-114.17320000
49.37486570,-102.36220000
49.37587050,-118.11020000
49.37687530,-114.17320000
49.37788010,-118.11020000
49.37888490,-114.17320000
49.37988970,-110.23620000
49.38089450,-110.23620000
49.38189930,-106.29920000
49.38290410,-110.23620000
49.38390890,-118.11020000
49.38491370,-118.11020000
49.38591850,-106.29920000
49.38692330,-110.23620000
49.38792810,-114.17320000
49.38893290,-114.17320000
49.38993770,-110.23620000
49.39094250,-114.17320000
49.39194730,-110.23620000
49.39295210,-110.23620000
49.39395690,-114.17320000
49.39496170,-114.17320000
49.39596650,-106.29920000
49.39697130,-110.23620000
49.39797610,-110.23620000
49.39898090,-114.17320000
49.39998570,-114.17320000
49.40099050,-110.23620000
49.40199530,-102.36220000
49.40300010,-106.29920000
49.40400490,-110.23620000
49.40500970,-106.29920000
49.40601450,-110.23620000
49.40701930,-106.29920000
49.40802410,-106.29920000
49.40902890,-106.29920000
49.41003370,-118.11020000
49.41103850,-110.23620000
49.41204330,-106.29920000
49.41304810,-110.23620000
49.41405290,-110.23620000
49.41505770,-106.29920000
49.41606250,-110.23620000
49.41706730,-102.36220000
49.41807210,-106.29920000
49.41907690,-110.23620000
49.42008170,-102.36220000
49.42108650,-102.36220000
49.42209130,-102.36220000
49.42309610,-110.23620000
49.42410090,-114.17320000
49.42510570,-110.23620000
49.42611050,-106.29920000
49.42711530,-106.29920000
49.42812010,-102.36220000
49.42912490,-106.29920000
49.43012970,-106.29920000
49.43113450,-106.29920000
49.43213930,-110.23620000
49.43314410,-110.23620000
49.43414890,-110.23620000
49.43515370,-106.29920000
49.43615850,-110.23620000
49.43716330,-114.17320000
49.43816810,-110.23620000
49.43917290,-106.29920000
49.44017770,-106.29920000
49.44118250,-106.29920000
49.44218730,-102.36220000
49.44319210,-114.17320000
49.44419690,-114.17320000
49.44520170,-110.23620000
49.44620650,-110.23620000
49.44721130,-114.17320000
49.44821610,-106.29920000
49.44922090,-106.29920000
49.45022570,-106.29920000
49.45123050,-106.29920000
49.45223530,-106.29920000
49.45324010,-106.29920000
49.45424490,-102.36220000
49.45524970,-106.29920000
49.45625450,-106.29920000
49.45725930,-110.23620000
49.45826410,-106.29920000
49.45926890,-106.29920000
49.46027370,-106.29920000
49.46127850,-102.36220000
49.46228330,-106.29920000
49.46328810,-122.04720000
49.46429290,-114.17320000
49.46529770,-114.17320000
49.46630250,-90.55118000
49.46730730,-110.23620000
49.46831210,-110.23620000
49.46931690,-106.29920000
49.47032170,-106.29920000
49.47132650,-110.23620000
49.47233130,-110.23620000
49.47333610,-110.23620000
49.47434090,-110.23620000
49.47534570,-106.29920000
49.47635050,-122.04720000
49.47735530,-118.11020000
49.47836010,-110.23620000
49.47936490,-110.23620000
49.48036970,-114.17320000
49.48137450,-110.23620000
49.48237930,-110.23620000
49.48338410,-106.29920000
49.48438890,-98.42519000
49.48539370,-106.29920000
49.48639850,-110.23620000
49.48740330,-106.29920000
49.48840810,-102.36220000
49.48941290,-106.29920000
49.49041770,-98.42519000
49.49142250,-106.29920000
49.49242730,-106.29920000
49.49343210,-106.29920000
49.49443690,-106.29920000
49.49544170,-102.36220000
49.49644650,-110.23620000
49.49745130,-114.17320000
49.49845610,-106.29920000
49.49946090,-110.23620000
49.50046570,-102.36220000
49.50147049,-106.29920000
49.50247529,-106.29920000
49.50348009,-106.29920000
49.50448489,-110.23620000
49.50548969,-102.36220000
49.50649449,-110.23620000
49.50749929,-114.17320000
49.50850409,-106.29920000
49.50950889,-110.23620000
49.51051369,-110.23620000
49.51151849,-106.29920000
49.51252329,-106.29920000
49.51352809,-106.29920000
49.51453289,-106.29920000
49.51553769,-102.36220000
49.51654249,-106.29920000
49.51754729,-106.29920000
49.51855209,-98.42519000
49.51955689,-102.36220000
49.52056169,-106.29920000
49.52156649,-106.29920000
49.52257129,-106.29920000
49.52357609,-106.29920000
49.52458089,-102.36220000
49.52558569,-106.29920000
49.52659049,-102.36220000
49.52759529,-102.36220000
49.52860009,-110.23620000
49.52960489,-106.29920000
49.53060969,-106.29920000
49.53161449,-98.42519000
49.53261929,-102.36220000
49.53362409,-102.36220000
49.53462889,-90.55118000
49.53563369,-106.29920000
49.53663849,-106.29920000
49.53764329,-106.29920000
49.53864809,-106.29920000
49.53965289,-106.29920000
49.54065769,-94.48818000
49.54166249,-98.42519000
49.54266729,-94.48818000
49.54367209,-90.55118000
49.54467689,-94.48818000
49.54568169,-98.42519000
49.54668649,-102.36220000
49.54769129,-98.42519000
49.54869609,-102.36220000
49.54970089,-94.48818000
49.55070569,-98.42519000
49.55171049,-98.42519000
49.55271529,-98.42519000
49.55372009,-102.36220000
49.55472489,-102.36220000
49.55572969,-98.42519000
49.55673449,-94.48818000
49.55773929,-98.42519000
49.55874409,-98.42519000
49.55974889,-98.42519000
49.56075369,-118.11020000
49.56175849,-106.29920000
49.56276329,-90.55118000
49.56376809,-82.67715000
49.56477289,-102.36220000
49.56577769,-102.36220000
49.56678249,-106.29920000
49.56778729,-106.29920000
49.56879209,-106.29920000
49.56979689,-98.42519000
49.57080169,-102.36220000
49.57180649,-102.36220000
49.57281129,-94.48818000
49.57381609,-98.42519000
49.57482089,-98.42519000
49.57582569,-98.42519000
49.57683049,-94.48818000
49.57783529,-102.36220000
49.57884009,-98.42519000
49.57984489,-98.42519000
49.58084969,-98.42519000
49.58185449,-102.36220000
49.58285929,-94.48818000
49.58386409,-98.42519000
49.58486889,-102.36220000
49.58587369,-94.48818000
49.58687849,-94.48818000
49.58788329,-102.36220000
49.58888809,-90.55118000
49.58989289,-94.48818000
49.59089769,-98.42519000
49.59190249,-90.55118000
49.59290729,-94.48818000
49.59391209,-102.36220000
49.59491689,-94.48818000
49.59592169,-94.48818000
49.59692649,-98.42519000
49.59793129,-90.55118000
49.59893609,-102.36220000
49.59994089,-98.42519000
49.60094569,-102.36220000
49.60195049,-94.48818000
49.60295529,-94.48818000
49.60396009,-94.48818000
49.60496489,-90.55118000
49.60596969,-90.55118000
49.60697449,-90.55118000
49.60797929,-90.55118000
49.60898409,-90.55118000
49.60998889,-98.42519000
49.61099369,-94.48818000
49.61199849,-98.42519000
49.61300329,-94.48818000
49.61400809,-98.42519000
49.61501289,-98.42519000
49.61601769,-98.42519000
49.61702249,-94.48818000
49.61802729,-94.48818000
49.61903209,-98.42519000
49.62003689,-98.42519000
49.62104169,-90.55118000
49.62204649,-94.48818000
49.62305129,-98.42519000
49.62405609,-94.48818000
49.62506089,-94.48818000
49.62606569,-98.42519000
49.62707049,-102.36220000
49.62807529,-98.42519000
49.62908009,-94.48818000
49.63008489,-98.42519000
49.63108969,-98.42519000
49.63209449,-110.23620000
49.63309929,-102.36220000
49.63410409,-98.42519000
49.63510889,-94.48818000
49.63611369,-90.55118000
49.63711849,-90.55118000
49.63812329,-94.48818000
49.63912809,-94.48818000
49.64013289,-94.48818000
49.64113769,-90.55118000
49.64214249,-98.42519000
49.64314729,-94.48818000
49.64415209,-94.48818000
49.64515689,-90.55118000
49.64616169,-86.61417000
49.64716649,-94.48818000
49.64817129,-94.48818000
49.64917609,-90.55118000
49.65018089,-90.55118000
49.65118569,-94.48818000
49.65219049,-90.55118000
49.65319529,-86.61417000
49.65420009,-90.55118000
49.65520489,-94.48818000
49.65620969,-90.55118000
49.65721449,-86.61417000
49.65821929,-98.42519000
49.65922409,-90.55118000
49.66022889,-94.48818000
49.66123369,-86.61417000
49.66223849,-106.29920000
49.66324329,-90.55118000
49.66424809,-94.48818000
49.66525289,-98.42519000
49.66625769,-98.42519000
49.66726249,-94.48818000
49.66826729,-94.48818000
49.66927209,-90.55118000
49.67027689,-90.55118000
49.67128169,-94.48818000
49.67228649,-86.61417000
49.67329129,-90.55118000
49.67429609,-90.55118000
49.67530089,-94.48818000
49.67630569,-98.42519000
49.67731049,-94.48818000
49.67831529,-90.55118000
49.67932009,-94.48818000
49.68032489,-90.55118000
49.68132969,-94.48818000
49.68233449,-90.55118000
49.68333929,-90.55118000
49.68434409,-90.55118000
49.68534889,-86.61417000
49.68635369,-90.55118000
49.68735849,-90.55118000
49.68836329,-82.67715000
49.68936809,-90.55118000
49.69037289,-94.48818000
49.69137769,-94.48818000
49.69238249,-94.48818000
49.69338729,-78.74015000
49.69439209,-90.55118000
49.69539689,-94.48818000
49.69640169,-90.55118000
49.69740649,-86.61417000
49.69841129,-90.55118000
49.69941609,-90.55118000
49.70042089,-86.61417000
49.70142569,-86.61417000
49.70243049,-90.55118000
49.70343529,-90.55118000
49.70444009,-86.61417000
49.70544489,-90.55118000
49.70644969,-86.61417000
49.70745449,-90.55118000
49.70845929,-94.48818000
49.70946409,-94.48818000
49.71046889,-86.61417000
49.71147369,-90.55118000
49.71247849,-86.61417000
49.71348329,-86.61417000
49.71448809,-86.61417000
49.71549289,-90.55118000
49.71649769,-86.61417000
49.71750249,-90.55118000
49.71850729,-90.55118000
49.71951209,-90.55118000
49.72051689,-86.61417000
49.72152169,-90.55118000
49.72252649,-90.55118000
49.72353129,-90.55118000
49.72453609,-94.48818000
49.72554089,-98.42519000
49.72654569,-90.55118000
49.72755049,-94.48818000
49.72855529,-90.55118000
49.72956009,-90.55118000
49.73056489,-86.61417000
49.73156969,-86.61417000
49.73257449,-86.61417000
49.73357929,-86.61417000
49.73458409,-86.61417000
49.73558889,-82.67715000
49.73659369,-82.67715000
49.73759849,-86.61417000
49.73860329,-82.67715000
49.73960809,-86.61417000
49.74061289,-86.61417000
49.74161769,-90.55118000
49.74262249,-82.67715000
49.74362729,-90.55118000
49.74463209,-82.67715000
49.74563689,-78.74015000
49.74664169,-90.55118000
49.74764649,-82.67715000
49.74865129,-86.61417000
49.74965609,-90.55118000
49.75066089,-82.67715000
49.75166569,-82.67715000
49.75267049,-86.61417000
49.75367529,-90.55118000
49.75468009,-86.61417000
49.75568489,-90.55118000
49.75668969,-78.74015000
49.75769449,-90.55118000
49.75869929,-98.42519000
49.75970409,-90.55118000
49.76070889,-86.61417000
49.76171369,-86.61417000
49.76271849,-86.61417000
49.76372329,-86.61417000
49.76472809,-86.61417000
49.76573289,-82.67715000
49.76673769,-86.61417000
49.76774249,-86.61417000
49.76874729,-82.67715000
49.76975209,-82.67715000
49.77075689,-82.67715000
49.77176169,-90.55118000
49.77276649,-90.55118000
49.77377129,-90.55118000
49.77477609,-94.48818000
49.77578089,-86.61417000
49.77678569,-86.61417000
49.77779049,-86.61417000
49.77879529,-90.55118000
49.77980009,-86.61417000
49.78080489,-94.48818000
49.78180969,-82.67715000
49.78281449,-86.61417000
49.78381929,-82.67715000
49.78482409,-86.61417000
49.78582889,-82.67715000
49.78683369,-86.61417000
49.78783849,-102.36220000
49.78884329,-98.42519000
49.78984809,-86.61417000
49.79085289,-90.55118000
49.79185769,-86.61417000
49.79286249,-82.67715000
49.79386729,-86.61417000
49.79487209,-86.61417000
49.79587689,-78.74015000
49.79688169,-82.67715000
49.79788649,-78.74015000
49.79889129,-82.67715000
49.79989609,-82.67715000
49.80090089,-82.67715000
49.80190569,-82.67715000
49.80291049,-86.61417000
49.80391529,-86.61417000
49.80492009,-86.61417000
49.80592489,-86.61417000
49.80692969,-86.61417000
49.80793449,-86.61417000
49.80893929,-82.67715000
49.80994409,-78.74015000
49.81094889,-82.67715000
49.81195369,-82.67715000
49.81295849,-82.67715000
49.81396329,-78.74015000
49.81496809,-82.67715000
49.81597289,-82.67715000
49.81697769,-82.67715000
49.81798249,-82.67715000
49.81898729,-82.67715000
49.81999209,-78.74015000
49.82099689,-90.55118000
49.82200169,-94.48818000
49.82300649,-82.67715000
49.82401129,-82.67715000
49.82501609,-86.61417000
49.82602089,-82.67715000
49.82702569,-82.67715000
49.82803049,-82.67715000
49.82903529,-82.67715000
49.83004008,-82.67715000
49.83104488,-78.74015000
49.83204968,-82.67715000
49.83305448,-82.67715000
49.83405928,-82.67715000
49.83506408,-86.61417000
49.83606888,-86.61417000
49.83707368,-90.55118000
49.83807848,-90.55118000
49.83908328,-82.67715000
49.84008808,-82.67715000
49.84109288,-82.67715000
49.84209768,-82.67715000
49.84310248,-78.74015000
49.84410728,-82.67715000
49.84511208,-82.67715000
49.84611688,-86.61417000
49.84712168,-82.67715000
49.84812648,-82.67715000
49.84913128,-82.67715000
49.85013608,-82.67715000
49.85114088,-94.48818000
49.85214568,-86.61417000
49.85315048,-90.55118000
49.85415528,-86.61417000
49.85516008,-90.55118000
49.85616488,-74.80315000
49.85716968,-78.74015000
49.85817448,-78.74015000
49.85917928,-78.74015000
49.86018408,-82.67715000
49.86118888,-82.67715000
49.86219368,-82.67715000
49.86319848,-74.80315000
49.86420328,-78.74015000
49.86520808,-78.74015000
49.86621288,-82.67715000
49.86721768,-82.67715000
49.86822248,-78.74015000
49.86922728,-90.55118000
49.87023208,-86.61417000
49.87123688,-82.67715000
49.87224168,-82.67715000
49.87324648,-82.67715000
49.87425128,-82.67715000
49.87525608,-74.80315000
49.87626088,-82.67715000
49.87726568,-86.61417000
49.87827048,-82.67715000
49.87927528,-74.80315000
49.88028008,-82.67715000
49.88128488,-82.67715000
49.88228968,-90.55118000
49.88329448,-90.55118000
49.88429928,-82.67715000
49.88530408,-78.74015000
49.88630888,-90.55118000
49.88731368,-78.74015000
49.88831848,-78.74015000
49.88932328,-78.74015000
49.89032808,-74.80315000
49.89133288,-70.86613000
49.89233768,-82.67715000
49.89334248,-78.74015000
49.89434728,-82.67715000
49.89535208,-86.61417000
49.89635688,-82.67715000
49.89736168,-78.74015000
49.89836648,-78.74015000
49.89937128,-82.67715000
49.90037608,-74.80315000
49.90138088,-74.80315000
49.90238568,-82.67715000
49.90339048,-78.74015000
49.90439528,-74.80315000
49.90540008,-78.74015000
49.90640488,-78.74015000
49.90740968,-74.80315000
49.90841448,-78.74015000
49.90941928,-78.74015000
49.91042408,-74.80315000
49.91142888,-78.74015000
49.91243368,-82.67715000
49.91343848,-82.67715000
49.91444328,-78.74015000
49.91544808,-82.67715000
49.91645288,-74.80315000
49.91745768,-82.67715000
49.91846248,-82.67715000
49.91946728,-78.74015000
49.92047208,-78.74015000
49.92147688,-82.67715000
49.92248168,-70.86613000
49.92348648,-78.74015000
49.92449128,-74.80315000
49.92549608,-78.74015000
49.92650088,-74.80315000
49.92750568,-74.80315000
49.92851048,-74.80315000
49.92951528,-74.80315000
49.93052008,-70.86613000
49.93152488,-74.80315000
49.93252968,-74.80315000
49.93353448,-78.74015000
49.93453928,-74.80315000
49.93554408,-78.74015000
49.93654888,-78.74015000
49.93755368,-78.74015000
49.93855848,-70.86613000
49.93956328,-70.86613000
49.94056808,-78.74015000
49.94157288,-74.80315000
49.94257768,-86.61417000
49.94358248,-86.61417000
49.94458728,-74.80315000
49.94559208,-78.74015000
49.94659688,-78.74015000
49.94760168,-74.80315000
49.94860648,-74.80315000
49.94961128,-70.86613000
49.95061608,-74.80315000
49.95162088,-74.80315000
49.95262568,-74.80315000
49.95363048,-74.80315000
49.95463528,-70.86613000
49.95564008,-74.80315000
49.95664488,-74.80315000
49.95764968,-70.86613000
49.95865448,-74.80315000
49.95965928,-74.80315000
49.96066408,-74.80315000
49.96166888,-74.80315000
49.96267368,-74.80315000
49.96367848,-74.80315000
49.96468328,-74.80315000
49.96568808,-70.86613000
49.96669288,-86.61417000
49.96769768,-78.74015000
49.96870248,-78.74015000
49.96970728,-66.92913000
49.97071208,-78.74015000
49.97171688,-74.80315000
49.97272168,-74.80315000
49.97372648,-74.80315000
49.97473128,-82.67715000
49.97573608,-78.74015000
49.97674088,-78.74015000
49.97774568,-78.74015000
49.97875048,-74.80315000
49.97975528,-74.80315000
49.98076008,-78.74015000
49.98176488,-74.80315000
49.98276968,-70.86613000
49.98377448,-78.74015000
49.98477928,-74.80315000
49.98578408,-74.80315000
49.98678888,-74.80315000
49.98779368,-74.80315000
49.98879848,-70.86613000
49.98980328,-70.86613000
49.99080808,-70.86613000
49.99181288,-74.80315000
49.99281768,-70.86613000
49.99382248,-70.86613000
49.99482728,-74.80315000
49.99583208,-74.80315000
49.99683688,-70.86613000
49.99784168,-66.92913000
49.99884648,-70.86613000
49.99985128,-78.74015000
50.00085608,-70.86613000
50.00186088,-78.74015000
50.00286568,-66.92913000
50.00387048,-70.86613000
50.00487528,-74.80315000
50.00588008,-66.92913000
50.00688488,-74.80315000
50.00788968,-86.61417000
50.00889448,-74.80315000
50.00989928,-74.80315000
50.01090408,-74.80315000
50.01190888,-74.80315000
50.01291368,-70.86613000
50.01391848,-70.86613000
50.01492328,-70.86613000
50.01592808,-70.86613000
50.01693288,-74.80315000
50.01793768,-74.80315000
50.01894248,-66.92913000
50.01994728,-70.86613000
50.02095208,-74.80315000
50.02195688,-70.86613000
50.02296168,-74.80315000
50.02396648,-74.80315000
50.02497128,-70.86613000
50.02597608,-70.86613000
50.02698088,-70.86613000
50.02798568,-70.86613000
50.02899048,-70.86613000
50.02999528,-74.80315000
50.03100008,-70.86613000
50.03200488,-70.86613000
50.03300968,-78.74015000
50.03401448,-74.80315000
50.03501928,-74.80315000
50.03602408,-70.86613000
50.03702888,-70.86613000
50.03803368,-70.86613000
50.03903848,-66.92913000
50.04004328,-70.86613000
50.04104808,-70.86613000
50.04205288,-70.86613000
50.04305768,-78.74015000
50.04406248,-70.86613000
50.04506728,-70.86613000
50.04607208,-74.80315000
50.04707688,-70.86613000
50.04808168,-70.86613000
50.04908648,-74.80315000
50.05009128,-66.92913000
50.05109608,-66.92913000
50.05210088,-70.86613000
50.05310568,-66.92913000
50.05411048,-66.92913000
50.05511528,-66.92913000
50.05612008,-66.92913000
50.05712488,-62.99212000
50.05812968,-70.86613000
50.05913448,-70.86613000
50.06013928,-70.86613000
50.06114408,-66.92913000
50.06214888,-66.92913000
50.06315368,-70.86613000
50.06415848,-78.74015000
50.06516328,-70.86613000
50.06616808,-66.92913000
50.06717288,-51.18110000
50.06817768,-66.92913000
50.06918248,-66.92913000
50.07018728,-70.86613000
50.07119208,-70.86613000
50.07219688,-74.80315000
50.07320168,-78.74015000
50.07420648,-78.74015000
50.07521128,-70.86613000
50.07621608,-66.92913000
50.07722088,-66.92913000
50.07822568,-62.99212000
50.07923048,-62.99212000
50.08023528,-70.86613000
50.08124008,-70.86613000
50.08224488,-66.92913000
50.08324968,-70.86613000
50.08425448,-66.92913000
50.08525928,-66.92913000
50.08626408,-66.92913000
50.08726888,-66.92913000
50.08827368,-70.86613000
50.08927848,-62.99212000
50.09028328,-70.86613000
50.09128808,-74.80315000
50.09229288,-66.92913000
50.09329768,-62.99212000
50.09430248,-66.92913000
50.09530728,-66.92913000
50.09631208,-66.92913000
50.09731688,-70.86613000
50.09832168,-74.80315000
50.09932648,-70.86613000
50.10033128,-78.74015000
50.10133608,-70.86613000
50.10234088,-70.86613000
50.10334568,-66.92913000
50.10435048,-62.99212000
50.10535528,-59.05511000
50.10636008,-62.99212000
50.10736488,-59.05511000
50.10836968,-62.99212000
50.10937448,-62.99212000
50.11037928,-62.99212000
50.11138408,-66.92913000
50.11238888,-62.99212000
50.11339368,-70.86613000
50.11439848,-70.86613000
50.11540328,-62.99212000
50.11640808,-70.86613000
50.11741288,-66.92913000
50.11841768,-62.99212000
50.11942248,-66.92913000
50.12042728,-66.92913000
50.12143208,-62.99212000
50.12243688,-70.86613000
50.12344168,-66.92913000
50.12444648,-66.92913000
50.12545128,-66.92913000
50.12645608,-66.92913000
50.12746088,-62.99212000
50.12846568,-66.92913000
50.12947048,-66.92913000
50.13047528,-59.05511000
50.13148008,-74.80315000
50.13248488,-70.86613000
50.13348968,-62.99212000
50.13449448,-70.86613000
50.13549928,-62.99212000
50.13650408,-70.86613000
50.13750888,-66.92913000
50.13851368,-62.99212000
50.13951848,-66.92913000
50.14052328,-62.99212000
50.14152808,-62.99212000
50.14253288,-59.05511000
50.14353768,-62.99212000
50.14454248,-66.92913000
50.14554728,-70.86613000
50.14655208,-62.99212000
50.14755688,-74.80315000
50.14856168,-62.99212000
50.14956648,-70.86613000
50.15057128,-66.92913000
50.15157608,-62.99212000
50.15258088,-59.05511000
50.15358568,-59.05511000
50.15459048,-62.99212000
50.15559528,-62.99212000
50.15660008,-66.92913000
50.15760488,-62.99212000
50.15860968,-62.99212000
50.15961447,-62.99212000
50.16061927,-66.92913000
50.16162407,-74.80315000
50.16262887,-66.92913000
50.16363367,-66.92913000
50.16463847,-62.99212000
50.16564327,-66.92913000
50.16664807,-66.92913000
50.16765287,-62.99212000
50.16865767,-66.92913000
50.16966247,-62.99212000
50.17066727,-62.99212000
50.17167207,-59.05511000
50.17267687,-62.99212000
50.17368167,-62.99212000
50.17468647,-62.99212000
50.17569127,-62.99212000
50.17669607,-62.99212000
50.17770087,-66.92913000
50.17870567,-62.99212000
50.17971047,-62.99212000
50.18071527,-62.99212000
50.18172007,-59.05511000
50.18272487,-66.92913000
50.18372967,-59.05511000
50.18473447,-62.99212000
50.18573927,-66.92913000
50.18674407,-59.05511000
50.18774887,-66.92913000
50.18875367,-62.99212000
50.18975847,-62.99212000
50.19076327,-59.05511000
50.19176807,-62.99212000
50.19277287,-59.05511000
50.19377767,-62.99212000
50.19478247,-66.92913000
50.19578727,-62.99212000
50.19679207,-62.99212000
50.19779687,-59.05511000
50.19880167,-66.92913000
50.19980647,-70.86613000
50.20081127,-66.92913000
50.20181607,-66.92913000
50.20282087,-62.99212000
50.20382567,-62.99212000
50.20483047,-59.05511000
50.20583527,-59.05511000
50.20684007,-62.99212000
50.20784487,-59.05511000
50.20884967,-59.05511000
50.20985447,-62.99212000
50.21085927,-62.99212000
50.21186407,-59.05511000
50.21286887,-62.99212000
50.21387367,-66.92913000
50.21487847,-59.05511000
50.21588327,-59.05511000
50.21688807,-59.05511000
50.21789287,-62.99212000
50.21889767,-59.05511000
50.21990247,-59.05511000
50.22090727,-55.11811000
50.22191207,-59.05511000
50.22291687,-59.05511000
50.22392167,-59.05511000
50.22492647,-55.11811000
50.22593127,-62.99212000
50.22693607,-62.99212000
50.22794087,-62.99212000
50.22894567,-62.99212000
50.22995047,-59.05511000
50.23095527,-59.05511000
50.23196007,-59.05511000
50.23296487,-59.05511000
50.23396967,-62.99212000
50.23497447,-55.11811000
50.23597927,-66.92913000
50.23698407,-62.99212000
50.23798887,-59.05511000
50.23899367,-55.11811000
50.23999847,-59.05511000
50.24100327,-59.05511000
50.24200807,-55.11811000
50.24301287,-59.05511000
50.24401767,-62.99212000
50.24502247,-59.05511000
50.24602727,-59.05511000
50.24703207,-59.05511000
50.24803687,-59.05511000
50.24904167,-62.99212000
50.25004647,-59.05511000
50.25105127,-59.05511000
50.25205607,-59.05511000
50.25306087,-55.11811000
50.25406567,-55.11811000
50.25507047,-62.99212000
50.25607527,-59.05511000
50.25708007,-55.11811000
50.25808487,-59.05511000
50.25908967,-62.99212000
50.26009447,-62.99212000
50.26109927,-66.92913000
50.26210407,-62.99212000
50.26310887,-66.92913000
50.26411367,-62.99212000
50.26511847,-51.18110000
50.26612327,-66.92913000
50.26712807,-66.92913000
50.26813287,-70.86613000
50.26913767,-55.11811000
50.27014247,-59.05511000
50.27114727,-59.05511000
50.27215207,-51.18110000
50.27315687,-55.11811000
50.27416167,-59.05511000
50.27516647,-59.05511000
50.27617127,-59.05511000
50.27717607,-62.99212000
50.27818087,-62.99212000
50.27918567,-51.18110000
50.28019047,-59.05511000
50.28119527,-59.05511000
50.28220007,-59.05511000
50.28320487,-55.11811000
50.28420967,-59.05511000
50.28521447,-55.11811000
50.28621927,-59.05511000
50.28722407,-55.11811000
50.28822887,-55.11811000
50.28923367,-59.05511000
50.29023847,-59.05511000
50.29124327,-59.05511000
50.29224807,-62.99212000
50.29325287,-66.92913000
50.29425767,-62.99212000
50.29526247,-59.05511000
50.29626727,-59.05511000
50.29727207,-59.05511000
50.29827687,-59.05511000
50.29928167,-55.11811000
50.30028647,-55.11811000
50.30129127,-59.05511000
50.30229607,-55.11811000
50.30330087,-55.11811000
50.30430567,-55.11811000
50.30531047,-51.18110000
50.30631527,-55.11811000
50.30732007,-51.18110000
50.30832487,-55.11811000
50.30932967,-59.05511000
50.31033447,-55.11811000
50.31133927,-55.11811000
50.31234407,-55.11811000
50.31334887,-55.11811000
50.31435367,-55.11811000
50.31535847,-55.11811000
50.31636327,-55.11811000
50.31736807,-59.05511000
50.31837287,-55.11811000
50.31937767,-55.11811000
50.32038247,-55.11811000
50.32138727,-55.11811000
50.32239207,-51.18110000
50.32339687,-55.11811000
50.32440167,-55.11811000
50.32540647,-59.05511000
50.32641127,-59.05511000
50.32741607,-62.99212000
50.32842087,-55.11811000
50.32942567,-66.92913000
50.33043047,-59.05511000
50.33143527,-55.11811000
50.33244007,-59.05511000
50.33344487,-51.18110000
50.33444967,-51.18110000
50.33545447,-51.18110000
50.33645927,-51.18110000
50.33746407,-55.11811000
50.33846887,-51.18110000
50.33947367,-55.11811000
50.34047847,-55.11811000
50.34148327,-55.11811000
50.34248807,-62.99212000
50.34349287,-51.18110000
50.34449767,-51.18110000
50.34550247,-51.18110000
50.34650727,-51.18110000
50.34751207,-55.11811000
50.34851687,-55.11811000
50.34952167,-51.18110000
50.35052647,-59.05511000
50.35153127,-55.11811000
50.35253607,-59.05511000
50.35354087,-59.05511000
50.35454567,-55.11811000
50.35555047,-51.18110000
50.35655527,-59.05511000
50.35756007,-59.05511000
50.35856487,-55.11811000
50.35956967,-55.11811000
50.36057447,-55.11811000
50.36157927,-51.18110000
50.36258407,-59.05511000
50.36358887,-59.05511000
50.36459367,-70.86613000
50.36559847,-59.05511000
50.36660327,-62.99212000
50.36760807,-55.11811000
50.36861287,-55.11811000
50.36961767,-55.11811000
50.37062247,-51.18110000
50.37162727,-51.18110000
50.37263207,-47.24409000
50.37363687,-62.99212000
50.37464167,-55.11811000
50.37564647,-55.11811000
50.37665127,-55.11811000
50.37765607,-51.18110000
50.37866087,-55.11811000
50.37966567,-51.18110000
50.38067047,-59.05511000
50.38167527,-51.18110000
50.38268007,-55.11811000
50.38368487,-59.05511000
50.38468967,-55.11811000
50.38569447,-55.11811000
50.38669927,-51.18110000
50.38770407,-55.11811000
50.38870887,-55.11811000
50.38971367,-59.05511000
50.39071847,-59.05511000
50.39172327,-55.11811000
50.39272807,-51.18110000
50.39373287,-55.11811000
50.39473767,-55.11811000
50.39574247,-55.11811000
50.39674727,-55.11811000
50.39775207,-51.18110000
50.39875687,-51.18110000
50.39976167,-51.18110000
50.40076647,-55.11811000
50.40177127,-59.05511000
50.40277607,-51.18110000
50.40378087,-62.99212000
50.40478567,-59.05511000
50.40579047,-59.05511000
50.40679527,-55.11811000
50.40780007,-55.11811000
50.40880487,-51.18110000
50.40980967,-47.24409000
50.41081447,-47.24409000
50.41181927,-51.18110000
50.41282407,-51.18110000
50.41382887,-47.24409000
50.41483367,-55.11811000
50.41583847,-47.24409000
50.41684327,-55.11811000
50.41784807,-51.18110000
50.41885287,-59.05511000
50.41985767,-51.18110000
50.42086247,-51.18110000
50.42186727,-51.18110000
50.42287207,-55.11811000
50.42387687,-55.11811000
50.42488167,-51.18110000
50.42588647,-51.18110000
50.42689127,-55.11811000
50.42789607,-59.05511000
50.42890087,-55.11811000
50.42990567,-51.18110000
50.43091047,-55.11811000
50.43191527,-51.18110000
50.43292007,-51.18110000
50.43392487,-55.11811000
50.43492967,-51.18110000
50.43593447,-51.18110000
50.43693927,-62.99212000
50.43794407,-59.05511000
50.43894887,-62.99212000
50.43995367,-62.99212000
50.44095847,-59.05511000
50.44196327,-51.18110000
50.44296807,-47.24409000
50.44397287,-51.18110000
50.44497767,-51.18110000
50.44598247,-55.11811000
50.44698727,-51.18110000
50.44799207,-51.18110000
50.44899687,-51.18110000
50.45000167,-55.11811000
50.45100647,-47.24409000
50.45201127,-55.11811000
50.45301607,-51.18110000
50.45402087,-59.05511000
50.45502567,-55.11811000
50.45603047,-51.18110000
50.45703527,-47.24409000
50.45804007,-47.24409000
50.45904487,-51.18110000
50.46004967,-51.18110000
50.46105447,-47.24409000
50.46205927,-51.18110000
50.46306407,-47.24409000
50.46406887,-59.05511000
50.46507367,-47.24409000
50.46607847,-55.11811000
50.46708327,-51.18110000
50.46808807,-51.18110000
50.46909287,-55.11811000
50.47009767,-62.99212000
50.47110247,-59.05511000
50.47210727,-55.11811000
50.47311207,-55.11811000
50.47411687,-47.24409000
50.47512167,-47.24409000
50.47612647,-51.18110000
50.47713127,-51.18110000
50.47813607,-55.11811000
50.47914087,-51.18110000
50.48014567,-47.24409000
50.48115047,-47.24409000
50.48215527,-47.24409000
50.48316007,-55.11811000
50.48416487,-47.24409000
50.48516967,-51.18110000
50.48617447,-51.18110000
50.48717927,-47.24409000
50.48818406,-55.11811000
50.48918886,-55.11811000
50.49019366,-55.11811000
50.49119846,-51.18110000
50.49220326,-51.18110000
50.49320806,-51.18110000
50.49421286,-51.18110000
50.49521766,-51.18110000
50.49622246,-51.18110000
50.49722726,-55.11811000
50.49823206,-55.11811000
50.49923686,-51.18110000
50.50024166,-51.18110000
50.50124646,-51.18110000
50.50225126,-47.24409000
50.50325606,-55.11811000
50.50426086,-66.92913000
50.50526566,-70.86613000
50.50627046,-55.11811000
50.50727526,-51.18110000
50.50828006,-55.11811000
50.50928486,-51.18110000
50.51028966,-51.18110000
50.51129446,-51.18110000
50.51229926,-51.18110000
50.51330406,-51.18110000
50.51430886,-51.18110000
50.51531366,-51.18110000
50.51631846,-51.18110000
50.51732326,-51.18110000
50.51832806,-51.18110000
50.51933286,-59.05511000
50.52033766,-55.11811000
50.52134246,-51.18110000
50.52234726,-51.18110000
50.52335206,-47.24409000
50.52435686,-55.11811000
50.52536166,-55.11811000
50.52636646,-47.24409000
50.52737126,-47.24409000
50.52837606,-51.18110000
50.52938086,-51.18110000
50.53038566,-59.05511000
50.53139046,-47.24409000
50.53239526,-55.11811000
50.53340006,-51.18110000
50.53440486,-51.18110000
50.53540966,-51.18110000
50.53641446,-51.18110000
50.53741926,-59.05511000
50.53842406,-47.24409000
50.53942886,-51.18110000
50.54043366,-51.18110000
50.54143846,-47.24409000
50.54244326,-51.18110000
50.54344806,-51.18110000
50.54445286,-47.24409000
50.54545766,-43.30709000
50.54646246,-47.24409000
50.54746726,-43.30709000
50.54847206,-47.24409000
50.54947686,-43.30709000
50.55048166,-47.24409000
50.55148646,-43.30709000
50.55249126,-47.24409000
50.55349606,-51.18110000
50.55450086,-51.18110000
50.55550566,-51.18110000
50.55651046,-47.24409000
50.55751526,-51.18110000
50.55852006,-43.30709000
50.55952486,-47.24409000
50.56052966,-51.18110000
50.56153446,-47.24409000
50.56253926,-43.30709000
50.56354406,-51.18110000
50.56454886,-43.30709000
50.56555366,-47.24409000
50.56655846,-47.24409000
50.56756326,-55.11811000
50.56856806,-47.24409000
50.56957286,-51.18110000
50.57057766,-31.49606000
50.57158246,-62.99212000
50.57258726,-55.11811000
50.57359206,-51.18110000
50.57459686,-47.24409000
50.57560166,-51.18110000
50.57660646,-43.30709000
50.57761126,-43.30709000
50.57861606,-43.30709000
50.57962086,-43.30709000
50.58062566,-47.24409000
50.58163046,-51.18110000
50.58263526,-39.37008000
50.58364006,-47.24409000
50.58464486,-51.18110000
50.58564966,-55.11811000
50.58665446,-47.24409000
50.58765926,-43.30709000
50.58866406,-47.24409000
50.58966886,-47.24409000
50.59067366,-47.24409000
50.59167846,-47.24409000
50.59268326,-51.18110000
50.59368806,-47.24409000
50.59469286,-47.24409000
50.59569766,-51.18110000
50.59670246,-47.24409000
50.59770726,-43.30709000
50.59871206,-47.24409000
50.59971686,-51.18110000
50.60072166,-51.18110000
50.60172646,-47.24409000
50.60273126,-55.11811000
50.60373606,-47.24409000
50.60474086,-47.24409000
50.60574566,-47.24409000
50.60675046,-62.99212000
50.60775526,-51.18110000
50.60876006,-51.18110000
50.60976486,-47.24409000
50.61076966,-43.30709000
50.61177446,-47.24409000
50.61277926,-43.30709000
50.61378406,-43.30709000
50.61478886,-39.37008000
50.61579366,-43.30709000
50.61679846,-51.18110000
50.61780326,-51.18110000
50.61880806,-47.24409000
50.61981286,-47.24409000
50.62081766,-47.24409000
50.62182246,-47.24409000
50.62282726,-39.37008000
50.62383206,-47.24409000
50.62483686,-47.24409000
50.62584166,-43.30709000
50.62684646,-47.24409000
50.62785126,-43.30709000
50.62885606,-39.37008000
50.62986086,-47.24409000
50.63086566,-47.24409000
50.63187046,-47.24409000
50.63287526,-47.24409000
50.63388006,-51.18110000
50.63488486,-47.24409000
50.63588966,-43.30709000
50.63689446,-39.37008000
50.63789926,-47.24409000
50.63890406,-43.30709000
50.63990886,-43.30709000
50.64091366,-47.24409000
50.64191846,-47.24409000
50.64292326,-55.11811000
50.64392806,-47.24409000
50.64493286,-51.18110000
50.64593766,-51.18110000
50.64694246,-51.18110000
50.64794726,-47.24409000
50.64895206,-47.24409000
50.64995686,-51.18110000
50.65096166,-47.24409000
50.65196646,-43.30709000
50.65297126,-43.30709000
50.65397606,-43.30709000
50.65498086,-43.30709000
50.65598566,-43.30709000
50.65699046,-47.24409000
50.65799526,-43.30709000
50.65900006,-47.24409000
50.66000486,-43.30709000
50.66100966,-39.37008000
50.66201446,-39.37008000
50.66301926,-43.30709000
50.66402406,-39.37008000
50.66502886,-55.11811000
50.66603366,-51.18110000
50.66703846,-47.24409000
50.66804326,-35.43307000
50.66904806,-47.24409000
50.67005286,-43.30709000
50.67105766,-43.30709000
50.67206246,-43.30709000
50.67306726,-43.30709000
50.67407206,-39.37008000
50.67507686,-39.37008000
50.67608166,-43.30709000
50.67708646,-43.30709000
50.67809126,-43.30709000
50.67909606,-55.11811000
50.68010086,-43.30709000
50.68110566,-47.24409000
50.68211046,-51.18110000
50.68311526,-47.24409000
50.68412006,-47.24409000
50.68512486,-39.37008000
50.68612966,-39.37008000
50.68713446,-43.30709000
50.68813926,-39.37008000
50.68914406,-43.30709000
50.69014886,-39.37008000
50.69115366,-43.30709000
50.69215846,-43.30709000
50.69316326,-39.37008000
50.69416806,-47.24409000
50.69517286,-47.24409000
50.69617766,-43.30709000
50.69718246,-35.43307000
50.69818726,-47.24409000
50.69919206,-47.24409000
50.70019686,-47.24409000
50.70120166,-43.30709000
50.70220646,-43.30709000
50.70321126,-43.30709000
50.70421606,-39.37008000
50.70522086,-47.24409000
50.70622566,-43.30709000
50.70723046,-43.30709000
50.70823526,-43.30709000
50.70924006,-39.37008000
50.71024486,-43.30709000
50.71124966,-43.30709000
50.71225446,-35.43307000
50.71325926,-47.24409000
50.71426406,-39.37008000
50.71526886,-47.24409000
50.71627366,-51.18110000
50.71727846,-43.30709000
50.71828326,-47.24409000
50.71928806,-39.37008000
50.72029286,-43.30709000
50.72129766,-39.37008000
50.72230246,-39.37008000
50.72330726,-39.37008000
50.72431206,-35.43307000
50.72531686,-39.37008000
50.72632166,-39.37008000
50.72732646,-39.37008000
50.72833126,-35.43307000
50.72933606,-35.43307000
50.73034086,-39.37008000
50.73134566,-35.43307000
50.73235046,-43.30709000
50.73335526,-43.30709000
50.73436006,-39.37008000
50.73536486,-43.30709000
50.73636966,-35.43307000
50.73737446,-39.37008000
50.73837926,-31.49606000
50.73938406,-39.37008000
50.74038886,-35.43307000
50.74139366,-35.43307000
50.74239846,-35.43307000
50.74340326,-39.37008000
50.74440806,-43.30709000
50.74541286,-35.43307000
50.74641766,-39.37008000
50.74742246,-47.24409000
50.74842726,-39.37008000
50.74943206,-47.24409000
50.75043686,-47.24409000
50.75144166,-35.43307000
50.75244646,-39.37008000
50.75345126,-39.37008000
50.75445606,-35.43307000
50.75546086,-35.43307000
50.75646566,-39.37008000
50.75747046,-31.49606000
50.75847526,-35.43307000
50.75948006,-39.37008000
50.76048486,-39.37008000
50.76148966,-43.30709000
50.76249446,-47.24409000
50.76349926,-43.30709000
50.76450406,-39.37008000
50.76550886,-35.43307000
50.76651366,-39.37008000
50.76751846,-39.37008000
50.76852326,-39.37008000
50.76952806,-39.37008000
50.77053286,-35.43307000
50.77153766,-39.37008000
50.77254246,-39.37008000
50.77354726,-39.37008000
50.77455206,-39.37008000
50.77555686,-43.30709000
50.77656166,-39.37008000
50.77756646,-35.43307000
50.77857126,-35.43307000
50.77957606,-39.37008000
50.78058086,-39.37008000
50.78158566,-51.18110000
50.78259046,-31.49606000
50.78359526,-35.43307000
50.78460006,-39.37008000
50.78560486,-39.37008000
50.78660966,-47.24409000
50.78761446,-39.37008000
50.78861926,-43.30709000
50.78962406,-35.43307000
50.79062886,-39.37008000
50.79163366,-39.37008000
50.79263846,-35.43307000
50.79364326,-31.49606000
50.79464806,-39.37008000
50.79565286,-35.43307000
50.79665766,-35.43307000
50.79766246,-35.43307000
50.79866726,-35.43307000
50.79967206,-35.43307000
50.80067686,-35.43307000
50.80168166,-39.37008000
50.80268646,-31.49606000
50.80369126,-35.43307000
50.80469606,-35.43307000
50.80570086,-31.49606000
50.80670566,-31.49606000
50.80771046,-35.43307000
50.80871526,-35.43307000
50.80972006,-31.49606000
50.81072486,-35.43307000
50.81172966,-35.43307000
50.81273446,-35.43307000
50.81373926,-39.37008000
50.81474406,-31.49606000
50.81574886,-35.43307000
50.81675365,-35.43307000
50.81775845,-39.37008000
50.81876325,-39.37008000
50.81976805,-39.37008000
50.82077285,-39.37008000
50.82177765,-31.49606000
50.82278245,-35.43307000
50.82378725,-35.43307000
50.82479205,-31.49606000
50.82579685,-39.37008000
50.82680165,-39.37008000
50.82780645,-43.30709000
50.82881125,-39.37008000
50.82981605,-39.37008000
50.83082085,-31.49606000
50.83182565,-31.49606000
50.83283045,-35.43307000
50.83383525,-39.37008000
50.83484005,-35.43307000
50.83584485,-39.37008000
50.83684965,-35.43307000
50.83785445,-35.43307000
50.83885925,-31.49606000
50.83986405,-35.43307000
50.84086885,-35.43307000
50.84187365,-35.43307000
50.84287845,-31.49606000
50.84388325,-39.37008000
50.84488805,-43.30709000
50.84589285,-39.37008000
50.84689765,-35.43307000
50.84790245,-31.49606000
50.84890725,-39.37008000
50.84991205,-35.43307000
50.85091685,-39.37008000
50.85192165,-39.37008000
50.85292645,-31.49606000
50.85393125,-31.49606000
50.85493605,-35.43307000
50.85594085,-31.49606000
50.85694565,-35.43307000
50.85795045,-35.43307000
50.85895525,-35.43307000
50.85996005,-39.37008000
50.86096485,-39.37008000
50.86196965,-47.24409000
50.86297445,-39.37008000
50.86397925,-35.43307000
50.86498405,-31.49606000
50.86598885,-35.43307000
50.86699365,-35.43307000
50.86799845,-27.55905000
50.86900325,-31.49606000
50.87000805,-31.49606000
50.87101285,-31.49606000
50.87201765,-35.43307000
50.87302245,-39.37008000
50.87402725,-31.49606000
50.87503205,-35.43307000
50.87603685,-35.43307000
50.87704165,-35.43307000
50.87804645,-35.43307000
50.87905125,-31.49606000
50.88005605,-35.43307000
50.88106085,-35.43307000
50.88206565,-35.43307000
50.88307045,-39.37008000
50.88407525,-35.43307000
50.88508005,-35.43307000
50.88608485,-35.43307000
50.88708965,-31.49606000
50.88809445,-35.43307000
50.88909925,-35.43307000
50.89010405,-35.43307000
50.89110885,-35.43307000
50.89211365,-31.49606000
50.89311845,-39.37008000
50.89412325,-35.43307000
50.89512805,-39.37008000
50.89613285,-35.43307000
50.89713765,-35.43307000
50.89814245,-35.43307000
50.89914725,-23.62205000
50.90015205,-35.43307000
50.90115685,-43.30709000
50.90216165,-39.37008000
50.90316645,-35.43307000
50.90417125,-35.43307000
50.90517605,-31.49606000
50.90618085,-31.49606000
50.90718565,-31.49606000
50.90819045,-39.37008000
50.90919525,-35.43307000
50.91020005,-35.43307000
50.91120485,-39.37008000
50.91220965,-31.49606000
50.91321445,-31.49606000
50.91421925,-35.43307000
50.91522405,-35.43307000
50.91622885,-39.37008000
50.91723365,-27.55905000
50.91823845,-35.43307000
50.91924325,-31.49606000
50.92024805,-39.37008000
50.92125285,-31.49606000
50.92225765,-35.43307000
50.92326245,-31.49606000
50.92426725,-31.49606000
50.92527205,-35.43307000
50.92627685,-35.43307000
50.92728165,-39.37008000
50.92828645,-31.49606000
50.92929125,-35.43307000
50.93029605,-31.49606000
50.93130085,-31.49606000
50.93230565,-31.49606000
50.93331045,-31.49606000
50.93431525,-27.55905000
50.93532005,-35.43307000
50.93632485,-39.37008000
50.93732965,-35.43307000
50.93833445,-35.43307000
50.93933925,-35.43307000
50.94034405,-31.49606000
50.94134885,-31.49606000
50.94235365,-43.30709000
50.94335845,-31.49606000
50.94436325,-31.49606000
50.94536805,-31.49606000
50.94637285,-31.49606000
50.94737765,-27.55905000
50.94838245,-31.49606000
50.94938725,-35.43307000
50.95039205,-31.49606000
50.95139685,-31.49606000
50.95240165,-31.49606000
50.95340645,-35.43307000
50.95441125,-35.43307000
50.95541605,-35.43307000
50.95642085,-31.49606000
50.95742565,-35.43307000
50.95843045,-35.43307000
50.95943525,-35.43307000
50.96044005,-31.49606000
50.96144485,-39.37008000
50.96244965,-35.43307000
50.96345445,-35.43307000
50.96445925,-31.49606000
50.96546405,-31.49606000
50.96646885,-31.49606000
50.96747365,-35.43307000
50.96847845,-35.43307000
50.96948325,-31.49606000
50.97048805,-31.49606000
50.97149285,-31.49606000
50.97249765,-39.37008000
50.97350245,-39.37008000
50.97450725,-43.30709000
50.97551205,-35.43307000
50.97651685,-15.74803000
50.97752165,-31.49606000
50.97852645,-35.43307000
50.97953125,-31.49606000
50.98053605,-31.49606000
50.98154085,-31.49606000
50.98254565,-27.55905000
50.98355045,-31.49606000
50.98455525,-35.43307000
50.98556005,-31.49606000
50.98656485,-35.43307000
50.98756965,-35.43307000
50.98857445,-31.49606000
50.98957925,-35.43307000
50.99058405,-35.43307000
50.99158885,-35.43307000
50.99259365,-35.43307000
50.99359845,-31.49606000
50.99460325,-35.43307000
50.99560805,-35.43307000
50.99661285,-35.43307000
50.99761765,-35.43307000
50.99862245,-31.49606000
50.99962725,-39.37008000
51.00063205,-31.49606000
51.00163685,-35.43307000
51.00264165,-35.43307000
51.00364645,-31.49606000
51.00465125,-31.49606000
51.00565605,-27.55905000
51.00666085,-35.43307000
51.00766565,-39.37008000
51.00867045,-27.55905000
51.00967525,-35.43307000
51.01068005,-23.62205000
51.01168485,-43.30709000
51.01268965,-43.30709000
51.01369445,-35.43307000
51.01469925,-27.55905000
51.01570405,-35.43307000
51.01670885,-31.49606000
51.01771365,-31.49606000
51.01871845,-31.49606000
51.01972325,-31.49606000
51.02072805,-35.43307000
51.02173285,-35.43307000
51.02273765,-35.43307000
51.02374245,-35.43307000
51.02474725,-31.49606000
51.02575205,-31.49606000
51.02675685,-27.55905000
51.02776165,-31.49606000
51.02876645,-31.49606000
51.02977125,-31.49606000
51.03077605,-31.49606000
51.03178085,-31.49606000
51.03278565,-35.43307000
51.03379045,-31.49606000
51.03479525,-35.43307000
51.03580005,-35.43307000
51.03680485,-31.49606000
51.03780965,-35.43307000
51.03881445,-31.49606000
51.03981925,-31.49606000
51.04082405,-35.43307000
51.04182885,-27.55905000
51.04283365,-35.43307000
51.04383845,-35.43307000
51.04484325,-31.49606000
51.04584805,-31.49606000
51.04685285,-35.43307000
51.04785765,-47.24409000
51.04886245,-35.43307000
51.04986725,-35.43307000
51.05087205,-39.37008000
51.05187685,-35.43307000
51.05288165,-31.49606000
51.05388645,-31.49606000
51.05489125,-31.49606000
51.05589605,-35.43307000
51.05690085,-35.43307000
51.05790565,-31.49606000
51.05891045,-35.43307000
51.05991525,-35.43307000
51.06092005,-31.49606000
51.06192485,-35.43307000
51.06292965,-31.49606000
51.06393445,-31.49606000
51.06493925,-35.43307000
51.06594405,-31.49606000
51.06694885,-31.49606000
51.06795365,-31.49606000
51.06895845,-35.43307000
51.06996325,-27.55905000
51.07096805,-43.30709000
51.07197285,-35.43307000
51.07297765,-39.37008000
51.07398245,-15.74803000
51.07498725,-35.43307000
51.07599205,-31.49606000
51.07699685,-31.49606000
51.07800165,-39.37008000
51.07900645,-31.49606000
51.08001125,-31.49606000
51.08101605,-35.43307000
51.08202085,-35.43307000
51.08302565,-35.43307000
51.08403045,-35.43307000
51.08503525,-31.49606000
51.08604005,-35.43307000
51.08704485,-35.43307000
51.08804965,-35.43307000
51.08905445,-35.43307000
51.09005925,-35.43307000
51.09106405,-31.49606000
51.09206885,-27.55905000
51.09307365,-31.49606000
51.09407845,-27.55905000
51.09508325,-27.55905000
51.09608805,-35.43307000
51.09709285,-31.49606000
51.09809765,-31.49606000
51.09910245,-31.49606000
51.10010725,-27.55905000
51.10111205,-31.49606000
51.10211685,-31.49606000
51.10312165,-31.49606000
51.10412645,-35.43307000
51.10513125,-31.49606000
51.10613605,-35.43307000
51.10714085,-31.49606000
51.10814565,-31.49606000
51.10915045,-31.49606000
51.11015525,-31.49606000
51.11116005,-31.49606000
51.11216485,-31.49606000
51.11316965,-27.55905000
51.11417445,-35.43307000
51.11517925,-35.43307000
51.11618405,-35.43307000
51.11718885,-31.49606000
51.11819365,-31.49606000
51.11919845,-31.49606000
51.12020325,-31.49606000
51.12120805,-35.43307000
51.12221285,-43.30709000
51.12321765,-31.49606000
51.12422245,-31.49606000
51.12522725,-35.43307000
51.12623205,-31.49606000
51.12723685,-31.49606000
51.12824165,-31.49606000
51.12924645,-35.43307000
51.13025125,-27.55905000
51.13125605,-31.49606000
51.13226085,-31.49606000
51.13326565,-27.55905000
51.13427045,-27.55905000
51.13527525,-27.55905000
51.13628005,-31.49606000
51.13728485,-35.43307000
51.13828965,-31.49606000
51.13929445,-31.49606000
51.14029925,-31.49606000
51.14130405,-31.49606000
51.14230885,-27.55905000
51.14331365,-31.49606000
51.14431845,-35.43307000
51.14532325,-31.49606000
51.14632804,-31.49606000
51.14733284,-27.55905000
51.14833764,-35.43307000
51.14934244,-31.49606000
51.15034724,-27.55905000
51.15135204,-35.43307000
51.15235684,-31.49606000
51.15336164,-39.37008000
51.15436644,-35.43307000
51.15537124,-31.49606000
51.15637604,-31.49606000
51.15738084,-31.49606000
51.15838564,-31.49606000
51.15939044,-39.37008000
51.16039524,-39.37008000
51.16140004,-35.43307000
51.16240484,-35.43307000
51.16340964,-31.49606000
51.16441444,-31.49606000
51.16541924,-31.49606000
51.16642404,-31.49606000
51.16742884,-27.55905000
51.16843364,-43.30709000
51.16943844,-35.43307000
51.17044324,-31.49606000
51.17144804,-19.68504000
51.17245284,-31.49606000
51.17345764,-35.43307000
51.17446244,-31.49606000
51.17546724,-31.49606000
51.17647204,-31.49606000
51.17747684,-31.49606000
51.17848164,-31.49606000
51.17948644,-35.43307000
51.18049124,-23.62205000
51.18149604,-31.49606000
51.18250084,-31.49606000
51.18350564,-31.49606000
51.18451044,-31.49606000
51.18551524,-35.43307000
51.18652004,-35.43307000
51.18752484,-35.43307000
51.18852964,-35.43307000
51.18953444,-31.49606000
51.19053924,-35.43307000
51.19154404,-31.49606000
51.19254884,-31.49606000
51.19355364,-31.49606000
51.19455844,-35.43307000
51.19556324,-31.49606000
51.19656804,-39.37008000
51.19757284,-39.37008000
51.19857764,-35.43307000
51.19958244,-35.43307000
51.20058724,-39.37008000
51.20159204,-35.43307000
51.20259684,-31.49606000
51.20360164,-31.49606000
51.20460644,-31.49606000
51.20561124,-31.49606000
51.20661604,-31.49606000
51.20762084,-31.49606000
51.20862564,-27.55905000
51.20963044,-27.55905000
51.21063524,-27.55905000
51.21164004,-35.43307000
51.21264484,-27.55905000
51.21364964,-27.55905000
51.21465444,-31.49606000
51.21565924,-31.49606000
51.21666404,-35.43307000
51.21766884,-39.37008000
51.21867364,-31.49606000
51.21967844,-35.43307000
51.22068324,-27.55905000
51.22168804,-31.49606000
51.22269284,-31.49606000
51.22369764,-27.55905000
51.22470244,-27.55905000
51.22570724,-35.43307000
51.22671204,-31.49606000
51.22771684,-31.49606000
51.22872164,-31.49606000
51.22972644,-27.55905000
51.23073124,-35.43307000
51.23173604,-35.43307000
51.23274084,-31.49606000
51.23374564,-35.43307000
51.23475044,-55.11811000
51.23575524,-35.43307000
51.23676004,-31.49606000
51.23776484,-39.37008000
51.23876964,-35.43307000
51.23977444,-27.55905000
51.24077924,-27.55905000
51.24178404,-31.49606000
51.24278884,-27.55905000
51.24379364,-27.55905000
51.24479844,-27.55905000
51.24580324,-27.55905000
51.24680804,-31.49606000
51.24781284,-27.55905000
51.24881764,-27.55905000
51.24982244,-31.49606000
51.25082724,-31.49606000
51.25183204,-35.43307000
51.25283684,-31.49606000
51.25384164,-23.62205000
51.25484644,-31.49606000
51.25585124,-31.49606000
51.25685604,-31.49606000
51.25786084,-31.49606000
51.25886564,-27.55905000
51.25987044,-31.49606000
51.26087524,-35.43307000
51.26188004,-31.49606000
51.26288484,-31.49606000
51.26388964,-31.49606000
51.26489444,-31.49606000
51.26589924,-43.30709000
51.26690404,-31.49606000
51.26790884,-35.43307000
51.26891364,-31.49606000
51.26991844,-31.49606000
51.27092324,-35.43307000
51.27192804,-39.37008000
51.27293284,-39.37008000
51.27393764,-35.43307000
51.27494244,-35.43307000
51.27594724,-35.43307000
51.27695204,-31.49606000
51.27795684,-27.55905000
51.27896164,-27.55905000
51.27996644,-31.49606000
51.28097124,-27.55905000
51.28197604,-31.49606000
51.28298084,-31.49606000
51.28398564,-27.55905000
51.28499044,-35.43307000
51.28599524,-31.49606000
51.28700004,-23.62205000
51.28800484,-27.55905000
51.28900964,-31.49606000
51.29001444,-27.55905000
51.29101924,-31.49606000
51.29202404,-31.49606000
51.29302884,-27.55905000
51.29403364,-27.55905000
51.29503844,-31.49606000
51.29604324,-27.55905000
51.29704804,-31.49606000
51.29805284,-31.49606000
51.29905764,-27.55905000
51.30006244,-31.49606000
51.30106724,-31.49606000
51.30207204,-27.55905000
51.30307684,-31.49606000
51.30408164,-35.43307000
51.30508644,-31.49606000
51.30609124,-35.43307000
51.30709604,-23.62205000
51.30810084,-31.49606000
51.30910564,-47.24409000
51.31011044,-35.43307000
51.31111524,-35.43307000
51.31212004,-35.43307000
51.31312484,-35.43307000
51.31412964,-31.49606000
51.31513444,-35.43307000
51.31613924,-27.55905000
51.31714404,-35.43307000
51.31814884,-31.49606000
51.31915364,-23.62205000
51.32015844,-31.49606000
51.32116324,-27.55905000
51.32216804,-23.62205000
51.32317284,-23.62205000
51.32417764,-31.49606000
51.32518244,-31.49606000
51.32618724,-27.55905000
51.32719204,-31.49606000
51.32819684,-27.55905000
51.32920164,-31.49606000
51.33020644,-27.55905000
51.33121124,-31.49606000
51.33221604,-35.43307000
51.33322084,-31.49606000
51.33422564,-27.55905000
51.33523044,-27.55905000
51.33623524,-23.62205000
51.33724004,-31.49606000
51.33824484,-31.49606000
51.33924964,-23.62205000
51.34025444,-31.49606000
51.34125924,-35.43307000
51.34226404,-31.49606000
51.34326884,-31.49606000
51.34427364,-31.49606000
51.34527844,-31.49606000
51.34628324,-35.43307000
51.34728804,-35.43307000
51.34829284,-35.43307000
51.34929764,-31.49606000
51.35030244,-31.49606000
51.35130724,-31.49606000
51.35231204,-27.55905000
51.35331684,-27.55905000
51.35432164,-27.55905000
51.35532644,-27.55905000
51.35633124,-27.55905000
51.35733604,-31.49606000
51.35834084,-23.62205000
51.35934564,-31.49606000
51.36035044,-31.49606000
51.36135524,-23.62205000
51.36236004,-31.49606000
51.36336484,-39.37008000
51.36436964,-31.49606000
51.36537444,-31.49606000
51.36637924,-23.62205000
51.36738404,-27.55905000
51.36838884,-27.55905000
51.36939364,-31.49606000
51.37039844,-23.62205000
51.37140324,-27.55905000
51.37240804,-31.49606000
51.37341284,-23.62205000
51.37441764,-27.55905000
51.37542244,-31.49606000
51.37642724,-31.49606000
51.37743204,-27.55905000
51.37843684,-31.49606000
51.37944164,-31.49606000
51.38044644,-35.43307000
51.38145124,-35.43307000
51.38245604,-23.62205000
51.38346084,-39.37008000
51.38446564,-39.37008000
51.38547044,-35.43307000
51.38647524,-31.49606000
51.38748004,-31.49606000
51.38848484,-31.49606000
51.38948964,-27.55905000
51.39049444,-31.49606000
51.39149924,-27.55905000
51.39250404,-31.49606000
51.39350884,-27.55905000
51.39451364,-27.55905000
51.39551844,-27.55905000
51.39652324,-31.49606000
51.39752804,-35.43307000
51.39853284,-35.43307000
51.39953764,-31.49606000
51.40054244,-27.55905000
51.40154724,-31.49606000
51.40255204,-27.55905000
51.40355684,-31.49606000
51.40456164,-27.55905000
51.40556644,-27.55905000
51.40657124,-31.49606000
51.40757604,-27.55905000
51.40858084,-31.49606000
51.40958564,-27.55905000
51.41059044,-35.43307000
51.41159524,-31.49606000
51.41260004,-31.49606000
51.41360484,-31.49606000
51.41460964,-31.49606000
51.41561444,-23.62205000
51.41661924,-31.49606000
51.41762404,-27.55905000
51.41862884,-27.55905000
51.41963364,-27.55905000
51.42063844,-31.49606000
51.42164324,-39.37008000
51.42264804,-31.49606000
51.42365284,-35.43307000
51.42465764,-35.43307000
51.42566244,-27.55905000
51.42666724,-35.43307000
51.42767204,-23.62205000
51.42867684,-31.49606000
51.42968164,-31.49606000
51.43068644,-27.55905000
51.43169124,-27.55905000
51.43269604,-27.55905000
51.43370084,-27.55905000
51.43470564,-27.55905000
51.43571044,-27.55905000
51.43671524,-35.43307000
51.43772004,-27.55905000
51.43872484,-31.49606000
51.43972964,-31.49606000
51.44073444,-23.62205000
51.44173924,-27.55905000
51.44274404,-31.49606000
51.44374884,-27.55905000
51.44475364,-31.49606000
51.44575844,-35.43307000
51.44676324,-23.62205000
51.44776804,-27.55905000
51.44877284,-31.49606000
51.44977764,-27.55905000
51.45078244,-27.55905000
51.45178724,-27.55905000
51.45279204,-27.55905000
51.45379684,-27.55905000
51.45480164,-27.55905000
51.45580644,-27.55905000
51.45681124,-31.49606000
51.45781604,-27.55905000
51.45882084,-31.49606000
51.45982564,-31.49606000
51.46083044,-39.37008000
51.46183524,-35.43307000
51.46284004,-31.49606000
51.46384484,-27.55905000
51.46484964,-27.55905000
51.46585444,-27.55905000
51.46685924,-19.68504000
51.46786404,-23.62205000
51.46886884,-23.62205000
51.46987364,-27.55905000
51.47087844,-31.49606000
51.47188324,-27.55905000
51.47288804,-27.55905000
51.47389284,-23.62205000
51.47489763,-31.49606000
51.47590243,-23.62205000
51.47690723,-31.49606000
51.47791203,-27.55905000
51.47891683,-27.55905000
51.47992163,-11.81102000
51.48092643,-27.55905000
51.48193123,-27.55905000
51.48293603,-23.62205000
51.48394083,-27.55905000
51.48494563,-31.49606000
51.48595043,-23.62205000
51.48695523,-27.55905000
51.48796003,-27.55905000
51.48896483,-27.55905000
51.48996963,-23.62205000
51.49097443,-27.55905000
51.49197923,-27.55905000
51.49298403,-27.55905000
51.49398883,-27.55905000
51.49499363,-35.43307000
51.49599843,-27.55905000
51.49700323,-39.37008000
51.49800803,-35.43307000
51.49901283,-31.49606000
51.50001763,-27.55905000
51.50102243,-31.49606000
51.50202723,-27.55905000
51.50303203,-27.55905000
51.50403683,-23.62205000
51.50504163,-23.62205000
51.50604643,-27.55905000
51.50705123,-23.62205000
51.50805603,-23.62205000
51.50906083,-27.55905000
51.51006563,-31.49606000
51.51107043,-23.62205000
51.51207523,-31.49606000
51.51308003,-23.62205000
51.51408483,-27.55905000
51.51508963,-27.55905000
51.51609443,-23.62205000
51.51709923,-23.62205000
51.51810403,-27.55905000
51.51910883,-27.55905000
51.52011363,-23.62205000
51.52111843,-27.55905000
51.52212323,-27.55905000
51.52312803,-27.55905000
51.52413283,-27.55905000
51.52513763,-27.55905000
51.52614243,-31.49606000
51.52714723,-23.62205000
51.52815203,-27.55905000
51.52915683,-27.55905000
51.53016163,-23.62205000
51.53116643,-19.68504000
51.53217123,-27.55905000
51.53317603,-27.55905000
51.53418083,-23.62205000
51.53518563,-31.49606000
51.53619043,-23.62205000
51.53719523,-27.55905000
51.53820003,-31.49606000
51.53920483,-23.62205000
51.54020963,-23.62205000
51.54121443,-23.62205000
51.54221923,-23.62205000
51.54322403,-23.62205000
51.54422883,-27.55905000
51.54523363,-23.62205000
51.54623843,-19.68504000
51.54724323,-27.55905000
51.54824803,-23.62205000
51.54925283,-19.68504000
51.55025763,-23.62205000
51.55126243,-27.55905000
51.55226723,-23.62205000
51.55327203,-23.62205000
51.55427683,-23.62205000
51.55528163,-27.55905000
51.55628643,-27.55905000
51.55729123,-23.62205000
51.55829603,-27.55905000
51.55930083,-23.62205000
51.56030563,-27.55905000
51.56131043,-19.68504000
51.56231523,-19.68504000
51.56332003,-27.55905000
51.56432483,-23.62205000
51.56532963,-27.55905000
51.56633443,-23.62205000
51.56733923,-23.62205000
51.56834403,-19.68504000
51.56934883,-23.62205000
51.57035363,-27.55905000
51.57135843,-35.43307000
51.57236323,-31.49606000
51.57336803,-27.55905000
51.57437283,-27.55905000
51.57537763,-31.49606000
51.57638243,-23.62205000
51.57738723,0.00000000
51.57839203,-19.68504000
51.57939683,-19.68504000
51.58040163,-23.62205000
51.58140643,-23.62205000
51.58241123,-19.68504000
51.58341603,-23.62205000
51.58442083,-19.68504000
51.58542563,-19.68504000
51.58643043,-19.68504000
51.58743523,-23.62205000
51.58844003,-23.62205000
51.58944483,-19.68504000
51.59044963,-19.68504000
51.59145443,-27.55905000
51.59245923,-23.62205000
51.59346403,-23.62205000
51.59446883,-19.68504000
51.59547363,-19.68504000
51.59647843,-23.62205000
51.59748323,-23.62205000
51.59848803,-23.62205000
51.59949283,-23.62205000
51.60049763,-23.62205000
51.60150243,-23.62205000
51.60250723,-19.68504000
51.60351203,-23.62205000
51.60451683,-23.62205000
51.60552163,-19.68504000
51.60652643,-23.62205000
51.60753123,-27.55905000
51.60853603,-27.55905000
51.60954083,-31.49606000
51.61054563,-27.55905000
51.61155043,-23.62205000
51.61255523,-23.62205000
51.61356003,-23.62205000
51.61456483,-19.68504000
51.61556963,-15.74803000
51.61657443,-23.62205000
51.61757923,-19.68504000
51.61858403,-19.68504000
51.61958883,-15.74803000
51.62059363,-15.74803000
51.62159843,-15.74803000
51.62260323,-15.74803000
51.62360803,-19.68504000
51.62461283,-19.68504000
51.62561763,-19.68504000
51.62662243,-11.81102000
51.62762723,-11.81102000
51.62863203,-15.74803000
51.62963683,-19.68504000
51.63064163,-15.74803000
51.63164643,-7.87401500
51.63265123,-15.74803000
51.63365603,-7.87401500
51.63466083,-3.93700800
51.63566563,-7.87401500
51.63667043,-3.93700800
51.63767523,-3.93700800
51.63868003,-3.93700800
51.63968483,0.00000000
51.64068963,-3.93700800
51.64169443,0.00000000
51.64269923,0.00000000
51.64370403,3.93700800
51.64470883,0.00000000
51.64571363,0.00000000
51.64671843,3.93700800
51.64772323,-3.93700800
51.64872803,-11.81102000
51.64973283,-7.87401500
51.65073763,-3.93700800
51.65174243,-3.93700800
51.65274723,-7.87401500
51.65375203,-3.93700800
51.65475683,-3.93700800
51.65576163,-7.87401500
51.65676643,-15.74803000
51.65777123,-19.68504000
51.65877603,-15.74803000
51.65978083,-19.68504000
51.66078563,-23.62205000
51.66179043,-19.68504000
51.66279523,-27.55905000
51.66380003,-27.55905000
51.66480483,-31.49606000
51.66580963,-31.49606000
51.66681443,-31.49606000
51.66781923,-35.43307000
51.66882403,-31.49606000
51.66982883,-27.55905000
51.67083363,-35.43307000
51.67183843,-39.37008000
51.67284323,-31.49606000
51.67384803,-31.49606000
51.67485283,-15.74803000
51.67585763,-23.62205000
51.67686243,-23.62205000
51.67786723,-23.62205000
51.67887203,-19.68504000
51.67987683,-19.68504000
51.68088163,-15.74803000
51.68188643,-7.87401500
51.68289123,-7.87401500
51.68389603,-7.87401500
51.68490083,0.00000000
51.68590563,-7.87401500
51.68691043,-15.74803000
51.68791523,-11.81102000
51.68892003,-23.62205000
51.68992483,-27.55905000
51.69092963,-23.62205000
51.69193443,-23.62205000
51.69293923,-23.62205000
51.69394403,-15.74803000
51.69494883,-11.81102000
51.69595363,-11.81102000
51.69695843,-15.74803000
51.69796323,-15.74803000
51.69896803,-15.74803000
51.69997283,-23.62205000
51.70097763,-19.68504000
51.70198243,-15.74803000
51.70298723,-19.68504000
51.70399203,-15.74803000
51.70499683,-15.74803000
51.70600163,-23.62205000
51.70700643,-19.68504000
51.70801123,-15.74803000
51.70901603,-19.68504000
51.71002083,-15.74803000
51.71102563,-15.74803000
51.71203043,-11.81102000
51.71303523,-23.62205000
51.71404003,-19.68504000
51.71504483,-19.68504000
51.71604963,-19.68504000
51.71705443,-19.68504000
51.71805923,-15.74803000
51.71906403,-19.68504000
51.72006883,-15.74803000
51.72107363,-23.62205000
51.72207843,-23.62205000
51.72308323,-27.55905000
51.72408803,-23.62205000
51.72509283,-27.55905000
51.72609763,-23.62205000
51.72710243,-23.62205000
51.72810723,-19.68504000
51.72911203,-23.62205000
51.73011683,-19.68504000
51.73112163,-15.74803000
51.73212643,-19.68504000
51.73313123,-15.74803000
51.73413603,-19.68504000
51.73514083,-23.62205000
51.73614563,-15.74803000
51.73715043,-19.68504000
51.73815523,-23.62205000
51.73916003,-15.74803000
51.74016483,-15.74803000
51.74116963,-15.74803000
51.74217443,-19.68504000
51.74317923,-19.68504000
51.74418403,-15.74803000
51.74518883,-15.74803000
51.74619363,-19.68504000
51.74719843,-19.68504000
51.74820323,-19.68504000
51.74920803,-19.68504000
51.75021283,-27.55905000
51.75121763,-23.62205000
51.75222243,-23.62205000
51.75322723,-15.74803000
51.75423203,-23.62205000
51.75523683,-23.62205000
51.75624163,-23.62205000
51.75724643,-19.68504000
51.75825123,-19.68504000
51.75925603,-23.62205000
51.76026083,-19.68504000
51.76126563,-23.62205000
51.76227043,-31.49606000
51.76327523,-27.55905000
51.76428003,-23.62205000
51.76528483,-19.68504000
51.76628963,-23.62205000
51.76729443,-19.68504000
51.76829923,-19.68504000
51.76930403,-35.43307000
51.77030883,-23.62205000
51.77131363,-23.62205000
51.77231843,-15.74803000
51.77332323,-15.74803000
51.77432803,-19.68504000
51.77533283,-19.68504000
51.77633763,-19.68504000
51.77734243,-19.68504000
51.77834723,-23.62205000
51.77935203,-19.68504000
51.78035683,-23.62205000
51.78136163,-15.74803000
51.78236643,-19.68504000
51.78337123,-23.62205000
51.78437603,-19.68504000
51.78538083,-15.74803000
51.78638563,-23.62205000
51.78739043,-23.62205000
51.78839523,-19.68504000
51.78940003,-23.62205000
51.79040483,-19.68504000
51.79140963,-19.68504000
51.79241443,-19.68504000
51.79341923,-23.62205000
51.79442403,-23.62205000
51.79542883,-19.68504000
51.79643363,-27.55905000
51.79743843,-23.62205000
51.79844323,-19.68504000
51.79944803,-23.62205000
51.80045283,-23.62205000
51.80145763,-27.55905000
51.80246243,-31.49606000
51.80346722,-23.62205000
51.80447202,-27.55905000
51.80547682,-19.68504000
51.80648162,-23.62205000
51.80748642,-19.68504000
51.80849122,-27.55905000
51.80949602,-19.68504000
51.81050082,-23.62205000
51.81150562,-19.68504000
51.81251042,-23.62205000
51.81351522,-19.68504000
51.81452002,-23.62205000
51.81552482,-23.62205000
51.81652962,-19.68504000
51.81753442,-23.62205000
51.81853922,-23.62205000
51.81954402,-23.62205000
51.82054882,-23.62205000
51.82155362,-23.62205000
51.82255842,-19.68504000
51.82356322,-23.62205000
51.82456802,-19.68504000
51.82557282,-27.55905000
51.82657762,-19.68504000
51.82758242,-19.68504000
51.82858722,-23.62205000
51.82959202,-23.62205000
51.83059682,-23.62205000
51.83160162,-19.68504000
51.83260642,-23.62205000
51.83361122,-27.55905000
51.83461602,-23.62205000
51.83562082,-23.62205000
51.83662562,-19.68504000
51.83763042,-27.55905000
51.83863522,-27.55905000
51.83964002,-27.55905000
51.84064482,-23.62205000
51.84164962,-27.55905000
51.84265442,-19.68504000
51.84365922,-19.68504000
51.84466402,-23.62205000
51.84566882,-19.68504000
51.84667362,-19.68504000
51.84767842,-19.68504000
51.84868322,-23.62205000
51.84968802,-23.62205000
51.85069282,-19.68504000
51.85169762,-23.62205000
51.85270242,-23.62205000
51.85370722,-19.68504000
51.85471202,-19.68504000
51.85571682,-19.68504000
51.85672162,-27.55905000
51.85772642,-19.68504000
51.85873122,-15.74803000
51.85973602,-23.62205000
51.86074082,-23.62205000
51.86174562,-19.68504000
51.86275042,-19.68504000
51.86375522,-19.68504000
51.86476002,-23.62205000
51.86576482,-23.62205000
51.86676962,-27.55905000
51.86777442,-27.55905000
51.86877922,-27.55905000
51.86978402,-19.68504000
51.87078882,-23.62205000
51.87179362,-19.68504000
51.87279842,-19.68504000
51.87380322,-23.62205000
51.87480802,-35.43307000
51.87581282,-31.49606000
51.87681762,-27.55905000
51.87782242,-27.55905000
51.87882722,-23.62205000
51.87983202,-23.62205000
51.88083682,-19.68504000
51.88184162,-27.55905000
51.88284642,-19.68504000
51.88385122,-23.62205000
51.88485602,-27.55905000
51.88586082,-15.74803000
51.88686562,-19.68504000
51.88787042,-19.68504000
51.88887522,-19.68504000
51.88988002,-23.62205000
51.89088482,-23.62205000
51.89188962,-19.68504000
51.89289442,-23.62205000
51.89389922,-23.62205000
51.89490402,-23.62205000
51.89590882,-23.62205000
51.89691362,-19.68504000
51.89791842,-23.62205000
51.89892322,-23.62205000
51.89992802,-27.55905000
51.90093282,-27.55905000
51.90193762,-27.55905000
51.90294242,-23.62205000
51.90394722,-19.68504000
51.90495202,-23.62205000
51.90595682,-23.62205000
51.90696162,-19.68504000
51.90796642,-19.68504000
51.90897122,-27.55905000
51.90997602,-27.55905000
51.91098082,-27.55905000
51.91198562,-23.62205000
51.91299042,-31.49606000
51.91399522,-31.49606000
51.91500002,-31.49606000
51.91600482,-31.49606000
51.91700962,-27.55905000
51.91801442,-23.62205000
51.91901922,-23.62205000
51.92002402,-19.68504000
51.92102882,-23.62205000
51.92203362,-31.49606000
51.92303842,-23.62205000
51.92404322,-31.49606000
51.92504802,-27.55905000
51.92605282,-23.62205000
51.92705762,-31.49606000
51.92806242,-27.55905000
51.92906722,-19.68504000
51.93007202,-23.62205000
51.93107682,-23.62205000
51.93208162,-23.62205000
51.93308642,-27.55905000
51.93409122,-23.62205000
51.93509602,-27.55905000
51.93610082,-23.62205000
51.93710562,-23.62205000
51.93811042,-27.55905000
51.93911522,-23.62205000
51.94012002,-23.62205000
51.94112482,-23.62205000
51.94212962,-23.62205000
51.94313442,-19.68504000
51.94413922,-23.62205000
51.94514402,-19.68504000
51.94614882,-15.74803000
51.94715362,-19.68504000
51.94815842,-23.62205000
51.94916322,-31.49606000
51.95016802,-35.43307000
51.95117282,-35.43307000
51.95217762,-31.49606000
51.95318242,-31.49606000
51.95418722,-27.55905000
51.95519202,-27.55905000
51.95619682,-31.49606000
51.95720162,-23.62205000
51.95820642,-23.62205000
51.95921122,-23.62205000
51.96021602,-27.55905000
51.96122082,-27.55905000
51.96222562,-27.55905000
51.96323042,-23.62205000
51.96423522,-31.49606000
51.96524002,-31.49606000
51.96624482,-27.55905000
51.96724962,-31.49606000
51.96825442,-23.62205000
51.96925922,-23.62205000
51.97026402,-27.55905000
51.97126882,-19.68504000
51.97227362,-31.49606000
51.97327842,-27.55905000
51.97428322,-27.55905000
51.97528802,-23.62205000
51.97629282,-23.62205000
51.97729762,-27.55905000
51.97830242,-23.62205000
51.97930722,-23.62205000
51.98031202,-27.55905000
51.98131682,-27.55905000
51.98232162,-31.49606000
51.98332642,-15.74803000
51.98433122,-23.62205000
51.98533602,-27.55905000
51.98634082,-23.62205000
51.98734562,-31.49606000
51.98835042,-31.49606000
51.98935522,-31.49606000
51.99036002,-27.55905000
51.99136482,-27.55905000
51.99236962,-23.62205000
51.99337442,-23.62205000
51.99437922,-27.55905000
51.99538402,-27.55905000
51.99638882,-23.62205000
51.99739362,-27.55905000
51.99839842,-31.49606000
51.99940322,-31.49606000
52.00040802,-27.55905000
52.00141282,-27.55905000
52.00241762,-31.49606000
52.00342242,-27.55905000
52.00442722,-31.49606000
52.00543202,-23.62205000
52.00643682,-31.49606000
52.00744162,-31.49606000
52.00844642,-27.55905000
52.00945122,-27.55905000
52.01045602,-31.49606000
52.01146082,-27.55905000
52.01246562,-27.55905000
52.01347042,-31.49606000
52.01447522,-27.55905000
52.01548002,-31.49606000
52.01648482,-27.55905000
52.01748962,-27.55905000
52.01849442,-27.55905000
52.01949922,-27.55905000
52.02050402,-31.49606000
52.02150882,-27.55905000
52.02251362,-23.62205000
52.02351842,-31.49606000
52.02452322,-27.55905000
52.02552802,-35.43307000
52.02653282,-31.49606000
52.02753762,-27.55905000
52.02854242,-27.55905000
52.02954722,-31.49606000
52.03055202,-31.49606000
52.03155682,-31.49606000
52.03256162,-27.55905000
52.03356642,-23.62205000
52.03457122,-27.55905000
52.03557602,-23.62205000
52.03658082,-23.62205000
52.03758562,-27.55905000
52.03859042,-23.62205000
52.03959522,-23.62205000
52.04060002,-31.49606000
52.04160482,-27.55905000
52.04260962,-27.55905000
52.04361442,-23.62205000
52.04461922,-31.49606000
52.04562402,-23.62205000
52.04662882,-35.43307000
52.04763362,-31.49606000
52.04863842,-27.55905000
52.04964322,-27.55905000
52.05064802,-27.55905000
52.05165282,-27.55905000
52.05265762,-27.55905000
52.05366242,-27.55905000
52.05466722,-27.55905000
52.05567202,-27.55905000
52.05667682,-23.62205000
52.05768162,-31.49606000
52.05868642,-27.55905000
52.05969122,-27.55905000
52.06069602,-43.30709000
52.06170082,-31.49606000
52.06270562,-35.43307000
52.06371042,-39.37008000
52.06471522,-31.49606000
52.06572002,-27.55905000
52.06672482,-27.55905000
52.06772962,-27.55905000
52.06873442,-23.62205000
52.06973922,-27.55905000
52.07074402,-27.55905000
52.07174882,-23.62205000
52.07275362,-27.55905000
52.07375842,-27.55905000
52.07476322,-27.55905000
52.07576802,-35.43307000
52.07677282,-27.55905000
52.07777762,-35.43307000
52.07878242,-35.43307000
52.07978722,-35.43307000
52.08079202,-7.87401500
52.08179682,-31.49606000
52.08280162,-31.49606000
52.08380642,-27.55905000
52.08481122,-27.55905000
52.08581602,-31.49606000
52.08682082,-31.49606000
52.08782562,-27.55905000
52.08883042,-27.55905000
52.08983522,-27.55905000
52.09084002,-27.55905000
52.09184482,-27.55905000
52.09284962,-23.62205000
52.09385442,-27.55905000
52.09485922,-31.49606000
52.09586402,-31.49606000
52.09686882,-35.43307000
52.09787362,-35.43307000
52.09887842,-35.43307000
52.09988322,-31.49606000
52.10088802,-31.49606000
52.10189282,-31.49606000
52.10289762,-27.55905000
52.10390242,-31.49606000
52.10490722,-27.55905000
52.10591202,-27.55905000
52.10691682,-27.55905000
52.10792162,-27.55905000
52.10892642,-27.55905000
52.10993122,-31.49606000
52.11093602,-31.49606000
52.11194082,-31.49606000
52.11294562,-31.49606000
52.11395042,-27.55905000
52.11495522,-27.55905000
52.11596002,-27.55905000
52.11696482,-27.55905000
52.11796962,-27.55905000
52.11897442,-27.55905000
52.11997922,-27.55905000
52.12098402,-27.55905000
52.12198882,-27.55905000
52.12299362,-31.49606000
52.12399842,-31.49606000
52.12500322,-27.55905000
52.12600802,-27.55905000
52.12701282,-27.55905000
52.12801762,-35.43307000
52.12902242,-31.49606000
52.13002722,-27.55905000
52.13103202,-31.49606000
52.13203682,-31.49606000
52.13304161,-27.55905000
52.13404641,-31.49606000
52.13505121,-31.49606000
52.13605601,-31.49606000
52.13706081,-31.49606000
52.13806561,-35.43307000
52.13907041,-31.49606000
52.14007521,-27.55905000
52.14108001,-31.49606000
52.14208481,-27.55905000
52.14308961,-23.62205000
52.14409441,-31.49606000
52.14509921,-27.55905000
52.14610401,-27.55905000
52.14710881,-27.55905000
52.14811361,-27.55905000
52.14911841,-35.43307000
52.15012321,-31.49606000
52.15112801,-31.49606000
52.15213281,-27.55905000
52.15313761,-27.55905000
52.15414241,-27.55905000
52.15514721,-27.55905000
52.15615201,-27.55905000
52.15715681,-31.49606000
52.15816161,-31.49606000
52.15916641,-31.49606000
52.16017121,-31.49606000
52.16117601,-31.49606000
52.16218081,-35.43307000
52.16318561,-31.49606000
52.16419041,-31.49606000
52.16519521,-31.49606000
52.16620001,-27.55905000
52.16720481,-27.55905000
52.16820961,-23.62205000
52.16921441,-31.49606000
52.17021921,-31.49606000
52.17122401,-23.62205000
52.17222881,-31.49606000
52.17323361,-31.49606000
52.17423841,-39.37008000
52.17524321,-47.24409000
52.17624801,-39.37008000
52.17725281,-39.37008000
52.17825761,-23.62205000
52.17926241,-31.49606000
52.18026721,-31.49606000
52.18127201,-31.49606000
52.18227681,-31.49606000
52.18328161,-31.49606000
52.18428641,-23.62205000
52.18529121,-31.49606000
52.18629601,-31.49606000
52.18730081,-27.55905000
52.18830561,-23.62205000
52.18931041,-27.55905000
52.19031521,-31.49606000
52.19132001,-31.49606000
52.19232481,-35.43307000
52.19332961,-31.49606000
52.19433441,-39.37008000
52.19533921,-31.49606000
52.19634401,-27.55905000
52.19734881,-31.49606000
52.19835361,-31.49606000
52.19935841,-35.43307000
52.20036321,-23.62205000
52.20136801,-31.49606000
52.20237281,-31.49606000
52.20337761,-31.49606000
52.20438241,-23.62205000
52.20538721,-31.49606000
52.20639201,-31.49606000
52.20739681,-31.49606000
52.20840161,-31.49606000
52.20940641,-31.49606000
52.21041121,-27.55905000
52.21141601,-27.55905000
52.21242081,-35.43307000
52.21342561,-35.43307000
52.21443041,-35.43307000
52.21543521,-31.49606000
52.21644001,-35.43307000
52.21744481,-31.49606000
52.21844961,-35.43307000
52.21945441,-31.49606000
52.22045921,-27.55905000
52.22146401,-31.49606000
52.22246881,-23.62205000
52.22347361,-27.55905000
52.22447841,-39.37008000
52.22548321,-35.43307000
52.22648801,-31.49606000
52.22749281,-27.55905000
52.22849761,-27.55905000
52.22950241,-27.55905000
52.23050721,-31.49606000
52.23151201,-27.55905000
52.23251681,-27.55905000
52.23352161,-31.49606000
52.23452641,-31.49606000
52.23553121,-31.49606000
52.23653601,-31.49606000
52.23754081,-31.49606000
52.23854561,-31.49606000
52.23955041,-31.49606000
52.24055521,-35.43307000
52.24156001,-35.43307000
52.24256481,-35.43307000
52.24356961,-31.49606000
52.24457441,-31.49606000
52.24557921,-27.55905000
52.24658401,-31.49606000
52.24758881,-35.43307000
52.24859361,-27.55905000
52.24959841,-27.55905000
52.25060321,-39.37008000
52.25160801,-35.43307000
52.25261281,-35.43307000
52.25361761,-35.43307000
52.25462241,-31.49606000
52.25562721,-27.55905000
52.25663201,-23.62205000
52.25763681,-27.55905000
52.25864161,-31.49606000
52.25964641,-27.55905000
52.26065121,-27.55905000
52.26165601,-27.55905000
52.26266081,-31.49606000
52.26366561,-27.55905000
52.26467041,-31.49606000
52.26567521,-31.49606000
52.26668001,-31.49606000
52.26768481,-31.49606000
52.26868961,-31.49606000
52.26969441,-23.62205000
52.27069921,-27.55905000
52.27170401,-31.49606000
52.27270881,-35.43307000
52.27371361,-27.55905000
52.27471841,-31.49606000
52.27572321,-31.49606000
52.27672801,-27.55905000
52.27773281,-35.43307000
52.27873761,-31.49606000
52.27974241,-27.55905000
52.28074721,-27.55905000
52.28175201,-27.55905000
52.28275681,-27.55905000
52.28376161,-31.49606000
52.28476641,-31.49606000
52.28577121,-27.55905000
52.28677601,-23.62205000
52.28778081,-31.49606000
52.28878561,-35.43307000
52.28979041,-39.37008000
52.29079521,-35.43307000
52.29180001,-39.37008000
52.29280481,-27.55905000
52.29380961,-31.49606000
52.29481441,-31.49606000
52.29581921,-27.55905000
52.29682401,-27.55905000
52.29782881,-27.55905000
52.29883361,-23.62205000
52.29983841,-27.55905000
52.30084321,-27.55905000
52.30184801,-27.55905000
52.30285281,-27.55905000
52.30385761,-31.49606000
52.30486241,-27.55905000
52.30586721,-31.49606000
52.30687201,-35.43307000
52.30787681,-31.49606000
52.30888161,-23.62205000
52.30988641,-27.55905000
52.31089121,-31.49606000
52.31189601,-27.55905000
52.31290081,-31.49606000
52.31390561,-31.49606000
52.31491041,-27.55905000
52.31591521,-31.49606000
52.31692001,-27.55905000
52.31792481,-31.49606000
52.31892961,-27.55905000
52.31993441,-31.49606000
52.32093921,-31.49606000
52.32194401,-31.49606000
52.32294881,-31.49606000
52.32395361,-31.49606000
52.32495841,-27.55905000
52.32596321,-31.49606000
52.32696801,-35.43307000
52.32797281,-31.49606000
52.32897761,-39.37008000
52.32998241,-31.49606000
52.33098721,-31.49606000
52.33199201,-31.49606000
52.33299681,-31.49606000
52.33400161,-27.55905000
52.33500641,-23.62205000
52.33601121,-31.49606000
52.33701601,-27.55905000
52.33802081,-31.49606000
52.33902561,-31.49606000
52.34003041,-31.49606000
52.34103521,-27.55905000
52.34204001,-31.49606000
52.34304481,-31.49606000
52.34404961,-31.49606000
52.34505441,-27.55905000
52.34605921,-27.55905000
52.34706401,-27.55905000
52.34806881,-27.55905000
52.34907361,-31.49606000
52.35007841,-31.49606000
52.35108321,-31.49606000
52.35208801,-31.49606000
52.35309281,-23.62205000
52.35409761,-31.49606000
52.35510241,-35.43307000
52.35610721,-31.49606000
52.35711201,-27.55905000
52.35811681,-27.55905000
52.35912161,-31.49606000
52.36012641,-31.49606000
52.36113121,-27.55905000
52.36213601,-35.43307000
52.36314081,-27.55905000
52.36414561,-27.55905000
52.36515041,-31.49606000
52.36615521,-31.49606000
52.36716001,-35.43307000
52.36816481,-31.49606000
52.36916961,-31.49606000
52.37017441,-35.43307000
52.37117921,-35.43307000
52.37218401,-31.49606000
52.37318881,-27.55905000
52.37419361,-31.49606000
52.37519841,-31.49606000
52.37620321,-23.62205000
52.37720801,-31.49606000
52.37821281,-31.49606000
52.37921761,-31.49606000
52.38022241,-35.43307000
52.38122721,-27.55905000
52.38223201,-23.62205000
52.38323681,-27.55905000
52.38424161,-27.55905000
52.38524641,-27.55905000
52.38625121,-31.49606000
52.38725601,-35.43307000
52.38826081,-31.49606000
52.38926561,-23.62205000
52.39027041,-31.49606000
52.39127521,-35.43307000
52.39228001,-27.55905000
52.39328481,-31.49606000
52.39428961,-31.49606000
52.39529441,-27.55905000
52.39629921,-27.55905000
52.39730401,-31.49606000
52.39830881,-31.49606000
52.39931361,-27.55905000
52.40031841,-27.55905000
52.40132321,-27.55905000
52.40232801,-39.37008000
52.40333281,-43.30709000
52.40433761,-39.37008000
52.40534241,-35.43307000
52.40634721,-35.43307000
52.40735201,-35.43307000
52.40835681,-27.55905000
52.40936161,-31.49606000
52.41036641,-27.55905000
52.41137121,-23.62205000
52.41237601,-27.55905000
52.41338081,-27.55905000
52.41438561,-31.49606000
52.41539041,-27.55905000
52.41639521,-23.62205000
52.41740001,-27.55905000
52.41840481,-31.49606000
52.41940961,-35.43307000
52.42041441,-31.49606000
52.42141921,-27.55905000
52.42242401,-27.55905000
52.42342881,-23.62205000
52.42443361,-27.55905000
52.42543841,-31.49606000
52.42644321,-27.55905000
52.42744801,-27.55905000
52.42845281,-27.55905000
52.42945761,-27.55905000
52.43046241,-31.49606000
52.43146721,-31.49606000
52.43247201,-31.49606000
52.43347681,-27.55905000
52.43448161,-31.49606000
52.43548641,-31.49606000
52.43649121,-31.49606000
52.43749601,-35.43307000
52.43850081,-27.55905000
52.43950561,-27.55905000
52.44051041,-31.49606000
52.44151521,-35.43307000
52.44252001,-39.37008000
52.44352481,-35.43307000
52.44452961,-35.43307000
52.44553441,-31.49606000
52.44653921,-31.49606000
52.44754401,-27.55905000
52.44854881,-23.62205000
52.44955361,-27.55905000
52.45055841,-31.49606000
52.45156321,-31.49606000
52.45256801,-31.49606000
52.45357281,-27.55905000
52.45457761,-31.49606000
52.45558241,-31.49606000
52.45658721,-31.49606000
52.45759201,-27.55905000
52.45859681,-31.49606000
52.45960161,-23.62205000
52.46060641,-27.55905000
52.46161120,-31.49606000
52.46261600,-27.55905000
52.46362080,-27.55905000
52.46462560,-27.55905000
52.46563040,-27.55905000
52.46663520,-27.55905000
52.46764000,-39.37008000
52.46864480,-35.43307000
52.46964960,-27.55905000
52.47065440,-27.55905000
52.47165920,-27.55905000
52.47266400,-27.55905000
52.47366880,-31.49606000
52.47467360,-31.49606000
52.47567840,-23.62205000
52.47668320,-27.55905000
52.47768800,-31.49606000
52.47869280,-31.49606000
52.47969760,-27.55905000
52.48070240,-35.43307000
52.48170720,-31.49606000
52.48271200,-35.43307000
52.48371680,-31.49606000
52.48472160,-31.49606000
52.48572640,-31.49606000
52.48673120,-7.87401500
52.48773600,-31.49606000
52.48874080,-27.55905000
52.48974560,-27.55905000
52.49075040,-31.49606000
52.49175520,-27.55905000
52.49276000,-31.49606000
52.49376480,-27.55905000
52.49476960,-31.49606000
52.49577440,-31.49606000
52.49677920,-31.49606000
52.49778400,-31.49606000
52.49878880,-27.55905000
52.49979360,-27.55905000
52.50079840,-31.49606000
52.50180320,-31.49606000
52.50280800,-31.49606000
52.50381280,-27.55905000
52.50481760,-23.62205000
52.50582240,-31.49606000
52.50682720,-31.49606000
52.50783200,-23.62205000
52.50883680,-27.55905000
52.50984160,-31.49606000
52.51084640,-31.49606000
52.51185120,-27.55905000
52.51285600,-27.55905000
52.51386080,-31.49606000
52.51486560,-31.49606000
52.51587040,-31.49606000
52.51687520,-35.43307000
52.51788000,-31.49606000
52.51888480,-31.49606000
52.51988960,-31.49606000
52.52089440,-35.43307000
52.52189920,-31.49606000
52.52290400,-31.49606000
52.52390880,-27.55905000
52.52491360,-31.49606000
52.52591840,-31.49606000
52.52692320,-27.55905000
52.52792800,-23.62205000
52.52893280,-27.55905000
52.52993760,-27.55905000
52.53094240,-27.55905000
52.53194720,-27.55905000
52.53295200,-35.43307000
52.53395680,-31.49606000
52.53496160,-31.49606000
52.53596640,-23.62205000
52.53697120,-31.49606000
52.53797600,-27.55905000
52.53898080,-27.55905000
52.53998560,-27.55905000
52.54099040,-27.55905000
52.54199520,-23.62205000
52.54300000,-27.55905000
52.54400480,-27.55905000
52.54500960,-27.55905000
52.54601440,-27.55905000
52.54701920,-27.55905000
52.54802400,-31.49606000
52.54902880,-27.55905000
52.55003360,-31.49606000
52.55103840,-23.62205000
52.55204320,-27.55905000
52.55304800,-27.55905000
52.55405280,-23.62205000
52.55505760,-27.55905000
52.55606240,-35.43307000
52.55706720,-31.49606000
52.55807200,-31.49606000
52.55907680,-31.49606000
52.56008160,-35.43307000
52.56108640,-31.49606000
52.56209120,-23.62205000
52.56309600,-31.49606000
52.56410080,-19.68504000
52.56510560,-27.55905000
52.56611040,-31.49606000
52.56711520,-31.49606000
52.56812000,-27.55905000
52.56912480,-23.62205000
52.57012960,-27.55905000
52.57113440,-27.55905000
52.57213920,-23.62205000
52.57314400,-31.49606000
52.57414880,-31.49606000
52.57515360,-23.62205000
52.57615840,-27.55905000
52.57716320,-27.55905000
52.57816800,-27.55905000
52.57917280,-23.62205000
52.58017760,-27.55905000
52.58118240,-43.30709000
52.58218720,-31.49606000
52.58319200,-27.55905000
52.58419680,-11.81102000
52.58520160,-27.55905000
52.58620640,-27.55905000
52.58721120,-23.62205000
52.58821600,-23.62205000
52.58922080,-23.62205000
52.59022560,-27.55905000
52.59123040,-27.55905000
52.59223520,-23.62205000
52.59324000,-27.55905000
52.59424480,-27.55905000
52.59524960,-31.49606000
52.59625440,-31.49606000
52.59725920,-35.43307000
52.59826400,-39.37008000
52.59926880,-27.55905000
52.60027360,-31.49606000
52.60127840,-27.55905000
52.60228320,-19.68504000
52.60328800,-27.55905000
52.60429280,-27.55905000
52.60529760,-23.62205000
52.60630240,-23.62205000
52.60730720,-23.62205000
52.60831200,-23.62205000
52.60931680,-23.62205000
52.61032160,-27.55905000
52.61132640,-27.55905000
52.61233120,-23.62205000
52.61333600,-27.55905000
52.61434080,-31.49606000
52.61534560,-31.49606000
52.61635040,-31.49606000
52.61735520,-23.62205000
52.61836000,-27.55905000
52.61936480,-27.55905000
52.62036960,-27.55905000
52.62137440,-27.55905000
52.62237920,-27.55905000
52.62338400,-23.62205000
52.62438880,-27.55905000
52.62539360,-23.62205000
52.62639840,-27.55905000
52.62740320,-23.62205000
52.62840800,-31.49606000
52.62941280,-23.62205000
52.63041760,-31.49606000
52.63142240,-27.55905000
52.63242720,-31.49606000
52.63343200,-35.43307000
52.63443680,-31.49606000
52.63544160,-31.49606000
52.63644640,-27.55905000
52.63745120,-27.55905000
52.63845600,-27.55905000
52.63946080,-27.55905000
52.64046560,-23.62205000
52.64147040,-27.55905000
52.64247520,-23.62205000
52.64348000,-23.62205000
52.64448480,-23.62205000
52.64548960,-27.55905000
52.64649440,-23.62205000
52.64749920,-27.55905000
52.64850400,-27.55905000
52.64950880,-23.62205000
52.65051360,-23.62205000
52.65151840,-27.55905000
52.65252320,-19.68504000
52.65352800,-27.55905000
52.65453280,-27.55905000
52.65553760,-23.62205000
52.65654240,-31.49606000
52.65754720,-27.55905000
52.65855200,-19.68504000
52.65955680,-23.62205000
52.66056160,-23.62205000
52.66156640,-23.62205000
52.66257120,-27.55905000
52.66357600,-27.55905000
52.66458080,-27.55905000
52.66558560,-23.62205000
52.66659040,-23.62205000
52.66759520,-23.62205000
52.66860000,-19.68504000
52.66960480,-23.62205000
52.67060960,-23.62205000
52.67161440,-23.62205000
52.67261920,-23.62205000
52.67362400,-31.49606000
52.67462880,-27.55905000
52.67563360,-27.55905000
52.67663840,-23.62205000
52.67764320,-27.55905000
52.67864800,-43.30709000
52.67965280,-27.55905000
52.68065760,-27.55905000
52.68166240,-11.81102000
52.68266720,-27.55905000
52.68367200,-19.68504000
52.68467680,-27.55905000
52.68568160,-27.55905000
52.68668640,-23.62205000
52.68769120,-23.62205000
52.68869600,-27.55905000
52.68970080,-23.62205000
52.69070560,-19.68504000
52.69171040,-23.62205000
52.69271520,-23.62205000
52.69372000,-23.62205000
52.69472480,-27.55905000
52.69572960,-27.55905000
52.69673440,-31.49606000
52.69773920,-19.68504000
52.69874400,-23.62205000
52.69974880,-23.62205000
52.70075360,-23.62205000
52.70175840,-27.55905000
52.70276320,-27.55905000
52.70376800,-27.55905000
52.70477280,-19.68504000
52.70577760,-23.62205000
52.70678240,-23.62205000
52.70778720,-19.68504000
52.70879200,-23.62205000
52.70979680,-19.68504000
52.71080160,-23.62205000
52.71180640,-31.49606000
52.71281120,-27.55905000
52.71381600,-31.49606000
52.71482080,-23.62205000
52.71582560,-27.55905000
52.71683040,-23.62205000
52.71783520,-23.62205000
52.71884000,-23.62205000
52.71984480,-19.68504000
52.72084960,-23.62205000
52.72185440,-23.62205000
52.72285920,-19.68504000
52.72386400,-27.55905000
52.72486880,-27.55905000
52.72587360,-19.68504000
52.72687840,-23.62205000
52.72788320,-27.55905000
52.72888800,-27.55905000
52.72989280,-27.55905000
52.73089760,-27.55905000
52.73190240,-19.68504000
52.73290720,-23.62205000
52.73391200,-23.62205000
52.73491680,-23.62205000
52.73592160,-23.62205000
52.73692640,-23.62205000
52.73793120,-23.62205000
52.73893600,-19.68504000
52.73994080,-23.62205000
52.74094560,-19.68504000
52.74195040,-23.62205000
52.74295520,-27.55905000
52.74396000,-23.62205000
52.74496480,-23.62205000
52.74596960,-27.55905000
52.74697440,-27.55905000
52.74797920,-23.62205000
52.74898400,-27.55905000
52.74998880,-23.62205000
52.75099360,-31.49606000
52.75199840,-27.55905000
52.75300320,-31.49606000
52.75400800,-23.62205000
52.75501280,-31.49606000
52.75601760,-23.62205000
52.75702240,-19.68504000
52.75802720,-23.62205000
52.75903200,-23.62205000
52.76003680,-23.62205000
52.76104160,-27.55905000
52.76204640,-31.49606000
52.76305120,-27.55905000
52.76405600,-19.68504000
52.76506080,-23.62205000
52.76606560,-23.62205000
52.76707040,-23.62205000
52.76807520,-23.62205000
52.76908000,-23.62205000
52.77008480,-19.68504000
52.77108960,-23.62205000
52.77209440,-23.62205000
52.77309920,-27.55905000
52.77410400,-23.62205000
52.77510880,-23.62205000
52.77611360,-31.49606000
52.77711840,-27.55905000
52.77812320,-23.62205000
52.77912800,-23.62205000
52.78013280,-27.55905000
52.78113760,-23.62205000
52.78214240,-19.68504000
52.78314720,-27.55905000
52.78415200,-27.55905000
52.78515680,-23.62205000
52.78616160,-27.55905000
52.78716640,-23.62205000
52.78817120,-27.55905000
52.78917600,-19.68504000
52.79018080,-35.43307000
52.79118559,-27.55905000
52.79219039,-23.62205000
52.79319519,-27.55905000
52.79419999,-27.55905000
52.79520479,-27.55905000
52.79620959,-19.68504000
52.79721439,-23.62205000
52.79821919,-23.62205000
52.79922399,-19.68504000
52.80022879,-19.68504000
52.80123359,-19.68504000
52.80223839,-27.55905000
52.80324319,-23.62205000
52.80424799,-19.68504000
52.80525279,-23.62205000
52.80625759,-19.68504000
52.80726239,-19.68504000
52.80826719,-23.62205000
52.80927199,-31.49606000
52.81027679,-27.55905000
52.81128159,-23.62205000
52.81228639,-19.68504000
52.81329119,-23.62205000
52.81429599,-19.68504000
52.81530079,-23.62205000
52.81630559,-27.55905000
52.81731039,-23.62205000
52.81831519,-23.62205000
52.81931999,-19.68504000
52.82032479,-19.68504000
52.82132959,-19.68504000
52.82233439,-19.68504000
52.82333919,-19.68504000
52.82434399,-19.68504000
52.82534879,-19.68504000
52.82635359,-23.62205000
52.82735839,-27.55905000
52.82836319,-23.62205000
52.82936799,-31.49606000
52.83037279,-27.55905000
52.83137759,-27.55905000
52.83238239,-27.55905000
52.83338719,-23.62205000
52.83439199,-23.62205000
52.83539679,-27.55905000
52.83640159,-23.62205000
52.83740639,-19.68504000
52.83841119,-19.68504000
52.83941599,-19.68504000
52.84042079,-19.68504000
52.84142559,-27.55905000
52.84243039,-27.55905000
52.84343519,-23.62205000
52.84443999,-23.62205000
52.84544479,-23.62205000
52.84644959,-23.62205000
52.84745439,-19.68504000
52.84845919,-19.68504000
52.84946399,-23.62205000
52.85046879,-31.49606000
52.85147359,-19.68504000
52.85247839,-23.62205000
52.85348319,-19.68504000
52.85448799,-19.68504000
52.85549279,-23.62205000
52.85649759,-23.62205000
52.85750239,-23.62205000
52.85850719,-23.62205000
52.85951199,-27.55905000
52.86051679,-19.68504000
52.86152159,-19.68504000
52.86252639,-19.68504000
52.86353119,-23.62205000
52.86453599,-19.68504000
52.86554079,-19.68504000
52.86654559,-19.68504000
52.86755039,-19.68504000
52.86855519,-23.62205000
52.86955999,-27.55905000
52.87056479,-27.55905000
52.87156959,-23.62205000
52.87257439,-23.62205000
52.87357919,-27.55905000
52.87458399,-27.55905000
52.87558879,-27.55905000
52.87659359,-15.74803000
52.87759839,-23.62205000
52.87860319,-19.68504000
52.87960799,-19.68504000
52.88061279,-19.68504000
52.88161759,-23.62205000
52.88262239,-23.62205000
52.88362719,-19.68504000
52.88463199,-19.68504000
52.88563679,-19.68504000
52.88664159,-15.74803000
52.88764639,-23.62205000
52.88865119,-19.68504000
52.88965599,-23.62205000
52.89066079,-23.62205000
52.89166559,-27.55905000
52.89267039,-23.62205000
52.89367519,-19.68504000
52.89467999,-19.68504000
52.89568479,-23.62205000
52.89668959,-19.68504000
52.89769439,-19.68504000
52.89869919,-23.62205000
52.89970399,-19.68504000
52.90070879,-19.68504000
52.90171359,-19.68504000
52.90271839,-15.74803000
52.90372319,-23.62205000
52.90472799,-23.62205000
52.90573279,-15.74803000
52.90673759,-23.62205000
52.90774239,-15.74803000
52.90874719,-27.55905000
52.90975199,-23.62205000
52.91075679,-27.55905000
52.91176159,-23.62205000
52.91276639,-23.62205000
52.91377119,-23.62205000
52.91477599,-23.62205000
52.91578079,-23.62205000
52.91678559,-19.68504000
52.91779039,-15.74803000
52.91879519,-23.62205000
52.91979999,-19.68504000
52.92080479,-19.68504000
52.92180959,-19.68504000
52.92281439,-23.62205000
52.92381919,-23.62205000
52.92482399,-27.55905000
52.92582879,-15.74803000
52.92683359,-27.55905000
52.92783839,-23.62205000
52.92884319,-23.62205000
52.92984799,-19.68504000
52.93085279,-23.62205000
52.93185759,-19.68504000
52.93286239,-23.62205000
52.93386719,-19.68504000
52.93487199,-19.68504000
52.93587679,-19.68504000
52.93688159,-19.68504000
52.93788639,-19.68504000
52.93889119,-19.68504000
52.93989599,-23.62205000
52.94090079,-23.62205000
52.94190559,-19.68504000
52.94291039,-15.74803000
52.94391519,-23.62205000
52.94491999,-15.74803000
52.94592479,-19.68504000
52.94692959,-27.55905000
52.94793439,-23.62205000
52.94893919,-27.55905000
52.94994399,-27.55905000
52.95094879,-23.62205000
52.95195359,-23.62205000
52.95295839,-19.68504000
52.95396319,-19.68504000
52.95496799,-19.68504000
52.95597279,-23.62205000
52.95697759,-23.62205000
52.95798239,-19.68504000
52.95898719,-19.68504000
52.95999199,-19.68504000
52.96099679,-23.62205000
52.96200159,-23.62205000
52.96300639,-19.68504000
52.96401119,-19.68504000
52.96501599,-19.68504000
52.96602079,-19.68504000
52.96702559,-19.68504000
52.96803039,-15.74803000
52.96903519,-23.62205000
52.97003999,-19.68504000
52.97104479,-23.62205000
52.97204959,-23.62205000
52.97305439,-19.68504000
52.97405919,-19.68504000
52.97506399,-23.62205000
52.97606879,-19.68504000
52.97707359,-19.68504000
52.97807839,-23.62205000
52.97908319,-23.62205000
52.98008799,-23.62205000
52.98109279,-19.68504000
52.98209759,-19.68504000
52.98310239,-15.74803000
52.98410719,-19.68504000
52.98511199,-15.74803000
52.98611679,-15.74803000
52.98712159,-31.49606000
52.98812639,-27.55905000
52.98913119,-23.62205000
52.99013599,-11.81102000
52.99114079,-27.55905000
52.99214559,-19.68504000
52.99315039,-19.68504000
52.99415519,-19.68504000
52.99515999,-19.68504000
52.99616479,-19.68504000
52.99716959,-19.68504000
52.99817439,-15.74803000
52.99917919,-15.74803000
53.00018399,-19.68504000
53.00118879,-15.74803000
53.00219359,-19.68504000
53.00319839,-19.68504000
53.00420319,-23.62205000
53.00520799,-19.68504000
53.00621279,-19.68504000
53.00721759,-19.68504000
53.00822239,-15.74803000
53.00922719,-19.68504000
53.01023199,-19.68504000
53.01123679,-23.62205000
53.01224159,-19.68504000
53.01324639,-19.68504000
53.01425119,-19.68504000
53.01525599,-15.74803000
53.01626079,-23.62205000
53.01726559,-15.74803000
53.01827039,-19.68504000
53.01927519,-19.68504000
53.02027999,-19.68504000
53.02128479,-15.74803000
53.02228959,-23.62205000
53.02329439,-11.81102000
53.02429919,-23.62205000
53.02530399,-23.62205000
53.02630879,-19.68504000
53.02731359,-23.62205000
53.02831839,-23.62205000
53.02932319,-23.62205000
53.03032799,-19.68504000
53.03133279,-19.68504000
53.03233759,-19.68504000
53.03334239,-19.68504000
53.03434719,-19.68504000
53.03535199,-19.68504000
53.03635679,-19.68504000
53.03736159,-19.68504000
53.03836639,-23.62205000
53.03937119,-19.68504000
53.04037599,-15.74803000
53.04138079,-15.74803000
53.04238559,-19.68504000
53.04339039,-19.68504000
53.04439519,-19.68504000
53.04539999,-19.68504000
53.04640479,-15.74803000
53.04740959,-15.74803000
53.04841439,-19.68504000
53.04941919,-15.74803000
53.05042399,-19.68504000
53.05142879,-15.74803000
53.05243359,-15.74803000
53.05343839,-23.62205000
53.05444319,-19.68504000
53.05544799,-15.74803000
53.05645279,-15.74803000
53.05745759,-15.74803000
53.05846239,-19.68504000
53.05946719,-15.74803000
53.06047199,-15.74803000
53.06147679,-19.68504000
53.06248159,-15.74803000
53.06348639,-15.74803000
53.06449119,-15.74803000
53.06549599,-23.62205000
53.06650079,-19.68504000
53.06750559,-23.62205000
53.06851039,-19.68504000
53.06951519,-23.62205000
53.07051999,-23.62205000
53.07152479,-15.74803000
53.07252959,-15.74803000
53.07353439,-11.81102000
53.07453919,-15.74803000
53.07554399,-19.68504000
53.07654879,-15.74803000
53.07755359,-15.74803000
53.07855839,-15.74803000
53.07956319,-19.68504000
53.08056799,-15.74803000
53.08157279,-15.74803000
53.08257759,-23.62205000
53.08358239,-15.74803000
53.08458719,-23.62205000
53.08559199,-27.55905000
53.08659679,-19.68504000
53.08760159,-3.93700800
53.08860639,-19.68504000
53.08961119,-11.81102000
53.09061599,-15.74803000
53.09162079,-19.68504000
53.09262559,-15.74803000
53.09363039,-15.74803000
53.09463519,-19.68504000
53.09563999,-11.81102000
53.09664479,-15.74803000
53.09764959,-19.68504000
53.09865439,-11.81102000
53.09965919,-11.81102000
53.10066399,-19.68504000
53.10166879,-15.74803000
53.10267359,-23.62205000
53.10367839,-15.74803000
53.10468319,-11.81102000
53.10568799,-31.49606000
53.10669279,-15.74803000
53.10769759,-23.62205000
53.10870239,-15.74803000
53.10970719,-15.74803000
53.11071199,-15.74803000
53.11171679,-15.74803000
53.11272159,-15.74803000
53.11372639,-15.74803000
53.11473119,-7.87401500
53.11573599,-15.74803000
53.11674079,-15.74803000
53.11774559,-19.68504000
53.11875039,-15.74803000
53.11975518,-19.68504000
53.12075998,-15.74803000
53.12176478,-15.74803000
53.12276958,-15.74803000
53.12377438,-15.74803000
53.12477918,-15.74803000
53.12578398,-15.74803000
53.12678878,-15.74803000
53.12779358,-15.74803000
53.12879838,-15.74803000
53.12980318,-11.81102000
53.13080798,-11.81102000
53.13181278,-15.74803000
53.13281758,-15.74803000
53.13382238,-19.68504000
53.13482718,-19.68504000
53.13583198,-19.68504000
53.13683678,-15.74803000
53.13784158,-15.74803000
53.13884638,-19.68504000
53.13985118,-11.81102000
53.14085598,-11.81102000
53.14186078,-19.68504000
53.14286558,-19.68504000
53.14387038,-11.81102000
53.14487518,-23.62205000
53.14587998,-19.68504000
53.14688478,-19.68504000
53.14788958,-15.74803000
53.14889438,-19.68504000
53.14989918,-15.74803000
53.15090398,-19.68504000
53.15190878,-19.68504000
53.15291358,-15.74803000
53.15391838,-15.74803000
53.15492318,-15.74803000
53.15592798,-15.74803000
53.15693278,-15.74803000
53.15793758,-15.74803000
53.15894238,-19.68504000
53.15994718,-15.74803000
53.16095198,-19.68504000
53.16195678,-11.81102000
53.16296158,-11.81102000
53.16396638,-15.74803000
53.16497118,-19.68504000
53.16597598,-15.74803000
53.16698078,-23.62205000
53.16798558,-19.68504000
53.16899038,-19.68504000
53.16999518,-19.68504000
53.17099998,-19.68504000
53.17200478,-19.68504000
53.17300958,-11.81102000
53.17401438,-15.74803000
53.17501918,-15.74803000
53.17602398,-15.74803000
53.17702878,-15.74803000
53.17803358,-11.81102000
53.17903838,-11.81102000
53.18004318,-15.74803000
53.18104798,-11.81102000
53.18205278,-27.55905000
53.18305758,-19.68504000
53.18406238,-23.62205000
53.18506718,-11.81102000
53.18607198,-19.68504000
53.18707678,-15.74803000
53.18808158,-15.74803000
53.18908638,-15.74803000
53.19009118,-15.74803000
53.19109598,-11.81102000
53.19210078,-15.74803000
53.19310558,-11.81102000
53.19411038,-11.81102000
53.19511518,-15.74803000
53.19611998,-15.74803000
53.19712478,-15.74803000
53.19812958,-15.74803000
53.19913438,-19.68504000
53.20013918,-19.68504000
53.20114398,-23.62205000
53.20214878,-15.74803000
53.20315358,-19.68504000
53.20415838,-15.74803000
53.20516318,-15.74803000
53.20616798,-15.74803000
53.20717278,-19.68504000
53.20817758,-15.74803000
53.20918238,-19.68504000
53.21018718,-11.81102000
53.21119198,-11.81102000
53.21219678,-11.81102000
53.21320158,-11.81102000
53.21420638,-19.68504000
53.21521118,-23.62205000
53.21621598,-19.68504000
53.21722078,-15.74803000
53.21822558,-11.81102000
53.21923038,-19.68504000
53.22023518,-15.74803000
53.22123998,-3.93700800
53.22224478,-15.74803000
53.22324958,-15.74803000
53.22425438,-11.81102000
53.22525918,-23.62205000
53.22626398,-15.74803000
53.22726878,-19.68504000
53.22827358,-15.74803000
53.22927838,-15.74803000
53.23028318,-15.74803000
53.23128798,-11.81102000
53.23229278,-19.68504000
53.23329758,-15.74803000
53.23430238,-7.87401500
53.23530718,-19.68504000
53.23631198,-11.81102000
53.23731678,-11.81102000
53.23832158,-15.74803000
53.23932638,-11.81102000
53.24033118,-15.74803000
53.24133598,-15.74803000
53.24234078,-15.74803000
53.24334558,-15.74803000
53.24435038,-15.74803000
53.24535518,-15.74803000
53.24635998,-11.81102000
53.24736478,-19.68504000
53.24836958,-15.74803000
53.24937438,-15.74803000
53.25037918,-15.74803000
53.25138398,-15.74803000
53.25238878,-15.74803000
53.25339358,-11.81102000
53.25439838,-19.68504000
53.25540318,-15.74803000
53.25640798,-11.81102000
53.25741278,-15.74803000
53.25841758,-15.74803000
53.25942238,-11.81102000
53.26042718,-11.81102000
53.26143198,-15.74803000
53.26243678,-15.74803000
53.26344158,-15.74803000
53.26444638,-19.68504000
53.26545118,-19.68504000
53.26645598,-15.74803000
53.26746078,-11.81102000
53.26846558,-11.81102000
53.26947038,-11.81102000
53.27047518,-15.74803000
53.27147998,-19.68504000
53.27248478,-7.87401500
53.27348958,-11.81102000
53.27449438,-15.74803000
53.27549918,-7.87401500
53.27650398,-15.74803000
53.27750878,-11.81102000
53.27851358,-15.74803000
53.27951838,-27.55905000
53.28052318,-19.68504000
53.28152798,-15.74803000
53.28253278,-7.87401500
53.28353758,-15.74803000
53.28454238,-11.81102000
53.28554718,-15.74803000
53.28655198,-15.74803000
53.28755678,-11.81102000
53.28856158,-11.81102000
53.28956638,-15.74803000
53.29057118,-15.74803000
53.29157598,-11.81102000
53.29258078,-19.68504000
53.29358558,-11.81102000
53.29459038,-15.74803000
53.29559518,-7.87401500
53.29659998,-19.68504000
53.29760478,-7.87401500
53.29860958,-19.68504000
53.29961438,-11.81102000
53.30061918,-11.81102000
53.30162398,-11.81102000
53.30262878,-11.81102000
53.30363358,-15.74803000
53.30463838,-15.74803000
53.30564318,-19.68504000
53.30664798,-15.74803000
53.30765278,-15.74803000
53.30865758,-19.68504000
53.30966238,-11.81102000
53.31066718,-15.74803000
53.31167198,-15.74803000
53.31267678,-15.74803000
53.31368158,-11.81102000
53.31468638,-15.74803000
53.31569118,-11.81102000
53.31669598,-15.74803000
53.31770078,-15.74803000
53.31870558,-15.74803000
53.31971038,-11.81102000
53.32071518,-15.74803000
53.32171998,-11.81102000
53.32272478,-15.74803000
53.32372958,-19.68504000
53.32473438,-15.74803000
53.32573918,-15.74803000
53.32674398,-19.68504000
53.32774878,-11.81102000
53.32875358,-15.74803000
53.32975838,-15.74803000
53.33076318,-11.81102000
53.33176798,-11.81102000
53.33277278,-7.87401500
53.33377758,-11.81102000
53.33478238,-11.81102000
53.33578718,-7.87401500
53.33679198,-15.74803000
53.33779678,-11.81102000
53.33880158,-11.81102000
53.33980638,-11.81102000
53.34081118,-11.81102000
53.34181598,-11.81102000
53.34282078,-23.62205000
53.34382558,-11.81102000
53.34483038,-23.62205000
53.34583518,-23.62205000
53.34683998,-15.74803000
53.34784478,-15.74803000
53.34884958,-11.81102000
53.34985438,-11.81102000
53.35085918,-15.74803000
53.35186398,-11.81102000
53.35286878,-11.81102000
53.35387358,-11.81102000
53.35487838,-11.81102000
53.35588318,-11.81102000
53.35688798,-11.81102000
53.35789278,-11.81102000
53.35889758,-11.81102000
53.35990238,-11.81102000
53.36090718,-15.74803000
53.36191198,-19.68504000
53.36291678,-15.74803000
53.36392158,-19.68504000
53.36492638,-15.74803000
53.36593118,-11.81102000
53.36693598,-15.74803000
53.36794078,-15.74803000
53.36894558,-11.81102000
53.36995038,-15.74803000
53.37095518,-15.74803000
53.37195998,-7.87401500
53.37296478,-15.74803000
53.37396958,-19.68504000
53.37497438,-11.81102000
53.37597918,-11.81102000
53.37698398,-19.68504000
53.37798878,-15.74803000
53.37899358,-15.74803000
53.37999838,-11.81102000
53.38100318,-11.81102000
53.38200798,-23.62205000
53.38301278,-23.62205000
53.38401758,-19.68504000
53.38502238,-19.68504000
53.38602718,-15.74803000
53.38703198,-15.74803000
53.38803678,-11.81102000
53.38904158,-15.74803000
53.39004638,-11.81102000
53.39105118,-11.81102000
53.39205598,-11.81102000
53.39306078,-15.74803000
53.39406558,-15.74803000
53.39507038,-19.68504000
53.39607518,-11.81102000
53.39707998,-11.81102000
53.39808478,-11.81102000
53.39908958,-15.74803000
53.40009438,-11.81102000
53.40109918,-15.74803000
53.40210398,-15.74803000
53.40310878,-15.74803000
53.40411358,-15.74803000
53.40511838,-15.74803000
53.40612318,-11.81102000
53.40712798,-15.74803000
53.40813278,-15.74803000
53.40913758,-11.81102000
53.41014238,-19.68504000
53.41114718,-15.74803000
53.41215198,-15.74803000
53.41315678,-15.74803000
53.41416158,-11.81102000
53.41516638,-15.74803000
53.41617118,-7.87401500
53.41717598,-11.81102000
53.41818078,-7.87401500
53.41918558,-7.87401500
53.42019038,-11.81102000
53.42119518,-15.74803000
53.42219998,-23.62205000
53.42320478,-19.68504000
53.42420958,-19.68504000
53.42521438,-15.74803000
53.42621918,-19.68504000
53.42722398,-23.62205000
53.42822878,-19.68504000
53.42923358,-11.81102000
53.43023838,-11.81102000
53.43124318,-15.74803000
53.43224798,-11.81102000
53.43325278,-15.74803000
53.43425758,-11.81102000
53.43526238,-15.74803000
53.43626718,-11.81102000
53.43727198,-15.74803000
53.43827678,-15.74803000
53.43928158,-15.74803000
53.44028638,-15.74803000
53.44129118,-11.81102000
53.44229598,-19.68504000
53.44330078,-15.74803000
53.44430558,-15.74803000
53.44531038,-15.74803000
53.44631518,-15.74803000
53.44731998,-11.81102000
53.44832477,-11.81102000
53.44932957,-15.74803000
53.45033437,-7.87401500
53.45133917,-11.81102000
53.45234397,-15.74803000
53.45334877,-15.74803000
53.45435357,-15.74803000
53.45535837,-15.74803000
53.45636317,-15.74803000
53.45736797,-15.74803000
53.45837277,-11.81102000
53.45937757,-15.74803000
53.46038237,-15.74803000
53.46138717,-11.81102000
53.46239197,-23.62205000
53.46339677,-19.68504000
53.46440157,-15.74803000
53.46540637,-19.68504000
53.46641117,-19.68504000
53.46741597,-11.81102000
53.46842077,-11.81102000
53.46942557,-11.81102000
53.47043037,-3.93700800
53.47143517,-15.74803000
53.47243997,-15.74803000
53.47344477,-11.81102000
53.47444957,-19.68504000
53.47545437,-15.74803000
53.47645917,-11.81102000
53.47746397,-3.93700800
53.47846877,-15.74803000
53.47947357,-15.74803000
53.48047837,-19.68504000
53.48148317,-15.74803000
53.48248797,-15.74803000
53.48349277,-15.74803000
53.48449757,-15.74803000
53.48550237,-15.74803000
53.48650717,-11.81102000
53.48751197,-7.87401500
53.48851677,-15.74803000
53.48952157,-11.81102000
53.49052637,-15.74803000
53.49153117,-19.68504000
53.49253597,-23.62205000
53.49354077,-15.74803000
53.49454557,-15.74803000
53.49555037,-15.74803000
53.49655517,-15.74803000
53.49755997,-15.74803000
53.49856477,-7.87401500
53.49956957,-7.87401500
53.50057437,-19.68504000
53.50157917,-7.87401500
53.50258397,-19.68504000
53.50358877,-19.68504000
53.50459357,-19.68504000
53.50559837,-15.74803000
53.50660317,-11.81102000
53.50760797,-19.68504000
53.50861277,-15.74803000
53.50961757,-15.74803000
53.51062237,-15.74803000
53.51162717,-3.93700800
53.51263197,-15.74803000
53.51363677,-15.74803000
53.51464157,-19.68504000
53.51564637,-11.81102000
53.51665117,-15.74803000
53.51765597,-15.74803000
53.51866077,-15.74803000
53.51966557,-11.81102000
53.52067037,-11.81102000
53.52167517,-11.81102000
53.52267997,-11.81102000
53.52368477,-15.74803000
53.52468957,-11.81102000
53.52569437,-15.74803000
53.52669917,-15.74803000
53.52770397,-11.81102000
53.52870877,-11.81102000
53.52971357,-15.74803000
53.53071837,-11.81102000
53.53172317,-15.74803000
53.53272797,-19.68504000
53.53373277,-11.81102000
53.53473757,-11.81102000
53.53574237,-15.74803000
53.53674717,-11.81102000
53.53775197,-15.74803000
53.53875677,-7.87401500
53.53976157,-19.68504000
53.54076637,-23.62205000
53.54177117,-23.62205000
53.54277597,-19.68504000
53.54378077,-11.81102000
53.54478557,-11.81102000
53.54579037,-15.74803000
53.54679517,-11.81102000
53.54779997,-11.81102000
53.54880477,-11.81102000
53.54980957,-11.81102000
53.55081437,-7.87401500
53.55181917,-11.81102000
53.55282397,-15.74803000
53.55382877,-15.74803000
53.55483357,-11.81102000
53.55583837,-19.68504000
53.55684317,-15.74803000
53.55784797,-15.74803000
53.55885277,-7.87401500
53.55985757,-15.74803000
53.56086237,-15.74803000
53.56186717,-11.81102000
53.56287197,-15.74803000
53.56387677,-15.74803000
53.56488157,-15.74803000
53.56588637,-11.81102000
53.56689117,-11.81102000
53.56789597,-15.74803000
53.56890077,-19.68504000
53.56990557,-7.87401500
53.57091037,-11.81102000
53.57191517,-15.74803000
53.57291997,-11.81102000
53.57392477,-15.74803000
53.57492957,-11.81102000
53.57593437,-11.81102000
53.57693917,-19.68504000
53.57794397,-11.81102000
53.57894877,-19.68504000
53.57995357,-15.74803000
53.58095837,-15.74803000
53.58196317,-15.74803000
53.58296797,-15.74803000
53.58397277,-11.81102000
53.58497757,-11.81102000
53.58598237,-7.87401500
53.58698717,-15.74803000
53.58799197,-19.68504000
53.58899677,-11.81102000
53.59000157,-11.81102000
53.59100637,3.93700800
53.59201117,-15.74803000
53.59301597,-7.87401500
53.59402077,-11.81102000
53.59502557,-11.81102000
53.59603037,-11.81102000
53.59703517,-11.81102000
53.59803997,-11.81102000
53.59904477,-11.81102000
53.60004957,-15.74803000
53.60105437,-7.87401500
53.60205917,-11.81102000
53.60306397,-11.81102000
53.60406877,-11.81102000
53.60507357,-19.68504000
53.60607837,-15.74803000
53.60708317,-15.74803000
53.60808797,-15.74803000
53.60909277,-11.81102000
53.61009757,-15.74803000
53.61110237,-15.74803000
53.61210717,-15.74803000
53.61311197,-11.81102000
53.61411677,-15.74803000
53.61512157,-15.74803000
53.61612637,-11.81102000
53.61713117,-19.68504000
53.61813597,-15.74803000
53.61914077,-19.68504000
53.62014557,-15.74803000
53.62115037,-19.68504000
53.62215517,-15.74803000
53.62315997,-15.74803000
53.62416477,-7.87401500
53.62516957,-7.87401500
53.62617437,-11.81102000
53.62717917,-11.81102000
53.62818397,-11.81102000
53.62918877,-15.74803000
53.63019357,-11.81102000
53.63119837,-15.74803000
53.63220317,-7.87401500
53.63320797,-15.74803000
53.63421277,-15.74803000
53.63521757,-11.81102000
53.63622237,-7.87401500
53.63722717,-15.74803000
53.63823197,-15.74803000
53.63923677,-15.74803000
53.64024157,-15.74803000
53.64124637,-7.87401500
53.64225117,-11.81102000
53.64325597,-15.74803000
53.64426077,-19.68504000
53.64526557,-15.74803000
53.64627037,-11.81102000
53.64727517,-15.74803000
53.64827997,-15.74803000
53.64928477,-11.81102000
53.65028957,-11.81102000
53.65129437,-15.74803000
53.65229917,-11.81102000
53.65330397,-11.81102000
53.65430877,-19.68504000
53.65531357,-19.68504000
53.65631837,-19.68504000
53.65732317,-7.87401500
53.65832797,-31.49606000
53.65933277,-19.68504000
53.66033757,-15.74803000
53.66134237,-15.74803000
53.66234717,-15.74803000
53.66335197,-11.81102000
53.66435677,-11.81102000
53.66536157,-7.87401500
53.66636637,-11.81102000
53.66737117,-7.87401500
53.66837597,-11.81102000
53.66938077,-19.68504000
53.67038557,-15.74803000
53.67139037,-15.74803000
53.67239517,-11.81102000
53.67339997,-11.81102000
53.67440477,-11.81102000
53.67540957,-11.81102000
53.67641437,-19.68504000
53.67741917,-11.81102000
53.67842397,-11.81102000
53.67942877,-15.74803000
53.68043357,-15.74803000
53.68143837,-15.74803000
53.68244317,-15.74803000
53.68344797,-15.74803000
53.68445277,-11.81102000
53.68545757,-23.62205000
53.68646237,-15.74803000
53.68746717,-15.74803000
53.68847197,3.93700800
53.68947677,-11.81102000
53.69048157,-15.74803000
53.69148637,-11.81102000
53.69249117,-11.81102000
53.69349597,-19.68504000
53.69450077,-11.81102000
53.69550557,-11.81102000
53.69651037,-15.74803000
53.69751517,-11.81102000
53.69851997,-19.68504000
53.69952477,-11.81102000
53.70052957,-15.74803000
53.70153437,-19.68504000
53.70253917,-19.68504000
53.70354397,-19.68504000
53.70454877,-15.74803000
53.70555357,-7.87401500
53.70655837,-15.74803000
53.70756317,-11.81102000
53.70856797,-3.93700800
53.70957277,-11.81102000
53.71057757,-7.87401500
53.71158237,-15.74803000
53.71258717,-11.81102000
53.71359197,-7.87401500
53.71459677,-7.87401500
53.71560157,-11.81102000
53.71660637,-15.74803000
53.71761117,-11.81102000
53.71861597,-19.68504000
53.71962077,-15.74803000
53.72062557,-19.68504000
53.72163037,-11.81102000
53.72263517,-7.87401500
53.72363997,-11.81102000
53.72464477,-15.74803000
53.72564957,-11.81102000
53.72665437,-11.81102000
53.72765917,-15.74803000
53.72866397,-11.81102000
53.72966877,-7.87401500
53.73067357,-11.81102000
53.73167837,-11.81102000
53.73268317,-11.81102000
53.73368797,-7.87401500
53.73469277,-15.74803000
53.73569757,-19.68504000
53.73670237,-15.74803000
53.73770717,-11.81102000
53.73871197,-23.62205000
53.73971677,-15.74803000
53.74072157,-19.68504000
53.74172637,-19.68504000
53.74273117,-15.74803000
53.74373597,-11.81102000
53.74474077,-19.68504000
53.74574557,-7.87401500
53.74675037,-11.81102000
53.74775517,-11.81102000
53.74875997,-7.87401500
53.74976477,-15.74803000
53.75076957,-3.93700800
53.75177437,-15.74803000
53.75277917,-19.68504000
53.75378397,-15.74803000
53.75478877,-7.87401500
53.75579357,-11.81102000
53.75679837,-11.81102000
53.75780317,-7.87401500
53.75880797,-19.68504000
53.75981277,-11.81102000
53.76081757,-15.74803000
53.76182237,-3.93700800
53.76282717,-11.81102000
53.76383197,-15.74803000
53.76483677,-7.87401500
53.76584157,-15.74803000
53.76684637,-15.74803000
53.76785117,-15.74803000
53.76885597,-11.81102000
53.76986077,-15.74803000
53.77086557,-15.74803000
53.77187037,-15.74803000
53.77287517,-7.87401500
53.77387997,-11.81102000
53.77488477,-11.81102000
53.77588957,-11.81102000
53.77689437,-7.87401500
53.77789916,-7.87401500
53.77890396,-15.74803000
53.77990876,-15.74803000
53.78091356,-15.74803000
53.78191836,-23.62205000
53.78292316,-23.62205000
53.78392796,-19.68504000
53.78493276,-19.68504000
53.78593756,0.00000000
53.78694236,-7.87401500
53.78794716,-11.81102000
53.78895196,-3.93700800
53.78995676,-15.74803000
53.79096156,-11.81102000
53.79196636,-7.87401500
53.79297116,-7.87401500
53.79397596,-7.87401500
53.79498076,-11.81102000
53.79598556,-15.74803000
53.79699036,-11.81102000
53.79799516,-15.74803000
53.79899996,-11.81102000
53.80000476,-19.68504000
53.80100956,-19.68504000
53.80201436,-11.81102000
53.80301916,-15.74803000
53.80402396,-15.74803000
53.80502876,-11.81102000
53.80603356,-11.81102000
53.80703836,-11.81102000
53.80804316,-7.87401500
53.80904796,-11.81102000
53.81005276,-11.81102000
53.81105756,-7.87401500
53.81206236,-11.81102000
53.81306716,-11.81102000
53.81407196,-11.81102000
53.81507676,-7.87401500
53.81608156,-15.74803000
53.81708636,-19.68504000
53.81809116,-15.74803000
53.81909596,-19.68504000
53.82010076,-15.74803000
53.82110556,-19.68504000
53.82211036,-19.68504000
53.82311516,-15.74803000
53.82411996,-15.74803000
53.82512476,-11.81102000
53.82612956,-11.81102000
53.82713436,-11.81102000
53.82813916,-11.81102000
53.82914396,-7.87401500
53.83014876,-11.81102000
53.83115356,-15.74803000
53.83215836,-19.68504000
53.83316316,-15.74803000
53.83416796,-11.81102000
53.83517276,-7.87401500
53.83617756,-11.81102000
53.83718236,-11.81102000
53.83818716,-7.87401500
53.83919196,-11.81102000
53.84019676,-15.74803000
53.84120156,-11.81102000
53.84220636,-11.81102000
53.84321116,-11.81102000
53.84421596,-11.81102000
53.84522076,-7.87401500
53.84622556,-7.87401500
53.84723036,-11.81102000
53.84823516,-15.74803000
53.84923996,-19.68504000
53.85024476,-15.74803000
53.85124956,-11.81102000
53.85225436,-11.81102000
53.85325916,-15.74803000
53.85426396,-15.74803000
53.85526876,-15.74803000
53.85627356,-11.81102000
53.85727836,-19.68504000
53.85828316,-19.68504000
53.85928796,-11.81102000
53.86029276,-15.74803000
53.86129756,-15.74803000
53.86230236,-19.68504000
53.86330716,-11.81102000
53.86431196,-15.74803000
53.86531676,-15.74803000
53.86632156,-11.81102000
53.86732636,-11.81102000
53.86833116,-11.81102000
53.86933596,-15.74803000
53.87034076,-11.81102000
53.87134556,-11.81102000
53.87235036,-15.74803000
53.87335516,-11.81102000
53.87435996,-19.68504000
53.87536476,-11.81102000
53.87636956,-11.81102000
53.87737436,-11.81102000
53.87837916,-19.68504000
53.87938396,-11.81102000
53.88038876,-23.62205000
53.88139356,-15.74803000
53.88239836,-19.68504000
53.88340316,-11.81102000
53.88440796,-15.74803000
53.88541276,-3.93700800
53.88641756,-11.81102000
53.88742236,-7.87401500
53.88842716,-11.81102000
53.88943196,-11.81102000
53.89043676,-15.74803000
53.89144156,-11.81102000
53.89244636,-7.87401500
53.89345116,-19.68504000
53.89445596,-15.74803000
53.89546076,-7.87401500
53.89646556,-15.74803000
53.89747036,-15.74803000
53.89847516,-23.62205000
53.89947996,-15.74803000
53.90048476,-15.74803000
53.90148956,-15.74803000
53.90249436,-15.74803000
53.90349916,-11.81102000
53.90450396,-15.74803000
53.90550876,-11.81102000
53.90651356,-7.87401500
53.90751836,-7.87401500
53.90852316,-15.74803000
53.90952796,-15.74803000
53.91053276,-15.74803000
53.91153756,-7.87401500
53.91254236,-15.74803000
53.91354716,-19.68504000
53.91455196,-15.74803000
53.91555676,-15.74803000
53.91656156,-11.81102000
53.91756636,-11.81102000
53.91857116,-15.74803000
53.91957596,-11.81102000
53.92058076,-11.81102000
53.92158556,-15.74803000
53.92259036,-15.74803000
53.92359516,-7.87401500
53.92459996,-11.81102000
53.92560476,-15.74803000
53.92660956,-11.81102000
53.92761436,-11.81102000
53.92861916,-3.93700800
53.92962396,-15.74803000
53.93062876,-11.81102000
53.93163356,-11.81102000
53.93263836,-15.74803000
53.93364316,-11.81102000
53.93464796,-11.81102000
53.93565276,-15.74803000
53.93665756,-7.87401500
53.93766236,-19.68504000
53.93866716,-19.68504000
53.93967196,-15.74803000
53.94067676,-15.74803000
53.94168156,-15.74803000
53.94268636,-7.87401500
53.94369116,-7.87401500
53.94469596,-11.81102000
53.94570076,-11.81102000
53.94670556,-11.81102000
53.94771036,-15.74803000
53.94871516,-11.81102000
53.94971996,-7.87401500
53.95072476,-7.87401500
53.95172956,-15.74803000
53.95273436,-7.87401500
53.95373916,-15.74803000
53.95474396,-11.81102000
53.95574876,-11.81102000
53.95675356,-11.81102000
53.95775836,-11.81102000
53.95876316,-15.74803000
53.95976796,-11.81102000
53.96077276,-11.81102000
53.96177756,-15.74803000
53.96278236,-15.74803000
53.96378716,-11.81102000
53.96479196,-15.74803000
53.96579676,-7.87401500
53.96680156,-11.81102000
53.96780636,-11.81102000
53.96881116,-7.87401500
53.96981596,-19.68504000
53.97082076,-19.68504000
53.97182556,-11.81102000
53.97283036,-11.81102000
53.97383516,-11.81102000
53.97483996,-11.81102000
53.97584476,-7.87401500
53.97684956,-11.81102000
53.97785436,-19.68504000
53.97885916,-15.74803000
53.97986396,-19.68504000
53.98086876,-11.81102000
53.98187356,-11.81102000
53.98287836,-15.74803000
53.98388316,-11.81102000
53.98488796,-11.81102000
53.98589276,-11.81102000
53.98689756,-7.87401500
53.98790236,-7.87401500
53.98890716,-11.81102000
53.98991196,-11.81102000
53.99091676,-11.81102000
53.99192156,-7.87401500
53.99292636,-7.87401500
53.99393116,-11.81102000
53.99493596,-15.74803000
53.99594076,-15.74803000
53.99694556,-15.74803000
53.99795036,-11.81102000
53.99895516,-11.81102000
53.99995996,-7.87401500
54.00096476,-11.81102000
54.00196956,-11.81102000
54.00297436,-11.81102000
54.00397916,-19.68504000
54.00498396,-11.81102000
54.00598876,-11.81102000
54.00699356,-7.87401500
54.00799836,-7.87401500
54.00900316,-15.74803000
54.01000796,-15.74803000
54.01101276,-11.81102000
54.01201756,-11.81102000
54.01302236,-15.74803000
54.01402716,-7.87401500
54.01503196,-11.81102000
54.01603676,-11.81102000
54.01704156,-7.87401500
54.01804636,-11.81102000
54.01905116,-11.81102000
54.02005596,-11.81102000
54.02106076,-11.81102000
54.02206556,-15.74803000
54.02307036,-15.74803000
54.02407516,-11.81102000
54.02507996,-7.87401500
54.02608476,-11.81102000
54.02708956,-15.74803000
54.02809436,-15.74803000
54.02909916,-7.87401500
54.03010396,-3.93700800
54.03110876,-11.81102000
54.03211356,-11.81102000
54.03311836,-7.87401500
54.03412316,-7.87401500
54.03512796,-11.81102000
54.03613276,-7.87401500
54.03713756,-11.81102000
54.03814236,-11.81102000
54.03914716,-11.81102000
54.04015196,-11.81102000
54.04115676,-7.87401500
54.04216156,-7.87401500
54.04316636,-15.74803000
54.04417116,-11.81102000
54.04517596,-11.81102000
54.04618076,-11.81102000
54.04718556,-7.87401500
54.04819036,-11.81102000
54.04919516,-11.81102000
54.05019996,-15.74803000
54.05120476,-11.81102000
54.05220956,-7.87401500
54.05321436,-11.81102000
54.05421916,-7.87401500
54.05522396,-11.81102000
54.05622876,-11.81102000
54.05723356,-11.81102000
54.05823836,-7.87401500
54.05924316,-23.62205000
54.06024796,-19.68504000
54.06125276,-15.74803000
54.06225756,-15.74803000
54.06326236,-11.81102000
54.06426716,-11.81102000
54.06527196,-3.93700800
54.06627676,-3.93700800
54.06728156,-7.87401500
54.06828636,-3.93700800
54.06929116,-11.81102000
54.07029596,-3.93700800
54.07130076,-7.87401500
54.07230556,-11.81102000
54.07331036,-11.81102000
54.07431516,-7.87401500
54.07531996,-11.81102000
54.07632476,-11.81102000
54.07732956,-15.74803000
54.07833436,-11.81102000
54.07933916,-7.87401500
54.08034396,-11.81102000
54.08134876,-11.81102000
54.08235356,-11.81102000
54.08335836,-11.81102000
54.08436316,-11.81102000
54.08536796,-15.74803000
54.08637276,-7.87401500
54.08737756,-11.81102000
54.08838236,-15.74803000
54.08938716,-15.74803000
54.09039196,-7.87401500
54.09139676,-15.74803000
54.09240156,-15.74803000
54.09340636,-15.74803000
54.09441116,11.81102000
54.09541596,-11.81102000
54.09642076,-7.87401500
54.09742556,-15.74803000
54.09843036,-7.87401500
54.09943516,-11.81102000
54.10043996,-15.74803000
54.10144476,-11.81102000
54.10244956,-7.87401500
54.10345436,-11.81102000
54.10445916,-7.87401500
54.10546396,-11.81102000
54.10646875,-7.87401500
54.10747355,-3.93700800
54.10847835,-7.87401500
54.10948315,-11.81102000
54.11048795,-11.81102000
54.11149275,-7.87401500
54.11249755,-11.81102000
54.11350235,-15.74803000
54.11450715,-7.87401500
54.11551195,-15.74803000
54.11651675,-15.74803000
54.11752155,-3.93700800
54.11852635,-11.81102000
54.11953115,-7.87401500
54.12053595,-11.81102000
54.12154075,-15.74803000
54.12254555,-11.81102000
54.12355035,-15.74803000
54.12455515,-19.68504000
54.12555995,-15.74803000
54.12656475,-11.81102000
54.12756955,-3.93700800
54.12857435,-15.74803000
54.12957915,-7.87401500
54.13058395,-11.81102000
54.13158875,-19.68504000
54.13259355,-11.81102000
54.13359835,-11.81102000
54.13460315,-7.87401500
54.13560795,-15.74803000
54.13661275,-11.81102000
54.13761755,-11.81102000
54.13862235,-23.62205000
54.13962715,-11.81102000
54.14063195,-19.68504000
54.14163675,-19.68504000
54.14264155,-15.74803000
54.14364635,-7.87401500
54.14465115,-15.74803000
54.14565595,-7.87401500
54.14666075,-7.87401500
54.14766555,-7.87401500
54.14867035,-3.93700800
54.14967515,-11.81102000
54.15067995,-11.81102000
54.15168475,-11.81102000
54.15268955,-11.81102000
54.15369435,-7.87401500
54.15469915,-7.87401500
54.15570395,-3.93700800
54.15670875,-11.81102000
54.15771355,-19.68504000
54.15871835,-11.81102000
54.15972315,-11.81102000
54.16072795,-11.81102000
54.16173275,-11.81102000
54.16273755,-15.74803000
54.16374235,-11.81102000
54.16474715,-11.81102000
54.16575195,-19.68504000
54.16675675,-11.81102000
54.16776155,-7.87401500
54.16876635,-7.87401500
54.16977115,-11.81102000
54.17077595,-11.81102000
54.17178075,-7.87401500
54.17278555,-15.74803000
54.17379035,-11.81102000
54.17479515,-15.74803000
54.17579995,-11.81102000
54.17680475,-7.87401500
54.17780955,-11.81102000
54.17881435,-15.74803000
54.17981915,-15.74803000
54.18082395,-15.74803000
54.18182875,-19.68504000
54.18283355,-11.81102000
54.18383835,-11.81102000
54.18484315,-7.87401500
54.18584795,-7.87401500
54.18685275,-7.87401500
54.18785755,-11.81102000
54.18886235,-23.62205000
54.18986715,-11.81102000
54.19087195,-11.81102000
54.19187675,3.93700800
54.19288155,-7.87401500
54.19388635,-7.87401500
54.19489115,-11.81102000
54.19589595,-7.87401500
54.19690075,-7.87401500
54.19790555,-7.87401500
54.19891035,-15.74803000
54.19991515,-3.93700800
54.20091995,-11.81102000
54.20192475,-15.74803000
54.20292955,-11.81102000
54.20393435,-11.81102000
54.20493915,-7.87401500
54.20594395,-15.74803000
54.20694875,-19.68504000
54.20795355,-15.74803000
54.20895835,-15.74803000
54.20996315,-7.87401500
54.21096795,-11.81102000
54.21197275,-15.74803000
54.21297755,-11.81102000
54.21398235,-11.81102000
54.21498715,-11.81102000
54.21599195,-15.74803000
54.21699675,-11.81102000
54.21800155,-3.93700800
54.21900635,-11.81102000
54.22001115,-19.68504000
54.22101595,-3.93700800
54.22202075,-19.68504000
54.22302555,-19.68504000
54.22403035,-19.68504000
54.22503515,-11.81102000
54.22603995,-11.81102000
54.22704475,-11.81102000
54.22804955,-7.87401500
54.22905435,-7.87401500
54.23005915,-7.87401500
54.23106395,-7.87401500
54.23206875,-7.87401500
54.23307355,-11.81102000
54.23407835,-3.93700800
54.23508315,-7.87401500
54.23608795,-7.87401500
54.23709275,-15.74803000
54.23809755,-15.74803000
54.23910235,-15.74803000
54.24010715,-15.74803000
54.24111195,-11.81102000
54.24211675,-11.81102000
54.24312155,-15.74803000
54.24412635,-11.81102000
54.24513115,-7.87401500
54.24613595,-11.81102000
54.24714075,-7.87401500
54.24814555,-3.93700800
54.24915035,-11.81102000
54.25015515,-7.87401500
54.25115995,-11.81102000
54.25216475,-7.87401500
54.25316955,-11.81102000
54.25417435,-11.81102000
54.25517915,-11.81102000
54.25618395,-11.81102000
54.25718875,-7.87401500
54.25819355,-11.81102000
54.25919835,-11.81102000
54.26020315,-11.81102000
54.26120795,-11.81102000
54.26221275,-19.68504000
54.26321755,-15.74803000
54.26422235,-11.81102000
54.26522715,-15.74803000
54.26623195,-15.74803000
54.26723675,-15.74803000
54.26824155,-3.93700800
54.26924635,-11.81102000
54.27025115,-11.81102000
54.27125595,-11.81102000
54.27226075,-15.74803000
54.27326555,-11.81102000
54.27427035,-11.81102000
54.27527515,-11.81102000
54.27627995,-11.81102000
54.27728475,-15.74803000
54.27828955,-7.87401500
54.27929435,-11.81102000
54.28029915,-7.87401500
54.28130395,-11.81102000
54.28230875,-7.87401500
54.28331355,-7.87401500
54.28431835,-11.81102000
54.28532315,-11.81102000
54.28632795,-23.62205000
54.28733275,-15.74803000
54.28833755,-15.74803000
54.28934235,0.00000000
54.29034715,-11.81102000
54.29135195,-7.87401500
54.29235675,-11.81102000
54.29336155,-11.81102000
54.29436635,-7.87401500
54.29537115,-11.81102000
54.29637595,-7.87401500
54.29738075,-11.81102000
54.29838555,-7.87401500
54.29939035,-7.87401500
54.30039515,-15.74803000
54.30139995,-11.81102000
54.30240475,-15.74803000
54.30340955,-19.68504000
54.30441435,-19.68504000
54.30541915,-19.68504000
54.30642395,-11.81102000
54.30742875,-15.74803000
54.30843355,-15.74803000
54.30943835,-7.87401500
54.31044315,-7.87401500
54.31144795,-11.81102000
54.31245275,-15.74803000
54.31345755,-11.81102000
54.31446235,-7.87401500
54.31546715,-7.87401500
54.31647195,-11.81102000
54.31747675,-11.81102000
54.31848155,-15.74803000
54.31948635,-11.81102000
54.32049115,-15.74803000
54.32149595,-15.74803000
54.32250075,-3.93700800
54.32350555,-15.74803000
54.32451035,-7.87401500
54.32551515,-7.87401500
54.32651995,-11.81102000
54.32752475,-7.87401500
54.32852955,-11.81102000
54.32953435,-11.81102000
54.33053915,-11.81102000
54.33154395,-11.81102000
54.33254875,-7.87401500
54.33355355,-7.87401500
54.33455835,-11.81102000
54.33556315,-11.81102000
54.33656795,-15.74803000
54.33757275,-11.81102000
54.33857755,-11.81102000
54.33958235,-11.81102000
54.34058715,-15.74803000
54.34159195,-11.81102000
54.34259675,-15.74803000
54.34360155,-19.68504000
54.34460635,-11.81102000
54.34561115,-11.81102000
54.34661595,-15.74803000
54.34762075,-11.81102000
54.34862555,-11.81102000
54.34963035,-11.81102000
54.35063515,-11.81102000
54.35163995,-11.81102000
54.35264475,-15.74803000
54.35364955,-15.74803000
54.35465435,-11.81102000
54.35565915,-15.74803000
54.35666395,-7.87401500
54.35766875,-11.81102000
54.35867355,-11.81102000
54.35967835,-3.93700800
54.36068315,-3.93700800
54.36168795,-11.81102000
54.36269275,-7.87401500
54.36369755,-7.87401500
54.36470235,-11.81102000
54.36570715,-7.87401500
54.36671195,-11.81102000
54.36771675,-19.68504000
54.36872155,-15.74803000
54.36972635,-11.81102000
54.37073115,-11.81102000
54.37173595,-11.81102000
54.37274075,-7.87401500
54.37374555,-11.81102000
54.37475035,-11.81102000
54.37575515,0.00000000
54.37675995,-11.81102000
54.37776475,-11.81102000
54.37876955,-11.81102000
54.37977435,-7.87401500
54.38077915,-11.81102000
54.38178395,-7.87401500
54.38278875,-3.93700800
54.38379355,-23.62205000
54.38479835,-15.74803000
54.38580315,-15.74803000
54.38680795,-11.81102000
54.38781275,-11.81102000
54.38881755,-7.87401500
54.38982235,-11.81102000
54.39082715,-7.87401500
54.39183195,-7.87401500
54.39283675,-7.87401500
54.39384155,-7.87401500
54.39484635,-3.93700800
54.39585115,-7.87401500
54.39685595,-7.87401500
54.39786075,-3.93700800
54.39886555,-7.87401500
54.39987035,-7.87401500
54.40087515,-11.81102000
54.40187995,-15.74803000
54.40288475,-15.74803000
54.40388955,-11.81102000
54.40489435,-15.74803000
54.40589915,-11.81102000
54.40690395,-15.74803000
54.40790875,-7.87401500
54.40891355,-7.87401500
54.40991835,-7.87401500
54.41092315,-7.87401500
54.41192795,-7.87401500
54.41293275,-3.93700800
54.41393755,-7.87401500
54.41494235,-15.74803000
54.41594715,-11.81102000
54.41695195,-15.74803000
54.41795675,-19.68504000
54.41896155,-11.81102000
54.41996635,-11.81102000
54.42097115,-15.74803000
54.42197595,-7.87401500
54.42298075,-7.87401500
54.42398555,-7.87401500
54.42499035,-15.74803000
54.42599515,-15.74803000
54.42699995,-15.74803000
54.42800475,-15.74803000
54.42900955,-11.81102000
54.43001435,-11.81102000
54.43101915,-15.74803000
54.43202395,-15.74803000
54.43302875,-15.74803000
54.43403355,-11.81102000
54.43503834,-11.81102000
54.43604314,-7.87401500
54.43704794,-7.87401500
54.43805274,-11.81102000
54.43905754,-11.81102000
54.44006234,-7.87401500
54.44106714,-11.81102000
54.44207194,-11.81102000
54.44307674,-11.81102000
54.44408154,-11.81102000
54.44508634,-11.81102000
54.44609114,-7.87401500
54.44709594,-11.81102000
54.44810074,-7.87401500
54.44910554,-15.74803000
54.45011034,-15.74803000
54.45111514,-7.87401500
54.45211994,-11.81102000
54.45312474,-7.87401500
54.45412954,-11.81102000
54.45513434,-15.74803000
54.45613914,-7.87401500
54.45714394,-7.87401500
54.45814874,-11.81102000
54.45915354,-7.87401500
54.46015834,-11.81102000
54.46116314,-11.81102000
54.46216794,-7.87401500
54.46317274,-7.87401500
54.46417754,-7.87401500
54.46518234,-11.81102000
54.46618714,-19.68504000
54.46719194,-23.62205000
54.46819674,-15.74803000
54.46920154,-11.81102000
54.47020634,-15.74803000
54.47121114,-3.93700800
54.47221594,-7.87401500
54.47322074,-7.87401500
54.47422554,-11.81102000
54.47523034,-11.81102000
54.47623514,-11.81102000
54.47723994,-7.87401500
54.47824474,-11.81102000
54.47924954,-3.93700800
54.48025434,-11.81102000
54.48125914,-15.74803000
54.48226394,-15.74803000
54.48326874,-11.81102000
54.48427354,-7.87401500
54.48527834,-3.93700800
54.48628314,-11.81102000
54.48728794,-15.74803000
54.48829274,-7.87401500
54.48929754,-11.81102000
54.49030234,-7.87401500
54.49130714,-3.93700800
54.49231194,-15.74803000
54.49331674,-15.74803000
54.49432154,-7.87401500
54.49532634,-7.87401500
54.49633114,-15.74803000
54.49733594,-7.87401500
54.49834074,-15.74803000
54.49934554,-15.74803000
54.50035034,-7.87401500
54.50135514,-11.81102000
54.50235994,-11.81102000
54.50336474,-7.87401500
54.50436954,-15.74803000
54.50537434,-11.81102000
54.50637914,-7.87401500
54.50738394,-15.74803000
54.50838874,-19.68504000
54.50939354,-15.74803000
54.51039834,-11.81102000
54.51140314,-15.74803000
54.51240794,-7.87401500
54.51341274,-11.81102000
54.51441754,-15.74803000
54.51542234,-7.87401500
54.51642714,-11.81102000
54.51743194,-7.87401500
54.51843674,-11.81102000
54.51944154,-7.87401500
54.52044634,-7.87401500
54.52145114,-11.81102000
54.52245594,-15.74803000
54.52346074,-11.81102000
54.52446554,-3.93700800
54.52547034,-11.81102000
54.52647514,-7.87401500
54.52747994,-7.87401500
54.52848474,-11.81102000
54.52948954,-11.81102000
54.53049434,-15.74803000
54.53149914,-15.74803000
54.53250394,-15.74803000
54.53350874,-7.87401500
54.53451354,-3.93700800
54.53551834,-11.81102000
54.53652314,-7.87401500
54.53752794,-7.87401500
54.53853274,-7.87401500
54.53953754,-7.87401500
54.54054234,-7.87401500
54.54154714,-7.87401500
54.54255194,-7.87401500
54.54355674,-7.87401500
54.54456154,-11.81102000
54.54556634,-11.81102000
54.54657114,-11.81102000
54.54757594,-11.81102000
54.54858074,-15.74803000
54.54958554,-11.81102000
54.55059034,-15.74803000
54.55159514,-11.81102000
54.55259994,-7.87401500
54.55360474,-11.81102000
54.55460954,-11.81102000
54.55561434,-11.81102000
54.55661914,-7.87401500
54.55762394,-7.87401500
54.55862874,-7.87401500
54.55963354,-7.87401500
54.56063834,-7.87401500
54.56164314,-11.81102000
54.56264794,-7.87401500
54.56365274,-11.81102000
54.56465754,-11.81102000
54.56566234,-11.81102000
54.56666714,-11.81102000
54.56767194,-11.81102000
54.56867674,-11.81102000
54.56968154,-11.81102000
54.57068634,-11.81102000
54.57169114,-7.87401500
54.57269594,-11.81102000
54.57370074,-7.87401500
54.57470554,-7.87401500
54.57571034,-7.87401500
54.57671514,-7.87401500
54.57771994,-7.87401500
54.57872474,-11.81102000
54.57972954,-7.87401500
54.58073434,-11.81102000
54.58173914,-11.81102000
54.58274394,-11.81102000
54.58374874,-7.87401500
54.58475354,-3.93700800
54.58575834,-7.87401500
54.58676314,-7.87401500
54.58776794,-3.93700800
54.58877274,-11.81102000
54.58977754,-11.81102000
54.59078234,-15.74803000
54.59178714,-15.74803000
54.59279194,-15.74803000
54.59379674,-11.81102000
54.59480154,-19.68504000
54.59580634,-11.81102000
54.59681114,-15.74803000
54.59781594,7.87401500
54.59882074,-3.93700800
54.59982554,-7.87401500
54.60083034,-3.93700800
54.60183514,-11.81102000
54.60283994,-15.74803000
54.60384474,-11.81102000
54.60484954,-11.81102000
54.60585434,-11.81102000
54.60685914,-15.74803000
54.60786394,-11.81102000
54.60886874,-11.81102000
54.60987354,-15.74803000
54.61087834,-7.87401500
54.61188314,-11.81102000
54.61288794,-11.81102000
54.61389274,-11.81102000
54.61489754,-11.81102000
54.61590234,-11.81102000
54.61690714,-11.81102000
54.61791194,-7.87401500
54.61891674,-7.87401500
54.61992154,-11.81102000
54.62092634,-11.81102000
54.62193114,-3.93700800
54.62293594,-7.87401500
54.62394074,-11.81102000
54.62494554,-7.87401500
54.62595034,-7.87401500
54.62695514,-11.81102000
54.62795994,-15.74803000
54.62896474,-7.87401500
54.62996954,-11.81102000
54.63097434,-15.74803000
54.63197914,-19.68504000
54.63298394,-15.74803000
54.63398874,-15.74803000
54.63499354,-11.81102000
54.63599834,-7.87401500
54.63700314,-3.93700800
54.63800794,-7.87401500
54.63901274,-3.93700800
54.64001754,-11.81102000
54.64102234,-3.93700800
54.64202714,-7.87401500
54.64303194,-7.87401500
54.64403674,-11.81102000
54.64504154,-11.81102000
54.64604634,-11.81102000
54.64705114,-3.93700800
54.64805594,-7.87401500
54.64906074,-7.87401500
54.65006554,-7.87401500
54.65107034,-3.93700800
54.65207514,-7.87401500
54.65307994,-11.81102000
54.65408474,-7.87401500
54.65508954,-7.87401500
54.65609434,-15.74803000
54.65709914,-3.93700800
54.65810394,-11.81102000
54.65910874,-7.87401500
54.66011354,-7.87401500
54.66111834,-15.74803000
54.66212314,-11.81102000
54.66312794,-7.87401500
54.66413274,-7.87401500
54.66513754,-11.81102000
54.66614234,-7.87401500
54.66714714,-7.87401500
54.66815194,-11.81102000
54.66915674,-11.81102000
54.67016154,-11.81102000
54.67116634,-11.81102000
54.67217114,-23.62205000
54.67317594,-15.74803000
54.67418074,-15.74803000
54.67518554,-11.81102000
54.67619034,-11.81102000
54.67719514,-15.74803000
54.67819994,-11.81102000
54.67920474,-3.93700800
54.68020954,-11.81102000
54.68121434,-11.81102000
54.68221914,-3.93700800
54.68322394,-15.74803000
54.68422874,-7.87401500
54.68523354,-11.81102000
54.68623834,-11.81102000
54.68724314,-7.87401500
54.68824794,-7.87401500
54.68925274,-7.87401500
54.69025754,-11.81102000
54.69126234,-3.93700800
54.69226714,-15.74803000
54.69327194,-15.74803000
54.69427674,-7.87401500
54.69528154,11.81102000
54.69628634,-15.74803000
54.69729114,-7.87401500
54.69829594,-7.87401500
54.69930074,-11.81102000
54.70030554,-7.87401500
54.70131034,-3.93700800
54.70231514,-7.87401500
54.70331994,-7.87401500
54.70432474,-7.87401500
54.70532954,-7.87401500
54.70633434,-3.93700800
54.70733914,-7.87401500
54.70834394,-7.87401500
54.70934874,-11.81102000
54.71035354,-15.74803000
54.71135834,-11.81102000
54.71236314,-3.93700800
54.71336794,-11.81102000
54.71437274,-11.81102000
54.71537754,-15.74803000
54.71638234,-11.81102000
54.71738714,-11.81102000
54.71839194,-11.81102000
54.71939674,-7.87401500
54.72040154,-11.81102000
54.72140634,-11.81102000
54.72241114,-7.87401500
54.72341594,-7.87401500
54.72442074,-3.93700800
54.72542554,-11.81102000
54.72643034,-15.74803000
54.72743514,-7.87401500
54.72843994,-11.81102000
54.72944474,-11.81102000
54.73044954,-7.87401500
54.73145434,-7.87401500
54.73245914,-7.87401500
54.73346394,-7.87401500
54.73446874,-7.87401500
54.73547354,-11.81102000
54.73647834,-3.93700800
54.73748314,-11.81102000
54.73848794,-7.87401500
54.73949274,-7.87401500
54.74049754,-7.87401500
54.74150234,-11.81102000
54.74250714,-15.74803000
54.74351194,-7.87401500
54.74451674,-7.87401500
54.74552154,-7.87401500
54.74652634,-7.87401500
54.74753114,-11.81102000
54.74853594,-7.87401500
54.74954074,-15.74803000
54.75054554,-7.87401500
54.75155034,-7.87401500
54.75255514,-7.87401500
54.75355994,-7.87401500
54.75456474,-15.74803000
54.75556954,-15.74803000
54.75657434,-15.74803000
54.75757914,-11.81102000
54.75858394,-15.74803000
54.75958874,-11.81102000
54.76059354,-7.87401500
54.76159834,-11.81102000
54.76260314,-7.87401500
54.76360794,-7.87401500
54.76461273,-7.87401500
54.76561753,-3.93700800
54.76662233,-7.87401500
54.76762713,-3.93700800
54.76863193,-7.87401500
54.76963673,-11.81102000
54.77064153,-11.81102000
54.77164633,-3.93700800
54.77265113,-11.81102000
54.77365593,-15.74803000
54.77466073,-15.74803000
54.77566553,-15.74803000
54.77667033,-7.87401500
54.77767513,-11.81102000
54.77867993,-3.93700800
54.77968473,-7.87401500
54.78068953,-3.93700800
54.78169433,-7.87401500
54.78269913,-11.81102000
54.78370393,-3.93700800
54.78470873,-3.93700800
54.78571353,-7.87401500
54.78671833,-11.81102000
54.78772313,-7.87401500
54.78872793,-7.87401500
54.78973273,-15.74803000
54.79073753,-11.81102000
54.79174233,-11.81102000
54.79274713,-7.87401500
54.79375193,-11.81102000
54.79475673,-11.81102000
54.79576153,-11.81102000
54.79676633,-7.87401500
54.79777113,-7.87401500
54.79877593,-19.68504000
54.79978073,-11.81102000
54.80078553,-7.87401500
54.80179033,-11.81102000
54.80279513,-11.81102000
54.80379993,-11.81102000
54.80480473,-7.87401500
54.80580953,-7.87401500
54.80681433,-15.74803000
54.80781913,-11.81102000
54.80882393,-15.74803000
54.80982873,-7.87401500
54.81083353,-11.81102000
54.81183833,-11.81102000
54.81284313,-11.81102000
54.81384793,-11.81102000
54.81485273,-11.81102000
54.81585753,-11.81102000
54.81686233,-7.87401500
54.81786713,-11.81102000
54.81887193,-7.87401500
54.81987673,-11.81102000
54.82088153,-3.93700800
54.82188633,-7.87401500
54.82289113,-11.81102000
54.82389593,-7.87401500
54.82490073,-11.81102000
54.82590553,-3.93700800
54.82691033,-11.81102000
54.82791513,-7.87401500
54.82891993,-7.87401500
54.82992473,-7.87401500
54.83092953,-7.87401500
54.83193433,-7.87401500
54.83293913,-7.87401500
54.83394393,-11.81102000
54.83494873,-11.81102000
54.83595353,-15.74803000
54.83695833,-15.74803000
54.83796313,-11.81102000
54.83896793,-15.74803000
54.83997273,-11.81102000
54.84097753,-15.74803000
54.84198233,-7.87401500
54.84298713,-3.93700800
54.84399193,-11.81102000
54.84499673,-7.87401500
54.84600153,-7.87401500
54.84700633,-7.87401500
54.84801113,-7.87401500
54.84901593,-7.87401500
54.85002073,-7.87401500
54.85102553,-11.81102000
54.85203033,-7.87401500
54.85303513,-7.87401500
54.85403993,-7.87401500
54.85504473,-7.87401500
54.85604953,-11.81102000
54.85705433,-11.81102000
54.85805913,-7.87401500
54.85906393,-7.87401500
54.86006873,-11.81102000
54.86107353,-11.81102000
54.86207833,-7.87401500
54.86308313,-11.81102000
54.86408793,-7.87401500
54.86509273,-11.81102000
54.86609753,-7.87401500
54.86710233,-7.87401500
54.86810713,-7.87401500
54.86911193,-7.87401500
54.87011673,-7.87401500
54.87112153,-7.87401500
54.87212633,-11.81102000
54.87313113,-15.74803000
54.87413593,-11.81102000
54.87514073,-7.87401500
54.87614553,-15.74803000
54.87715033,-15.74803000
54.87815513,-7.87401500
54.87915993,-11.81102000
54.88016473,-11.81102000
54.88116953,-7.87401500
54.88217433,-11.81102000
54.88317913,-7.87401500
54.88418393,-3.93700800
54.88518873,-7.87401500
54.88619353,-11.81102000
54.88719833,-15.74803000
54.88820313,-7.87401500
54.88920793,-11.81102000
54.89021273,-3.93700800
54.89121753,-7.87401500
54.89222233,-11.81102000
54.89322713,-11.81102000
54.89423193,-7.87401500
54.89523673,-3.93700800
54.89624153,-7.87401500
54.89724633,-11.81102000
54.89825113,-11.81102000
54.89925593,-11.81102000
54.90026073,-7.87401500
54.90126553,-7.87401500
54.90227033,-11.81102000
54.90327513,-11.81102000
54.90427993,-15.74803000
54.90528473,-11.81102000
54.90628953,-11.81102000
54.90729433,-3.93700800
54.90829913,-7.87401500
54.90930393,-7.87401500
54.91030873,-7.87401500
54.91131353,-7.87401500
54.91231833,-7.87401500
54.91332313,-11.81102000
54.91432793,-3.93700800
54.91533273,-11.81102000
54.91633753,-11.81102000
54.91734233,-11.81102000
54.91834713,-15.74803000
54.91935193,-11.81102000
54.92035673,-11.81102000
54.92136153,-15.74803000
54.92236633,-15.74803000
54.92337113,-7.87401500
54.92437593,-7.87401500
54.92538073,-7.87401500
54.92638553,-11.81102000
54.92739033,-7.87401500
54.92839513,-3.93700800
54.92939993,-7.87401500
54.93040473,-11.81102000
54.93140953,-7.87401500
54.93241433,0.00000000
54.93341913,-15.74803000
54.93442393,-11.81102000
54.93542873,-7.87401500
54.93643353,-7.87401500
54.93743833,-11.81102000
54.93844313,-3.93700800
54.93944793,-3.93700800
54.94045273,-3.93700800
54.94145753,-7.87401500
54.94246233,-7.87401500
54.94346713,-7.87401500
54.94447193,-3.93700800
54.94547673,-7.87401500
54.94648153,-15.74803000
54.94748633,-7.87401500
54.94849113,-3.93700800
54.94949593,-7.87401500
54.95050073,-7.87401500
54.95150553,-7.87401500
54.95251033,-7.87401500
54.95351513,-11.81102000
54.95451993,-15.74803000
54.95552473,-7.87401500
54.95652953,-3.93700800
54.95753433,-3.93700800
54.95853913,-11.81102000
54.95954393,-15.74803000
54.96054873,-11.81102000
54.96155353,-15.74803000
54.96255833,-15.74803000
54.96356313,-11.81102000
54.96456793,-7.87401500
54.96557273,-7.87401500
54.96657753,-3.93700800
54.96758233,-11.81102000
54.96858713,-7.87401500
54.96959193,-11.81102000
54.97059673,-11.81102000
54.97160153,-7.87401500
54.97260633,-7.87401500
54.97361113,-7.87401500
54.97461593,-3.93700800
54.97562073,-7.87401500
54.97662553,-7.87401500
54.97763033,-7.87401500
54.97863513,-7.87401500
54.97963993,-7.87401500
54.98064473,-7.87401500
54.98164953,-3.93700800
54.98265433,-7.87401500
54.98365913,-11.81102000
54.98466393,-7.87401500
54.98566873,-11.81102000
54.98667353,-11.81102000
54.98767833,-3.93700800
54.98868313,-7.87401500
54.98968793,-3.93700800
54.99069273,-3.93700800
54.99169753,-3.93700800
54.99270233,-7.87401500
54.99370713,-11.81102000
54.99471193,-3.93700800
54.99571673,-3.93700800
54.99672153,-3.93700800
54.99772633,-7.87401500
54.99873113,-7.87401500
54.99973593,-11.81102000
55.00074073,-15.74803000
55.00174553,-15.74803000
55.00275033,-15.74803000
55.00375513,-15.74803000
55.00475993,-11.81102000
55.00576473,-3.93700800
55.00676953,-11.81102000
55.00777433,-11.81102000
55.00877913,-7.87401500
55.00978393,-11.81102000
55.01078873,-11.81102000
55.01179353,-11.81102000
55.01279833,-11.81102000
55.01380313,-11.81102000
55.01480793,-3.93700800
55.01581273,-11.81102000
55.01681753,-7.87401500
55.01782233,-15.74803000
55.01882713,-11.81102000
55.01983193,-11.81102000
55.02083673,-3.93700800
55.02184153,-3.93700800
55.02284633,-3.93700800
55.02385113,-11.81102000
55.02485593,-7.87401500
55.02586073,-3.93700800
55.02686553,-7.87401500
55.02787033,-7.87401500
55.02887513,-3.93700800
55.02987993,-7.87401500
55.03088473,-3.93700800
55.03188953,-7.87401500
55.03289433,-7.87401500
55.03389913,-3.93700800
55.03490393,-7.87401500
55.03590873,-11.81102000
55.03691353,-7.87401500
55.03791833,-7.87401500
55.03892313,-19.68504000
55.03992793,-11.81102000
55.04093273,-11.81102000
55.04193753,-15.74803000
55.04294233,-11.81102000
55.04394713,-7.87401500
55.04495193,-7.87401500
55.04595673,-3.93700800
55.04696153,-3.93700800
55.04796633,-3.93700800
55.04897113,-11.81102000
55.04997593,-11.81102000
55.05098073,-11.81102000
55.05198553,-11.81102000
55.05299033,-7.87401500
55.05399513,-3.93700800
55.05499993,-3.93700800
55.05600473,-7.87401500
55.05700953,-11.81102000
55.05801433,-7.87401500
55.05901913,-7.87401500
55.06002393,-3.93700800
55.06102873,-3.93700800
55.06203353,-3.93700800
55.06303833,-3.93700800
55.06404313,-7.87401500
55.06504793,-3.93700800
55.06605273,-3.93700800
55.06705753,-3.93700800
55.06806233,-7.87401500
55.06906713,-3.93700800
55.07007193,-3.93700800
55.07107673,-7.87401500
55.07208153,-7.87401500
55.07308633,0.00000000
55.07409113,-3.93700800
55.07509593,-3.93700800
55.07610073,-3.93700800
55.07710553,-3.93700800
55.07811033,-11.81102000
55.07911513,-7.87401500
55.08011993,-11.81102000
55.08112473,-3.93700800
55.08212953,-11.81102000
55.08313433,-3.93700800
55.08413913,-7.87401500
55.08514393,3.93700800
55.08614873,0.00000000
55.08715353,0.00000000
55.08815833,-7.87401500
55.08916313,-3.93700800
55.09016793,0.00000000
55.09117273,0.00000000
55.09217753,-7.87401500
55.09318232,-3.93700800
55.09418712,-3.93700800
55.09519192,-3.93700800
55.09619672,-3.93700800
55.09720152,-3.93700800
55.09820632,-11.81102000
55.09921112,-7.87401500
55.10021592,-7.87401500
55.10122072,3.93700800
55.10222552,-3.93700800
55.10323032,-3.93700800
55.10423512,-3.93700800
55.10523992,0.00000000
55.10624472,-7.87401500
55.10724952,-3.93700800
55.10825432,-3.93700800
55.10925912,-3.93700800
55.11026392,-7.87401500
55.11126872,0.00000000
55.11227352,-3.93700800
55.11327832,-7.87401500
55.11428312,0.00000000
55.11528792,0.00000000
55.11629272,-7.87401500
55.11729752,-7.87401500
55.11830232,0.00000000
55.11930712,-11.81102000
55.12031192,-3.93700800
55.12131672,-7.87401500
55.12232152,-3.93700800
55.12332632,0.00000000
55.12433112,-3.93700800
55.12533592,-3.93700800
55.12634072,-3.93700800
55.12734552,-3.93700800
55.12835032,-3.93700800
55.12935512,-7.87401500
55.13035992,3.93700800
55.13136472,-7.87401500
55.13236952,-3.93700800
55.13337432,-3.93700800
55.13437912,0.00000000
55.13538392,-3.93700800
55.13638872,0.00000000
55.13739352,0.00000000
55.13839832,-3.93700800
55.13940312,0.00000000
55.14040792,0.00000000
55.14141272,-3.93700800
55.14241752,0.00000000
55.14342232,-3.93700800
55.14442712,0.00000000
55.14543192,0.00000000
55.14643672,-3.93700800
55.14744152,-3.93700800
55.14844632,-3.93700800
55.14945112,-7.87401500
55.15045592,-3.93700800
55.15146072,-3.93700800
55.15246552,-3.93700800
55.15347032,-3.93700800
55.15447512,0.00000000
55.15547992,0.00000000
55.15648472,0.00000000
55.15748952,-7.87401500
55.15849432,-3.93700800
55.15949912,-3.93700800
55.16050392,-7.87401500
55.16150872,-3.93700800
55.16251352,-3.93700800
55.16351832,-3.93700800
55.16452312,-7.87401500
55.16552792,-3.93700800
55.16653272,0.00000000
55.16753752,0.00000000
55.16854232,-3.93700800
55.16954712,0.00000000
55.17055192,0.00000000
55.17155672,0.00000000
55.17256152,0.00000000
55.17356632,-3.93700800
55.17457112,-3.93700800
55.17557592,-3.93700800
55.17658072,0.00000000
55.17758552,0.00000000
55.17859032,0.00000000
55.17959512,0.00000000
55.18059992,-3.93700800
55.18160472,0.00000000
55.18260952,3.93700800
55.18361432,3.93700800
55.18461912,0.00000000
55.18562392,0.00000000
55.18662872,0.00000000
55.18763352,3.93700800
55.18863832,0.00000000
55.18964312,0.00000000
55.19064792,0.00000000
55.19165272,0.00000000
55.19265752,3.93700800
55.19366232,0.00000000
55.19466712,0.00000000
55.19567192,-7.87401500
55.19667672,-3.93700800
55.19768152,-7.87401500
55.19868632,15.74803000
55.19969112,-3.93700800
55.20069592,-3.93700800
55.20170072,-7.87401500
55.20270552,-7.87401500
55.20371032,-3.93700800
55.20471512,0.00000000
55.20571992,-3.93700800
55.20672472,-3.93700800
55.20772952,-3.93700800
55.20873432,0.00000000
55.20973912,0.00000000
55.21074392,-3.93700800
55.21174872,-3.93700800
55.21275352,0.00000000
55.21375832,-3.93700800
55.21476312,-3.93700800
55.21576792,3.93700800
55.21677272,0.00000000
55.21777752,3.93700800
55.21878232,0.00000000
55.21978712,3.93700800
55.22079192,0.00000000
55.22179672,7.87401500
55.22280152,0.00000000
55.22380632,3.93700800
55.22481112,3.93700800
55.22581592,0.00000000
55.22682072,0.00000000
55.22782552,3.93700800
55.22883032,0.00000000
55.22983512,0.00000000
55.23083992,0.00000000
55.23184472,3.93700800
55.23284952,3.93700800
55.23385432,-3.93700800
55.23485912,3.93700800
55.23586392,3.93700800
55.23686872,7.87401500
55.23787352,-3.93700800
55.23887832,0.00000000
55.23988312,0.00000000
55.24088792,3.93700800
55.24189272,3.93700800
55.24289752,-3.93700800
55.24390232,0.00000000
55.24490712,-3.93700800
55.24591192,-7.87401500
55.24691672,-3.93700800
55.24792152,0.00000000
55.24892632,0.00000000
55.24993112,3.93700800
55.25093592,0.00000000
55.25194072,0.00000000
55.25294552,3.93700800
55.25395032,3.93700800
55.25495512,3.93700800
55.25595992,0.00000000
55.25696472,7.87401500
55.25796952,7.87401500
55.25897432,0.00000000
55.25997912,0.00000000
55.26098392,3.93700800
55.26198872,0.00000000
55.26299352,0.00000000
55.26399832,7.87401500
55.26500312,3.93700800
55.26600792,0.00000000
55.26701272,0.00000000
55.26801752,0.00000000
55.26902232,3.93700800
55.27002712,7.87401500
55.27103192,3.93700800
55.27203672,3.93700800
55.27304152,3.93700800
55.27404632,3.93700800
55.27505112,7.87401500
55.27605592,3.93700800
55.27706072,-3.93700800
55.27806552,-3.93700800
55.27907032,0.00000000
55.28007512,-3.93700800
55.28107992,3.93700800
55.28208472,3.93700800
55.28308952,-3.93700800
55.28409432,-3.93700800
55.28509912,-3.93700800
55.28610392,0.00000000
55.28710872,3.93700800
55.28811352,0.00000000
55.28911832,7.87401500
55.29012312,0.00000000
55.29112792,3.93700800
55.29213272,7.87401500
55.29313752,-11.81102000
55.29414232,-3.93700800
55.29514712,3.93700800
55.29615192,7.87401500
55.29715672,3.93700800
55.29816152,3.93700800
55.29916632,3.93700800
55.30017112,7.87401500
55.30117592,3.93700800
55.30218072,0.00000000
55.30318552,3.93700800
55.30419032,7.87401500
55.30519512,0.00000000
55.30619992,3.93700800
55.30720472,3.93700800
55.30820952,3.93700800
55.30921432,3.93700800
55.31021912,0.00000000
55.31122392,0.00000000
55.31222872,0.00000000
55.31323352,0.00000000
55.31423832,7.87401500
55.31524312,7.87401500
55.31624792,3.93700800
55.31725272,3.93700800
55.31825752,0.00000000
55.31926232,3.93700800
55.32026712,3.93700800
55.32127192,3.93700800
55.32227672,-3.93700800
55.32328152,0.00000000
55.32428632,0.00000000
55.32529112,-3.93700800
55.32629592,-3.93700800
55.32730072,0.00000000
55.32830552,3.93700800
55.32931032,3.93700800
55.33031512,0.00000000
55.33131992,7.87401500
55.33232472,3.93700800
55.33332952,3.93700800
55.33433432,7.87401500
55.33533912,3.93700800
55.33634392,7.87401500
55.33734872,7.87401500
55.33835352,0.00000000
55.33935832,3.93700800
55.34036312,7.87401500
55.34136792,0.00000000
55.34237272,-3.93700800
55.34337752,3.93700800
55.34438232,7.87401500
55.34538712,7.87401500
55.34639192,3.93700800
55.34739672,3.93700800
55.34840152,7.87401500
55.34940632,3.93700800
55.35041112,3.93700800
55.35141592,7.87401500
55.35242072,7.87401500
55.35342552,7.87401500
55.35443032,3.93700800
55.35543512,3.93700800
55.35643992,7.87401500
55.35744472,-3.93700800
55.35844952,0.00000000
55.35945432,0.00000000
55.36045912,0.00000000
55.36146392,3.93700800
55.36246872,7.87401500
55.36347352,3.93700800
55.36447832,7.87401500
55.36548312,3.93700800
55.36648792,3.93700800
55.36749272,3.93700800
55.36849752,3.93700800
55.36950232,3.93700800
55.37050712,7.87401500
55.37151192,7.87401500
55.37251672,3.93700800
55.37352152,7.87401500
55.37452632,3.93700800
55.37553112,3.93700800
55.37653592,3.93700800
55.37754072,11.81102000
55.37854552,7.87401500
55.37955032,7.87401500
55.38055512,7.87401500
55.38155992,3.93700800
55.38256472,7.87401500
55.38356952,3.93700800
55.38457432,7.87401500
55.38557912,7.87401500
55.38658392,3.93700800
55.38758872,3.93700800
55.38859352,7.87401500
55.38959832,7.87401500
55.39060312,0.00000000
55.39160792,3.93700800
55.39261272,-3.93700800
55.39361752,7.87401500
55.39462232,3.93700800
55.39562712,7.87401500
55.39663192,0.00000000
55.39763672,3.93700800
55.39864152,7.87401500
55.39964632,3.93700800
55.40065112,7.87401500
55.40165592,11.81102000
55.40266072,7.87401500
55.40366552,7.87401500
55.40467032,7.87401500
55.40567512,7.87401500
55.40667992,3.93700800
55.40768472,3.93700800
55.40868952,7.87401500
55.40969432,3.93700800
55.41069912,11.81102000
55.41170392,7.87401500
55.41270872,7.87401500
55.41371352,7.87401500
55.41471832,7.87401500
55.41572312,7.87401500
55.41672792,7.87401500
55.41773272,11.81102000
55.41873752,7.87401500
55.41974232,7.87401500
55.42074712,7.87401500
55.42175191,11.81102000
55.42275671,11.81102000
55.42376151,3.93700800
55.42476631,0.00000000
55.42577111,3.93700800
55.42677591,11.81102000
55.42778071,7.87401500
55.42878551,7.87401500
55.42979031,7.87401500
55.43079511,11.81102000
55.43179991,7.87401500
55.43280471,3.93700800
55.43380951,7.87401500
55.43481431,3.93700800
55.43581911,7.87401500
55.43682391,11.81102000
55.43782871,7.87401500
55.43883351,11.81102000
55.43983831,3.93700800
55.44084311,7.87401500
55.44184791,7.87401500
55.44285271,15.74803000
55.44385751,3.93700800
55.44486231,7.87401500
55.44586711,11.81102000
55.44687191,7.87401500
55.44787671,11.81102000
55.44888151,7.87401500
55.44988631,7.87401500
55.45089111,3.93700800
55.45189591,3.93700800
55.45290071,7.87401500
55.45390551,11.81102000
55.45491031,7.87401500
55.45591511,7.87401500
55.45691991,3.93700800
55.45792471,7.87401500
55.45892951,15.74803000
55.45993431,7.87401500
55.46093911,7.87401500
55.46194391,7.87401500
55.46294871,7.87401500
55.46395351,7.87401500
55.46495831,11.81102000
55.46596311,11.81102000
55.46696791,11.81102000
55.46797271,11.81102000
55.46897751,7.87401500
55.46998231,11.81102000
55.47098711,11.81102000
55.47199191,7.87401500
55.47299671,11.81102000
55.47400151,0.00000000
55.47500631,7.87401500
55.47601111,7.87401500
55.47701591,7.87401500
55.47802071,7.87401500
55.47902551,11.81102000
55.48003031,3.93700800
55.48103511,7.87401500
55.48203991,11.81102000
55.48304471,7.87401500
55.48404951,3.93700800
55.48505431,11.81102000
55.48605911,7.87401500
55.48706391,7.87401500
55.48806871,0.00000000
55.48907351,3.93700800
55.49007831,3.93700800
55.49108311,19.68504000
55.49208791,7.87401500
55.49309271,7.87401500
55.49409751,7.87401500
55.49510231,7.87401500
55.49610711,7.87401500
55.49711191,11.81102000
55.49811671,7.87401500
55.49912151,7.87401500
55.50012631,11.81102000
55.50113111,7.87401500
55.50213591,11.81102000
55.50314071,7.87401500
55.50414551,11.81102000
55.50515031,7.87401500
55.50615511,3.93700800
55.50715991,11.81102000
55.50816471,3.93700800
55.50916951,3.93700800
55.51017431,11.81102000
55.51117911,11.81102000
55.51218391,3.93700800
55.51318871,7.87401500
55.51419351,7.87401500
55.51519831,3.93700800
55.51620311,3.93700800
55.51720791,7.87401500
55.51821271,3.93700800
55.51921751,7.87401500
55.52022231,11.81102000
55.52122711,0.00000000
55.52223191,3.93700800
55.52323671,7.87401500
55.52424151,11.81102000
55.52524631,11.81102000
55.52625111,11.81102000
55.52725591,7.87401500
55.52826071,7.87401500
55.52926551,7.87401500
55.53027031,7.87401500
55.53127511,11.81102000
55.53227991,11.81102000
55.53328471,11.81102000
55.53428951,3.93700800
55.53529431,7.87401500
55.53629911,11.81102000
55.53730391,3.93700800
55.53830871,3.93700800
55.53931351,7.87401500
55.54031831,3.93700800
55.54132311,11.81102000
55.54232791,15.74803000
55.54333271,11.81102000
55.54433751,7.87401500
55.54534231,7.87401500
55.54634711,11.81102000
55.54735191,11.81102000
55.54835671,11.81102000
55.54936151,19.68504000
55.55036631,11.81102000
55.55137111,11.81102000
55.55237591,11.81102000
55.55338071,7.87401500
55.55438551,3.93700800
55.55539031,7.87401500
55.55639511,11.81102000
55.55739991,7.87401500
55.55840471,7.87401500
55.55940951,7.87401500
55.56041431,7.87401500
55.56141911,7.87401500
55.56242391,11.81102000
55.56342871,11.81102000
55.56443351,11.81102000
55.56543831,7.87401500
55.56644311,7.87401500
55.56744791,11.81102000
55.56845271,7.87401500
55.56945751,11.81102000
55.57046231,7.87401500
55.57146711,11.81102000
55.57247191,7.87401500
55.57347671,11.81102000
55.57448151,11.81102000
55.57548631,7.87401500
55.57649111,7.87401500
55.57749591,7.87401500
55.57850071,7.87401500
55.57950551,7.87401500
55.58051031,7.87401500
55.58151511,11.81102000
55.58251991,7.87401500
55.58352471,15.74803000
55.58452951,11.81102000
55.58553431,3.93700800
55.58653911,7.87401500
55.58754391,7.87401500
55.58854871,11.81102000
55.58955351,11.81102000
55.59055831,7.87401500
55.59156311,11.81102000
55.59256791,3.93700800
55.59357271,11.81102000
55.59457751,11.81102000
55.59558231,7.87401500
55.59658711,-3.93700800
55.59759191,3.93700800
55.59859671,3.93700800
55.59960151,3.93700800
55.60060631,7.87401500
55.60161111,3.93700800
55.60261591,3.93700800
55.60362071,3.93700800
55.60462551,23.62205000
55.60563031,15.74803000
55.60663511,11.81102000
55.60763991,7.87401500
55.60864471,15.74803000
55.60964951,7.87401500
55.61065431,7.87401500
55.61165911,11.81102000
55.61266391,7.87401500
55.61366871,7.87401500
55.61467351,7.87401500
55.61567831,7.87401500
55.61668311,7.87401500
55.61768791,11.81102000
55.61869271,7.87401500
55.61969751,7.87401500
55.62070231,11.81102000
55.62170711,11.81102000
55.62271191,11.81102000
55.62371671,15.74803000
55.62472151,7.87401500
55.62572631,11.81102000
55.62673111,11.81102000
55.62773591,11.81102000
55.62874071,7.87401500
55.62974551,7.87401500
55.63075031,7.87401500
55.63175511,11.81102000
55.63275991,11.81102000
55.63376471,11.81102000
55.63476951,0.00000000
55.63577431,0.00000000
55.63677911,3.93700800
55.63778391,7.87401500
55.63878871,7.87401500
55.63979351,7.87401500
55.64079831,11.81102000
55.64180311,7.87401500
55.64280791,7.87401500
55.64381271,7.87401500
55.64481751,7.87401500
55.64582231,15.74803000
55.64682711,15.74803000
55.64783191,7.87401500
55.64883671,11.81102000
55.64984151,15.74803000
55.65084631,0.00000000
55.65185111,7.87401500
55.65285591,7.87401500
55.65386071,11.81102000
55.65486551,11.81102000
55.65587031,11.81102000
55.65687511,11.81102000
55.65787991,11.81102000
55.65888471,11.81102000
55.65988951,11.81102000
55.66089431,7.87401500
55.66189911,11.81102000
55.66290391,11.81102000
55.66390871,7.87401500
55.66491351,15.74803000
55.66591831,11.81102000
55.66692311,11.81102000
55.66792791,3.93700800
55.66893271,11.81102000
55.66993751,15.74803000
55.67094231,11.81102000
55.67194711,11.81102000
55.67295191,7.87401500
55.67395671,7.87401500
55.67496151,3.93700800
55.67596631,7.87401500
55.67697111,7.87401500
55.67797591,7.87401500
55.67898071,3.93700800
55.67998551,11.81102000
55.68099031,11.81102000
55.68199511,7.87401500
55.68299991,7.87401500
55.68400471,11.81102000
55.68500951,11.81102000
55.68601431,15.74803000
55.68701911,23.62205000
55.68802391,23.62205000
55.68902871,23.62205000
55.69003351,27.55905000
55.69103831,27.55905000
55.69204311,31.49606000
55.69304791,35.43307000
55.69405271,31.49606000
55.69505751,35.43307000
55.69606231,35.43307000
55.69706711,35.43307000
55.69807191,43.30709000
55.69907671,31.49606000
55.70008151,43.30709000
55.70108631,39.37008000
55.70209111,66.92913000
55.70309591,47.24409000
55.70410071,51.18110000
55.70510551,51.18110000
55.70611031,47.24409000
55.70711511,51.18110000
55.70811991,51.18110000
55.70912471,47.24409000
55.71012951,47.24409000
55.71113431,47.24409000
55.71213911,51.18110000
55.71314391,47.24409000
55.71414871,47.24409000
55.71515351,51.18110000
55.71615831,31.49606000
55.71716311,43.30709000
55.71816791,35.43307000
55.71917271,43.30709000
55.72017751,39.37008000
55.72118231,39.37008000
55.72218711,43.30709000
55.72319191,47.24409000
55.72419671,39.37008000
55.72520151,43.30709000
55.72620631,39.37008000
55.72721111,39.37008000
55.72821591,43.30709000
55.72922071,47.24409000
55.73022551,43.30709000
55.73123031,43.30709000
55.73223511,43.30709000
55.73323991,43.30709000
55.73424471,47.24409000
55.73524951,51.18110000
55.73625431,47.24409000
55.73725911,51.18110000
55.73826391,51.18110000
55.73926871,47.24409000
55.74027351,55.11811000
55.74127831,51.18110000
55.74228311,55.11811000
55.74328791,55.11811000
55.74429271,55.11811000
55.74529751,59.05511000
55.74630231,59.05511000
55.74730711,62.99212000
55.74831191,55.11811000
55.74931671,55.11811000
55.75032151,55.11811000
55.75132630,59.05511000
55.75233110,55.11811000
55.75333590,62.99212000
55.75434070,59.05511000
55.75534550,59.05511000
55.75635030,47.24409000
55.75735510,59.05511000
55.75835990,59.05511000
55.75936470,55.11811000
55.76036950,59.05511000
55.76137430,62.99212000
55.76237910,59.05511000
55.76338390,62.99212000
55.76438870,59.05511000
55.76539350,55.11811000
55.76639830,55.11811000
55.76740310,55.11811000
55.76840790,59.05511000
55.76941270,62.99212000
55.77041750,62.99212000
55.77142230,62.99212000
55.77242710,59.05511000
55.77343190,62.99212000
55.77443670,62.99212000
55.77544150,62.99212000
55.77644630,66.92913000
55.77745110,66.92913000
55.77845590,66.92913000
55.77946070,62.99212000
55.78046550,62.99212000
55.78147030,66.92913000
55.78247510,62.99212000
55.78347990,66.92913000
55.78448470,70.86613000
55.78548950,70.86613000
55.78649430,70.86613000
55.78749910,66.92913000
55.78850390,70.86613000
55.78950870,70.86613000
55.79051350,66.92913000
55.79151830,74.80315000
55.79252310,74.80315000
55.79352790,74.80315000
55.79453270,66.92913000
55.79553750,74.80315000
55.79654230,59.05511000
55.79754710,59.05511000
55.79855190,66.92913000
55.79955670,78.74015000
55.80056150,70.86613000
55.80156630,74.80315000
55.80257110,78.74015000
55.80357590,74.80315000
55.80458070,78.74015000
55.80558550,78.74015000
55.80659030,78.74015000
55.80759510,78.74015000
55.80859990,70.86613000
55.80960470,78.74015000
55.81060950,82.67715000
55.81161430,78.74015000
55.81261910,78.74015000
55.81362390,78.74015000
55.81462870,74.80315000
55.81563350,70.86613000
55.81663830,78.74015000
55.81764310,78.74015000
55.81864790,82.67715000
55.81965270,78.74015000
55.82065750,78.74015000
55.82166230,78.74015000
55.82266710,78.74015000
55.82367190,78.74015000
55.82467670,82.67715000
55.82568150,78.74015000
55.82668630,78.74015000
55.82769110,78.74015000
55.82869590,82.67715000
55.82970070,74.80315000
55.83070550,82.67715000
55.83171030,78.74015000
55.83271510,82.67715000
55.83371990,82.67715000
55.83472470,78.74015000
55.83572950,78.74015000
55.83673430,78.74015000
55.83773910,74.80315000
55.83874390,78.74015000
55.83974870,82.67715000
55.84075350,82.67715000
55.84175830,82.67715000
55.84276310,82.67715000
55.84376790,90.55118000
55.84477270,86.61417000
55.84577750,78.74015000
55.84678230,86.61417000
55.84778710,82.67715000
55.84879190,90.55118000
55.84979670,90.55118000
55.85080150,90.55118000
55.85180630,86.61417000
55.85281110,90.55118000
55.85381590,90.55118000
55.85482070,90.55118000
55.85582550,90.55118000
55.85683030,90.55118000
55.85783510,90.55118000
55.85883990,90.55118000
55.85984470,86.61417000
55.86084950,90.55118000
55.86185430,90.55118000
55.86285910,82.67715000
55.86386390,86.61417000
55.86486870,90.55118000
55.86587350,94.48818000
55.86687830,94.48818000
55.86788310,82.67715000
55.86888790,94.48818000
55.86989270,90.55118000
55.87089750,86.61417000
55.87190230,94.48818000
55.87290710,94.48818000
55.87391190,90.55118000
55.87491670,90.55118000
55.87592150,94.48818000
55.87692630,90.55118000
55.87793110,82.67715000
55.87893590,86.61417000
55.87994070,86.61417000
55.88094550,90.55118000
55.88195030,98.42519000
55.88295510,94.48818000
55.88395990,94.48818000
55.88496470,94.48818000
55.88596950,94.48818000
55.88697430,98.42519000
55.88797910,98.42519000
55.88898390,98.42519000
55.88998870,98.42519000
55.89099350,94.48818000
55.89199830,102.36220000
55.89300310,98.42519000
55.89400790,94.48818000
55.89501270,98.42519000
55.89601750,94.48818000
55.89702230,102.36220000
55.89802710,98.42519000
55.89903190,98.42519000
55.90003670,102.36220000
55.90104150,98.42519000
55.90204630,102.36220000
55.90305110,102.36220000
55.90405590,106.29920000
55.90506070,106.29920000
55.90606550,102.36220000
55.90707030,106.29920000
55.90807510,102.36220000
55.90907990,106.29920000
55.91008470,102.36220000
55.91108950,98.42519000
55.91209430,102.36220000
55.91309910,102.36220000
55.91410390,106.29920000
55.91510870,106.29920000
55.91611350,106.29920000
55.91711830,110.23620000
55.91812310,102.36220000
55.91912790,102.36220000
55.92013270,102.36220000
55.92113750,98.42519000
55.92214230,102.36220000
55.92314710,106.29920000
55.92415190,106.29920000
55.92515670,110.23620000
55.92616150,110.23620000
55.92716630,110.23620000
55.92817110,110.23620000
55.92917590,102.36220000
55.93018070,114.17320000
55.93118550,110.23620000
55.93219030,106.29920000
55.93319510,110.23620000
55.93419990,106.29920000
55.93520470,110.23620000
55.93620950,110.23620000
55.93721430,110.23620000
55.93821910,106.29920000
55.93922390,110.23620000
55.94022870,110.23620000
55.94123350,114.17320000
55.94223830,106.29920000
55.94324310,106.29920000
55.94424790,102.36220000
55.94525270,106.29920000
55.94625750,114.17320000
55.94726230,110.23620000
55.94826710,110.23620000
55.94927190,114.17320000
55.95027670,110.23620000
55.95128150,110.23620000
55.95228630,114.17320000
55.95329110,114.17320000
55.95429590,122.04720000
55.95530070,110.23620000
55.95630550,118.11020000
55.95731030,125.98420000
55.95831510,110.23620000
55.95931990,110.23620000
55.96032470,110.23620000
55.96132950,110.23620000
55.96233430,114.17320000
55.96333910,118.11020000
55.96434390,114.17320000
55.96534870,114.17320000
55.96635350,118.11020000
55.96735830,118.11020000
55.96836310,122.04720000
55.96936790,122.04720000
55.97037270,118.11020000
55.97137750,118.11020000
55.97238230,114.17320000
55.97338710,118.11020000
55.97439190,118.11020000
55.97539670,118.11020000
55.97640150,114.17320000
55.97740630,118.11020000
55.97841110,122.04720000
55.97941590,122.04720000
55.98042070,122.04720000
55.98142550,118.11020000
55.98243030,118.11020000
55.98343510,118.11020000
55.98443990,122.04720000
55.98544470,122.04720000
55.98644950,122.04720000
55.98745430,118.11020000
55.98845910,122.04720000
55.98946390,122.04720000
55.99046870,114.17320000
55.99147350,118.11020000
55.99247830,118.11020000
55.99348310,118.11020000
55.99448790,129.92120000
55.99549270,125.98420000
55.99649750,122.04720000
55.99750230,114.17320000
55.99850710,122.04720000
55.99951190,114.17320000
56.00051670,122.04720000
56.00152150,118.11020000
56.00252630,129.92120000
56.00353110,129.92120000
56.00453590,125.98420000
56.00554070,129.92120000
56.00654550,129.92120000
56.00755030,125.98420000
56.00855510,133.85830000
56.00955990,125.98420000
56.01056470,133.85830000
56.01156950,129.92120000
56.01257430,129.92120000
56.01357910,129.92120000
56.01458390,133.85830000
56.01558870,129.92120000
56.01659350,133.85830000
56.01759830,129.92120000
56.01860310,129.92120000
56.01960790,133.85830000
56.02061270,133.85830000
56.02161750,133.85830000
56.02262230,133.85830000
56.02362710,133.85830000
56.02463190,125.98420000
56.02563670,129.92120000
56.02664150,133.85830000
56.02764630,137.79530000
56.02865110,129.92120000
56.02965590,137.79530000
56.03066070,133.85830000
56.03166550,133.85830000
56.03267030,137.79530000
56.03367510,141.73230000
56.03467990,141.73230000
56.03568470,129.92120000
56.03668950,133.85830000
56.03769430,133.85830000
56.03869910,118.11020000
56.03970390,129.92120000
56.04070870,125.98420000
56.04171350,129.92120000
56.04271830,129.92120000
56.04372310,137.79530000
56.04472790,137.79530000
56.04573270,141.73230000
56.04673750,141.73230000
56.04774230,141.73230000
56.04874710,137.79530000
56.04975190,141.73230000
56.05075670,141.73230000
56.05176150,137.79530000
56.05276630,137.79530000
56.05377110,137.79530000
56.05477590,137.79530000
56.05578070,145.66930000
56.05678550,141.73230000
56.05779030,137.79530000
56.05879510,137.79530000
56.05979990,145.66930000
56.06080470,141.73230000
56.06180950,141.73230000
56.06281430,141.73230000
56.06381910,141.73230000
56.06482390,137.79530000
56.06582870,141.73230000
56.06683350,141.73230000
56.06783830,141.73230000
56.06884310,145.66930000
56.06984790,141.73230000
56.07085270,145.66930000
56.07185750,145.66930000
56.07286230,141.73230000
56.07386710,129.92120000
56.07487190,137.79530000
56.07587670,141.73230000
56.07688150,145.66930000
56.07788630,145.66930000
56.07889110,153.54330000
56.07989589,141.73230000
56.08090069,141.73230000
56.08190549,141.73230000
56.08291029,145.66930000
56.08391509,149.60630000
56.08491989,153.54330000
56.08592469,153.54330000
56.08692949,153.54330000
56.08793429,161.41730000
56.08893909,145.66930000
56.08994389,149.60630000
56.09094869,153.54330000
56.09195349,153.54330000
56.09295829,157.48030000
56.09396309,157.48030000
56.09496789,153.54330000
56.09597269,161.41730000
56.09697749,153.54330000
56.09798229,153.54330000
56.09898709,153.54330000
56.09999189,153.54330000
56.10099669,157.48030000
56.10200149,149.60630000
56.10300629,149.60630000
56.10401109,157.48030000
56.10501589,141.73230000
56.10602069,149.60630000
56.10702549,153.54330000
56.10803029,173.22830000
56.10903509,149.60630000
56.11003989,157.48030000
56.11104469,149.60630000
56.11204949,149.60630000
56.11305429,149.60630000
56.11405909,153.54330000
56.11506389,153.54330000
56.11606869,153.54330000
56.11707349,149.60630000
56.11807829,145.66930000
56.11908309,141.73230000
56.12008789,149.60630000
56.12109269,149.60630000
56.12209749,149.60630000
56.12310229,149.60630000
56.12410709,149.60630000
56.12511189,161.41730000
56.12611669,161.41730000
56.12712149,157.48030000
56.12812629,161.41730000
56.12913109,161.41730000
56.13013589,165.35430000
56.13114069,165.35430000
56.13214549,161.41730000
56.13315029,165.35430000
56.13415509,161.41730000
56.13515989,161.41730000
56.13616469,165.35430000
56.13716949,169.29130000
56.13817429,161.41730000
56.13917909,161.41730000
56.14018389,157.48030000
56.14118869,169.29130000
56.14219349,169.29130000
56.14319829,165.35430000
56.14420309,169.29130000
56.14520789,165.35430000
56.14621269,165.35430000
56.14721749,169.29130000
56.14822229,161.41730000
56.14922709,165.35430000
56.15023189,165.35430000
56.15123669,161.41730000
56.15224149,165.35430000
56.15324629,165.35430000
56.15425109,157.48030000
56.15525589,153.54330000
56.15626069,157.48030000
56.15726549,165.35430000
56.15827029,153.54330000
56.15927509,157.48030000
56.16027989,157.48030000
56.16128469,161.41730000
56.16228949,157.48030000
56.16329429,165.35430000
56.16429909,161.41730000
56.16530389,161.41730000
56.16630869,161.41730000
56.16731349,161.41730000
56.16831829,161.41730000
56.16932309,169.29130000
56.17032789,165.35430000
56.17133269,165.35430000
56.17233749,165.35430000
56.17334229,161.41730000
56.17434709,169.29130000
56.17535189,165.35430000
56.17635669,165.35430000
56.17736149,169.29130000
56.17836629,173.22830000
56.17937109,169.29130000
56.18037589,169.29130000
56.18138069,169.29130000
56.18238549,177.16530000
56.18339029,173.22830000
56.18439509,173.22830000
56.18539989,173.22830000
56.18640469,169.29130000
56.18740949,169.29130000
56.18841429,177.16530000
56.18941909,173.22830000
56.19042389,177.16530000
56.19142869,173.22830000
56.19243349,173.22830000
56.19343829,173.22830000
56.19444309,173.22830000
56.19544789,177.16530000
56.19645269,177.16530000
56.19745749,177.16530000
56.19846229,169.29130000
56.19946709,165.35430000
56.20047189,169.29130000
56.20147669,169.29130000
56.20248149,161.41730000
56.20348629,173.22830000
56.20449109,169.29130000
56.20549589,192.91340000
56.20650069,173.22830000
56.20750549,177.16530000
56.20851029,173.22830000
56.20951509,173.22830000
56.21051989,173.22830000
56.21152469,173.22830000
56.21252949,169.29130000
56.21353429,173.22830000
56.21453909,173.22830000
56.21554389,177.16530000
56.21654869,173.22830000
56.21755349,177.16530000
56.21855829,173.22830000
56.21956309,169.29130000
56.22056789,173.22830000
56.22157269,169.29130000
56.22257749,173.22830000
56.22358229,177.16530000
56.22458709,177.16530000
56.22559189,173.22830000
56.22659669,177.16530000
56.22760149,173.22830000
56.22860629,177.16530000
56.22961109,177.16530000
56.23061589,181.10240000
56.23162069,173.22830000
56.23262549,177.16530000
56.23363029,181.10240000
56.23463509,177.16530000
56.23563989,177.16530000
56.23664469,181.10240000
56.23764949,177.16530000
56.23865429,173.22830000
56.23965909,177.16530000
56.24066389,181.10240000
56.24166869,181.10240000
56.24267349,181.10240000
56.24367829,181.10240000
56.24468309,181.10240000
56.24568789,188.97640000
56.24669269,185.03940000
56.24769749,181.10240000
56.24870229,185.03940000
56.24970709,185.03940000
56.25071189,181.10240000
56.25171669,181.10240000
56.25272149,181.10240000
56.25372629,177.16530000
56.25473109,181.10240000
56.25573589,185.03940000
56.25674069,181.10240000
56.25774549,181.10240000
56.25875029,185.03940000
56.25975509,181.10240000
56.26075989,181.10240000
56.26176469,185.03940000
56.26276949,181.10240000
56.26377429,177.16530000
56.26477909,185.03940000
56.26578389,181.10240000
56.26678869,177.16530000
56.26779349,177.16530000
56.26879829,185.03940000
56.26980309,181.10240000
56.27080789,185.03940000
56.27181269,188.97640000
56.27281749,181.10240000
56.27382229,185.03940000
56.27482709,188.97640000
56.27583189,185.03940000
56.27683669,181.10240000
56.27784149,185.03940000
56.27884629,188.97640000
56.27985109,181.10240000
56.28085589,181.10240000
56.28186069,185.03940000
56.28286549,185.03940000
56.28387029,188.97640000
56.28487509,188.97640000
56.28587989,185.03940000
56.28688469,192.91340000
56.28788949,196.85040000
56.28889429,185.03940000
56.28989909,192.91340000
56.29090389,192.91340000
56.29190869,192.91340000
56.29291349,192.91340000
56.29391829,192.91340000
56.29492309,188.97640000
56.29592789,188.97640000
56.29693269,192.91340000
56.29793749,192.91340000
56.29894229,192.91340000
56.29994709,181.10240000
56.30095189,185.03940000
56.30195669,188.97640000
56.30296149,200.78740000
56.30396629,188.97640000
56.30497109,188.97640000
56.30597589,196.85040000
56.30698069,192.91340000
56.30798549,188.97640000
56.30899029,192.91340000
56.30999509,188.97640000
56.31099989,188.97640000
56.31200469,188.97640000
56.31300949,192.91340000
56.31401429,188.97640000
56.31501909,188.97640000
56.31602389,192.91340000
56.31702869,185.03940000
56.31803349,188.97640000
56.31903829,188.97640000
56.32004309,185.03940000
56.32104789,185.03940000
56.32205269,188.97640000
56.32305749,192.91340000
56.32406229,188.97640000
56.32506709,192.91340000
56.32607189,192.91340000
56.32707669,196.85040000
56.32808149,192.91340000
56.32908629,196.85040000
56.33009109,192.91340000
56.33109589,196.85040000
56.33210069,200.78740000
56.33310549,196.85040000
56.33411029,192.91340000
56.33511509,196.85040000
56.33611989,196.85040000
56.33712469,196.85040000
56.33812949,192.91340000
56.33913429,196.85040000
56.34013909,192.91340000
56.34114389,192.91340000
56.34214869,196.85040000
56.34315349,188.97640000
56.34415829,196.85040000
56.34516309,192.91340000
56.34616789,196.85040000
56.34717269,200.78740000
56.34817749,196.85040000
56.34918229,185.03940000
56.35018709,188.97640000
56.35119189,192.91340000
56.35219669,196.85040000
56.35320149,192.91340000
56.35420629,196.85040000
56.35521109,192.91340000
56.35621589,196.85040000
56.35722069,196.85040000
56.35822549,196.85040000
56.35923029,188.97640000
56.36023509,196.85040000
56.36123989,192.91340000
56.36224469,192.91340000
56.36324949,200.78740000
56.36425429,196.85040000
56.36525909,196.85040000
56.36626389,192.91340000
56.36726869,200.78740000
56.36827349,200.78740000
56.36927829,204.72440000
56.37028309,200.78740000
56.37128789,196.85040000
56.37229269,200.78740000
56.37329749,200.78740000
56.37430229,200.78740000
56.37530709,200.78740000
56.37631189,200.78740000
56.37731669,200.78740000
56.37832149,200.78740000
56.37932629,196.85040000
56.38033109,204.72440000
56.38133589,196.85040000
56.38234069,200.78740000
56.38334549,196.85040000
56.38435029,200.78740000
56.38535509,200.78740000
56.38635989,204.72440000
56.38736469,196.85040000
56.38836949,200.78740000
56.38937429,200.78740000
56.39037909,196.85040000
56.39138389,200.78740000
56.39238869,196.85040000
56.39339349,200.78740000
56.39439829,200.78740000
56.39540309,196.85040000
56.39640789,200.78740000
56.39741269,196.85040000
56.39841749,192.91340000
56.39942229,196.85040000
56.40042709,196.85040000
56.40143189,200.78740000
56.40243669,196.85040000
56.40344149,200.78740000
56.40444629,200.78740000
56.40545109,200.78740000
56.40645589,204.72440000
56.40746069,204.72440000
56.40846548,208.66140000
56.40947028,204.72440000
56.41047508,208.66140000
56.41147988,200.78740000
56.41248468,204.72440000
56.41348948,208.66140000
56.41449428,196.85040000
56.41549908,200.78740000
56.41650388,200.78740000
56.41750868,204.72440000
56.41851348,208.66140000
56.41951828,200.78740000
56.42052308,204.72440000
56.42152788,208.66140000
56.42253268,204.72440000
56.42353748,204.72440000
56.42454228,204.72440000
56.42554708,204.72440000
56.42655188,204.72440000
56.42755668,204.72440000
56.42856148,204.72440000
56.42956628,204.72440000
56.43057108,196.85040000
56.43157588,204.72440000
56.43258068,200.78740000
56.43358548,204.72440000
56.43459028,204.72440000
56.43559508,208.66140000
56.43659988,204.72440000
56.43760468,204.72440000
56.43860948,196.85040000
56.43961428,200.78740000
56.44061908,200.78740000
56.44162388,200.78740000
56.44262868,204.72440000
56.44363348,204.72440000
56.44463828,204.72440000
56.44564308,208.66140000
56.44664788,200.78740000
56.44765268,200.78740000
56.44865748,208.66140000
56.44966228,212.59840000
56.45066708,204.72440000
56.45167188,208.66140000
56.45267668,208.66140000
56.45368148,208.66140000
56.45468628,208.66140000
56.45569108,208.66140000
56.45669588,208.66140000
56.45770068,208.66140000
56.45870548,208.66140000
56.45971028,208.66140000
56.46071508,208.66140000
56.46171988,208.66140000
56.46272468,208.66140000
56.46372948,204.72440000
56.46473428,204.72440000
56.46573908,212.59840000
56.46674388,212.59840000
56.46774868,212.59840000
56.46875348,204.72440000
56.46975828,208.66140000
56.47076308,208.66140000
56.47176788,204.72440000
56.47277268,212.59840000
56.47377748,208.66140000
56.47478228,204.72440000
56.47578708,204.72440000
56.47679188,208.66140000
56.47779668,192.91340000
56.47880148,200.78740000
56.47980628,200.78740000
56.48081108,200.78740000
56.48181588,200.78740000
56.48282068,204.72440000
56.48382548,204.72440000
56.48483028,204.72440000
56.48583508,208.66140000
56.48683988,204.72440000
56.48784468,204.72440000
56.48884948,204.72440000
56.48985428,208.66140000
56.49085908,200.78740000
56.49186388,204.72440000
56.49286868,204.72440000
56.49387348,204.72440000
56.49487828,200.78740000
56.49588308,200.78740000
56.49688788,200.78740000
56.49789268,208.66140000
56.49889748,200.78740000
56.49990228,204.72440000
56.50090708,204.72440000
56.50191188,208.66140000
56.50291668,200.78740000
56.50392148,208.66140000
56.50492628,208.66140000
56.50593108,204.72440000
56.50693588,208.66140000
56.50794068,204.72440000
56.50894548,208.66140000
56.50995028,204.72440000
56.51095508,208.66140000
56.51195988,208.66140000
56.51296468,208.66140000
56.51396948,212.59840000
56.51497428,204.72440000
56.51597908,212.59840000
56.51698388,212.59840000
56.51798868,212.59840000
56.51899348,200.78740000
56.51999828,212.59840000
56.52100308,212.59840000
56.52200788,216.53540000
56.52301268,212.59840000
56.52401748,220.47240000
56.52502228,220.47240000
56.52602708,216.53540000
56.52703188,216.53540000
56.52803668,216.53540000
56.52904148,220.47240000
56.53004628,216.53540000
56.53105108,220.47240000
56.53205588,220.47240000
56.53306068,216.53540000
56.53406548,216.53540000
56.53507028,212.59840000
56.53607508,220.47240000
56.53707988,220.47240000
56.53808468,216.53540000
56.53908948,216.53540000
56.54009428,216.53540000
56.54109908,216.53540000
56.54210388,212.59840000
56.54310868,224.40940000
56.54411348,204.72440000
56.54511828,208.66140000
56.54612308,204.72440000
56.54712788,216.53540000
56.54813268,204.72440000
56.54913748,216.53540000
56.55014228,212.59840000
56.55114708,212.59840000
56.55215188,212.59840000
56.55315668,208.66140000
56.55416148,212.59840000
56.55516628,208.66140000
56.55617108,208.66140000
56.55717588,204.72440000
56.55818068,208.66140000
56.55918548,212.59840000
56.56019028,204.72440000
56.56119508,204.72440000
56.56219988,204.72440000
56.56320468,212.59840000
56.56420948,216.53540000
56.56521428,216.53540000
56.56621908,216.53540000
56.56722388,208.66140000
56.56822868,208.66140000
56.56923348,212.59840000
56.57023828,212.59840000
56.57124308,216.53540000
56.57224788,216.53540000
56.57325268,212.59840000
56.57425748,208.66140000
56.57526228,216.53540000
56.57626708,216.53540000
56.57727188,212.59840000
56.57827668,216.53540000
56.57928148,216.53540000
56.58028628,220.47240000
56.58129108,216.53540000
56.58229588,216.53540000
56.58330068,220.47240000
56.58430548,212.59840000
56.58531028,220.47240000
56.58631508,220.47240000
56.58731988,220.47240000
56.58832468,220.47240000
56.58932948,220.47240000
56.59033428,220.47240000
56.59133908,212.59840000
56.59234388,224.40940000
56.59334868,212.59840000
56.59435348,208.66140000
56.59535828,216.53540000
56.59636308,212.59840000
56.59736788,212.59840000
56.59837268,220.47240000
56.59937748,220.47240000
56.60038228,216.53540000
56.60138708,216.53540000
56.60239188,220.47240000
56.60339668,220.47240000
56.60440148,220.47240000
56.60540628,220.47240000
56.60641108,216.53540000
56.60741588,216.53540000
56.60842068,200.78740000
56.60942548,208.66140000
56.61043028,212.59840000
56.61143508,228.34640000
56.61243988,212.59840000
56.61344468,220.47240000
56.61444948,216.53540000
56.61545428,216.53540000
56.61645908,216.53540000
56.61746388,216.53540000
56.61846868,212.59840000
56.61947348,216.53540000
56.62047828,216.53540000
56.62148308,208.66140000
56.62248788,208.66140000
56.62349268,216.53540000
56.62449748,212.59840000
56.62550228,212.59840000
56.62650708,208.66140000
56.62751188,208.66140000
56.62851668,216.53540000
56.62952148,216.53540000
56.63052628,212.59840000
56.63153108,216.53540000
56.63253588,200.78740000
56.63354068,200.78740000
56.63454548,208.66140000
56.63555028,204.72440000
56.63655508,212.59840000
56.63755988,212.59840000
56.63856468,208.66140000
56.63956948,216.53540000
56.64057428,208.66140000
56.64157908,212.59840000
56.64258388,208.66140000
56.64358868,208.66140000
56.64459348,216.53540000
56.64559828,204.72440000
56.64660308,208.66140000
56.64760788,208.66140000
56.64861268,212.59840000
56.64961748,212.59840000
56.65062228,216.53540000
56.65162708,216.53540000
56.65263188,212.59840000
56.65363668,216.53540000
56.65464148,216.53540000
56.65564628,216.53540000
56.65665108,216.53540000
56.65765588,212.59840000
56.65866068,204.72440000
56.65966548,212.59840000
56.66067028,212.59840000
56.66167508,220.47240000
56.66267988,216.53540000
56.66368468,220.47240000
56.66468948,216.53540000
56.66569428,216.53540000
56.66669908,220.47240000
56.66770388,216.53540000
56.66870868,212.59840000
56.66971348,216.53540000
56.67071828,212.59840000
56.67172308,216.53540000
56.67272788,220.47240000
56.67373268,216.53540000
56.67473748,204.72440000
56.67574228,208.66140000
56.67674708,208.66140000
56.67775188,212.59840000
56.67875668,216.53540000
56.67976148,216.53540000
56.68076628,216.53540000
56.68177108,216.53540000
56.68277588,216.53540000
56.68378068,216.53540000
56.68478548,212.59840000
56.68579028,216.53540000
56.68679508,216.53540000
56.68779988,212.59840000
56.68880468,212.59840000
56.68980948,216.53540000
56.69081428,212.59840000
56.69181908,212.59840000
56.69282388,216.53540000
56.69382868,212.59840000
56.69483348,212.59840000
56.69583828,212.59840000
56.69684308,212.59840000
56.69784788,216.53540000
56.69885268,216.53540000
56.69985748,212.59840000
56.70086228,212.59840000
56.70186708,216.53540000
56.70287188,212.59840000
56.70387668,216.53540000
56.70488148,212.59840000
56.70588628,196.85040000
56.70689108,208.66140000
56.70789588,208.66140000
56.70890068,220.47240000
56.70990548,216.53540000
56.71091028,212.59840000
56.71191508,212.59840000
56.71291988,216.53540000
56.71392468,208.66140000
56.71492948,200.78740000
56.71593428,212.59840000
56.71693908,208.66140000
56.71794388,216.53540000
56.71894868,212.59840000
56.71995348,212.59840000
56.72095828,216.53540000
56.72196308,220.47240000
56.72296788,212.59840000
56.72397268,216.53540000
56.72497748,212.59840000
56.72598228,216.53540000
56.72698708,216.53540000
56.72799188,216.53540000
56.72899668,220.47240000
56.73000148,216.53540000
56.73100628,220.47240000
56.73201108,212.59840000
56.73301588,220.47240000
56.73402068,216.53540000
56.73502548,220.47240000
56.73603028,216.53540000
56.73703508,216.53540000
56.73803987,216.53540000
56.73904467,212.59840000
56.74004947,212.59840000
56.74105427,216.53540000
56.74205907,216.53540000
56.74306387,212.59840000
56.74406867,212.59840000
56.74507347,212.59840000
56.74607827,216.53540000
56.74708307,216.53540000
56.74808787,216.53540000
56.74909267,212.59840000
56.75009747,216.53540000
56.75110227,212.59840000
56.75210707,208.66140000
56.75311187,212.59840000
56.75411667,208.66140000
56.75512147,204.72440000
56.75612627,212.59840000
56.75713107,208.66140000
56.75813587,216.53540000
56.75914067,212.59840000
56.76014547,220.47240000
56.76115027,212.59840000
56.76215507,216.53540000
56.76315987,212.59840000
56.76416467,216.53540000
56.76516947,208.66140000
56.76617427,212.59840000
56.76717907,212.59840000
56.76818387,208.66140000
56.76918867,212.59840000
56.77019347,208.66140000
56.77119827,208.66140000
56.77220307,208.66140000
56.77320787,204.72440000
56.77421267,212.59840000
56.77521747,216.53540000
56.77622227,212.59840000
56.77722707,208.66140000
56.77823187,208.66140000
56.77923667,212.59840000
56.78024147,212.59840000
56.78124627,212.59840000
56.78225107,216.53540000
56.78325587,216.53540000
56.78426067,212.59840000
56.78526547,216.53540000
56.78627027,216.53540000
56.78727507,208.66140000
56.78827987,208.66140000
56.78928467,204.72440000
56.79028947,204.72440000
56.79129427,208.66140000
56.79229907,200.78740000
56.79330387,200.78740000
56.79430867,200.78740000
56.79531347,208.66140000
56.79631827,212.59840000
56.79732307,204.72440000
56.79832787,212.59840000
56.79933267,208.66140000
56.80033747,208.66140000
56.80134227,212.59840000
56.80234707,208.66140000
56.80335187,204.72440000
56.80435667,208.66140000
56.80536147,204.72440000
56.80636627,208.66140000
56.80737107,212.59840000
56.80837587,204.72440000
56.80938067,208.66140000
56.81038547,208.66140000
56.81139027,208.66140000
56.81239507,208.66140000
56.81339987,208.66140000
56.81440467,204.72440000
56.81540947,208.66140000
56.81641427,204.72440000
56.81741907,208.66140000
56.81842387,204.72440000
56.81942867,204.72440000
56.82043347,204.72440000
56.82143827,204.72440000
56.82244307,204.72440000
56.82344787,208.66140000
56.82445267,200.78740000
56.82545747,208.66140000
56.82646227,204.72440000
56.82746707,212.59840000
56.82847187,204.72440000
56.82947667,204.72440000
56.83048147,204.72440000
56.83148627,196.85040000
56.83249107,200.78740000
56.83349587,200.78740000
56.83450067,204.72440000
56.83550547,200.78740000
56.83651027,200.78740000
56.83751507,204.72440000
56.83851987,204.72440000
56.83952467,208.66140000
56.84052947,208.66140000
56.84153427,208.66140000
56.84253907,208.66140000
56.84354387,208.66140000
56.84454867,200.78740000
56.84555347,208.66140000
56.84655827,208.66140000
56.84756307,208.66140000
56.84856787,200.78740000
56.84957267,208.66140000
56.85057747,204.72440000
56.85158227,208.66140000
56.85258707,200.78740000
56.85359187,200.78740000
56.85459667,204.72440000
56.85560147,208.66140000
56.85660627,208.66140000
56.85761107,204.72440000
56.85861587,208.66140000
56.85962067,204.72440000
56.86062547,208.66140000
56.86163027,204.72440000
56.86263507,208.66140000
56.86363987,208.66140000
56.86464467,208.66140000
56.86564947,208.66140000
56.86665427,208.66140000
56.86765907,204.72440000
56.86866387,204.72440000
56.86966867,204.72440000
56.87067347,200.78740000
56.87167827,208.66140000
56.87268307,204.72440000
56.87368787,200.78740000
56.87469267,200.78740000
56.87569747,208.66140000
56.87670227,204.72440000
56.87770707,204.72440000
56.87871187,204.72440000
56.87971667,208.66140000
56.88072147,204.72440000
56.88172627,212.59840000
56.88273107,208.66140000
56.88373587,204.72440000
56.88474067,204.72440000
56.88574547,204.72440000
56.88675027,204.72440000
56.88775507,212.59840000
56.88875987,204.72440000
56.88976467,204.72440000
56.89076947,208.66140000
56.89177427,204.72440000
56.89277907,200.78740000
56.89378387,204.72440000
56.89478867,204.72440000
56.89579347,204.72440000
56.89679827,204.72440000
56.89780307,208.66140000
56.89880787,204.72440000
56.89981267,208.66140000
56.90081747,204.72440000
56.90182227,204.72440000
56.90282707,204.72440000
56.90383187,208.66140000
56.90483667,208.66140000
56.90584147,204.72440000
56.90684627,208.66140000
56.90785107,204.72440000
56.90885587,208.66140000
56.90986067,208.66140000
56.91086547,204.72440000
56.91187027,204.72440000
56.91287507,196.85040000
56.91387987,200.78740000
56.91488467,204.72440000
56.91588947,196.85040000
56.91689427,204.72440000
56.91789907,196.85040000
56.91890387,204.72440000
56.91990867,200.78740000
56.92091347,204.72440000
56.92191827,204.72440000
56.92292307,208.66140000
56.92392787,204.72440000
56.92493267,204.72440000
56.92593747,204.72440000
56.92694227,208.66140000
56.92794707,204.72440000
56.92895187,208.66140000
56.92995667,204.72440000
56.93096147,200.78740000
56.93196627,196.85040000
56.93297107,204.72440000
56.93397587,200.78740000
56.93498067,204.72440000
56.93598547,200.78740000
56.93699027,204.72440000
56.93799507,200.78740000
56.93899987,208.66140000
56.94000467,200.78740000
56.94100947,200.78740000
56.94201427,200.78740000
56.94301907,200.78740000
56.94402387,200.78740000
56.94502867,200.78740000
56.94603347,204.72440000
56.94703827,200.78740000
56.94804307,200.78740000
56.94904787,200.78740000
56.95005267,204.72440000
56.95105747,200.78740000
56.95206227,196.85040000
56.95306707,200.78740000
56.95407187,196.85040000
56.95507667,196.85040000
56.95608147,200.78740000
56.95708627,200.78740000
56.95809107,208.66140000
56.95909587,204.72440000
56.96010067,204.72440000
56.96110547,200.78740000
56.96211027,208.66140000
56.96311507,200.78740000
56.96411987,204.72440000
56.96512467,200.78740000
56.96612947,200.78740000
56.96713427,196.85040000
56.96813907,204.72440000
56.96914387,204.72440000
56.97014867,204.72440000
56.97115347,204.72440000
56.97215827,200.78740000
56.97316307,204.72440000
56.97416787,204.72440000
56.97517267,204.72440000
56.97617747,200.78740000
56.97718227,204.72440000
56.97818707,204.72440000
56.97919187,200.78740000
56.98019667,204.72440000
56.98120147,204.72440000
56.98220627,204.72440000
56.98321107,200.78740000
56.98421587,200.78740000
56.98522067,200.78740000
56.98622547,204.72440000
56.98723027,204.72440000
56.98823507,200.78740000
56.98923987,204.72440000
56.99024467,196.85040000
56.99124947,192.91340000
56.99225427,200.78740000
56.99325907,200.78740000
56.99426387,200.78740000
56.99526867,196.85040000
56.99627347,200.78740000
56.99727827,200.78740000
56.99828307,200.78740000
56.99928787,200.78740000
57.00029267,204.72440000
57.00129747,204.72440000
57.00230227,204.72440000
57.00330707,204.72440000
57.00431187,200.78740000
57.00531667,200.78740000
57.00632147,200.78740000
57.00732627,208.66140000
57.00833107,204.72440000
57.00933587,204.72440000
57.01034067,204.72440000
57.01134547,204.72440000
57.01235027,204.72440000
57.01335507,204.72440000
57.01435987,204.72440000
57.01536467,196.85040000
57.01636947,200.78740000
57.01737427,212.59840000
57.01837907,204.72440000
57.01938387,204.72440000
57.02038867,208.66140000
57.02139347,208.66140000
57.02239827,204.72440000
57.02340307,204.72440000
57.02440787,204.72440000
57.02541267,204.72440000
57.02641747,212.59840000
57.02742227,208.66140000
57.02842707,208.66140000
57.02943187,220.47240000
57.03043667,196.85040000
57.03144147,200.78740000
57.03244627,196.85040000
57.03345107,204.72440000
57.03445587,208.66140000
57.03546067,208.66140000
57.03646547,208.66140000
57.03747027,208.66140000
57.03847507,212.59840000
57.03947987,212.59840000
57.04048467,208.66140000
57.04148947,208.66140000
57.04249427,212.59840000
57.04349907,208.66140000
57.04450387,208.66140000
57.04550867,212.59840000
57.04651347,212.59840000
57.04751827,204.72440000
57.04852307,204.72440000
57.04952787,208.66140000
57.05053267,212.59840000
57.05153747,208.66140000
57.05254227,204.72440000
57.05354707,212.59840000
57.05455187,204.72440000
57.05555667,204.72440000
57.05656147,204.72440000
57.05756627,212.59840000
57.05857107,212.59840000
57.05957587,208.66140000
57.06058067,208.66140000
57.06158547,212.59840000
57.06259027,212.59840000
57.06359507,200.78740000
57.06459987,208.66140000
57.06560467,204.72440000
57.06660946,208.66140000
57.06761426,208.66140000
57.06861906,200.78740000
57.06962386,196.85040000
57.07062866,204.72440000
57.07163346,204.72440000
57.07263826,204.72440000
57.07364306,204.72440000
57.07464786,208.66140000
57.07565266,204.72440000
57.07665746,204.72440000
57.07766226,212.59840000
57.07866706,204.72440000
57.07967186,208.66140000
57.08067666,208.66140000
57.08168146,200.78740000
57.08268626,208.66140000
57.08369106,208.66140000
57.08469586,208.66140000
57.08570066,208.66140000
57.08670546,204.72440000
57.08771026,200.78740000
57.08871506,204.72440000
57.08971986,204.72440000
57.09072466,216.53540000
57.09172946,200.78740000
57.09273426,204.72440000
57.09373906,208.66140000
57.09474386,204.72440000
57.09574866,200.78740000
57.09675346,208.66140000
57.09775826,204.72440000
57.09876306,208.66140000
57.09976786,204.72440000
57.10077266,208.66140000
57.10177746,200.78740000
57.10278226,204.72440000
57.10378706,208.66140000
57.10479186,212.59840000
57.10579666,204.72440000
57.10680146,204.72440000
57.10780626,208.66140000
57.10881106,204.72440000
57.10981586,204.72440000
57.11082066,196.85040000
57.11182546,192.91340000
57.11283026,196.85040000
57.11383506,200.78740000
57.11483986,220.47240000
57.11584466,204.72440000
57.11684946,208.66140000
57.11785426,204.72440000
57.11885906,208.66140000
57.11986386,204.72440000
57.12086866,208.66140000
57.12187346,208.66140000
57.12287826,204.72440000
57.12388306,204.72440000
57.12488786,204.72440000
57.12589266,204.72440000
57.12689746,204.72440000
57.12790226,204.72440000
57.12890706,204.72440000
57.12991186,208.66140000
57.13091666,200.78740000
57.13192146,208.66140000
57.13292626,208.66140000
57.13393106,204.72440000
57.13493586,200.78740000
57.13594066,208.66140000
57.13694546,208.66140000
57.13795026,208.66140000
57.13895506,204.72440000
57.13995986,208.66140000
57.14096466,204.72440000
57.14196946,204.72440000
57.14297426,208.66140000
57.14397906,204.72440000
57.14498386,196.85040000
57.14598866,204.72440000
57.14699346,200.78740000
57.14799826,208.66140000
57.14900306,204.72440000
57.15000786,204.72440000
57.15101266,196.85040000
57.15201746,204.72440000
57.15302226,204.72440000
57.15402706,204.72440000
57.15503186,208.66140000
57.15603666,204.72440000
57.15704146,212.59840000
57.15804626,212.59840000
57.15905106,208.66140000
57.16005586,204.72440000
57.16106066,208.66140000
57.16206546,200.78740000
57.16307026,208.66140000
57.16407506,208.66140000
57.16507986,216.53540000
57.16608466,212.59840000
57.16708946,208.66140000
57.16809426,212.59840000
57.16909906,208.66140000
57.17010386,208.66140000
57.17110866,212.59840000
57.17211346,208.66140000
57.17311826,212.59840000
57.17412306,208.66140000
57.17512786,208.66140000
57.17613266,208.66140000
57.17713746,212.59840000
57.17814226,208.66140000
57.17914706,212.59840000
57.18015186,208.66140000
57.18115666,212.59840000
57.18216146,212.59840000
57.18316626,212.59840000
57.18417106,212.59840000
57.18517586,204.72440000
57.18618066,212.59840000
57.18718546,212.59840000
57.18819026,192.91340000
57.18919506,204.72440000
57.19019986,208.66140000
57.19120466,208.66140000
57.19220946,212.59840000
57.19321426,208.66140000
57.19421906,212.59840000
57.19522386,208.66140000
57.19622866,216.53540000
57.19723346,216.53540000
57.19823826,212.59840000
57.19924306,212.59840000
57.20024786,208.66140000
57.20125266,216.53540000
57.20225746,216.53540000
57.20326226,208.66140000
57.20426706,212.59840000
57.20527186,212.59840000
57.20627666,216.53540000
57.20728146,212.59840000
57.20828626,208.66140000
57.20929106,200.78740000
57.21029586,212.59840000
57.21130066,212.59840000
57.21230546,212.59840000
57.21331026,212.59840000
57.21431506,212.59840000
57.21531986,208.66140000
57.21632466,212.59840000
57.21732946,216.53540000
57.21833426,208.66140000
57.21933906,208.66140000
57.22034386,212.59840000
57.22134866,208.66140000
57.22235346,212.59840000
57.22335826,208.66140000
57.22436306,212.59840000
57.22536786,212.59840000
57.22637266,196.85040000
57.22737746,196.85040000
57.22838226,200.78740000
57.22938706,204.72440000
57.23039186,208.66140000
57.23139666,208.66140000
57.23240146,208.66140000
57.23340626,212.59840000
57.23441106,212.59840000
57.23541586,212.59840000
57.23642066,208.66140000
57.23742546,208.66140000
57.23843026,212.59840000
57.23943506,212.59840000
57.24043986,200.78740000
57.24144466,216.53540000
57.24244946,200.78740000
57.24345426,204.72440000
57.24445906,204.72440000
57.24546386,204.72440000
57.24646866,204.72440000
57.24747346,204.72440000
57.24847826,204.72440000
57.24948306,204.72440000
57.25048786,208.66140000
57.25149266,204.72440000
57.25249746,204.72440000
57.25350226,204.72440000
57.25450706,204.72440000
57.25551186,200.78740000
57.25651666,208.66140000
57.25752146,204.72440000
57.25852626,196.85040000
57.25953106,200.78740000
57.26053586,200.78740000
57.26154066,200.78740000
57.26254546,208.66140000
57.26355026,204.72440000
57.26455506,204.72440000
57.26555986,200.78740000
57.26656466,200.78740000
57.26756946,200.78740000
57.26857426,196.85040000
57.26957906,200.78740000
57.27058386,196.85040000
57.27158866,204.72440000
57.27259346,200.78740000
57.27359826,204.72440000
57.27460306,200.78740000
57.27560786,204.72440000
57.27661266,200.78740000
57.27761746,200.78740000
57.27862226,204.72440000
57.27962706,200.78740000
57.28063186,204.72440000
57.28163666,200.78740000
57.28264146,196.85040000
57.28364626,200.78740000
57.28465106,200.78740000
57.28565586,204.72440000
57.28666066,192.91340000
57.28766546,200.78740000
57.28867026,196.85040000
57.28967506,200.78740000
57.29067986,196.85040000
57.29168466,196.85040000
57.29268946,192.91340000
57.29369426,196.85040000
57.29469906,200.78740000
57.29570386,196.85040000
57.29670866,196.85040000
57.29771346,200.78740000
57.29871826,196.85040000
57.29972306,196.85040000
57.30072786,196.85040000
57.30173266,200.78740000
57.30273746,196.85040000
57.30374226,192.91340000
57.30474706,192.91340000
57.30575186,196.85040000
57.30675666,185.03940000
57.30776146,192.91340000
57.30876626,192.91340000
57.30977106,200.78740000
57.31077586,196.85040000
57.31178066,200.78740000
57.31278546,200.78740000
57.31379026,200.78740000
57.31479506,196.85040000
57.31579986,196.85040000
57.31680466,196.85040000
57.31780946,192.91340000
57.31881426,196.85040000
57.31981906,192.91340000
57.32082386,192.91340000
57.32182866,192.91340000
57.32283346,192.91340000
57.32383826,192.91340000
57.32484306,192.91340000
57.32584786,188.97640000
57.32685266,192.91340000
57.32785746,192.91340000
57.32886226,192.91340000
57.32986706,192.91340000
57.33087186,196.85040000
57.33187666,192.91340000
57.33288146,192.91340000
57.33388626,192.91340000
57.33489106,196.85040000
57.33589586,192.91340000
57.33690066,192.91340000
57.33790546,196.85040000
57.33891026,192.91340000
57.33991506,188.97640000
57.34091986,188.97640000
57.34192466,188.97640000
57.34292946,188.97640000
57.34393426,188.97640000
57.34493906,192.91340000
57.34594386,192.91340000
57.34694866,192.91340000
57.34795346,192.91340000
57.34895826,196.85040000
57.34996306,200.78740000
57.35096786,196.85040000
57.35197266,196.85040000
57.35297746,200.78740000
57.35398226,196.85040000
57.35498706,192.91340000
57.35599186,192.91340000
57.35699666,196.85040000
57.35800146,192.91340000
57.35900626,196.85040000
57.36001106,192.91340000
57.36101586,200.78740000
57.36202066,192.91340000
57.36302546,192.91340000
57.36403026,196.85040000
57.36503506,200.78740000
57.36603986,188.97640000
57.36704466,196.85040000
57.36804946,200.78740000
57.36905426,192.91340000
57.37005906,196.85040000
57.37106386,196.85040000
57.37206866,192.91340000
57.37307346,192.91340000
57.37407826,192.91340000
57.37508306,196.85040000
57.37608786,196.85040000
57.37709266,196.85040000
57.37809746,192.91340000
57.37910226,192.91340000
57.38010706,192.91340000
57.38111186,192.91340000
57.38211666,188.97640000
57.38312146,188.97640000
57.38412626,185.03940000
57.38513106,192.91340000
57.38613586,196.85040000
57.38714066,192.91340000
57.38814546,196.85040000
57.38915026,192.91340000
57.39015506,196.85040000
57.39115986,196.85040000
57.39216466,200.78740000
57.39316946,196.85040000
57.39417426,196.85040000
57.39517905,196.85040000
57.39618385,196.85040000
57.39718865,192.91340000
57.39819345,196.85040000
57.39919825,196.85040000
57.40020305,192.91340000
57.40120785,200.78740000
57.40221265,196.85040000
57.40321745,192.91340000
57.40422225,188.97640000
57.40522705,192.91340000
57.40623185,196.85040000
57.40723665,196.85040000
57.40824145,196.85040000
57.40924625,192.91340000
57.41025105,196.85040000
57.41125585,200.78740000
57.41226065,196.85040000
57.41326545,196.85040000
57.41427025,196.85040000
57.41527505,200.78740000
57.41627985,196.85040000
57.41728465,196.85040000
57.41828945,200.78740000
57.41929425,192.91340000
57.42029905,200.78740000
57.42130385,188.97640000
57.42230865,188.97640000
57.42331345,188.97640000
57.42431825,196.85040000
57.42532305,196.85040000
57.42632785,192.91340000
57.42733265,192.91340000
57.42833745,196.85040000
57.42934225,200.78740000
57.43034705,196.85040000
57.43135185,196.85040000
57.43235665,200.78740000
57.43336145,192.91340000
57.43436625,200.78740000
57.43537105,192.91340000
57.43637585,200.78740000
57.43738065,192.91340000
57.43838545,192.91340000
57.43939025,196.85040000
57.44039505,192.91340000
57.44139985,192.91340000
57.44240465,192.91340000
57.44340945,196.85040000
57.44441425,192.91340000
57.44541905,196.85040000
57.44642385,192.91340000
57.44742865,196.85040000
57.44843345,192.91340000
57.44943825,200.78740000
57.45044305,196.85040000
57.45144785,192.91340000
57.45245265,196.85040000
57.45345745,192.91340000
57.45446225,196.85040000
57.45546705,200.78740000
57.45647185,196.85040000
57.45747665,204.72440000
57.45848145,188.97640000
57.45948625,188.97640000
57.46049105,196.85040000
57.46149585,192.91340000
57.46250065,196.85040000
57.46350545,196.85040000
57.46451025,196.85040000
57.46551505,200.78740000
57.46651985,200.78740000
57.46752465,196.85040000
57.46852945,196.85040000
57.46953425,196.85040000
57.47053905,196.85040000
57.47154385,196.85040000
57.47254865,196.85040000
57.47355345,200.78740000
57.47455825,200.78740000
57.47556305,196.85040000
57.47656785,192.91340000
57.47757265,196.85040000
57.47857745,196.85040000
57.47958225,196.85040000
57.48058705,200.78740000
57.48159185,196.85040000
57.48259665,196.85040000
57.48360145,192.91340000
57.48460625,200.78740000
57.48561105,192.91340000
57.48661585,196.85040000
57.48762065,192.91340000
57.48862545,196.85040000
57.48963025,192.91340000
57.49063505,196.85040000
57.49163985,200.78740000
57.49264465,196.85040000
57.49364945,196.85040000
57.49465425,200.78740000
57.49565905,192.91340000
57.49666385,196.85040000
57.49766865,192.91340000
57.49867345,196.85040000
57.49967825,196.85040000
57.50068305,196.85040000
57.50168785,192.91340000
57.50269265,192.91340000
57.50369745,192.91340000
57.50470225,192.91340000
57.50570705,200.78740000
57.50671185,196.85040000
57.50771665,196.85040000
57.50872145,196.85040000
57.50972625,200.78740000
57.51073105,200.78740000
57.51173585,200.78740000
57.51274065,196.85040000
57.51374545,196.85040000
57.51475025,196.85040000
57.51575505,200.78740000
57.51675985,196.85040000
57.51776465,188.97640000
57.51876945,192.91340000
57.51977425,196.85040000
57.52077905,216.53540000
57.52178385,204.72440000
57.52278865,200.78740000
57.52379345,204.72440000
57.52479825,196.85040000
57.52580305,204.72440000
57.52680785,200.78740000
57.52781265,200.78740000
57.52881745,196.85040000
57.52982225,204.72440000
57.53082705,196.85040000
57.53183185,204.72440000
57.53283665,200.78740000
57.53384145,200.78740000
57.53484625,200.78740000
57.53585105,192.91340000
57.53685585,196.85040000
57.53786065,188.97640000
57.53886545,200.78740000
57.53987025,200.78740000
57.54087505,200.78740000
57.54187985,192.91340000
57.54288465,200.78740000
57.54388945,200.78740000
57.54489425,204.72440000
57.54589905,200.78740000
57.54690385,204.72440000
57.54790865,200.78740000
57.54891345,200.78740000
57.54991825,196.85040000
57.55092305,196.85040000
57.55192785,196.85040000
57.55293265,192.91340000
57.55393745,196.85040000
57.55494225,196.85040000
57.55594705,200.78740000
57.55695185,200.78740000
57.55795665,196.85040000
57.55896145,200.78740000
57.55996625,196.85040000
57.56097105,196.85040000
57.56197585,200.78740000
57.56298065,196.85040000
57.56398545,200.78740000
57.56499025,200.78740000
57.56599505,200.78740000
57.56699985,192.91340000
57.56800465,196.85040000
57.56900945,200.78740000
57.57001425,196.85040000
57.57101905,196.85040000
57.57202385,200.78740000
57.57302865,200.78740000
57.57403345,192.91340000
57.57503825,192.91340000
57.57604305,196.85040000
57.57704785,192.91340000
57.57805265,196.85040000
57.57905745,196.85040000
57.58006225,200.78740000
57.58106705,200.78740000
57.58207185,204.72440000
57.58307665,200.78740000
57.58408145,196.85040000
57.58508625,196.85040000
57.58609105,200.78740000
57.58709585,200.78740000
57.58810065,200.78740000
57.58910545,200.78740000
57.59011025,196.85040000
57.59111505,196.85040000
57.59211985,196.85040000
57.59312465,196.85040000
57.59412945,200.78740000
57.59513425,200.78740000
57.59613905,196.85040000
57.59714385,196.85040000
57.59814865,196.85040000
57.59915345,196.85040000
57.60015825,196.85040000
57.60116305,192.91340000
57.60216785,196.85040000
57.60317265,196.85040000
57.60417745,196.85040000
57.60518225,200.78740000
57.60618705,200.78740000
57.60719185,200.78740000
57.60819665,196.85040000
57.60920145,196.85040000
57.61020625,196.85040000
57.61121105,200.78740000
57.61221585,192.91340000
57.61322065,192.91340000
57.61422545,192.91340000
57.61523025,181.10240000
57.61623505,192.91340000
57.61723985,192.91340000
57.61824465,212.59840000
57.61924945,200.78740000
57.62025425,200.78740000
57.62125905,200.78740000
57.62226385,200.78740000
57.62326865,196.85040000
57.62427345,200.78740000
57.62527825,192.91340000
57.62628305,196.85040000
57.62728785,200.78740000
57.62829265,200.78740000
57.62929745,192.91340000
57.63030225,192.91340000
57.63130705,192.91340000
57.63231185,188.97640000
57.63331665,188.97640000
57.63432145,188.97640000
57.63532625,196.85040000
57.63633105,192.91340000
57.63733585,196.85040000
57.63834065,196.85040000
57.63934545,192.91340000
57.64035025,196.85040000
57.64135505,188.97640000
57.64235985,196.85040000
57.64336465,188.97640000
57.64436945,188.97640000
57.64537425,196.85040000
57.64637905,196.85040000
57.64738385,200.78740000
57.64838865,196.85040000
57.64939345,192.91340000
57.65039825,185.03940000
57.65140305,192.91340000
57.65240785,192.91340000
57.65341265,192.91340000
57.65441745,188.97640000
57.65542225,192.91340000
57.65642705,200.78740000
57.65743185,192.91340000
57.65843665,196.85040000
57.65944145,200.78740000
57.66044625,200.78740000
57.66145105,196.85040000
57.66245585,196.85040000
57.66346065,196.85040000
57.66446545,188.97640000
57.66547025,196.85040000
57.66647505,192.91340000
57.66747985,196.85040000
57.66848465,196.85040000
57.66948945,196.85040000
57.67049425,188.97640000
57.67149905,196.85040000
57.67250385,192.91340000
57.67350865,196.85040000
57.67451345,192.91340000
57.67551825,196.85040000
57.67652305,192.91340000
57.67752785,196.85040000
57.67853265,196.85040000
57.67953745,188.97640000
57.68054225,196.85040000
57.68154705,188.97640000
57.68255185,188.97640000
57.68355665,188.97640000
57.68456145,196.85040000
57.68556625,192.91340000
57.68657105,196.85040000
57.68757585,192.91340000
57.68858065,192.91340000
57.68958545,181.10240000
57.69059025,185.03940000
57.69159505,192.91340000
57.69259985,185.03940000
57.69360465,192.91340000
57.69460945,188.97640000
57.69561425,188.97640000
57.69661905,192.91340000
57.69762385,192.91340000
57.69862865,192.91340000
57.69963345,196.85040000
57.70063825,192.91340000
57.70164305,192.91340000
57.70264785,192.91340000
57.70365265,188.97640000
57.70465745,192.91340000
57.70566225,192.91340000
57.70666705,192.91340000
57.70767185,188.97640000
57.70867665,192.91340000
57.70968145,192.91340000
57.71068625,192.91340000
57.71169105,192.91340000
57.71269585,188.97640000
57.71370065,188.97640000
57.71470545,188.97640000
57.71571025,196.85040000
57.71671505,192.91340000
57.71771985,192.91340000
57.71872465,192.91340000
57.71972945,196.85040000
57.72073425,188.97640000
57.72173905,192.91340000
57.72274385,196.85040000
57.72374865,192.91340000
57.72475344,188.97640000
57.72575824,192.91340000
57.72676304,192.91340000
57.72776784,177.16530000
57.72877264,185.03940000
57.72977744,188.97640000
57.73078224,185.03940000
57.73178704,185.03940000
57.73279184,188.97640000
57.73379664,196.85040000
57.73480144,188.97640000
57.73580624,196.85040000
57.73681104,200.78740000
57.73781584,196.85040000
57.73882064,192.91340000
57.73982544,196.85040000
57.74083024,188.97640000
57.74183504,188.97640000
57.74283984,196.85040000
57.74384464,192.91340000
57.74484944,192.91340000
57.74585424,188.97640000
57.74685904,188.97640000
57.74786384,192.91340000
57.74886864,196.85040000
57.74987344,192.91340000
57.75087824,196.85040000
57.75188304,192.91340000
57.75288784,192.91340000
57.75389264,192.91340000
57.75489744,192.91340000
57.75590224,188.97640000
57.75690704,188.97640000
57.75791184,192.91340000
57.75891664,192.91340000
57.75992144,192.91340000
57.76092624,192.91340000
57.76193104,188.97640000
57.76293584,185.03940000
57.76394064,192.91340000
57.76494544,196.85040000
57.76595024,177.16530000
57.76695504,188.97640000
57.76795984,185.03940000
57.76896464,192.91340000
57.76996944,188.97640000
57.77097424,192.91340000
57.77197904,192.91340000
57.77298384,192.91340000
57.77398864,192.91340000
57.77499344,196.85040000
57.77599824,192.91340000
57.77700304,192.91340000
57.77800784,196.85040000
57.77901264,185.03940000
57.78001744,192.91340000
57.78102224,192.91340000
57.78202704,192.91340000
57.78303184,188.97640000
57.78403664,192.91340000
57.78504144,192.91340000
57.78604624,188.97640000
57.78705104,192.91340000
57.78805584,192.91340000
57.78906064,188.97640000
57.79006544,196.85040000
57.79107024,196.85040000
57.79207504,192.91340000
57.79307984,188.97640000
57.79408464,188.97640000
57.79508944,185.03940000
57.79609424,192.91340000
57.79709904,188.97640000
57.79810384,188.97640000
57.79910864,185.03940000
57.80011344,188.97640000
57.80111824,192.91340000
57.80212304,192.91340000
57.80312784,192.91340000
57.80413264,177.16530000
57.80513744,181.10240000
57.80614224,185.03940000
57.80714704,185.03940000
57.80815184,185.03940000
57.80915664,188.97640000
57.81016144,188.97640000
57.81116624,181.10240000
57.81217104,188.97640000
57.81317584,192.91340000
57.81418064,188.97640000
57.81518544,192.91340000
57.81619024,188.97640000
57.81719504,185.03940000
57.81819984,192.91340000
57.81920464,188.97640000
57.82020944,188.97640000
57.82121424,188.97640000
57.82221904,188.97640000
57.82322384,185.03940000
57.82422864,185.03940000
57.82523344,188.97640000
57.82623824,188.97640000
57.82724304,181.10240000
57.82824784,188.97640000
57.82925264,185.03940000
57.83025744,188.97640000
57.83126224,188.97640000
57.83226704,188.97640000
57.83327184,188.97640000
57.83427664,185.03940000
57.83528144,185.03940000
57.83628624,188.97640000
57.83729104,181.10240000
57.83829584,188.97640000
57.83930064,188.97640000
57.84030544,185.03940000
57.84131024,188.97640000
57.84231504,188.97640000
57.84331984,181.10240000
57.84432464,177.16530000
57.84532944,177.16530000
57.84633424,177.16530000
57.84733904,185.03940000
57.84834384,188.97640000
57.84934864,188.97640000
57.85035344,185.03940000
57.85135824,188.97640000
57.85236304,192.91340000
57.85336784,185.03940000
57.85437264,188.97640000
57.85537744,188.97640000
57.85638224,185.03940000
57.85738704,188.97640000
57.85839184,181.10240000
57.85939664,181.10240000
57.86040144,181.10240000
57.86140624,188.97640000
57.86241104,181.10240000
57.86341584,185.03940000
57.86442064,181.10240000
57.86542544,188.97640000
57.86643024,181.10240000
57.86743504,185.03940000
57.86843984,185.03940000
57.86944464,181.10240000
57.87044944,181.10240000
57.87145424,181.10240000
57.87245904,177.16530000
57.87346384,185.03940000
57.87446864,185.03940000
57.87547344,177.16530000
57.87647824,177.16530000
57.87748304,181.10240000
57.87848784,185.03940000
57.87949264,181.10240000
57.88049744,188.97640000
57.88150224,173.22830000
57.88250704,181.10240000
57.88351184,173.22830000
57.88451664,181.10240000
57.88552144,181.10240000
57.88652624,181.10240000
57.88753104,185.03940000
57.88853584,185.03940000
57.88954064,185.03940000
57.89054544,185.03940000
57.89155024,185.03940000
57.89255504,181.10240000
57.89355984,181.10240000
57.89456464,181.10240000
57.89556944,181.10240000
57.89657424,188.97640000
57.89757904,185.03940000
57.89858384,181.10240000
57.89958864,181.10240000
57.90059344,185.03940000
57.90159824,181.10240000
57.90260304,188.97640000
57.90360784,185.03940000
57.90461264,181.10240000
57.90561744,188.97640000
57.90662224,181.10240000
57.90762704,181.10240000
57.90863184,177.16530000
57.90963664,185.03940000
57.91064144,181.10240000
57.91164624,181.10240000
57.91265104,185.03940000
57.91365584,181.10240000
57.91466064,181.10240000
57.91566544,185.03940000
57.91667024,181.10240000
57.91767504,185.03940000
57.91867984,188.97640000
57.91968464,181.10240000
57.92068944,181.10240000
57.92169424,181.10240000
57.92269904,181.10240000
57.92370384,173.22830000
57.92470864,181.10240000
57.92571344,181.10240000
57.92671824,181.10240000
57.92772304,188.97640000
57.92872784,185.03940000
57.92973264,188.97640000
57.93073744,188.97640000
57.93174224,181.10240000
57.93274704,185.03940000
57.93375184,181.10240000
57.93475664,188.97640000
57.93576144,185.03940000
57.93676624,181.10240000
57.93777104,181.10240000
57.93877584,185.03940000
57.93978064,181.10240000
57.94078544,181.10240000
57.94179024,181.10240000
57.94279504,177.16530000
57.94379984,188.97640000
57.94480464,181.10240000
57.94580944,181.10240000
57.94681424,188.97640000
57.94781904,185.03940000
57.94882384,181.10240000
57.94982864,181.10240000
57.95083344,181.10240000
57.95183824,185.03940000
57.95284304,177.16530000
57.95384784,181.10240000
57.95485264,177.16530000
57.95585744,181.10240000
57.95686224,173.22830000
57.95786704,192.91340000
57.95887184,169.29130000
57.95987664,177.16530000
57.96088144,173.22830000
57.96188624,185.03940000
57.96289104,177.16530000
57.96389584,185.03940000
57.96490064,181.10240000
57.96590544,185.03940000
57.96691024,188.97640000
57.96791504,181.10240000
57.96891984,181.10240000
57.96992464,185.03940000
57.97092944,181.10240000
57.97193424,185.03940000
57.97293904,177.16530000
57.97394384,173.22830000
57.97494864,181.10240000
57.97595344,185.03940000
57.97695824,181.10240000
57.97796304,181.10240000
57.97896784,177.16530000
57.97997264,181.10240000
57.98097744,177.16530000
57.98198224,185.03940000
57.98298704,177.16530000
57.98399184,181.10240000
57.98499664,173.22830000
57.98600144,181.10240000
57.98700624,181.10240000
57.98801104,173.22830000
57.98901584,181.10240000
57.99002064,177.16530000
57.99102544,177.16530000
57.99203024,181.10240000
57.99303504,177.16530000
57.99403984,181.10240000
57.99504464,177.16530000
57.99604944,181.10240000
57.99705424,173.22830000
57.99805904,177.16530000
57.99906384,173.22830000
58.00006864,173.22830000
58.00107344,177.16530000
58.00207824,177.16530000
58.00308304,185.03940000
58.00408784,173.22830000
58.00509264,181.10240000
58.00609744,177.16530000
58.00710224,177.16530000
58.00810704,177.16530000
58.00911184,181.10240000
58.01011664,177.16530000
58.01112144,177.16530000
58.01212624,173.22830000
58.01313104,177.16530000
58.01413584,177.16530000
58.01514064,177.16530000
58.01614544,181.10240000
58.01715024,173.22830000
58.01815504,185.03940000
58.01915984,177.16530000
58.02016464,177.16530000
58.02116944,161.41730000
58.02217424,173.22830000
58.02317904,173.22830000
58.02418384,192.91340000
58.02518864,181.10240000
58.02619344,177.16530000
58.02719824,177.16530000
58.02820304,181.10240000
58.02920784,177.16530000
58.03021264,177.16530000
58.03121744,173.22830000
58.03222224,177.16530000
58.03322704,165.35430000
58.03423184,161.41730000
58.03523664,173.22830000
58.03624144,169.29130000
58.03724624,169.29130000
58.03825104,165.35430000
58.03925584,173.22830000
58.04026064,173.22830000
58.04126544,177.16530000
58.04227024,177.16530000
58.04327504,173.22830000
58.04427984,177.16530000
58.04528464,177.16530000
58.04628944,173.22830000
58.04729424,181.10240000
58.04829904,173.22830000
58.04930384,173.22830000
58.05030864,177.16530000
58.05131344,177.16530000
58.05231824,177.16530000
58.05332303,173.22830000
58.05432783,177.16530000
58.05533263,169.29130000
58.05633743,173.22830000
58.05734223,177.16530000
58.05834703,177.16530000
58.05935183,173.22830000
58.06035663,177.16530000
58.06136143,177.16530000
58.06236623,173.22830000
58.06337103,177.16530000
58.06437583,173.22830000
58.06538063,177.16530000
58.06638543,181.10240000
58.06739023,177.16530000
58.06839503,173.22830000
58.06939983,169.29130000
58.07040463,161.41730000
58.07140943,169.29130000
58.07241423,169.29130000
58.07341903,173.22830000
58.07442383,173.22830000
58.07542863,177.16530000
58.07643343,181.10240000
58.07743823,181.10240000
58.07844303,177.16530000
58.07944783,177.16530000
58.08045263,177.16530000
58.08145743,181.10240000
58.08246223,177.16530000
58.08346703,173.22830000
58.08447183,177.16530000
58.08547663,177.16530000
58.08648143,173.22830000
58.08748623,173.22830000
58.08849103,177.16530000
58.08949583,177.16530000
58.09050063,177.16530000
58.09150543,177.16530000
58.09251023,181.10240000
58.09351503,181.10240000
58.09451983,181.10240000
58.09552463,173.22830000
58.09652943,177.16530000
58.09753423,169.29130000
58.09853903,177.16530000
58.09954383,181.10240000
58.10054863,173.22830000
58.10155343,185.03940000
58.10255823,177.16530000
58.10356303,173.22830000
58.10456783,173.22830000
58.10557263,177.16530000
58.10657743,173.22830000
58.10758223,173.22830000
58.10858703,173.22830000
58.10959183,177.16530000
58.11059663,177.16530000
58.11160143,173.22830000
58.11260623,173.22830000
58.11361103,173.22830000
58.11461583,181.10240000
58.11562063,177.16530000
58.11662543,181.10240000
58.11763023,177.16530000
58.11863503,161.41730000
58.11963983,177.16530000
58.12064463,177.16530000
58.12164943,188.97640000
58.12265423,181.10240000
58.12365903,185.03940000
58.12466383,177.16530000
58.12566863,173.22830000
58.12667343,177.16530000
58.12767823,177.16530000
58.12868303,169.29130000
58.12968783,177.16530000
58.13069263,177.16530000
58.13169743,177.16530000
58.13270223,177.16530000
58.13370703,177.16530000
58.13471183,173.22830000
58.13571663,173.22830000
58.13672143,173.22830000
58.13772623,173.22830000
58.13873103,177.16530000
58.13973583,173.22830000
58.14074063,177.16530000
58.14174543,169.29130000
58.14275023,177.16530000
58.14375503,177.16530000
58.14475983,173.22830000
58.14576463,173.22830000
58.14676943,173.22830000
58.14777423,169.29130000
58.14877903,181.10240000
58.14978383,169.29130000
58.15078863,173.22830000
58.15179343,177.16530000
58.15279823,173.22830000
58.15380303,169.29130000
58.15480783,177.16530000
58.15581263,181.10240000
58.15681743,177.16530000
58.15782223,173.22830000
58.15882703,173.22830000
58.15983183,173.22830000
58.16083663,173.22830000
58.16184143,177.16530000
58.16284623,181.10240000
58.16385103,173.22830000
58.16485583,169.29130000
58.16586063,177.16530000
58.16686543,173.22830000
58.16787023,169.29130000
58.16887503,173.22830000
58.16987983,173.22830000
58.17088463,177.16530000
58.17188943,173.22830000
58.17289423,177.16530000
58.17389903,173.22830000
58.17490383,177.16530000
58.17590863,173.22830000
58.17691343,169.29130000
58.17791823,173.22830000
58.17892303,169.29130000
58.17992783,177.16530000
58.18093263,177.16530000
58.18193743,173.22830000
58.18294223,173.22830000
58.18394703,169.29130000
58.18495183,161.41730000
58.18595663,161.41730000
58.18696143,169.29130000
58.18796623,165.35430000
58.18897103,169.29130000
58.18997583,169.29130000
58.19098063,173.22830000
58.19198543,169.29130000
58.19299023,181.10240000
58.19399503,173.22830000
58.19499983,173.22830000
58.19600463,173.22830000
58.19700943,181.10240000
58.19801423,169.29130000
58.19901903,173.22830000
58.20002383,173.22830000
58.20102863,169.29130000
58.20203343,169.29130000
58.20303823,169.29130000
58.20404303,177.16530000
58.20504783,173.22830000
58.20605263,173.22830000
58.20705743,173.22830000
58.20806223,177.16530000
58.20906703,173.22830000
58.21007183,173.22830000
58.21107663,173.22830000
58.21208143,173.22830000
58.21308623,173.22830000
58.21409103,173.22830000
58.21509583,169.29130000
58.21610063,169.29130000
58.21710543,165.35430000
58.21811023,173.22830000
58.21911503,181.10240000
58.22011983,173.22830000
58.22112463,173.22830000
58.22212943,173.22830000
58.22313423,169.29130000
58.22413903,173.22830000
58.22514383,169.29130000
58.22614863,169.29130000
58.22715343,169.29130000
58.22815823,169.29130000
58.22916303,177.16530000
58.23016783,177.16530000
58.23117263,177.16530000
58.23217743,181.10240000
58.23318223,169.29130000
58.23418703,177.16530000
58.23519183,169.29130000
58.23619663,177.16530000
58.23720143,173.22830000
58.23820623,173.22830000
58.23921103,173.22830000
58.24021583,173.22830000
58.24122063,173.22830000
58.24222543,173.22830000
58.24323023,177.16530000
58.24423503,173.22830000
58.24523983,173.22830000
58.24624463,173.22830000
58.24724943,173.22830000
58.24825423,173.22830000
58.24925903,173.22830000
58.25026383,169.29130000
58.25126863,169.29130000
58.25227343,177.16530000
58.25327823,177.16530000
58.25428303,173.22830000
58.25528783,173.22830000
58.25629263,177.16530000
58.25729743,181.10240000
58.25830223,173.22830000
58.25930703,181.10240000
58.26031183,177.16530000
58.26131663,157.48030000
58.26232143,165.35430000
58.26332623,169.29130000
58.26433103,173.22830000
58.26533583,169.29130000
58.26634063,169.29130000
58.26734543,177.16530000
58.26835023,173.22830000
58.26935503,173.22830000
58.27035983,177.16530000
58.27136463,173.22830000
58.27236943,177.16530000
58.27337423,181.10240000
58.27437903,181.10240000
58.27538383,185.03940000
58.27638863,181.10240000
58.27739343,177.16530000
58.27839823,181.10240000
58.27940303,177.16530000
58.28040783,173.22830000
58.28141263,177.16530000
58.28241743,173.22830000
58.28342223,173.22830000
58.28442703,177.16530000
58.28543183,181.10240000
58.28643663,173.22830000
58.28744143,177.16530000
58.28844623,177.16530000
58.28945103,177.16530000
58.29045583,177.16530000
58.29146063,177.16530000
58.29246543,177.16530000
58.29347023,177.16530000
58.29447503,177.16530000
58.29547983,169.29130000
58.29648463,177.16530000
58.29748943,177.16530000
58.29849423,157.48030000
58.29949903,161.41730000
58.30050383,169.29130000
58.30150863,173.22830000
58.30251343,177.16530000
58.30351823,181.10240000
58.30452303,177.16530000
58.30552783,177.16530000
58.30653263,177.16530000
58.30753743,177.16530000
58.30854223,173.22830000
58.30954703,173.22830000
58.31055183,177.16530000
58.31155663,177.16530000
58.31256143,173.22830000
58.31356623,169.29130000
58.31457103,173.22830000
58.31557583,173.22830000
58.31658063,181.10240000
58.31758543,177.16530000
58.31859023,177.16530000
58.31959503,173.22830000
58.32059983,177.16530000
58.32160463,173.22830000
58.32260943,173.22830000
58.32361423,173.22830000
58.32461903,181.10240000
58.32562383,169.29130000
58.32662863,173.22830000
58.32763343,173.22830000
58.32863823,173.22830000
58.32964303,173.22830000
58.33064783,169.29130000
58.33165263,169.29130000
58.33265743,173.22830000
58.33366223,169.29130000
58.33466703,173.22830000
58.33567183,169.29130000
58.33667663,161.41730000
58.33768143,169.29130000
58.33868623,165.35430000
58.33969103,173.22830000
58.34069583,169.29130000
58.34170063,165.35430000
58.34270543,173.22830000
58.34371023,177.16530000
58.34471503,173.22830000
58.34571983,177.16530000
58.34672463,169.29130000
58.34772943,169.29130000
58.34873423,165.35430000
58.34973903,173.22830000
58.35074383,173.22830000
58.35174863,169.29130000
58.35275343,169.29130000
58.35375823,177.16530000
58.35476303,169.29130000
58.35576783,169.29130000
58.35677263,173.22830000
58.35777743,173.22830000
58.35878223,173.22830000
58.35978703,173.22830000
58.36079183,173.22830000
58.36179663,177.16530000
58.36280143,165.35430000
58.36380623,165.35430000
58.36481103,165.35430000
58.36581583,177.16530000
58.36682063,165.35430000
58.36782543,165.35430000
58.36883023,177.16530000
58.36983503,169.29130000
58.37083983,169.29130000
58.37184463,169.29130000
58.37284943,169.29130000
58.37385423,173.22830000
58.37485903,169.29130000
58.37586383,165.35430000
58.37686863,165.35430000
58.37787343,173.22830000
58.37887823,165.35430000
58.37988303,169.29130000
58.38088783,169.29130000
58.38189262,177.16530000
58.38289742,177.16530000
58.38390222,169.29130000
58.38490702,173.22830000
58.38591182,169.29130000
58.38691662,169.29130000
58.38792142,173.22830000
58.38892622,173.22830000
58.38993102,169.29130000
58.39093582,173.22830000
58.39194062,169.29130000
58.39294542,173.22830000
58.39395022,173.22830000
58.39495502,169.29130000
58.39595982,165.35430000
58.39696462,169.29130000
58.39796942,169.29130000
58.39897422,173.22830000
58.39997902,173.22830000
58.40098382,173.22830000
58.40198862,169.29130000
58.40299342,169.29130000
58.40399822,173.22830000
58.40500302,169.29130000
58.40600782,169.29130000
58.40701262,173.22830000
58.40801742,173.22830000
58.40902222,173.22830000
58.41002702,173.22830000
58.41103182,169.29130000
58.41203662,169.29130000
58.41304142,153.54330000
58.41404622,165.35430000
58.41505102,165.35430000
58.41605582,169.29130000
58.41706062,173.22830000
58.41806542,169.29130000
58.41907022,169.29130000
58.42007502,169.29130000
58.42107982,169.29130000
58.42208462,173.22830000
58.42308942,169.29130000
58.42409422,173.22830000
58.42509902,173.22830000
58.42610382,173.22830000
58.42710862,165.35430000
58.42811342,169.29130000
58.42911822,173.22830000
58.43012302,165.35430000
58.43112782,177.16530000
58.43213262,177.16530000
58.43313742,169.29130000
58.43414222,169.29130000
58.43514702,173.22830000
58.43615182,169.29130000
58.43715662,169.29130000
58.43816142,177.16530000
58.43916622,173.22830000
58.44017102,165.35430000
58.44117582,173.22830000
58.44218062,173.22830000
58.44318542,169.29130000
58.44419022,169.29130000
58.44519502,169.29130000
58.44619982,169.29130000
58.44720462,173.22830000
58.44820942,169.29130000
58.44921422,169.29130000
58.45021902,169.29130000
58.45122382,177.16530000
58.45222862,165.35430000
58.45323342,169.29130000
58.45423822,169.29130000
58.45524302,169.29130000
58.45624782,169.29130000
58.45725262,173.22830000
58.45825742,169.29130000
58.45926222,173.22830000
58.46026702,169.29130000
58.46127182,169.29130000
58.46227662,173.22830000
58.46328142,173.22830000
58.46428622,173.22830000
58.46529102,173.22830000
58.46629582,173.22830000
58.46730062,169.29130000
58.46830542,173.22830000
58.46931022,169.29130000
58.47031502,173.22830000
58.47131982,173.22830000
58.47232462,173.22830000
58.47332942,173.22830000
58.47433422,177.16530000
58.47533902,169.29130000
58.47634382,169.29130000
58.47734862,173.22830000
58.47835342,169.29130000
58.47935822,169.29130000
58.48036302,177.16530000
58.48136782,169.29130000
58.48237262,169.29130000
58.48337742,173.22830000
58.48438222,173.22830000
58.48538702,169.29130000
58.48639182,173.22830000
58.48739662,173.22830000
58.48840142,173.22830000
58.48940622,169.29130000
58.49041102,165.35430000
58.49141582,165.35430000
58.49242062,165.35430000
58.49342542,169.29130000
58.49443022,165.35430000
58.49543502,169.29130000
58.49643982,177.16530000
58.49744462,173.22830000
58.49844942,169.29130000
58.49945422,173.22830000
58.50045902,173.22830000
58.50146382,165.35430000
58.50246862,169.29130000
58.50347342,173.22830000
58.50447822,169.29130000
58.50548302,169.29130000
58.50648782,169.29130000
58.50749262,169.29130000
58.50849742,165.35430000
58.50950222,169.29130000
58.51050702,165.35430000
58.51151182,169.29130000
58.51251662,169.29130000
58.51352142,169.29130000
58.51452622,169.29130000
58.51553102,177.16530000
58.51653582,173.22830000
58.51754062,169.29130000
58.51854542,173.22830000
58.51955022,173.22830000
58.52055502,169.29130000
58.52155982,169.29130000
58.52256462,169.29130000
58.52356942,169.29130000
58.52457422,157.48030000
58.52557902,165.35430000
58.52658382,181.10240000
58.52758862,181.10240000
58.52859342,169.29130000
58.52959822,169.29130000
58.53060302,169.29130000
58.53160782,169.29130000
58.53261262,173.22830000
58.53361742,173.22830000
58.53462222,173.22830000
58.53562702,169.29130000
58.53663182,165.35430000
58.53763662,169.29130000
58.53864142,173.22830000
58.53964622,169.29130000
58.54065102,169.29130000
58.54165582,165.35430000
58.54266062,165.35430000
58.54366542,165.35430000
58.54467022,173.22830000
58.54567502,169.29130000
58.54667982,169.29130000
58.54768462,169.29130000
58.54868942,169.29130000
58.54969422,169.29130000
58.55069902,173.22830000
58.55170382,165.35430000
58.55270862,165.35430000
58.55371342,169.29130000
58.55471822,169.29130000
58.55572302,173.22830000
58.55672782,169.29130000
58.55773262,157.48030000
58.55873742,173.22830000
58.55974222,169.29130000
58.56074702,173.22830000
58.56175182,169.29130000
58.56275662,173.22830000
58.56376142,173.22830000
58.56476622,161.41730000
58.56577102,161.41730000
58.56677582,169.29130000
58.56778062,169.29130000
58.56878542,169.29130000
58.56979022,173.22830000
58.57079502,165.35430000
58.57179982,173.22830000
58.57280462,173.22830000
58.57380942,169.29130000
58.57481422,169.29130000
58.57581902,169.29130000
58.57682382,173.22830000
58.57782862,169.29130000
58.57883342,169.29130000
58.57983822,169.29130000
58.58084302,169.29130000
58.58184782,169.29130000
58.58285262,173.22830000
58.58385742,169.29130000
58.58486222,169.29130000
58.58586702,173.22830000
58.58687182,165.35430000
58.58787662,169.29130000
58.58888142,169.29130000
58.58988622,165.35430000
58.59089102,165.35430000
58.59189582,165.35430000
58.59290062,165.35430000
58.59390542,165.35430000
58.59491022,165.35430000
58.59591502,169.29130000
58.59691982,169.29130000
58.59792462,169.29130000
58.59892942,169.29130000
58.59993422,169.29130000
58.60093902,169.29130000
58.60194382,173.22830000
58.60294862,169.29130000
58.60395342,165.35430000
58.60495822,165.35430000
58.60596302,169.29130000
58.60696782,169.29130000
58.60797262,165.35430000
58.60897742,165.35430000
58.60998222,173.22830000
58.61098702,173.22830000
58.61199182,173.22830000
58.61299662,181.10240000
58.61400142,169.29130000
58.61500622,173.22830000
58.61601102,173.22830000
58.61701582,169.29130000
58.61802062,165.35430000
58.61902542,173.22830000
58.62003022,165.35430000
58.62103502,173.22830000
58.62203982,161.41730000
58.62304462,169.29130000
58.62404942,165.35430000
58.62505422,192.91340000
58.62605902,169.29130000
58.62706382,173.22830000
58.62806862,169.29130000
58.62907342,173.22830000
58.63007822,169.29130000
58.63108302,169.29130000
58.63208782,165.35430000
58.63309262,169.29130000
58.63409742,173.22830000
58.63510222,173.22830000
58.63610702,161.41730000
58.63711182,165.35430000
58.63811662,169.29130000
58.63912142,165.35430000
58.64012622,169.29130000
58.64113102,161.41730000
58.64213582,165.35430000
58.64314062,165.35430000
58.64414542,169.29130000
58.64515022,165.35430000
58.64615502,169.29130000
58.64715982,169.29130000
58.64816462,173.22830000
58.64916942,165.35430000
58.65017422,177.16530000
58.65117902,169.29130000
58.65218382,169.29130000
58.65318862,169.29130000
58.65419342,177.16530000
58.65519822,165.35430000
58.65620302,169.29130000
58.65720782,165.35430000
58.65821262,165.35430000
58.65921742,169.29130000
58.66022222,169.29130000
58.66122702,173.22830000
58.66223182,165.35430000
58.66323662,169.29130000
58.66424142,173.22830000
58.66524622,165.35430000
58.66625102,173.22830000
58.66725582,169.29130000
58.66826062,173.22830000
58.66926542,169.29130000
58.67027022,173.22830000
58.67127502,165.35430000
58.67227982,165.35430000
58.67328462,169.29130000
58.67428942,173.22830000
58.67529422,173.22830000
58.67629902,169.29130000
58.67730382,173.22830000
58.67830862,169.29130000
58.67931342,153.54330000
58.68031822,161.41730000
58.68132302,161.41730000
58.68232782,169.29130000
58.68333262,165.35430000
58.68433742,169.29130000
58.68534222,169.29130000
58.68634702,165.35430000
58.68735182,165.35430000
58.68835662,165.35430000
58.68936142,169.29130000
58.69036622,169.29130000
58.69137102,165.35430000
58.69237582,169.29130000
58.69338062,169.29130000
58.69438542,169.29130000
58.69539022,165.35430000
58.69639502,169.29130000
58.69739982,169.29130000
58.69840462,169.29130000
58.69940942,169.29130000
58.70041422,169.29130000
58.70141902,173.22830000
58.70242382,169.29130000
58.70342862,165.35430000
58.70443342,165.35430000
58.70543822,165.35430000
58.70644302,161.41730000
58.70744782,169.29130000
58.70845262,165.35430000
58.70945742,169.29130000
58.71046222,165.35430000
58.71146701,165.35430000
58.71247181,165.35430000
58.71347661,169.29130000
58.71448141,173.22830000
58.71548621,169.29130000
58.71649101,165.35430000
58.71749581,169.29130000
58.71850061,161.41730000
58.71950541,161.41730000
58.72051021,161.41730000
58.72151501,165.35430000
58.72251981,173.22830000
58.72352461,169.29130000
58.72452941,169.29130000
58.72553421,165.35430000
58.72653901,165.35430000
58.72754381,169.29130000
58.72854861,169.29130000
58.72955341,169.29130000
58.73055821,169.29130000
58.73156301,169.29130000
58.73256781,165.35430000
58.73357261,165.35430000
58.73457741,173.22830000
58.73558221,165.35430000
58.73658701,157.48030000
58.73759181,165.35430000
58.73859661,165.35430000
58.73960141,173.22830000
58.74060621,173.22830000
58.74161101,169.29130000
58.74261581,169.29130000
58.74362061,165.35430000
58.74462541,169.29130000
58.74563021,165.35430000
58.74663501,169.29130000
58.74763981,173.22830000
58.74864461,161.41730000
58.74964941,165.35430000
58.75065421,169.29130000
58.75165901,165.35430000
58.75266381,165.35430000
58.75366861,165.35430000
58.75467341,161.41730000
58.75567821,165.35430000
58.75668301,161.41730000
58.75768781,165.35430000
58.75869261,161.41730000
58.75969741,161.41730000
58.76070221,165.35430000
58.76170701,169.29130000
58.76271181,169.29130000
58.76371661,173.22830000
58.76472141,165.35430000
58.76572621,169.29130000
58.76673101,169.29130000
58.76773581,169.29130000
58.76874061,161.41730000
58.76974541,169.29130000
58.77075021,161.41730000
58.77175501,169.29130000
58.77275981,169.29130000
58.77376461,161.41730000
58.77476941,161.41730000
58.77577421,165.35430000
58.77677901,169.29130000
58.77778381,161.41730000
58.77878861,165.35430000
58.77979341,161.41730000
58.78079821,161.41730000
58.78180301,169.29130000
58.78280781,165.35430000
58.78381261,165.35430000
58.78481741,161.41730000
58.78582221,165.35430000
58.78682701,165.35430000
58.78783181,169.29130000
58.78883661,169.29130000
58.78984141,165.35430000
58.79084621,165.35430000
58.79185101,169.29130000
58.79285581,165.35430000
58.79386061,169.29130000
58.79486541,161.41730000
58.79587021,161.41730000
58.79687501,161.41730000
58.79787981,165.35430000
58.79888461,165.35430000
58.79988941,161.41730000
58.80089421,169.29130000
58.80189901,165.35430000
58.80290381,161.41730000
58.80390861,165.35430000
58.80491341,169.29130000
58.80591821,161.41730000
58.80692301,165.35430000
58.80792781,169.29130000
58.80893261,161.41730000
58.80993741,161.41730000
58.81094221,165.35430000
58.81194701,165.35430000
58.81295181,165.35430000
58.81395661,165.35430000
58.81496141,161.41730000
58.81596621,161.41730000
58.81697101,157.48030000
58.81797581,153.54330000
58.81898061,157.48030000
58.81998541,161.41730000
58.82099021,165.35430000
58.82199501,161.41730000
58.82299981,165.35430000
58.82400461,161.41730000
58.82500941,161.41730000
58.82601421,161.41730000
58.82701901,161.41730000
58.82802381,165.35430000
58.82902861,161.41730000
58.83003341,161.41730000
58.83103821,165.35430000
58.83204301,153.54330000
58.83304781,149.60630000
58.83405261,157.48030000
58.83505741,153.54330000
58.83606221,157.48030000
58.83706701,161.41730000
58.83807181,161.41730000
58.83907661,161.41730000
58.84008141,165.35430000
58.84108621,165.35430000
58.84209101,161.41730000
58.84309581,165.35430000
58.84410061,161.41730000
58.84510541,161.41730000
58.84611021,161.41730000
58.84711501,161.41730000
58.84811981,161.41730000
58.84912461,165.35430000
58.85012941,161.41730000
58.85113421,157.48030000
58.85213901,157.48030000
58.85314381,161.41730000
58.85414861,165.35430000
58.85515341,165.35430000
58.85615821,161.41730000
58.85716301,161.41730000
58.85816781,161.41730000
58.85917261,169.29130000
58.86017741,161.41730000
58.86118221,153.54330000
58.86218701,161.41730000
58.86319181,157.48030000
58.86419661,161.41730000
58.86520141,157.48030000
58.86620621,153.54330000
58.86721101,157.48030000
58.86821581,161.41730000
58.86922061,161.41730000
58.87022541,149.60630000
58.87123021,149.60630000
58.87223501,157.48030000
58.87323981,153.54330000
58.87424461,161.41730000
58.87524941,165.35430000
58.87625421,161.41730000
58.87725901,157.48030000
58.87826381,161.41730000
58.87926861,161.41730000
58.88027341,157.48030000
58.88127821,161.41730000
58.88228301,161.41730000
58.88328781,153.54330000
58.88429261,157.48030000
58.88529741,161.41730000
58.88630221,161.41730000
58.88730701,157.48030000
58.88831181,161.41730000
58.88931661,165.35430000
58.89032141,157.48030000
58.89132621,157.48030000
58.89233101,157.48030000
58.89333581,153.54330000
58.89434061,161.41730000
58.89534541,153.54330000
58.89635021,153.54330000
58.89735501,153.54330000
58.89835981,153.54330000
58.89936461,157.48030000
58.90036941,153.54330000
58.90137421,157.48030000
58.90237901,157.48030000
58.90338381,157.48030000
58.90438861,157.48030000
58.90539341,153.54330000
58.90639821,153.54330000
58.90740301,161.41730000
58.90840781,153.54330000
58.90941261,153.54330000
58.91041741,153.54330000
58.91142221,149.60630000
58.91242701,157.48030000
58.91343181,157.48030000
58.91443661,153.54330000
58.91544141,157.48030000
58.91644621,157.48030000
58.91745101,161.41730000
58.91845581,157.48030000
58.91946061,161.41730000
58.92046541,153.54330000
58.92147021,161.41730000
58.92247501,157.48030000
58.92347981,153.54330000
58.92448461,157.48030000
58.92548941,153.54330000
58.92649421,153.54330000
58.92749901,153.54330000
58.92850381,149.60630000
58.92950861,153.54330000
58.93051341,145.66930000
58.93151821,153.54330000
58.93252301,145.66930000
58.93352781,149.60630000
58.93453261,153.54330000
58.93553741,153.54330000
58.93654221,153.54330000
58.93754701,153.54330000
58.93855181,153.54330000
58.93955661,149.60630000
58.94056141,149.60630000
58.94156621,149.60630000
58.94257101,157.48030000
58.94357581,153.54330000
58.94458061,149.60630000
58.94558541,153.54330000
58.94659021,153.54330000
58.94759501,149.60630000
58.94859981,149.60630000
58.94960461,141.73230000
58.95060941,153.54330000
58.95161421,145.66930000
58.95261901,153.54330000
58.95362381,153.54330000
58.95462861,153.54330000
58.95563341,153.54330000
58.95663821,153.54330000
58.95764301,149.60630000
58.95864781,153.54330000
58.95965261,157.48030000
58.96065741,149.60630000
58.96166221,149.60630000
58.96266701,149.60630000
58.96367181,145.66930000
58.96467661,149.60630000
58.96568141,145.66930000
58.96668621,149.60630000
58.96769101,141.73230000
58.96869581,149.60630000
58.96970061,149.60630000
58.97070541,149.60630000
58.97171021,153.54330000
58.97271501,149.60630000
58.97371981,145.66930000
58.97472461,145.66930000
58.97572941,149.60630000
58.97673421,149.60630000
58.97773901,149.60630000
58.97874381,149.60630000
58.97974861,145.66930000
58.98075341,145.66930000
58.98175821,149.60630000
58.98276301,149.60630000
58.98376781,153.54330000
58.98477261,149.60630000
58.98577741,145.66930000
58.98678221,145.66930000
58.98778701,145.66930000
58.98879181,141.73230000
58.98979661,149.60630000
58.99080141,145.66930000
58.99180621,145.66930000
58.99281101,149.60630000
58.99381581,153.54330000
58.99482061,149.60630000
58.99582541,149.60630000
58.99683021,141.73230000
58.99783501,149.60630000
58.99883981,145.66930000
58.99984461,141.73230000
59.00084941,149.60630000
59.00185421,145.66930000
59.00285901,145.66930000
59.00386381,149.60630000
59.00486861,149.60630000
59.00587341,145.66930000
59.00687821,149.60630000
59.00788301,145.66930000
59.00888781,145.66930000
59.00989261,149.60630000
59.01089741,145.66930000
59.01190221,141.73230000
59.01290701,141.73230000
59.01391181,137.79530000
59.01491661,149.60630000
59.01592141,145.66930000
59.01692621,145.66930000
59.01793101,145.66930000
59.01893581,145.66930000
59.01994061,145.66930000
59.02094541,153.54330000
59.02195021,149.60630000
59.02295501,145.66930000
59.02395981,145.66930000
59.02496461,137.79530000
59.02596941,137.79530000
59.02697421,137.79530000
59.02797901,129.92120000
59.02898381,141.73230000
59.02998861,145.66930000
59.03099341,169.29130000
59.03199821,141.73230000
59.03300301,145.66930000
59.03400781,141.73230000
59.03501261,141.73230000
59.03601741,145.66930000
59.03702221,145.66930000
59.03802701,145.66930000
59.03903181,141.73230000
59.04003660,141.73230000
59.04104140,141.73230000
59.04204620,141.73230000
59.04305100,141.73230000
59.04405580,137.79530000
59.04506060,133.85830000
59.04606540,133.85830000
59.04707020,137.79530000
59.04807500,145.66930000
59.04907980,133.85830000
59.05008460,141.73230000
59.05108940,137.79530000
59.05209420,137.79530000
59.05309900,141.73230000
59.05410380,141.73230000
59.05510860,137.79530000
59.05611340,133.85830000
59.05711820,137.79530000
59.05812300,137.79530000
59.05912780,137.79530000
59.06013260,137.79530000
59.06113740,137.79530000
59.06214220,129.92120000
59.06314700,129.92120000
59.06415180,133.85830000
59.06515660,137.79530000
59.06616140,137.79530000
59.06716620,133.85830000
59.06817100,141.73230000
59.06917580,141.73230000
59.07018060,137.79530000
59.07118540,137.79530000
59.07219020,137.79530000
59.07319500,133.85830000
59.07419980,137.79530000
59.07520460,137.79530000
59.07620940,137.79530000
59.07721420,133.85830000
59.07821900,129.92120000
59.07922380,133.85830000
59.08022860,137.79530000
59.08123340,137.79530000
59.08223820,129.92120000
59.08324300,129.92120000
59.08424780,137.79530000
59.08525260,129.92120000
59.08625740,133.85830000
59.08726220,133.85830000
59.08826700,133.85830000
59.08927180,133.85830000
59.09027660,133.85830000
59.09128140,133.85830000
59.09228620,133.85830000
59.09329100,129.92120000
59.09429580,129.92120000
59.09530060,129.92120000
59.09630540,133.85830000
59.09731020,129.92120000
59.09831500,129.92120000
59.09931980,125.98420000
59.10032460,129.92120000
59.10132940,125.98420000
59.10233420,129.92120000
59.10333900,125.98420000
59.10434380,129.92120000
59.10534860,125.98420000
59.10635340,133.85830000
59.10735820,129.92120000
59.10836300,129.92120000
59.10936780,129.92120000
59.11037260,129.92120000
59.11137740,129.92120000
59.11238220,122.04720000
59.11338700,133.85830000
59.11439180,129.92120000
59.11539660,125.98420000
59.11640140,129.92120000
59.11740620,125.98420000
59.11841100,122.04720000
59.11941580,122.04720000
59.12042060,129.92120000
59.12142540,125.98420000
59.12243020,125.98420000
59.12343500,125.98420000
59.12443980,125.98420000
59.12544460,110.23620000
59.12644940,122.04720000
59.12745420,125.98420000
59.12845900,145.66930000
59.12946380,125.98420000
59.13046860,125.98420000
59.13147340,125.98420000
59.13247820,125.98420000
59.13348300,122.04720000
59.13448780,125.98420000
59.13549260,122.04720000
59.13649740,122.04720000
59.13750220,114.17320000
59.13850700,122.04720000
59.13951180,118.11020000
59.14051660,118.11020000
59.14152140,122.04720000
59.14252620,122.04720000
59.14353100,122.04720000
59.14453580,122.04720000
59.14554060,125.98420000
59.14654540,125.98420000
59.14755020,122.04720000
59.14855500,125.98420000
59.14955980,125.98420000
59.15056460,122.04720000
59.15156940,125.98420000
59.15257420,125.98420000
59.15357900,122.04720000
59.15458380,125.98420000
59.15558860,122.04720000
59.15659340,122.04720000
59.15759820,125.98420000
59.15860300,114.17320000
59.15960780,118.11020000
59.16061260,114.17320000
59.16161740,122.04720000
59.16262220,122.04720000
59.16362700,122.04720000
59.16463180,122.04720000
59.16563660,122.04720000
59.16664140,118.11020000
59.16764620,122.04720000
59.16865100,122.04720000
59.16965580,118.11020000
59.17066060,122.04720000
59.17166540,118.11020000
59.17267020,118.11020000
59.17367500,118.11020000
59.17467980,118.11020000
59.17568460,106.29920000
59.17668940,110.23620000
59.17769420,118.11020000
59.17869900,122.04720000
59.17970380,118.11020000
59.18070860,118.11020000
59.18171340,118.11020000
59.18271820,122.04720000
59.18372300,122.04720000
59.18472780,118.11020000
59.18573260,122.04720000
59.18673740,122.04720000
59.18774220,122.04720000
59.18874700,118.11020000
59.18975180,118.11020000
59.19075660,118.11020000
59.19176140,110.23620000
59.19276620,118.11020000
59.19377100,118.11020000
59.19477580,118.11020000
59.19578060,114.17320000
59.19678540,118.11020000
59.19779020,110.23620000
59.19879500,114.17320000
59.19979980,114.17320000
59.20080460,114.17320000
59.20180940,114.17320000
59.20281420,118.11020000
59.20381900,118.11020000
59.20482380,114.17320000
59.20582860,110.23620000
59.20683340,114.17320000
59.20783820,110.23620000
59.20884300,114.17320000
59.20984780,118.11020000
59.21085260,114.17320000
59.21185740,114.17320000
59.21286220,114.17320000
59.21386700,102.36220000
59.21487180,110.23620000
59.21587660,114.17320000
59.21688140,110.23620000
59.21788620,114.17320000
59.21889100,114.17320000
59.21989580,114.17320000
59.22090060,118.11020000
59.22190540,118.11020000
59.22291020,106.29920000
59.22391500,106.29920000
59.22491980,110.23620000
59.22592460,118.11020000
59.22692940,110.23620000
59.22793420,110.23620000
59.22893900,114.17320000
59.22994380,110.23620000
59.23094860,114.17320000
59.23195340,114.17320000
59.23295820,110.23620000
59.23396300,110.23620000
59.23496780,110.23620000
59.23597260,106.29920000
59.23697740,110.23620000
59.23798220,110.23620000
59.23898700,114.17320000
59.23999180,106.29920000
59.24099660,110.23620000
59.24200140,106.29920000
59.24300620,114.17320000
59.24401100,114.17320000
59.24501580,114.17320000
59.24602060,110.23620000
59.24702540,114.17320000
59.24803020,110.23620000
59.24903500,110.23620000
59.25003980,114.17320000
59.25104460,114.17320000
59.25204940,106.29920000
59.25305420,110.23620000
59.25405900,118.11020000
59.25506380,114.17320000
59.25606860,110.23620000
59.25707340,114.17320000
59.25807820,110.23620000
59.25908300,114.17320000
59.26008780,118.11020000
59.26109260,110.23620000
59.26209740,110.23620000
59.26310220,110.23620000
59.26410700,118.11020000
59.26511180,114.17320000
59.26611660,118.11020000
59.26712140,118.11020000
59.26812620,118.11020000
59.26913100,110.23620000
59.27013580,114.17320000
59.27114060,110.23620000
59.27214540,106.29920000
59.27315020,106.29920000
59.27415500,106.29920000
59.27515980,114.17320000
59.27616460,106.29920000
59.27716940,110.23620000
59.27817420,98.42519000
59.27917900,110.23620000
59.28018380,106.29920000
59.28118860,102.36220000
59.28219340,102.36220000
59.28319820,98.42519000
59.28420300,106.29920000
59.28520780,98.42519000
59.28621260,94.48818000
59.28721740,98.42519000
59.28822220,94.48818000
59.28922700,94.48818000
59.29023180,106.29920000
59.29123660,90.55118000
59.29224140,94.48818000
59.29324620,94.48818000
59.29425100,94.48818000
59.29525580,94.48818000
59.29626060,98.42519000
59.29726540,94.48818000
59.29827020,90.55118000
59.29927500,94.48818000
59.30027980,98.42519000
59.30128460,98.42519000
59.30228940,94.48818000
59.30329420,94.48818000
59.30429900,94.48818000
59.30530380,94.48818000
59.30630860,94.48818000
59.30731340,102.36220000
59.30831820,102.36220000
59.30932300,102.36220000
59.31032780,102.36220000
59.31133260,98.42519000
59.31233740,106.29920000
59.31334220,102.36220000
59.31434700,102.36220000
59.31535180,102.36220000
59.31635660,102.36220000
59.31736140,106.29920000
59.31836620,102.36220000
59.31937100,102.36220000
59.32037580,102.36220000
59.32138060,94.48818000
59.32238540,98.42519000
59.32339020,102.36220000
59.32439500,102.36220000
59.32539980,98.42519000
59.32640460,106.29920000
59.32740940,98.42519000
59.32841420,102.36220000
59.32941900,98.42519000
59.33042380,98.42519000
59.33142860,98.42519000
59.33243340,98.42519000
59.33343820,98.42519000
59.33444300,102.36220000
59.33544780,102.36220000
59.33645260,98.42519000
59.33745740,94.48818000
59.33846220,94.48818000
59.33946700,94.48818000
59.34047180,94.48818000
59.34147660,94.48818000
59.34248140,98.42519000
59.34348620,94.48818000
59.34449100,94.48818000
59.34549580,98.42519000
59.34650060,94.48818000
59.34750540,90.55118000
59.34851020,94.48818000
59.34951500,94.48818000
59.35051980,94.48818000
59.35152460,94.48818000
59.35252940,94.48818000
59.35353420,94.48818000
59.35453900,94.48818000
59.35554380,90.55118000
59.35654860,98.42519000
59.35755340,94.48818000
59.35855820,98.42519000
59.35956300,98.42519000
59.36056780,94.48818000
59.36157260,94.48818000
59.36257740,98.42519000
59.36358220,94.48818000
59.36458700,94.48818000
59.36559180,90.55118000
59.36659660,98.42519000
59.36760140,94.48818000
59.36860619,94.48818000
59.36961099,86.61417000
59.37061579,94.48818000
59.37162059,90.55118000
59.37262539,94.48818000
59.37363019,98.42519000
59.37463499,98.42519000
59.37563979,98.42519000
59.37664459,98.42519000
59.37764939,94.48818000
59.37865419,98.42519000
59.37965899,98.42519000
59.38066379,94.48818000
59.38166859,94.48818000
59.38267339,94.48818000
59.38367819,94.48818000
59.38468299,94.48818000
59.38568779,90.55118000
59.38669259,86.61417000
59.38769739,94.48818000
59.38870219,94.48818000
59.38970699,94.48818000
59.39071179,94.48818000
59.39171659,94.48818000
59.39272139,98.42519000
59.39372619,90.55118000
59.39473099,94.48818000
59.39573579,94.48818000
59.39674059,94.48818000
59.39774539,94.48818000
59.39875019,94.48818000
59.39975499,90.55118000
59.40075979,94.48818000
59.40176459,94.48818000
59.40276939,86.61417000
59.40377419,82.67715000
59.40477899,90.55118000
59.40578379,94.48818000
59.40678859,90.55118000
59.40779339,90.55118000
59.40879819,94.48818000
59.40980299,98.42519000
59.41080779,94.48818000
59.41181259,98.42519000
59.41281739,90.55118000
59.41382219,94.48818000
59.41482699,94.48818000
59.41583179,94.48818000
59.41683659,94.48818000
59.41784139,90.55118000
59.41884619,90.55118000
59.41985099,94.48818000
59.42085579,94.48818000
59.42186059,90.55118000
59.42286539,90.55118000
59.42387019,90.55118000
59.42487499,86.61417000
59.42587979,90.55118000
59.42688459,90.55118000
59.42788939,86.61417000
59.42889419,86.61417000
59.42989899,86.61417000
59.43090379,90.55118000
59.43190859,94.48818000
59.43291339,90.55118000
59.43391819,82.67715000
59.43492299,90.55118000
59.43592779,86.61417000
59.43693259,82.67715000
59.43793739,94.48818000
59.43894219,90.55118000
59.43994699,86.61417000
59.44095179,86.61417000
59.44195659,86.61417000
59.44296139,78.74015000
59.44396619,86.61417000
59.44497099,86.61417000
59.44597579,86.61417000
59.44698059,90.55118000
59.44798539,94.48818000
59.44899019,94.48818000
59.44999499,90.55118000
59.45099979,86.61417000
59.45200459,86.61417000
59.45300939,86.61417000
59.45401419,94.48818000
59.45501899,90.55118000
59.45602379,86.61417000
59.45702859,90.55118000
59.45803339,94.48818000
59.45903819,90.55118000
59.46004299,90.55118000
59.46104779,90.55118000
59.46205259,90.55118000
59.46305739,90.55118000
59.46406219,82.67715000
59.46506699,86.61417000
59.46607179,86.61417000
59.46707659,86.61417000
59.46808139,82.67715000
59.46908619,90.55118000
59.47009099,86.61417000
59.47109579,90.55118000
59.47210059,86.61417000
59.47310539,86.61417000
59.47411019,86.61417000
59.47511499,86.61417000
59.47611979,86.61417000
59.47712459,86.61417000
59.47812939,82.67715000
59.47913419,86.61417000
59.48013899,82.67715000
59.48114379,78.74015000
59.48214859,78.74015000
59.48315339,82.67715000
59.48415819,82.67715000
59.48516299,90.55118000
59.48616779,86.61417000
59.48717259,86.61417000
59.48817739,86.61417000
59.48918219,90.55118000
59.49018699,90.55118000
59.49119179,86.61417000
59.49219659,90.55118000
59.49320139,94.48818000
59.49420619,86.61417000
59.49521099,86.61417000
59.49621579,86.61417000
59.49722059,82.67715000
59.49822539,86.61417000
59.49923019,86.61417000
59.50023499,82.67715000
59.50123979,82.67715000
59.50224459,86.61417000
59.50324939,90.55118000
59.50425419,86.61417000
59.50525899,86.61417000
59.50626379,86.61417000
59.50726859,86.61417000
59.50827339,94.48818000
59.50927819,90.55118000
59.51028299,90.55118000
59.51128779,86.61417000
59.51229259,82.67715000
59.51329739,86.61417000
59.51430219,86.61417000
59.51530699,82.67715000
59.51631179,82.67715000
59.51731659,74.80315000
59.51832139,86.61417000
59.51932619,82.67715000
59.52033099,86.61417000
59.52133579,90.55118000
59.52234059,86.61417000
59.52334539,86.61417000
59.52435019,94.48818000
59.52535499,90.55118000
59.52635979,86.61417000
59.52736459,86.61417000
59.52836939,90.55118000
59.52937419,86.61417000
59.53037899,86.61417000
59.53138379,74.80315000
59.53238859,86.61417000
59.53339339,82.67715000
59.53439819,102.36220000
59.53540299,82.67715000
59.53640779,86.61417000
59.53741259,90.55118000
59.53841739,82.67715000
59.53942219,78.74015000
59.54042699,90.55118000
59.54143179,86.61417000
59.54243659,86.61417000
59.54344139,86.61417000
59.54444619,86.61417000
59.54545099,86.61417000
59.54645579,90.55118000
59.54746059,82.67715000
59.54846539,82.67715000
59.54947019,82.67715000
59.55047499,82.67715000
59.55147979,86.61417000
59.55248459,86.61417000
59.55348939,98.42519000
59.55449419,74.80315000
59.55549899,78.74015000
59.55650379,86.61417000
59.55750859,78.74015000
59.55851339,82.67715000
59.55951819,90.55118000
59.56052299,82.67715000
59.56152779,86.61417000
59.56253259,86.61417000
59.56353739,86.61417000
59.56454219,82.67715000
59.56554699,78.74015000
59.56655179,82.67715000
59.56755659,86.61417000
59.56856139,82.67715000
59.56956619,86.61417000
59.57057099,82.67715000
59.57157579,82.67715000
59.57258059,78.74015000
59.57358539,82.67715000
59.57459019,86.61417000
59.57559499,78.74015000
59.57659979,82.67715000
59.57760459,82.67715000
59.57860939,90.55118000
59.57961419,82.67715000
59.58061899,78.74015000
59.58162379,78.74015000
59.58262859,82.67715000
59.58363339,82.67715000
59.58463819,78.74015000
59.58564299,78.74015000
59.58664779,82.67715000
59.58765259,82.67715000
59.58865739,74.80315000
59.58966219,78.74015000
59.59066699,78.74015000
59.59167179,78.74015000
59.59267659,74.80315000
59.59368139,82.67715000
59.59468619,86.61417000
59.59569099,86.61417000
59.59669579,82.67715000
59.59770059,78.74015000
59.59870539,82.67715000
59.59971019,86.61417000
59.60071499,82.67715000
59.60171979,82.67715000
59.60272459,78.74015000
59.60372939,78.74015000
59.60473419,82.67715000
59.60573899,78.74015000
59.60674379,78.74015000
59.60774859,78.74015000
59.60875339,82.67715000
59.60975819,78.74015000
59.61076299,78.74015000
59.61176779,82.67715000
59.61277259,78.74015000
59.61377739,70.86613000
59.61478219,70.86613000
59.61578699,78.74015000
59.61679179,74.80315000
59.61779659,78.74015000
59.61880139,74.80315000
59.61980619,74.80315000
59.62081099,74.80315000
59.62181579,70.86613000
59.62282059,70.86613000
59.62382539,74.80315000
59.62483019,70.86613000
59.62583499,70.86613000
59.62683979,62.99212000
59.62784459,70.86613000
59.62884939,66.92913000
59.62985419,66.92913000
59.63085899,66.92913000
59.63186379,86.61417000
59.63286859,74.80315000
59.63387339,74.80315000
59.63487819,78.74015000
59.63588299,70.86613000
59.63688779,74.80315000
59.63789259,74.80315000
59.63889739,70.86613000
59.63990219,74.80315000
59.64090699,74.80315000
59.64191179,74.80315000
59.64291659,74.80315000
59.64392139,74.80315000
59.64492619,78.74015000
59.64593099,70.86613000
59.64693579,70.86613000
59.64794059,70.86613000
59.64894539,74.80315000
59.64995019,74.80315000
59.65095499,70.86613000
59.65195979,74.80315000
59.65296459,74.80315000
59.65396939,70.86613000
59.65497419,70.86613000
59.65597899,74.80315000
59.65698379,70.86613000
59.65798859,74.80315000
59.65899339,70.86613000
59.65999819,78.74015000
59.66100299,70.86613000
59.66200779,66.92913000
59.66301259,74.80315000
59.66401739,59.05511000
59.66502219,62.99212000
59.66602699,66.92913000
59.66703179,66.92913000
59.66803659,66.92913000
59.66904139,70.86613000
59.67004619,66.92913000
59.67105099,70.86613000
59.67205579,70.86613000
59.67306059,74.80315000
59.67406539,70.86613000
59.67507019,66.92913000
59.67607499,66.92913000
59.67707979,70.86613000
59.67808459,66.92913000
59.67908939,66.92913000
59.68009419,66.92913000
59.68109899,66.92913000
59.68210379,66.92913000
59.68310859,62.99212000
59.68411339,66.92913000
59.68511819,70.86613000
59.68612299,70.86613000
59.68712779,66.92913000
59.68813259,70.86613000
59.68913739,66.92913000
59.69014219,70.86613000
59.69114699,66.92913000
59.69215179,70.86613000
59.69315659,66.92913000
59.69416139,66.92913000
59.69516619,59.05511000
59.69617099,59.05511000
59.69717579,66.92913000
59.69818058,74.80315000
59.69918538,66.92913000
59.70019018,66.92913000
59.70119498,66.92913000
59.70219978,62.99212000
59.70320458,62.99212000
59.70420938,62.99212000
59.70521418,62.99212000
59.70621898,66.92913000
59.70722378,66.92913000
59.70822858,70.86613000
59.70923338,66.92913000
59.71023818,66.92913000
59.71124298,62.99212000
59.71224778,66.92913000
59.71325258,70.86613000
59.71425738,70.86613000
59.71526218,62.99212000
59.71626698,62.99212000
59.71727178,62.99212000
59.71827658,62.99212000
59.71928138,62.99212000
59.72028618,70.86613000
59.72129098,66.92913000
59.72229578,59.05511000
59.72330058,70.86613000
59.72430538,62.99212000
59.72531018,62.99212000
59.72631498,59.05511000
59.72731978,62.99212000
59.72832458,59.05511000
59.72932938,66.92913000
59.73033418,62.99212000
59.73133898,62.99212000
59.73234378,62.99212000
59.73334858,66.92913000
59.73435338,62.99212000
59.73535818,66.92913000
59.73636298,66.92913000
59.73736778,62.99212000
59.73837258,55.11811000
59.73937738,62.99212000
59.74038218,59.05511000
59.74138698,62.99212000
59.74239178,59.05511000
59.74339658,59.05511000
59.74440138,59.05511000
59.74540618,62.99212000
59.74641098,62.99212000
59.74741578,66.92913000
59.74842058,59.05511000
59.74942538,62.99212000
59.75043018,62.99212000
59.75143498,62.99212000
59.75243978,62.99212000
59.75344458,62.99212000
59.75444938,59.05511000
59.75545418,59.05511000
59.75645898,59.05511000
59.75746378,55.11811000
59.75846858,55.11811000
59.75947338,59.05511000
59.76047818,62.99212000
59.76148298,55.11811000
59.76248778,62.99212000
59.76349258,59.05511000
59.76449738,62.99212000
59.76550218,59.05511000
59.76650698,62.99212000
59.76751178,59.05511000
59.76851658,62.99212000
59.76952138,59.05511000
59.77052618,59.05511000
59.77153098,59.05511000
59.77253578,62.99212000
59.77354058,59.05511000
59.77454538,59.05511000
59.77555018,55.11811000
59.77655498,43.30709000
59.77755978,51.18110000
59.77856458,55.11811000
59.77956938,47.24409000
59.78057418,59.05511000
59.78157898,62.99212000
59.78258378,59.05511000
59.78358858,62.99212000
59.78459338,62.99212000
59.78559818,59.05511000
59.78660298,66.92913000
59.78760778,66.92913000
59.78861258,62.99212000
59.78961738,59.05511000
59.79062218,62.99212000
59.79162698,59.05511000
59.79263178,51.18110000
59.79363658,59.05511000
59.79464138,62.99212000
59.79564618,62.99212000
59.79665098,55.11811000
59.79765578,62.99212000
59.79866058,59.05511000
59.79966538,55.11811000
59.80067018,62.99212000
59.80167498,55.11811000
59.80267978,66.92913000
59.80368458,59.05511000
59.80468938,55.11811000
59.80569418,59.05511000
59.80669898,55.11811000
59.80770378,55.11811000
59.80870858,55.11811000
59.80971338,55.11811000
59.81071818,59.05511000
59.81172298,55.11811000
59.81272778,55.11811000
59.81373258,51.18110000
59.81473738,51.18110000
59.81574218,55.11811000
59.81674698,51.18110000
59.81775178,55.11811000
59.81875658,55.11811000
59.81976138,59.05511000
59.82076618,55.11811000
59.82177098,55.11811000
59.82277578,59.05511000
59.82378058,59.05511000
59.82478538,51.18110000
59.82579018,55.11811000
59.82679498,55.11811000
59.82779978,59.05511000
59.82880458,55.11811000
59.82980938,55.11811000
59.83081418,59.05511000
59.83181898,51.18110000
59.83282378,59.05511000
59.83382858,55.11811000
59.83483338,47.24409000
59.83583818,59.05511000
59.83684298,55.11811000
59.83784778,51.18110000
59.83885258,62.99212000
59.83985738,43.30709000
59.84086218,55.11811000
59.84186698,51.18110000
59.84287178,55.11811000
59.84387658,59.05511000
59.84488138,55.11811000
59.84588618,55.11811000
59.84689098,55.11811000
59.84789578,59.05511000
59.84890058,55.11811000
59.84990538,51.18110000
59.85091018,51.18110000
59.85191498,47.24409000
59.85291978,55.11811000
59.85392458,51.18110000
59.85492938,51.18110000
59.85593418,59.05511000
59.85693898,51.18110000
59.85794378,51.18110000
59.85894858,51.18110000
59.85995338,51.18110000
59.86095818,55.11811000
59.86196298,55.11811000
59.86296778,55.11811000
59.86397258,51.18110000
59.86497738,55.11811000
59.86598218,51.18110000
59.86698698,51.18110000
59.86799178,55.11811000
59.86899658,55.11811000
59.87000138,55.11811000
59.87100618,59.05511000
59.87201098,51.18110000
59.87301578,51.18110000
59.87402058,51.18110000
59.87502538,51.18110000
59.87603018,55.11811000
59.87703498,51.18110000
59.87803978,51.18110000
59.87904458,51.18110000
59.88004938,47.24409000
59.88105418,51.18110000
59.88205898,51.18110000
59.88306378,51.18110000
59.88406858,51.18110000
59.88507338,47.24409000
59.88607818,55.11811000
59.88708298,55.11811000
59.88808778,47.24409000
59.88909258,43.30709000
59.89009738,43.30709000
59.89110218,43.30709000
59.89210698,47.24409000
59.89311178,51.18110000
59.89411658,47.24409000
59.89512138,51.18110000
59.89612618,51.18110000
59.89713098,51.18110000
59.89813578,51.18110000
59.89914058,47.24409000
59.90014538,51.18110000
59.90115018,55.11811000
59.90215498,47.24409000
59.90315978,47.24409000
59.90416458,47.24409000
59.90516938,51.18110000
59.90617418,51.18110000
59.90717898,47.24409000
59.90818378,51.18110000
59.90918858,47.24409000
59.91019338,47.24409000
59.91119818,51.18110000
59.91220298,47.24409000
59.91320778,47.24409000
59.91421258,51.18110000
59.91521738,51.18110000
59.91622218,47.24409000
59.91722698,51.18110000
59.91823178,47.24409000
59.91923658,47.24409000
59.92024138,43.30709000
59.92124618,47.24409000
59.92225098,47.24409000
59.92325578,47.24409000
59.92426058,39.37008000
59.92526538,43.30709000
59.92627018,43.30709000
59.92727498,47.24409000
59.92827978,43.30709000
59.92928458,47.24409000
59.93028938,47.24409000
59.93129418,47.24409000
59.93229898,51.18110000
59.93330378,51.18110000
59.93430858,47.24409000
59.93531338,47.24409000
59.93631818,47.24409000
59.93732298,31.49606000
59.93832778,43.30709000
59.93933258,47.24409000
59.94033738,62.99212000
59.94134218,47.24409000
59.94234698,51.18110000
59.94335178,51.18110000
59.94435658,47.24409000
59.94536138,51.18110000
59.94636618,47.24409000
59.94737098,43.30709000
59.94837578,51.18110000
59.94938058,47.24409000
59.95038538,47.24409000
59.95139018,43.30709000
59.95239498,47.24409000
59.95339978,47.24409000
59.95440458,47.24409000
59.95540938,43.30709000
59.95641418,43.30709000
59.95741898,43.30709000
59.95842378,43.30709000
59.95942858,47.24409000
59.96043338,47.24409000
59.96143818,43.30709000
59.96244298,43.30709000
59.96344778,39.37008000
59.96445258,43.30709000
59.96545738,43.30709000
59.96646218,43.30709000
59.96746698,47.24409000
59.96847178,43.30709000
59.96947658,51.18110000
59.97048138,43.30709000
59.97148618,43.30709000
59.97249098,43.30709000
59.97349578,51.18110000
59.97450058,39.37008000
59.97550538,47.24409000
59.97651018,43.30709000
59.97751498,47.24409000
59.97851978,43.30709000
59.97952458,43.30709000
59.98052938,51.18110000
59.98153418,47.24409000
59.98253898,43.30709000
59.98354378,43.30709000
59.98454858,47.24409000
59.98555338,47.24409000
59.98655818,39.37008000
59.98756298,43.30709000
59.98856778,47.24409000
59.98957258,43.30709000
59.99057738,47.24409000
59.99158218,47.24409000
59.99258698,47.24409000
59.99359178,43.30709000
59.99459658,43.30709000
59.99560138,43.30709000
59.99660618,51.18110000
59.99761098,39.37008000
59.99861578,43.30709000
59.99962058,35.43307000
60.00062538,39.37008000
60.00163018,39.37008000
60.00263498,35.43307000
60.00363978,43.30709000
60.00464458,39.37008000
60.00564938,47.24409000
60.00665418,43.30709000
60.00765898,43.30709000
60.00866378,47.24409000
60.00966858,47.24409000
60.01067338,43.30709000
60.01167818,43.30709000
60.01268298,47.24409000
60.01368778,43.30709000
60.01469258,39.37008000
60.01569738,43.30709000
60.01670218,47.24409000
60.01770698,39.37008000
60.01871178,43.30709000
60.01971658,47.24409000
60.02072138,35.43307000
60.02172618,35.43307000
60.02273098,51.18110000
60.02373578,43.30709000
60.02474058,47.24409000
60.02574538,43.30709000
60.02675017,43.30709000
60.02775497,43.30709000
60.02875977,47.24409000
60.02976457,43.30709000
60.03076937,43.30709000
60.03177417,43.30709000
60.03277897,39.37008000
60.03378377,47.24409000
60.03478857,35.43307000
60.03579337,43.30709000
60.03679817,35.43307000
60.03780297,47.24409000
60.03880777,39.37008000
60.03981257,43.30709000
60.04081737,39.37008000
60.04182217,43.30709000
60.04282697,43.30709000
60.04383177,39.37008000
60.04483657,43.30709000
60.04584137,43.30709000
60.04684617,43.30709000
60.04785097,43.30709000
60.04885577,39.37008000
60.04986057,43.30709000
60.05086537,47.24409000
60.05187017,43.30709000
60.05287497,39.37008000
60.05387977,35.43307000
60.05488457,35.43307000
60.05588937,39.37008000
60.05689417,39.37008000
60.05789897,39.37008000
60.05890377,39.37008000
60.05990857,39.37008000
60.06091337,39.37008000
60.06191817,43.30709000
60.06292297,35.43307000
60.06392777,39.37008000
60.06493257,39.37008000
60.06593737,39.37008000
60.06694217,43.30709000
60.06794697,31.49606000
60.06895177,39.37008000
60.06995657,31.49606000
60.07096137,39.37008000
60.07196617,47.24409000
60.07297097,39.37008000
60.07397577,47.24409000
60.07498057,35.43307000
60.07598537,35.43307000
60.07699017,39.37008000
60.07799497,39.37008000
60.07899977,39.37008000
60.08000457,39.37008000
60.08100937,43.30709000
60.08201417,43.30709000
60.08301897,39.37008000
60.08402377,39.37008000
60.08502857,39.37008000
60.08603337,39.37008000
60.08703817,39.37008000
60.08804297,43.30709000
60.08904777,39.37008000
60.09005257,43.30709000
60.09105737,39.37008000
60.09206217,43.30709000
60.09306697,39.37008000
60.09407177,39.37008000
60.09507657,39.37008000
60.09608137,47.24409000
60.09708617,43.30709000
60.09809097,39.37008000
60.09909577,39.37008000
60.10010057,35.43307000
60.10110537,35.43307000
60.10211017,39.37008000
60.10311497,39.37008000
60.10411977,39.37008000
60.10512457,39.37008000
60.10612937,39.37008000
60.10713417,31.49606000
60.10813897,39.37008000
60.10914377,43.30709000
60.11014857,39.37008000
60.11115337,35.43307000
60.11215817,31.49606000
60.11316297,27.55905000
60.11416777,35.43307000
60.11517257,31.49606000
60.11617737,35.43307000
60.11718217,39.37008000
60.11818697,43.30709000
60.11919177,43.30709000
60.12019657,39.37008000
60.12120137,39.37008000
60.12220617,43.30709000
60.12321097,39.37008000
60.12421577,43.30709000
60.12522057,35.43307000
60.12622537,35.43307000
60.12723017,31.49606000
60.12823497,43.30709000
60.12923977,35.43307000
60.13024457,39.37008000
60.13124937,39.37008000
60.13225417,35.43307000
60.13325897,31.49606000
60.13426377,39.37008000
60.13526857,35.43307000
60.13627337,39.37008000
60.13727817,39.37008000
60.13828297,31.49606000
60.13928777,35.43307000
60.14029257,39.37008000
60.14129737,35.43307000
60.14230217,39.37008000
60.14330697,39.37008000
60.14431177,35.43307000
60.14531657,35.43307000
60.14632137,39.37008000
60.14732617,39.37008000
60.14833097,35.43307000
60.14933577,39.37008000
60.15034057,27.55905000
60.15134537,27.55905000
60.15235017,31.49606000
60.15335497,35.43307000
60.15435977,39.37008000
60.15536457,35.43307000
60.15636937,43.30709000
60.15737417,39.37008000
60.15837897,39.37008000
60.15938377,43.30709000
60.16038857,39.37008000
60.16139337,35.43307000
60.16239817,39.37008000
60.16340297,39.37008000
60.16440777,39.37008000
60.16541257,35.43307000
60.16641737,35.43307000
60.16742217,39.37008000
60.16842697,35.43307000
60.16943177,43.30709000
60.17043657,35.43307000
60.17144137,39.37008000
60.17244617,39.37008000
60.17345097,31.49606000
60.17445577,35.43307000
60.17546057,35.43307000
60.17646537,35.43307000
60.17747017,35.43307000
60.17847497,35.43307000
60.17947977,35.43307000
60.18048457,35.43307000
60.18148937,31.49606000
60.18249417,35.43307000
60.18349897,39.37008000
60.18450377,43.30709000
60.18550857,35.43307000
60.18651337,23.62205000
60.18751817,27.55905000
60.18852297,35.43307000
60.18952777,35.43307000
60.19053257,35.43307000
60.19153737,35.43307000
60.19254217,35.43307000
60.19354697,31.49606000
60.19455177,39.37008000
60.19555657,35.43307000
60.19656137,39.37008000
60.19756617,35.43307000
60.19857097,27.55905000
60.19957577,31.49606000
60.20058057,35.43307000
60.20158537,35.43307000
60.20259017,31.49606000
60.20359497,31.49606000
60.20459977,31.49606000
60.20560457,35.43307000
60.20660937,31.49606000
60.20761417,31.49606000
60.20861897,31.49606000
60.20962377,31.49606000
60.21062857,35.43307000
60.21163337,27.55905000
60.21263817,35.43307000
60.21364297,31.49606000
60.21464777,27.55905000
60.21565257,27.55905000
60.21665737,27.55905000
60.21766217,39.37008000
60.21866697,35.43307000
60.21967177,39.37008000
60.22067657,31.49606000
60.22168137,35.43307000
60.22268617,31.49606000
60.22369097,27.55905000
60.22469577,23.62205000
60.22570057,31.49606000
60.22670537,35.43307000
60.22771017,35.43307000
60.22871497,27.55905000
60.22971977,35.43307000
60.23072457,35.43307000
60.23172937,31.49606000
60.23273417,35.43307000
60.23373897,39.37008000
60.23474377,31.49606000
60.23574857,35.43307000
60.23675337,35.43307000
60.23775817,35.43307000
60.23876297,31.49606000
60.23976777,35.43307000
60.24077257,27.55905000
60.24177737,31.49606000
60.24278217,39.37008000
60.24378697,31.49606000
60.24479177,39.37008000
60.24579657,27.55905000
60.24680137,27.55905000
60.24780617,27.55905000
60.24881097,51.18110000
60.24981577,39.37008000
60.25082057,31.49606000
60.25182537,35.43307000
60.25283017,27.55905000
60.25383497,31.49606000
60.25483977,35.43307000
60.25584457,27.55905000
60.25684937,35.43307000
60.25785417,31.49606000
60.25885897,35.43307000
60.25986377,27.55905000
60.26086857,23.62205000
60.26187337,23.62205000
60.26287817,19.68504000
60.26388297,23.62205000
60.26488777,23.62205000
60.26589257,31.49606000
60.26689737,31.49606000
60.26790217,31.49606000
60.26890697,35.43307000
60.26991177,35.43307000
60.27091657,35.43307000
60.27192137,35.43307000
60.27292617,31.49606000
60.27393097,35.43307000
60.27493577,31.49606000
60.27594057,35.43307000
60.27694537,31.49606000
60.27795017,31.49606000
60.27895497,23.62205000
60.27995977,27.55905000
60.28096457,27.55905000
60.28196937,31.49606000
60.28297417,31.49606000
60.28397897,35.43307000
60.28498377,31.49606000
60.28598857,23.62205000
60.28699337,31.49606000
60.28799817,31.49606000
60.28900297,31.49606000
60.29000777,35.43307000
60.29101257,31.49606000
60.29201737,23.62205000
60.29302217,27.55905000
60.29402697,27.55905000
60.29503177,23.62205000
60.29603657,35.43307000
60.29704137,27.55905000
60.29804617,35.43307000
60.29905097,19.68504000
60.30005577,31.49606000
60.30106057,23.62205000
60.30206537,35.43307000
60.30307017,31.49606000
60.30407497,35.43307000
60.30507977,31.49606000
60.30608457,31.49606000
60.30708937,35.43307000
60.30809417,31.49606000
60.30909897,31.49606000
60.31010377,27.55905000
60.31110857,27.55905000
60.31211337,31.49606000
60.31311817,27.55905000
60.31412297,27.55905000
60.31512777,31.49606000
60.31613257,27.55905000
60.31713737,27.55905000
60.31814217,31.49606000
60.31914697,27.55905000
60.32015177,27.55905000
60.32115657,27.55905000
60.32216137,31.49606000
60.32316617,23.62205000
60.32417097,27.55905000
60.32517577,27.55905000
60.32618057,27.55905000
60.32718537,31.49606000
60.32819017,27.55905000
60.32919497,27.55905000
60.33019977,23.62205000
60.33120457,27.55905000
60.33220937,31.49606000
60.33321417,31.49606000
60.33421897,31.49606000
60.33522377,31.49606000
60.33622857,27.55905000
60.33723337,23.62205000
60.33823817,23.62205000
60.33924297,27.55905000
60.34024777,31.49606000
60.34125257,27.55905000
60.34225737,31.49606000
60.34326217,19.68504000
60.34426697,23.62205000
60.34527177,39.37008000
60.34627657,39.37008000
60.34728137,35.43307000
60.34828617,27.55905000
60.34929097,31.49606000
60.35029577,31.49606000
60.35130057,27.55905000
60.35230537,31.49606000
60.35331017,27.55905000
60.35431497,31.49606000
60.35531976,27.55905000
60.35632456,27.55905000
60.35732936,23.62205000
60.35833416,27.55905000
60.35933896,23.62205000
60.36034376,27.55905000
60.36134856,23.62205000
60.36235336,23.62205000
60.36335816,27.55905000
60.36436296,27.55905000
60.36536776,27.55905000
60.36637256,27.55905000
60.36737736,27.55905000
60.36838216,27.55905000
60.36938696,23.62205000
60.37039176,27.55905000
60.37139656,23.62205000
60.37240136,23.62205000
60.37340616,27.55905000
60.37441096,19.68504000
60.37541576,23.62205000
60.37642056,19.68504000
60.37742536,19.68504000
60.37843016,19.68504000
60.37943496,27.55905000
60.38043976,27.55905000
60.38144456,31.49606000
60.38244936,31.49606000
60.38345416,23.62205000
60.38445896,23.62205000
60.38546376,27.55905000
60.38646856,27.55905000
60.38747336,27.55905000
60.38847816,35.43307000
60.38948296,23.62205000
60.39048776,31.49606000
60.39149256,23.62205000
60.39249736,23.62205000
60.39350216,23.62205000
60.39450696,23.62205000
60.39551176,27.55905000
60.39651656,23.62205000
60.39752136,27.55905000
60.39852616,27.55905000
60.39953096,27.55905000
60.40053576,27.55905000
60.40154056,31.49606000
60.40254536,27.55905000
60.40355016,31.49606000
60.40455496,27.55905000
60.40555976,31.49606000
60.40656456,27.55905000
60.40756936,31.49606000
60.40857416,27.55905000
60.40957896,19.68504000
60.41058376,23.62205000
60.41158856,19.68504000
60.41259336,19.68504000
60.41359816,23.62205000
60.41460296,23.62205000
60.41560776,27.55905000
60.41661256,27.55905000
60.41761736,23.62205000
60.41862216,23.62205000
60.41962696,27.55905000
60.42063176,31.49606000
60.42163656,23.62205000
60.42264136,27.55905000
60.42364616,27.55905000
60.42465096,19.68504000
60.42565576,19.68504000
60.42666056,23.62205000
60.42766536,23.62205000
60.42867016,23.62205000
60.42967496,23.62205000
60.43067976,27.55905000
60.43168456,23.62205000
60.43268936,27.55905000
60.43369416,23.62205000
60.43469896,23.62205000
60.43570376,27.55905000
60.43670856,19.68504000
60.43771336,23.62205000
60.43871816,27.55905000
60.43972296,27.55905000
60.44072776,15.74803000
60.44173256,19.68504000
60.44273736,23.62205000
60.44374216,31.49606000
60.44474696,23.62205000
60.44575176,27.55905000
60.44675656,27.55905000
60.44776136,23.62205000
60.44876616,19.68504000
60.44977096,15.74803000
60.45077576,19.68504000
60.45178056,23.62205000
60.45278536,23.62205000
60.45379016,23.62205000
60.45479496,27.55905000
60.45579976,27.55905000
60.45680456,27.55905000
60.45780936,23.62205000
60.45881416,23.62205000
60.45981896,23.62205000
60.46082376,27.55905000
60.46182856,23.62205000
60.46283336,27.55905000
60.46383816,23.62205000
60.46484296,23.62205000
60.46584776,23.62205000
60.46685256,23.62205000
60.46785736,31.49606000
60.46886216,23.62205000
60.46986696,23.62205000
60.47087176,23.62205000
60.47187656,23.62205000
60.47288136,27.55905000
60.47388616,19.68504000
60.47489096,19.68504000
60.47589576,23.62205000
60.47690056,27.55905000
60.47790536,27.55905000
60.47891016,27.55905000
60.47991496,15.74803000
60.48091976,23.62205000
60.48192456,15.74803000
60.48292936,23.62205000
60.48393416,23.62205000
60.48493896,19.68504000
60.48594376,19.68504000
60.48694856,19.68504000
60.48795336,19.68504000
60.48895816,19.68504000
60.48996296,19.68504000
60.49096776,19.68504000
60.49197256,19.68504000
60.49297736,23.62205000
60.49398216,27.55905000
60.49498696,23.62205000
60.49599176,27.55905000
60.49699656,23.62205000
60.49800136,27.55905000
60.49900616,19.68504000
60.50001096,23.62205000
60.50101576,23.62205000
60.50202056,23.62205000
60.50302536,23.62205000
60.50403016,27.55905000
60.50503496,23.62205000
60.50603976,15.74803000
60.50704456,23.62205000
60.50804936,19.68504000
60.50905416,19.68504000
60.51005896,23.62205000
60.51106376,23.62205000
60.51206856,23.62205000
60.51307336,23.62205000
60.51407816,23.62205000
60.51508296,23.62205000
60.51608776,23.62205000
60.51709256,23.62205000
60.51809736,23.62205000
60.51910216,23.62205000
60.52010696,23.62205000
60.52111176,23.62205000
60.52211656,23.62205000
60.52312136,23.62205000
60.52412616,23.62205000
60.52513096,27.55905000
60.52613576,19.68504000
60.52714056,15.74803000
60.52814536,23.62205000
60.52915016,19.68504000
60.53015496,23.62205000
60.53115976,23.62205000
60.53216456,23.62205000
60.53316936,27.55905000
60.53417416,23.62205000
60.53517896,23.62205000
60.53618376,23.62205000
60.53718856,23.62205000
60.53819336,11.81102000
60.53919816,19.68504000
60.54020296,19.68504000
60.54120776,23.62205000
60.54221256,23.62205000
60.54321736,23.62205000
60.54422216,15.74803000
60.54522696,23.62205000
60.54623176,23.62205000
60.54723656,23.62205000
60.54824136,27.55905000
60.54924616,15.74803000
60.55025096,19.68504000
60.55125576,19.68504000
60.55226056,23.62205000
60.55326536,19.68504000
60.55427016,15.74803000
60.55527496,19.68504000
60.55627976,19.68504000
60.55728456,15.74803000
60.55828936,23.62205000
60.55929416,23.62205000
60.56029896,23.62205000
60.56130376,23.62205000
60.56230856,23.62205000
60.56331336,19.68504000
60.56431816,23.62205000
60.56532296,19.68504000
60.56632776,23.62205000
60.56733256,23.62205000
60.56833736,23.62205000
60.56934216,23.62205000
60.57034696,27.55905000
60.57135176,19.68504000
60.57235656,23.62205000
60.57336136,19.68504000
60.57436616,27.55905000
60.57537096,19.68504000
60.57637576,19.68504000
60.57738056,23.62205000
60.57838536,19.68504000
60.57939016,23.62205000
60.58039496,23.62205000
60.58139976,23.62205000
60.58240456,23.62205000
60.58340936,19.68504000
60.58441416,23.62205000
60.58541896,23.62205000
60.58642376,19.68504000
60.58742856,15.74803000
60.58843336,15.74803000
60.58943816,15.74803000
60.59044296,23.62205000
60.59144776,19.68504000
60.59245256,19.68504000
60.59345736,23.62205000
60.59446216,23.62205000
60.59546696,23.62205000
60.59647176,15.74803000
60.59747656,19.68504000
60.59848136,19.68504000
60.59948616,19.68504000
60.60049096,19.68504000
60.60149576,15.74803000
60.60250056,19.68504000
60.60350536,23.62205000
60.60451016,15.74803000
60.60551496,15.74803000
60.60651976,27.55905000
60.60752456,23.62205000
60.60852936,19.68504000
60.60953416,19.68504000
60.61053896,19.68504000
60.61154376,19.68504000
60.61254856,23.62205000
60.61355336,27.55905000
60.61455816,15.74803000
60.61556296,23.62205000
60.61656776,19.68504000
60.61757256,15.74803000
60.61857736,19.68504000
60.61958216,15.74803000
60.62058696,15.74803000
60.62159176,15.74803000
60.62259656,19.68504000
60.62360136,19.68504000
60.62460616,15.74803000
60.62561096,19.68504000
60.62661576,19.68504000
60.62762056,19.68504000
60.62862536,27.55905000
60.62963016,19.68504000
60.63063496,19.68504000
60.63163976,27.55905000
60.63264456,19.68504000
60.63364936,19.68504000
60.63465416,19.68504000
60.63565896,19.68504000
60.63666376,19.68504000
60.63766856,19.68504000
60.63867336,19.68504000
60.63967816,15.74803000
60.64068296,15.74803000
60.64168776,19.68504000
60.64269256,19.68504000
60.64369736,23.62205000
60.64470216,23.62205000
60.64570696,19.68504000
60.64671176,23.62205000
60.64771656,23.62205000
60.64872136,23.62205000
60.64972616,19.68504000
60.65073096,19.68504000
60.65173576,15.74803000
60.65274056,19.68504000
60.65374536,19.68504000
60.65475016,39.37008000
60.65575496,19.68504000
60.65675976,19.68504000
60.65776456,19.68504000
60.65876936,19.68504000
60.65977416,19.68504000
60.66077896,23.62205000
60.66178376,15.74803000
60.66278856,19.68504000
60.66379336,15.74803000
60.66479816,19.68504000
60.66580296,19.68504000
60.66680776,19.68504000
60.66781256,19.68504000
60.66881736,19.68504000
60.66982216,15.74803000
60.67082696,15.74803000
60.67183176,19.68504000
60.67283656,19.68504000
60.67384136,19.68504000
60.67484616,15.74803000
60.67585096,7.87401500
60.67685576,15.74803000
60.67786056,15.74803000
60.67886536,15.74803000
60.67987016,19.68504000
60.68087496,19.68504000
60.68187976,23.62205000
60.68288456,23.62205000
60.68388936,23.62205000
60.68489415,15.74803000
60.68589895,15.74803000
60.68690375,27.55905000
60.68790855,11.81102000
60.68891335,23.62205000
60.68991815,19.68504000
60.69092295,19.68504000
60.69192775,19.68504000
60.69293255,19.68504000
60.69393735,19.68504000
60.69494215,19.68504000
60.69594695,23.62205000
60.69695175,19.68504000
60.69795655,19.68504000
60.69896135,15.74803000
60.69996615,15.74803000
60.70097095,19.68504000
60.70197575,15.74803000
60.70298055,15.74803000
60.70398535,23.62205000
60.70499015,15.74803000
60.70599495,19.68504000
60.70699975,15.74803000
60.70800455,19.68504000
60.70900935,19.68504000
60.71001415,19.68504000
60.71101895,19.68504000
60.71202375,23.62205000
60.71302855,19.68504000
60.71403335,3.93700800
60.71503815,11.81102000
60.71604295,15.74803000
60.71704775,15.74803000
60.71805255,11.81102000
60.71905735,15.74803000
60.72006215,19.68504000
60.72106695,19.68504000
60.72207175,23.62205000
60.72307655,15.74803000
60.72408135,19.68504000
60.72508615,19.68504000
60.72609095,15.74803000
60.72709575,15.74803000
60.72810055,11.81102000
60.72910535,19.68504000
60.73011015,19.68504000
60.73111495,15.74803000
60.73211975,15.74803000
60.73312455,15.74803000
60.73412935,15.74803000
60.73513415,11.81102000
60.73613895,19.68504000
60.73714375,15.74803000
60.73814855,15.74803000
60.73915335,15.74803000
60.74015815,15.74803000
60.74116295,15.74803000
60.74216775,15.74803000
60.74317255,15.74803000
60.74417735,15.74803000
60.74518215,15.74803000
60.74618695,11.81102000
60.74719175,11.81102000
60.74819655,7.87401500
60.74920135,3.93700800
60.75020615,11.81102000
60.75121095,-7.87401500
60.75221575,11.81102000
60.75322055,11.81102000
60.75422535,11.81102000
60.75523015,11.81102000
60.75623495,11.81102000
60.75723975,11.81102000
60.75824455,15.74803000
60.75924935,11.81102000
60.76025415,11.81102000
60.76125895,11.81102000
60.76226375,11.81102000
60.76326855,11.81102000
60.76427335,15.74803000
60.76527815,11.81102000
60.76628295,7.87401500
60.76728775,7.87401500
60.76829255,11.81102000
60.76929735,7.87401500
60.77030215,11.81102000
60.77130695,11.81102000
60.77231175,11.81102000
60.77331655,7.87401500
60.77432135,11.81102000
60.77532615,7.87401500
60.77633095,15.74803000
60.77733575,15.74803000
60.77834055,7.87401500
60.77934535,7.87401500
60.78035015,11.81102000
60.78135495,11.81102000
60.78235975,-3.93700800
60.78336455,3.93700800
60.78436935,7.87401500
60.78537415,7.87401500
60.78637895,11.81102000
60.78738375,15.74803000
60.78838855,15.74803000
60.78939335,11.81102000
60.79039815,11.81102000
60.79140295,11.81102000
60.79240775,19.68504000
60.79341255,15.74803000
60.79441735,19.68504000
60.79542215,15.74803000
60.79642695,15.74803000
60.79743175,11.81102000
60.79843655,11.81102000
60.79944135,11.81102000
60.80044615,11.81102000
60.80145095,11.81102000
60.80245575,15.74803000
60.80346055,7.87401500
60.80446535,3.93700800
60.80547015,-3.93700800
60.80647495,7.87401500
60.80747975,7.87401500
60.80848455,7.87401500
60.80948935,11.81102000
60.81049415,11.81102000
60.81149895,15.74803000
60.81250375,11.81102000
60.81350855,19.68504000
60.81451335,7.87401500
60.81551815,11.81102000
60.81652295,11.81102000
60.81752775,15.74803000
60.81853255,11.81102000
60.81953735,11.81102000
60.82054215,7.87401500
60.82154695,15.74803000
60.82255175,15.74803000
60.82355655,15.74803000
60.82456135,7.87401500
60.82556615,11.81102000
60.82657095,11.81102000
60.82757575,19.68504000
60.82858055,11.81102000
60.82958535,11.81102000
60.83059015,3.93700800
60.83159495,3.93700800
60.83259975,7.87401500
60.83360455,11.81102000
60.83460935,19.68504000
60.83561415,19.68504000
60.83661895,15.74803000
60.83762375,11.81102000
60.83862855,15.74803000
60.83963335,11.81102000
60.84063815,11.81102000
60.84164295,15.74803000
60.84264775,11.81102000
60.84365255,11.81102000
60.84465735,15.74803000
60.84566215,15.74803000
60.84666695,7.87401500
60.84767175,19.68504000
60.84867655,7.87401500
60.84968135,15.74803000
60.85068615,15.74803000
60.85169095,15.74803000
60.85269575,7.87401500
60.85370055,11.81102000
60.85470535,15.74803000
60.85571015,11.81102000
60.85671495,3.93700800
60.85771975,7.87401500
60.85872455,7.87401500
60.85972935,7.87401500
60.86073415,11.81102000
60.86173895,7.87401500
60.86274375,7.87401500
60.86374855,7.87401500
60.86475335,11.81102000
60.86575815,3.93700800
60.86676295,19.68504000
60.86776775,7.87401500
60.86877255,11.81102000
60.86977735,11.81102000
60.87078215,11.81102000
60.87178695,7.87401500
60.87279175,11.81102000
60.87379655,11.81102000
60.87480135,7.87401500
60.87580615,11.81102000
60.87681095,15.74803000
60.87781575,11.81102000
60.87882055,11.81102000
60.87982535,15.74803000
60.88083015,7.87401500
60.88183495,7.87401500
60.88283975,15.74803000
60.88384455,3.93700800
60.88484935,3.93700800
60.88585415,3.93700800
60.88685895,7.87401500
60.88786375,15.74803000
60.88886855,11.81102000
60.88987335,11.81102000
60.89087815,15.74803000
60.89188295,7.87401500
60.89288775,15.74803000
60.89389255,11.81102000
60.89489735,15.74803000
60.89590215,3.93700800
60.89690695,11.81102000
60.89791175,11.81102000
60.89891655,11.81102000
60.89992135,11.81102000
60.90092615,15.74803000
60.90193095,15.74803000
60.90293575,15.74803000
60.90394055,15.74803000
60.90494535,15.74803000
60.90595015,11.81102000
60.90695495,11.81102000
60.90795975,19.68504000
60.90896455,7.87401500
60.90996935,7.87401500
60.91097415,11.81102000
60.91197895,11.81102000
60.91298375,7.87401500
60.91398855,15.74803000
60.91499335,19.68504000
60.91599815,15.74803000
60.91700295,15.74803000
60.91800775,19.68504000
60.91901255,19.68504000
60.92001735,15.74803000
60.92102215,15.74803000
60.92202695,15.74803000
60.92303175,11.81102000
60.92403655,11.81102000
60.92504135,15.74803000
60.92604615,19.68504000
60.92705095,11.81102000
60.92805575,7.87401500
60.92906055,7.87401500
60.93006535,15.74803000
60.93107015,11.81102000
60.93207495,11.81102000
60.93307975,11.81102000
60.93408455,11.81102000
60.93508935,7.87401500
60.93609415,7.87401500
60.93709895,0.00000000
60.93810375,7.87401500
60.93910855,7.87401500
60.94011335,7.87401500
60.94111815,7.87401500
60.94212295,11.81102000
60.94312775,15.74803000
60.94413255,7.87401500
60.94513735,11.81102000
60.94614215,11.81102000
60.94714695,19.68504000
60.94815175,15.74803000
60.94915655,15.74803000
60.95016135,11.81102000
60.95116615,19.68504000
60.95217095,11.81102000
60.95317575,11.81102000
60.95418055,11.81102000
60.95518535,15.74803000
60.95619015,15.74803000
60.95719495,11.81102000
60.95819975,15.74803000
60.95920455,15.74803000
60.96020935,7.87401500
60.96121415,11.81102000
60.96221895,7.87401500
60.96322375,11.81102000
60.96422855,11.81102000
60.96523335,11.81102000
60.96623815,11.81102000
60.96724295,11.81102000
60.96824775,11.81102000
60.96925255,15.74803000
60.97025735,11.81102000
60.97126215,11.81102000
60.97226695,11.81102000
60.97327175,3.93700800
60.97427655,7.87401500
60.97528135,11.81102000
60.97628615,11.81102000
60.97729095,11.81102000
60.97829575,7.87401500
60.97930055,7.87401500
60.98030535,15.74803000
60.98131015,15.74803000
60.98231495,19.68504000
60.98331975,19.68504000
60.98432455,11.81102000
60.98532935,15.74803000
60.98633415,15.74803000
60.98733895,11.81102000
60.98834375,19.68504000
60.98934855,11.81102000
60.99035335,11.81102000
60.99135815,11.81102000
60.99236295,15.74803000
60.99336775,11.81102000
60.99437255,7.87401500
60.99537735,15.74803000
60.99638215,15.74803000
60.99738695,15.74803000
60.99839175,11.81102000
60.99939655,15.74803000
61.00040135,11.81102000
61.00140615,11.81102000
61.00241095,19.68504000
61.00341575,11.81102000
61.00442055,11.81102000
61.00542535,11.81102000
61.00643015,11.81102000
61.00743495,11.81102000
61.00843975,7.87401500
61.00944455,11.81102000
61.01044935,0.00000000
61.01145415,7.87401500
61.01245895,7.87401500
61.01346374,7.87401500
61.01446854,7.87401500
61.01547334,11.81102000
61.01647814,11.81102000
61.01748294,19.68504000
61.01848774,7.87401500
61.01949254,11.81102000
61.02049734,19.68504000
61.02150214,11.81102000
61.02250694,15.74803000
61.02351174,11.81102000
61.02451654,19.68504000
61.02552134,11.81102000
61.02652614,7.87401500
61.02753094,11.81102000
61.02853574,11.81102000
61.02954054,11.81102000
61.03054534,15.74803000
61.03155014,11.81102000
61.03255494,11.81102000
61.03355974,11.81102000
61.03456454,7.87401500
61.03556934,11.81102000
61.03657414,11.81102000
61.03757894,11.81102000
61.03858374,7.87401500
61.03958854,11.81102000
61.04059334,11.81102000
61.04159814,7.87401500
61.04260294,7.87401500
61.04360774,7.87401500
61.04461254,7.87401500
61.04561734,3.93700800
61.04662214,3.93700800
61.04762694,7.87401500
61.04863174,7.87401500
61.04963654,19.68504000
61.05064134,15.74803000
61.05164614,11.81102000
61.05265094,19.68504000
61.05365574,15.74803000
61.05466054,11.81102000
61.05566534,11.81102000
61.05667014,11.81102000
61.05767494,3.93700800
61.05867974,3.93700800
61.05968454,7.87401500
61.06068934,31.49606000
61.06169414,15.74803000
61.06269894,11.81102000
61.06370374,11.81102000
61.06470854,15.74803000
61.06571334,15.74803000
61.06671814,11.81102000
61.06772294,7.87401500
61.06872774,15.74803000
61.06973254,15.74803000
61.07073734,7.87401500
61.07174214,7.87401500
61.07274694,7.87401500
61.07375174,11.81102000
61.07475654,3.93700800
61.07576134,0.00000000
61.07676614,3.93700800
61.07777094,7.87401500
61.07877574,7.87401500
61.07978054,11.81102000
61.08078534,11.81102000
61.08179014,15.74803000
61.08279494,11.81102000
61.08379974,7.87401500
61.08480454,11.81102000
61.08580934,11.81102000
61.08681414,11.81102000
61.08781894,11.81102000
61.08882374,19.68504000
61.08982854,7.87401500
61.09083334,7.87401500
61.09183814,11.81102000
61.09284294,7.87401500
61.09384774,11.81102000
61.09485254,7.87401500
61.09585734,7.87401500
61.09686214,7.87401500
61.09786694,11.81102000
61.09887174,11.81102000
61.09987654,11.81102000
61.10088134,15.74803000
61.10188614,7.87401500
61.10289094,7.87401500
61.10389574,11.81102000
61.10490054,7.87401500
61.10590534,0.00000000
61.10691014,7.87401500
61.10791494,0.00000000
61.10891974,7.87401500
61.10992454,3.93700800
61.11092934,15.74803000
61.11193414,11.81102000
61.11293894,11.81102000
61.11394374,15.74803000
61.11494854,11.81102000
61.11595334,15.74803000
61.11695814,15.74803000
61.11796294,7.87401500
61.11896774,11.81102000
61.11997254,15.74803000
61.12097734,11.81102000
61.12198214,7.87401500
61.12298694,3.93700800
61.12399174,3.93700800
61.12499654,7.87401500
61.12600134,15.74803000
61.12700614,7.87401500
61.12801094,7.87401500
61.12901574,7.87401500
61.13002054,11.81102000
61.13102534,7.87401500
61.13203014,15.74803000
61.13303494,11.81102000
61.13403974,11.81102000
61.13504454,7.87401500
61.13604934,7.87401500
61.13705414,11.81102000
61.13805894,11.81102000
61.13906374,7.87401500
61.14006854,7.87401500
61.14107334,7.87401500
61.14207814,7.87401500
61.14308294,7.87401500
61.14408774,11.81102000
61.14509254,15.74803000
61.14609734,15.74803000
61.14710214,15.74803000
61.14810694,15.74803000
61.14911174,15.74803000
61.15011654,11.81102000
61.15112134,7.87401500
61.15212614,11.81102000
61.15313094,11.81102000
61.15413574,15.74803000
61.15514054,0.00000000
61.15614534,11.81102000
61.15715014,7.87401500
61.15815494,15.74803000
61.15915974,11.81102000
61.16016454,7.87401500
61.16116934,11.81102000
61.16217414,11.81102000
61.16317894,11.81102000
61.16418374,11.81102000
61.16518854,7.87401500
61.16619334,7.87401500
61.16719814,11.81102000
61.16820294,7.87401500
61.16920774,11.81102000
61.17021254,7.87401500
61.17121734,11.81102000
61.17222214,11.81102000
61.17322694,3.93700800
61.17423174,3.93700800
61.17523654,11.81102000
61.17624134,3.93700800
61.17724614,7.87401500
61.17825094,3.93700800
61.17925574,3.93700800
61.18026054,7.87401500
61.18126534,7.87401500
61.18227014,11.81102000
61.18327494,11.81102000
61.18427974,15.74803000
61.18528454,3.93700800
61.18628934,11.81102000
61.18729414,11.81102000
61.18829894,7.87401500
61.18930374,11.81102000
61.19030854,7.87401500
61.19131334,7.87401500
61.19231814,11.81102000
61.19332294,15.74803000
61.19432774,11.81102000
61.19533254,11.81102000
61.19633734,15.74803000
61.19734214,7.87401500
61.19834694,7.87401500
61.19935174,15.74803000
61.20035654,11.81102000
61.20136134,11.81102000
61.20236614,11.81102000
61.20337094,11.81102000
61.20437574,7.87401500
61.20538054,7.87401500
61.20638534,0.00000000
61.20739014,11.81102000
61.20839494,7.87401500
61.20939974,7.87401500
61.21040454,7.87401500
61.21140934,-3.93700800
61.21241414,7.87401500
61.21341894,3.93700800
61.21442374,3.93700800
61.21542854,3.93700800
61.21643334,7.87401500
61.21743814,15.74803000
61.21844294,7.87401500
61.21944774,11.81102000
61.22045254,7.87401500
61.22145734,7.87401500
61.22246214,7.87401500
61.22346694,15.74803000
61.22447174,15.74803000
61.22547654,11.81102000
61.22648134,11.81102000
61.22748614,11.81102000
61.22849094,15.74803000
61.22949574,7.87401500
61.23050054,11.81102000
61.23150534,3.93700800
61.23251014,7.87401500
61.23351494,7.87401500
61.23451974,7.87401500
61.23552454,7.87401500
61.23652934,7.87401500
61.23753414,11.81102000
61.23853894,3.93700800
61.23954374,11.81102000
61.24054854,15.74803000
61.24155334,7.87401500
61.24255814,15.74803000
61.24356294,11.81102000
61.24456774,3.93700800
61.24557254,7.87401500
61.24657734,0.00000000
61.24758214,0.00000000
61.24858694,3.93700800
61.24959174,7.87401500
61.25059654,7.87401500
61.25160134,11.81102000
61.25260614,3.93700800
61.25361094,3.93700800
61.25461574,7.87401500
61.25562054,15.74803000
61.25662534,11.81102000
61.25763014,3.93700800
61.25863494,7.87401500
61.25963974,7.87401500
61.26064454,7.87401500
61.26164934,7.87401500
61.26265414,11.81102000
61.26365894,7.87401500
61.26466374,11.81102000
61.26566854,7.87401500
61.26667334,7.87401500
61.26767814,7.87401500
61.26868294,15.74803000
61.26968774,7.87401500
61.27069254,3.93700800
61.27169734,15.74803000
61.27270214,7.87401500
61.27370694,11.81102000
61.27471174,7.87401500
61.27571654,11.81102000
61.27672134,7.87401500
61.27772614,11.81102000
61.27873094,0.00000000
61.27973574,3.93700800
61.28074054,3.93700800
61.28174534,7.87401500
61.28275014,3.93700800
61.28375494,11.81102000
61.28475974,11.81102000
61.28576454,7.87401500
61.28676934,7.87401500
61.28777414,11.81102000
61.28877894,7.87401500
61.28978374,11.81102000
61.29078854,11.81102000
61.29179334,15.74803000
61.29279814,7.87401500
61.29380294,7.87401500
61.29480774,7.87401500
61.29581254,7.87401500
61.29681734,7.87401500
61.29782214,11.81102000
61.29882694,7.87401500
61.29983174,7.87401500
61.30083654,7.87401500
61.30184134,3.93700800
61.30284614,3.93700800
61.30385094,3.93700800
61.30485574,7.87401500
61.30586054,7.87401500
61.30686534,7.87401500
61.30787014,7.87401500
61.30887494,0.00000000
61.30987974,11.81102000
61.31088454,3.93700800
61.31188934,7.87401500
61.31289414,-7.87401500
61.31389894,3.93700800
61.31490374,0.00000000
61.31590854,3.93700800
61.31691334,11.81102000
61.31791814,3.93700800
61.31892294,7.87401500
61.31992774,3.93700800
61.32093254,15.74803000
61.32193734,7.87401500
61.32294214,11.81102000
61.32394694,7.87401500
61.32495174,7.87401500
61.32595654,7.87401500
61.32696134,7.87401500
61.32796614,7.87401500
61.32897094,7.87401500
61.32997574,7.87401500
61.33098054,7.87401500
61.33198534,3.93700800
61.33299014,11.81102000
61.33399494,7.87401500
61.33499974,7.87401500
61.33600454,3.93700800
61.33700934,3.93700800
61.33801414,7.87401500
61.33901894,7.87401500
61.34002374,3.93700800
61.34102854,7.87401500
61.34203333,7.87401500
61.34303813,7.87401500
61.34404293,7.87401500
61.34504773,3.93700800
61.34605253,3.93700800
61.34705733,0.00000000
61.34806213,0.00000000
61.34906693,0.00000000
61.35007173,-3.93700800
61.35107653,7.87401500
61.35208133,3.93700800
61.35308613,7.87401500
61.35409093,7.87401500
61.35509573,11.81102000
61.35610053,7.87401500
61.35710533,15.74803000
61.35811013,11.81102000
61.35911493,7.87401500
61.36011973,3.93700800
61.36112453,7.87401500
61.36212933,3.93700800
61.36313413,7.87401500
61.36413893,7.87401500
61.36514373,7.87401500
61.36614853,3.93700800
61.36715333,3.93700800
61.36815813,7.87401500
61.36916293,11.81102000
61.37016773,7.87401500
61.37117253,7.87401500
61.37217733,3.93700800
61.37318213,7.87401500
61.37418693,3.93700800
61.37519173,7.87401500
61.37619653,3.93700800
61.37720133,7.87401500
61.37820613,3.93700800
61.37921093,7.87401500
61.38021573,-3.93700800
61.38122053,0.00000000
61.38222533,3.93700800
61.38323013,0.00000000
61.38423493,0.00000000
61.38523973,3.93700800
61.38624453,3.93700800
61.38724933,7.87401500
61.38825413,7.87401500
61.38925893,7.87401500
61.39026373,7.87401500
61.39126853,7.87401500
61.39227333,11.81102000
61.39327813,7.87401500
61.39428293,7.87401500
61.39528773,11.81102000
61.39629253,3.93700800
61.39729733,7.87401500
61.39830213,7.87401500
61.39930693,0.00000000
61.40031173,3.93700800
61.40131653,3.93700800
61.40232133,7.87401500
61.40332613,3.93700800
61.40433093,7.87401500
61.40533573,3.93700800
61.40634053,7.87401500
61.40734533,7.87401500
61.40835013,7.87401500
61.40935493,3.93700800
61.41035973,3.93700800
61.41136453,11.81102000
61.41236933,-11.81102000
61.41337413,0.00000000
61.41437893,7.87401500
61.41538373,0.00000000
61.41638853,3.93700800
61.41739333,3.93700800
61.41839813,7.87401500
61.41940293,11.81102000
61.42040773,15.74803000
61.42141253,11.81102000
61.42241733,11.81102000
61.42342213,7.87401500
61.42442693,11.81102000
61.42543173,7.87401500
61.42643653,7.87401500
61.42744133,3.93700800
61.42844613,7.87401500
61.42945093,7.87401500
61.43045573,7.87401500
61.43146053,7.87401500
61.43246533,3.93700800
61.43347013,3.93700800
61.43447493,7.87401500
61.43547973,11.81102000
61.43648453,0.00000000
61.43748933,7.87401500
61.43849413,7.87401500
61.43949893,3.93700800
61.44050373,0.00000000
61.44150853,3.93700800
61.44251333,7.87401500
61.44351813,7.87401500
61.44452293,7.87401500
61.44552773,7.87401500
61.44653253,3.93700800
61.44753733,3.93700800
61.44854213,3.93700800
61.44954693,3.93700800
61.45055173,0.00000000
61.45155653,0.00000000
61.45256133,3.93700800
61.45356613,3.93700800
61.45457093,3.93700800
61.45557573,3.93700800
61.45658053,3.93700800
61.45758533,7.87401500
61.45859013,7.87401500
61.45959493,3.93700800
61.46059973,7.87401500
61.46160453,7.87401500
61.46260933,7.87401500
61.46361413,0.00000000
61.46461893,0.00000000
61.46562373,3.93700800
61.46662853,23.62205000
61.46763333,3.93700800
61.46863813,7.87401500
61.46964293,3.93700800
61.47064773,7.87401500
61.47165253,3.93700800
61.47265733,3.93700800
61.47366213,3.93700800
61.47466693,0.00000000
61.47567173,0.00000000
61.47667653,3.93700800
61.47768133,3.93700800
61.47868613,3.93700800
61.47969093,3.93700800
61.48069573,3.93700800
61.48170053,7.87401500
61.48270533,0.00000000
61.48371013,0.00000000
61.48471493,3.93700800
61.48571973,3.93700800
61.48672453,3.93700800
61.48772933,3.93700800
61.48873413,-3.93700800
61.48973893,3.93700800
61.49074373,-11.81102000
61.49174853,-3.93700800
61.49275333,0.00000000
61.49375813,3.93700800
61.49476293,0.00000000
61.49576773,3.93700800
61.49677253,0.00000000
61.49777733,3.93700800
61.49878213,0.00000000
61.49978693,7.87401500
61.50079173,0.00000000
61.50179653,3.93700800
61.50280133,3.93700800
61.50380613,0.00000000
61.50481093,3.93700800
61.50581573,3.93700800
61.50682053,3.93700800
61.50782533,3.93700800
61.50883013,3.93700800
61.50983493,7.87401500
61.51083973,3.93700800
61.51184453,0.00000000
61.51284933,0.00000000
61.51385413,-3.93700800
61.51485893,0.00000000
61.51586373,0.00000000
61.51686853,3.93700800
61.51787333,0.00000000
61.51887813,0.00000000
61.51988293,3.93700800
61.52088773,0.00000000
61.52189253,0.00000000
61.52289733,3.93700800
61.52390213,0.00000000
61.52490693,0.00000000
61.52591173,3.93700800
61.52691653,0.00000000
61.52792133,0.00000000
61.52892613,-3.93700800
61.52993093,-3.93700800
61.53093573,-3.93700800
61.53194053,-3.93700800
61.53294533,0.00000000
61.53395013,-3.93700800
61.53495493,0.00000000
61.53595973,0.00000000
61.53696453,3.93700800
61.53796933,7.87401500
61.53897413,7.87401500
61.53997893,0.00000000
61.54098373,0.00000000
61.54198853,0.00000000
61.54299333,3.93700800
61.54399813,3.93700800
61.54500293,0.00000000
61.54600773,-3.93700800
61.54701253,-3.93700800
61.54801733,0.00000000
61.54902213,-3.93700800
61.55002693,0.00000000
61.55103173,7.87401500
61.55203653,0.00000000
61.55304133,0.00000000
61.55404613,-3.93700800
61.55505093,0.00000000
61.55605573,0.00000000
61.55706053,0.00000000
61.55806533,3.93700800
61.55907013,0.00000000
61.56007493,0.00000000
61.56107973,-11.81102000
61.56208453,0.00000000
61.56308933,0.00000000
61.56409413,7.87401500
61.56509893,0.00000000
61.56610373,-3.93700800
61.56710853,0.00000000
61.56811333,-7.87401500
61.56911813,-3.93700800
61.57012293,-7.87401500
61.57112773,-11.81102000
61.57213253,-7.87401500
61.57313733,0.00000000
61.57414213,0.00000000
61.57514693,0.00000000
61.57615173,0.00000000
61.57715653,-3.93700800
61.57816133,-3.93700800
61.57916613,0.00000000
61.58017093,0.00000000
61.58117573,0.00000000
61.58218053,-3.93700800
61.58318533,0.00000000
61.58419013,0.00000000
61.58519493,0.00000000
61.58619973,3.93700800
61.58720453,0.00000000
61.58820933,0.00000000
61.58921413,0.00000000
61.59021893,3.93700800
61.59122373,0.00000000
61.59222853,0.00000000
61.59323333,0.00000000
61.59423813,-3.93700800
61.59524293,0.00000000
61.59624773,0.00000000
61.59725253,0.00000000
61.59825733,3.93700800
61.59926213,0.00000000
61.60026693,0.00000000
61.60127173,0.00000000
61.60227653,0.00000000
61.60328133,0.00000000
61.60428613,0.00000000
61.60529093,-3.93700800
61.60629573,-7.87401500
61.60730053,-11.81102000
61.60830533,-7.87401500
61.60931013,-7.87401500
61.61031493,-11.81102000
61.61131973,-3.93700800
61.61232453,-11.81102000
61.61332933,0.00000000
61.61433413,0.00000000
61.61533893,0.00000000
61.61634373,-3.93700800
61.61734853,0.00000000
61.61835333,-3.93700800
61.61935813,-3.93700800
61.62036293,-3.93700800
61.62136773,-3.93700800
61.62237253,-3.93700800
61.62337733,-3.93700800
61.62438213,0.00000000
61.62538693,-3.93700800
61.62639173,-7.87401500
61.62739653,-3.93700800
61.62840133,-3.93700800
61.62940613,-3.93700800
61.63041093,0.00000000
61.63141573,3.93700800
61.63242053,3.93700800
61.63342533,3.93700800
61.63443013,3.93700800
61.63543493,7.87401500
61.63643973,7.87401500
61.63744453,7.87401500
61.63844933,7.87401500
61.63945413,11.81102000
61.64045893,15.74803000
61.64146373,15.74803000
61.64246853,11.81102000
61.64347333,11.81102000
61.64447813,3.93700800
61.64548293,11.81102000
61.64648773,11.81102000
61.64749253,15.74803000
61.64849733,15.74803000
61.64950213,19.68504000
61.65050693,19.68504000
61.65151173,15.74803000
61.65251653,15.74803000
61.65352133,15.74803000
61.65452613,11.81102000
61.65553093,7.87401500
61.65653573,7.87401500
61.65754053,3.93700800
61.65854533,-7.87401500
61.65955013,-3.93700800
61.66055493,-3.93700800
61.66155973,3.93700800
61.66256453,-7.87401500
61.66356933,-7.87401500
61.66457413,-11.81102000
61.66557893,-15.74803000
61.66658373,-11.81102000
61.66758853,-11.81102000
61.66859333,-19.68504000
61.66959813,-11.81102000
61.67060293,-19.68504000
61.67160772,-15.74803000
61.67261252,-19.68504000
61.67361732,-15.74803000
61.67462212,-15.74803000
61.67562692,-19.68504000
61.67663172,-11.81102000
61.67763652,-15.74803000
61.67864132,-7.87401500
61.67964612,-7.87401500
61.68065092,-3.93700800
61.68165572,-3.93700800
61.68266052,0.00000000
61.68366532,11.81102000
61.68467012,0.00000000
61.68567492,0.00000000
61.68667972,7.87401500
61.68768452,7.87401500
61.68868932,15.74803000
61.68969412,19.68504000
61.69069892,11.81102000
61.69170372,3.93700800
61.69270852,0.00000000
61.69371332,-3.93700800
61.69471812,0.00000000
61.69572292,-3.93700800
61.69672772,0.00000000
61.69773252,-3.93700800
61.69873732,0.00000000
61.69974212,0.00000000
61.70074692,3.93700800
61.70175172,3.93700800
61.70275652,3.93700800
61.70376132,0.00000000
61.70476612,0.00000000
61.70577092,-3.93700800
61.70677572,-3.93700800
61.70778052,0.00000000
61.70878532,0.00000000
61.70979012,-7.87401500
61.71079492,0.00000000
61.71179972,7.87401500
61.71280452,3.93700800
61.71380932,0.00000000
61.71481412,0.00000000
61.71581892,0.00000000
61.71682372,3.93700800
61.71782852,0.00000000
61.71883332,0.00000000
61.71983812,3.93700800
61.72084292,0.00000000
61.72184772,7.87401500
61.72285252,15.74803000
61.72385732,-7.87401500
61.72486212,0.00000000
61.72586692,-3.93700800
61.72687172,0.00000000
61.72787652,0.00000000
61.72888132,3.93700800
61.72988612,0.00000000
61.73089092,3.93700800
61.73189572,3.93700800
61.73290052,3.93700800
61.73390532,3.93700800
61.73491012,0.00000000
61.73591492,3.93700800
61.73691972,0.00000000
61.73792452,3.93700800
61.73892932,-3.93700800
61.73993412,0.00000000
61.74093892,0.00000000
61.74194372,-7.87401500
61.74294852,0.00000000
61.74395332,0.00000000
61.74495812,3.93700800
61.74596292,0.00000000
61.74696772,0.00000000
61.74797252,3.93700800
61.74897732,3.93700800
61.74998212,3.93700800
61.75098692,0.00000000
61.75199172,0.00000000
61.75299652,3.93700800
61.75400132,7.87401500
61.75500612,0.00000000
61.75601092,-3.93700800
61.75701572,3.93700800
61.75802052,0.00000000
61.75902532,0.00000000
61.76003012,7.87401500
61.76103492,3.93700800
61.76203972,-7.87401500
61.76304452,-3.93700800
61.76404932,-3.93700800
61.76505412,0.00000000
61.76605892,3.93700800
61.76706372,3.93700800
61.76806852,0.00000000
61.76907332,3.93700800
61.77007812,0.00000000
61.77108292,0.00000000
61.77208772,-3.93700800
61.77309252,0.00000000
61.77409732,0.00000000
61.77510212,-3.93700800
61.77610692,7.87401500
61.77711172,0.00000000
61.77811652,0.00000000
61.77912132,3.93700800
61.78012612,0.00000000
61.78113092,3.93700800
61.78213572,3.93700800
61.78314052,3.93700800
61.78414532,3.93700800
61.78515012,0.00000000
61.78615492,7.87401500
61.78715972,0.00000000
61.78816452,3.93700800
61.78916932,0.00000000
61.79017412,-3.93700800
61.79117892,0.00000000
61.79218372,3.93700800
61.79318852,3.93700800
61.79419332,3.93700800
61.79519812,3.93700800
61.79620292,3.93700800
61.79720772,0.00000000
61.79821252,0.00000000
61.79921732,0.00000000
61.80022212,7.87401500
61.80122692,0.00000000
61.80223172,-3.93700800
61.80323652,0.00000000
61.80424132,0.00000000
61.80524612,0.00000000
61.80625092,0.00000000
61.80725572,3.93700800
61.80826052,7.87401500
61.80926532,0.00000000
61.81027012,0.00000000
61.81127492,3.93700800
61.81227972,3.93700800
61.81328452,3.93700800
61.81428932,7.87401500
61.81529412,3.93700800
61.81629892,3.93700800
61.81730372,3.93700800
61.81830852,0.00000000
61.81931332,3.93700800
61.82031812,7.87401500
61.82132292,3.93700800
61.82232772,0.00000000
61.82333252,3.93700800
61.82433732,3.93700800
61.82534212,3.93700800
61.82634692,3.93700800
61.82735172,0.00000000
61.82835652,0.00000000
61.82936132,0.00000000
61.83036612,7.87401500
61.83137092,3.93700800
61.83237572,3.93700800
61.83338052,3.93700800
61.83438532,3.93700800
61.83539012,0.00000000
61.83639492,7.87401500
61.83739972,3.93700800
61.83840452,3.93700800
61.83940932,-7.87401500
61.84041412,0.00000000
61.84141892,0.00000000
61.84242372,3.93700800
61.84342852,0.00000000
61.84443332,3.93700800
61.84543812,7.87401500
61.84644292,7.87401500
61.84744772,3.93700800
61.84845252,3.93700800
61.84945732,7.87401500
61.85046212,3.93700800
61.85146692,3.93700800
61.85247172,7.87401500
61.85347652,0.00000000
61.85448132,0.00000000
61.85548612,0.00000000
61.85649092,0.00000000
61.85749572,0.00000000
61.85850052,3.93700800
61.85950532,3.93700800
61.86051012,3.93700800
61.86151492,3.93700800
61.86251972,3.93700800
61.86352452,0.00000000
61.86452932,3.93700800
61.86553412,3.93700800
61.86653892,3.93700800
61.86754372,3.93700800
61.86854852,3.93700800
61.86955332,-3.93700800
61.87055812,0.00000000
61.87156292,0.00000000
61.87256772,19.68504000
61.87357252,11.81102000
61.87457732,3.93700800
61.87558212,0.00000000
61.87658692,0.00000000
61.87759172,3.93700800
61.87859652,11.81102000
61.87960132,-3.93700800
61.88060612,0.00000000
61.88161092,3.93700800
61.88261572,0.00000000
61.88362052,3.93700800
61.88462532,7.87401500
61.88563012,7.87401500
61.88663492,0.00000000
61.88763972,3.93700800
61.88864452,3.93700800
61.88964932,7.87401500
61.89065412,3.93700800
61.89165892,7.87401500
61.89266372,3.93700800
61.89366852,0.00000000
61.89467332,3.93700800
61.89567812,0.00000000
61.89668292,3.93700800
61.89768772,7.87401500
61.89869252,3.93700800
61.89969732,0.00000000
61.90070212,3.93700800
61.90170692,7.87401500
61.90271172,-3.93700800
61.90371652,-3.93700800
61.90472132,0.00000000
61.90572612,3.93700800
61.90673092,3.93700800
61.90773572,3.93700800
61.90874052,0.00000000
61.90974532,7.87401500
61.91075012,3.93700800
61.91175492,0.00000000
61.91275972,3.93700800
61.91376452,3.93700800
61.91476932,3.93700800
61.91577412,0.00000000
61.91677892,7.87401500
61.91778372,-15.74803000
61.91878852,-7.87401500
61.91979332,-3.93700800
61.92079812,0.00000000
61.92180292,0.00000000
61.92280772,7.87401500
61.92381252,3.93700800
61.92481732,3.93700800
61.92582212,7.87401500
61.92682692,7.87401500
61.92783172,7.87401500
61.92883652,7.87401500
61.92984132,3.93700800
61.93084612,7.87401500
61.93185092,3.93700800
61.93285572,3.93700800
61.93386052,7.87401500
61.93486532,3.93700800
61.93587012,0.00000000
61.93687492,3.93700800
61.93787972,0.00000000
61.93888452,3.93700800
61.93988932,3.93700800
61.94089412,0.00000000
61.94189892,7.87401500
61.94290372,3.93700800
61.94390852,3.93700800
61.94491332,7.87401500
61.94591812,3.93700800
61.94692292,3.93700800
61.94792772,7.87401500
61.94893252,7.87401500
61.94993732,7.87401500
61.95094212,7.87401500
61.95194692,0.00000000
61.95295172,0.00000000
61.95395652,0.00000000
61.95496132,3.93700800
61.95596612,7.87401500
61.95697092,-11.81102000
61.95797572,-3.93700800
61.95898052,3.93700800
61.95998532,3.93700800
61.96099012,7.87401500
61.96199492,3.93700800
61.96299972,7.87401500
61.96400452,7.87401500
61.96500932,11.81102000
61.96601412,11.81102000
61.96701892,0.00000000
61.96802372,3.93700800
61.96902852,3.93700800
61.97003332,15.74803000
61.97103812,7.87401500
61.97204292,11.81102000
61.97304772,7.87401500
61.97405252,3.93700800
61.97505732,7.87401500
61.97606212,7.87401500
61.97706692,11.81102000
61.97807172,7.87401500
61.97907652,11.81102000
61.98008132,3.93700800
61.98108612,11.81102000
61.98209092,7.87401500
61.98309572,7.87401500
61.98410052,3.93700800
61.98510532,7.87401500
61.98611012,3.93700800
61.98711492,7.87401500
61.98811972,7.87401500
61.98912452,7.87401500
61.99012932,3.93700800
61.99113412,3.93700800
61.99213892,7.87401500
61.99314372,3.93700800
61.99414852,7.87401500
61.99515332,3.93700800
61.99615812,-3.93700800
61.99716292,0.00000000
61.99816772,3.93700800
61.99917252,3.93700800
62.00017731,0.00000000
62.00118211,3.93700800
62.00218691,0.00000000
62.00319171,7.87401500
62.00419651,7.87401500
62.00520131,7.87401500
62.00620611,11.81102000
62.00721091,7.87401500
62.00821571,11.81102000
62.00922051,7.87401500
62.01022531,11.81102000
62.01123011,11.81102000
62.01223491,7.87401500
62.01323971,3.93700800
62.01424451,7.87401500
62.01524931,3.93700800
62.01625411,3.93700800
62.01725891,3.93700800
62.01826371,3.93700800
62.01926851,11.81102000
62.02027331,11.81102000
62.02127811,7.87401500
62.02228291,7.87401500
62.02328771,11.81102000
62.02429251,7.87401500
62.02529731,7.87401500
62.02630211,7.87401500
62.02730691,3.93700800
62.02831171,11.81102000
62.02931651,7.87401500
62.03032131,7.87401500
62.03132611,3.93700800
62.03233091,7.87401500
62.03333571,3.93700800
62.03434051,0.00000000
62.03534531,7.87401500
62.03635011,3.93700800
62.03735491,0.00000000
62.03835971,7.87401500
62.03936451,3.93700800
62.04036931,7.87401500
62.04137411,7.87401500
62.04237891,7.87401500
62.04338371,11.81102000
62.04438851,11.81102000
62.04539331,11.81102000
62.04639811,7.87401500
62.04740291,7.87401500
62.04840771,7.87401500
62.04941251,7.87401500
62.05041731,0.00000000
62.05142211,3.93700800
62.05242691,3.93700800
62.05343171,7.87401500
62.05443651,3.93700800
62.05544131,7.87401500
62.05644611,3.93700800
62.05745091,3.93700800
62.05845571,7.87401500
62.05946051,3.93700800
62.06046531,7.87401500
62.06147011,7.87401500
62.06247491,3.93700800
62.06347971,3.93700800
62.06448451,-7.87401500
62.06548931,3.93700800
62.06649411,0.00000000
62.06749891,7.87401500
62.06850371,3.93700800
62.06950851,7.87401500
62.07051331,7.87401500
62.07151811,11.81102000
62.07252291,7.87401500
62.07352771,0.00000000
62.07453251,-7.87401500
62.07553731,3.93700800
62.07654211,3.93700800
62.07754691,3.93700800
62.07855171,3.93700800
62.07955651,11.81102000
62.08056131,11.81102000
62.08156611,3.93700800
62.08257091,7.87401500
62.08357571,7.87401500
62.08458051,11.81102000
62.08558531,7.87401500
62.08659011,7.87401500
62.08759491,11.81102000
62.08859971,3.93700800
62.08960451,3.93700800
62.09060931,7.87401500
62.09161411,7.87401500
62.09261891,7.87401500
62.09362371,11.81102000
62.09462851,7.87401500
62.09563331,3.93700800
62.09663811,7.87401500
62.09764291,3.93700800
62.09864771,7.87401500
62.09965251,0.00000000
62.10065731,7.87401500
62.10166211,7.87401500
62.10266691,3.93700800
62.10367171,3.93700800
62.10467651,3.93700800
62.10568131,7.87401500
62.10668611,3.93700800
62.10769091,7.87401500
62.10869571,7.87401500
62.10970051,11.81102000
62.11070531,7.87401500
62.11171011,7.87401500
62.11271491,-3.93700800
62.11371971,-3.93700800
62.11472451,0.00000000
62.11572931,0.00000000
62.11673411,0.00000000
62.11773891,7.87401500
62.11874371,11.81102000
62.11974851,7.87401500
62.12075331,11.81102000
62.12175811,7.87401500
62.12276291,7.87401500
62.12376771,7.87401500
62.12477251,7.87401500
62.12577731,7.87401500
62.12678211,11.81102000
62.12778691,7.87401500
62.12879171,7.87401500
62.12979651,7.87401500
62.13080131,7.87401500
62.13180611,7.87401500
62.13281091,7.87401500
62.13381571,7.87401500
62.13482051,7.87401500
62.13582531,7.87401500
62.13683011,11.81102000
62.13783491,7.87401500
62.13883971,7.87401500
62.13984451,3.93700800
62.14084931,7.87401500
62.14185411,11.81102000
62.14285891,11.81102000
62.14386371,11.81102000
62.14486851,3.93700800
62.14587331,7.87401500
62.14687811,7.87401500
62.14788291,7.87401500
62.14888771,11.81102000
62.14989251,11.81102000
62.15089731,7.87401500
62.15190211,0.00000000
62.15290691,3.93700800
62.15391171,7.87401500
62.15491651,3.93700800
62.15592131,7.87401500
62.15692611,7.87401500
62.15793091,11.81102000
62.15893571,11.81102000
62.15994051,11.81102000
62.16094531,11.81102000
62.16195011,7.87401500
62.16295491,7.87401500
62.16395971,3.93700800
62.16496451,19.68504000
62.16596931,7.87401500
62.16697411,11.81102000
62.16797891,3.93700800
62.16898371,7.87401500
62.16998851,11.81102000
62.17099331,11.81102000
62.17199811,11.81102000
62.17300291,7.87401500
62.17400771,7.87401500
62.17501251,11.81102000
62.17601731,3.93700800
62.17702211,11.81102000
62.17802691,7.87401500
62.17903171,3.93700800
62.18003651,3.93700800
62.18104131,3.93700800
62.18204611,3.93700800
62.18305091,7.87401500
62.18405571,7.87401500
62.18506051,3.93700800
62.18606531,7.87401500
62.18707011,7.87401500
62.18807491,7.87401500
62.18907971,7.87401500
62.19008451,7.87401500
62.19108931,7.87401500
62.19209411,3.93700800
62.19309891,0.00000000
62.19410371,3.93700800
62.19510851,3.93700800
62.19611331,3.93700800
62.19711811,3.93700800
62.19812291,11.81102000
62.19912771,11.81102000
62.20013251,11.81102000
62.20113731,7.87401500
62.20214211,7.87401500
62.20314691,11.81102000
62.20415171,11.81102000
62.20515651,7.87401500
62.20616131,7.87401500
62.20716611,7.87401500
62.20817091,7.87401500
62.20917571,11.81102000
62.21018051,7.87401500
62.21118531,0.00000000
62.21219011,3.93700800
62.21319491,3.93700800
62.21419971,11.81102000
62.21520451,3.93700800
62.21620931,7.87401500
62.21721411,7.87401500
62.21821891,7.87401500
62.21922371,7.87401500
62.22022851,7.87401500
62.22123331,7.87401500
62.22223811,7.87401500
62.22324291,3.93700800
62.22424771,7.87401500
62.22525251,11.81102000
62.22625731,7.87401500
62.22726211,0.00000000
62.22826691,3.93700800
62.22927171,7.87401500
62.23027651,7.87401500
62.23128131,3.93700800
62.23228611,3.93700800
62.23329091,0.00000000
62.23429571,7.87401500
62.23530051,7.87401500
62.23630531,7.87401500
62.23731011,7.87401500
62.23831491,11.81102000
62.23931971,7.87401500
62.24032451,11.81102000
62.24132931,7.87401500
62.24233411,11.81102000
62.24333891,11.81102000
62.24434371,7.87401500
62.24534851,3.93700800
62.24635331,7.87401500
62.24735811,7.87401500
62.24836291,7.87401500
62.24936771,3.93700800
62.25037251,11.81102000
62.25137731,11.81102000
62.25238211,7.87401500
62.25338691,7.87401500
62.25439171,3.93700800
62.25539651,7.87401500
62.25640131,7.87401500
62.25740611,15.74803000
62.25841091,7.87401500
62.25941571,0.00000000
62.26042051,3.93700800
62.26142531,3.93700800
62.26243011,7.87401500
62.26343491,15.74803000
62.26443971,7.87401500
62.26544451,11.81102000
62.26644931,11.81102000
62.26745411,7.87401500
62.26845891,7.87401500
62.26946371,11.81102000
62.27046851,3.93700800
62.27147331,3.93700800
62.27247811,3.93700800
62.27348291,3.93700800
62.27448771,3.93700800
62.27549251,0.00000000
62.27649731,3.93700800
62.27750211,3.93700800
62.27850691,23.62205000
62.27951171,7.87401500
62.28051651,7.87401500
62.28152131,7.87401500
62.28252611,11.81102000
62.28353091,7.87401500
62.28453571,7.87401500
62.28554051,7.87401500
62.28654531,7.87401500
62.28755011,7.87401500
62.28855491,11.81102000
62.28955971,7.87401500
62.29056451,7.87401500
62.29156931,7.87401500
62.29257411,7.87401500
62.29357891,3.93700800
62.29458371,0.00000000
62.29558851,7.87401500
62.29659331,7.87401500
62.29759811,7.87401500
62.29860291,3.93700800
62.29960771,7.87401500
62.30061251,3.93700800
62.30161731,11.81102000
62.30262211,7.87401500
62.30362691,7.87401500
62.30463171,7.87401500
62.30563651,7.87401500
62.30664131,7.87401500
62.30764611,11.81102000
62.30865091,7.87401500
62.30965571,3.93700800
62.31066051,0.00000000
62.31166531,0.00000000
62.31267011,0.00000000
62.31367491,3.93700800
62.31467971,7.87401500
62.31568451,7.87401500
62.31668931,11.81102000
62.31769411,7.87401500
62.31869891,7.87401500
62.31970371,7.87401500
62.32070851,7.87401500
62.32171331,11.81102000
62.32271811,11.81102000
62.32372291,7.87401500
62.32472771,3.93700800
62.32573251,3.93700800
62.32673731,3.93700800
62.32774211,7.87401500
62.32874690,11.81102000
62.32975170,11.81102000
62.33075650,7.87401500
62.33176130,7.87401500
62.33276610,7.87401500
62.33377090,7.87401500
62.33477570,7.87401500
62.33578050,7.87401500
62.33678530,3.93700800
62.33779010,7.87401500
62.33879490,7.87401500
62.33979970,3.93700800
62.34080450,7.87401500
62.34180930,3.93700800
62.34281410,3.93700800
62.34381890,7.87401500
62.34482370,3.93700800
62.34582850,7.87401500
62.34683330,7.87401500
62.34783810,7.87401500
62.34884290,7.87401500
62.34984770,3.93700800
62.35085250,0.00000000
62.35185730,0.00000000
62.35286210,7.87401500
62.35386690,7.87401500
62.35487170,7.87401500
62.35587650,7.87401500
62.35688130,7.87401500
62.35788610,3.93700800
62.35889090,3.93700800
62.35989570,7.87401500
62.36090050,11.81102000
62.36190530,7.87401500
62.36291010,7.87401500
62.36391490,7.87401500
62.36491970,7.87401500
62.36592450,7.87401500
62.36692930,7.87401500
62.36793410,11.81102000
62.36893890,7.87401500
62.36994370,7.87401500
62.37094850,3.93700800
62.37195330,7.87401500
62.37295810,-3.93700800
62.37396290,7.87401500
62.37496770,7.87401500
62.37597250,23.62205000
62.37697730,7.87401500
62.37798210,11.81102000
62.37898690,7.87401500
62.37999170,11.81102000
62.38099650,7.87401500
62.38200130,7.87401500
62.38300610,7.87401500
62.38401090,7.87401500
62.38501570,7.87401500
62.38602050,3.93700800
62.38702530,11.81102000
62.38803010,7.87401500
62.38903490,11.81102000
62.39003970,-3.93700800
62.39104450,0.00000000
62.39204930,3.93700800
62.39305410,11.81102000
62.39405890,3.93700800
62.39506370,7.87401500
62.39606850,7.87401500
62.39707330,7.87401500
62.39807810,7.87401500
62.39908290,11.81102000
62.40008770,11.81102000
62.40109250,7.87401500
62.40209730,7.87401500
62.40310210,11.81102000
62.40410690,7.87401500
62.40511170,7.87401500
62.40611650,3.93700800
62.40712130,3.93700800
62.40812610,3.93700800
62.40913090,3.93700800
62.41013570,3.93700800
62.41114050,7.87401500
62.41214530,7.87401500
62.41315010,3.93700800
62.41415490,3.93700800
62.41515970,11.81102000
62.41616450,7.87401500
62.41716930,3.93700800
62.41817410,11.81102000
62.41917890,7.87401500
62.42018370,7.87401500
62.42118850,7.87401500
62.42219330,0.00000000
62.42319810,3.93700800
62.42420290,0.00000000
62.42520770,0.00000000
62.42621250,3.93700800
62.42721730,7.87401500
62.42822210,3.93700800
62.42922690,7.87401500
62.43023170,3.93700800
62.43123650,3.93700800
62.43224130,3.93700800
62.43324610,3.93700800
62.43425090,3.93700800
62.43525570,7.87401500
62.43626050,11.81102000
62.43726530,7.87401500
62.43827010,3.93700800
62.43927490,7.87401500
62.44027970,7.87401500
62.44128450,7.87401500
62.44228930,11.81102000
62.44329410,7.87401500
62.44429890,7.87401500
62.44530370,11.81102000
62.44630850,7.87401500
62.44731330,11.81102000
62.44831810,7.87401500
62.44932290,7.87401500
62.45032770,3.93700800
62.45133250,3.93700800
62.45233730,7.87401500
62.45334210,7.87401500
62.45434690,3.93700800
62.45535170,0.00000000
62.45635650,7.87401500
62.45736130,3.93700800
62.45836610,7.87401500
62.45937090,11.81102000
62.46037570,7.87401500
62.46138050,3.93700800
62.46238530,3.93700800
62.46339010,7.87401500
62.46439490,3.93700800
62.46539970,3.93700800
62.46640450,3.93700800
62.46740930,7.87401500
62.46841410,0.00000000
62.46941890,-3.93700800
62.47042370,-11.81102000
62.47142850,-3.93700800
62.47243330,3.93700800
62.47343810,11.81102000
62.47444290,7.87401500
62.47544770,7.87401500
62.47645250,7.87401500
62.47745730,7.87401500
62.47846210,7.87401500
62.47946690,7.87401500
62.48047170,7.87401500
62.48147650,7.87401500
62.48248130,7.87401500
62.48348610,7.87401500
62.48449090,3.93700800
62.48549570,7.87401500
62.48650050,3.93700800
62.48750530,0.00000000
62.48851010,7.87401500
62.48951490,0.00000000
62.49051970,7.87401500
62.49152450,7.87401500
62.49252930,3.93700800
62.49353410,7.87401500
62.49453890,11.81102000
62.49554370,7.87401500
62.49654850,3.93700800
62.49755330,3.93700800
62.49855810,3.93700800
62.49956290,7.87401500
62.50056770,3.93700800
62.50157250,7.87401500
62.50257730,3.93700800
62.50358210,0.00000000
62.50458690,3.93700800
62.50559170,3.93700800
62.50659650,7.87401500
62.50760130,3.93700800
62.50860610,0.00000000
62.50961090,0.00000000
62.51061570,3.93700800
62.51162050,3.93700800
62.51262530,3.93700800
62.51363010,7.87401500
62.51463490,7.87401500
62.51563970,7.87401500
62.51664450,3.93700800
62.51764930,7.87401500
62.51865410,7.87401500
62.51965890,3.93700800
62.52066370,3.93700800
62.52166850,3.93700800
62.52267330,7.87401500
62.52367810,7.87401500
62.52468290,3.93700800
62.52568770,7.87401500
62.52669250,3.93700800
62.52769730,3.93700800
62.52870210,3.93700800
62.52970690,7.87401500
62.53071170,7.87401500
62.53171650,7.87401500
62.53272130,3.93700800
62.53372610,7.87401500
62.53473090,3.93700800
62.53573570,3.93700800
62.53674050,3.93700800
62.53774530,3.93700800
62.53875010,3.93700800
62.53975490,3.93700800
62.54075970,3.93700800
62.54176450,0.00000000
62.54276930,7.87401500
62.54377410,3.93700800
62.54477890,3.93700800
62.54578370,7.87401500
62.54678850,3.93700800
62.54779330,0.00000000
62.54879810,3.93700800
62.54980290,0.00000000
62.55080770,3.93700800
62.55181250,0.00000000
62.55281730,3.93700800
62.55382210,3.93700800
62.55482690,3.93700800
62.55583170,7.87401500
62.55683650,11.81102000
62.55784130,3.93700800
62.55884610,11.81102000
62.55985090,7.87401500
62.56085570,0.00000000
62.56186050,7.87401500
62.56286530,7.87401500
62.56387010,7.87401500
62.56487490,3.93700800
62.56587970,7.87401500
62.56688450,7.87401500
62.56788930,-3.93700800
62.56889410,7.87401500
62.56989890,7.87401500
62.57090370,3.93700800
62.57190850,7.87401500
62.57291330,11.81102000
62.57391810,7.87401500
62.57492290,7.87401500
62.57592770,7.87401500
62.57693250,3.93700800
62.57793730,7.87401500
62.57894210,7.87401500
62.57994690,11.81102000
62.58095170,11.81102000
62.58195650,3.93700800
62.58296130,7.87401500
62.58396610,-7.87401500
62.58497090,-3.93700800
62.58597570,0.00000000
62.58698050,0.00000000
62.58798530,3.93700800
62.58899010,3.93700800
62.58999490,7.87401500
62.59099970,7.87401500
62.59200450,3.93700800
62.59300930,3.93700800
62.59401410,7.87401500
62.59501890,7.87401500
62.59602370,7.87401500
62.59702850,7.87401500
62.59803330,7.87401500
62.59903810,3.93700800
62.60004290,3.93700800
62.60104770,7.87401500
62.60205250,0.00000000
62.60305730,3.93700800
62.60406210,11.81102000
62.60506690,3.93700800
62.60607170,7.87401500
62.60707650,7.87401500
62.60808130,3.93700800
62.60908610,3.93700800
62.61009090,11.81102000
62.61109570,7.87401500
62.61210050,7.87401500
62.61310530,3.93700800
62.61411010,7.87401500
62.61511490,7.87401500
62.61611970,7.87401500
62.61712450,3.93700800
62.61812930,0.00000000
62.61913410,0.00000000
62.62013890,7.87401500
62.62114370,7.87401500
62.62214850,3.93700800
62.62315330,0.00000000
62.62415810,-3.93700800
62.62516290,3.93700800
62.62616770,3.93700800
62.62717250,7.87401500
62.62817730,0.00000000
62.62918210,3.93700800
62.63018690,7.87401500
62.63119170,7.87401500
62.63219650,11.81102000
62.63320130,7.87401500
62.63420610,3.93700800
62.63521090,7.87401500
62.63621570,7.87401500
62.63722050,0.00000000
62.63822530,3.93700800
62.63923010,7.87401500
62.64023490,7.87401500
62.64123970,7.87401500
62.64224450,3.93700800
62.64324930,7.87401500
62.64425410,7.87401500
62.64525890,7.87401500
62.64626370,7.87401500
62.64726850,3.93700800
62.64827330,7.87401500
62.64927810,7.87401500
62.65028290,0.00000000
62.65128770,0.00000000
62.65229250,3.93700800
62.65329730,11.81102000
62.65430210,3.93700800
62.65530690,7.87401500
62.65631170,3.93700800
62.65731650,7.87401500
62.65832129,3.93700800
62.65932609,3.93700800
62.66033089,7.87401500
62.66133569,7.87401500
62.66234049,-3.93700800
62.66334529,-7.87401500
62.66435009,0.00000000
62.66535489,-3.93700800
62.66635969,-3.93700800
62.66736449,-3.93700800
62.66836929,7.87401500
62.66937409,7.87401500
62.67037889,7.87401500
62.67138369,11.81102000
62.67238849,7.87401500
62.67339329,7.87401500
62.67439809,7.87401500
62.67540289,3.93700800
62.67640769,3.93700800
62.67741249,7.87401500
62.67841729,3.93700800
62.67942209,7.87401500
62.68042689,7.87401500
62.68143169,7.87401500
62.68243649,3.93700800
62.68344129,3.93700800
62.68444609,11.81102000
62.68545089,7.87401500
62.68645569,7.87401500
62.68746049,11.81102000
62.68846529,7.87401500
62.68947009,7.87401500
62.69047489,7.87401500
62.69147969,3.93700800
62.69248449,11.81102000
62.69348929,7.87401500
62.69449409,7.87401500
62.69549889,7.87401500
62.69650369,11.81102000
62.69750849,7.87401500
62.69851329,0.00000000
62.69951809,3.93700800
62.70052289,11.81102000
62.70152769,7.87401500
62.70253249,3.93700800
62.70353729,0.00000000
62.70454209,3.93700800
62.70554689,3.93700800
62.70655169,0.00000000
62.70755649,3.93700800
62.70856129,7.87401500
62.70956609,3.93700800
62.71057089,7.87401500
62.71157569,7.87401500
62.71258049,7.87401500
62.71358529,11.81102000
62.71459009,0.00000000
62.71559489,3.93700800
62.71659969,3.93700800
62.71760449,15.74803000
62.71860929,7.87401500
62.71961409,7.87401500
62.72061889,11.81102000
62.72162369,7.87401500
62.72262849,11.81102000
62.72363329,7.87401500
62.72463809,7.87401500
62.72564289,11.81102000
62.72664769,11.81102000
62.72765249,7.87401500
62.72865729,7.87401500
62.72966209,15.74803000
62.73066689,7.87401500
62.73167169,7.87401500
62.73267649,11.81102000
62.73368129,7.87401500
62.73468609,11.81102000
62.73569089,7.87401500
62.73669569,11.81102000
62.73770049,3.93700800
62.73870529,11.81102000
62.73971009,7.87401500
62.74071489,0.00000000
62.74171969,7.87401500
62.74272449,7.87401500
62.74372929,-7.87401500
62.74473409,3.93700800
62.74573889,7.87401500
62.74674369,0.00000000
62.74774849,3.93700800
62.74875329,7.87401500
62.74975809,3.93700800
62.75076289,7.87401500
62.75176769,11.81102000
62.75277249,7.87401500
62.75377729,7.87401500
62.75478209,11.81102000
62.75578689,7.87401500
62.75679169,7.87401500
62.75779649,11.81102000
62.75880129,11.81102000
62.75980609,7.87401500
62.76081089,11.81102000
62.76181569,7.87401500
62.76282049,3.93700800
62.76382529,7.87401500
62.76483009,3.93700800
62.76583489,3.93700800
62.76683969,3.93700800
62.76784449,11.81102000
62.76884929,7.87401500
62.76985409,11.81102000
62.77085889,7.87401500
62.77186369,7.87401500
62.77286849,3.93700800
62.77387329,7.87401500
62.77487809,7.87401500
62.77588289,7.87401500
62.77688769,7.87401500
62.77789249,7.87401500
62.77889729,-3.93700800
62.77990209,3.93700800
62.78090689,11.81102000
62.78191169,19.68504000
62.78291649,7.87401500
62.78392129,3.93700800
62.78492609,0.00000000
62.78593089,0.00000000
62.78693569,3.93700800
62.78794049,3.93700800
62.78894529,7.87401500
62.78995009,3.93700800
62.79095489,7.87401500
62.79195969,3.93700800
62.79296449,7.87401500
62.79396929,3.93700800
62.79497409,7.87401500
62.79597889,7.87401500
62.79698369,3.93700800
62.79798849,3.93700800
62.79899329,7.87401500
62.79999809,7.87401500
62.80100289,3.93700800
62.80200769,7.87401500
62.80301249,7.87401500
62.80401729,7.87401500
62.80502209,3.93700800
62.80602689,7.87401500
62.80703169,7.87401500
62.80803649,7.87401500
62.80904129,11.81102000
62.81004609,7.87401500
62.81105089,11.81102000
62.81205569,3.93700800
62.81306049,3.93700800
62.81406529,3.93700800
62.81507009,7.87401500
62.81607489,11.81102000
62.81707969,3.93700800
62.81808449,3.93700800
62.81908929,7.87401500
62.82009409,3.93700800
62.82109889,3.93700800
62.82210369,0.00000000
62.82310849,0.00000000
62.82411329,3.93700800
62.82511809,0.00000000
62.82612289,7.87401500
62.82712769,7.87401500
62.82813249,0.00000000
62.82913729,3.93700800
62.83014209,3.93700800
62.83114689,7.87401500
62.83215169,7.87401500
62.83315649,7.87401500
62.83416129,7.87401500
62.83516609,7.87401500
62.83617089,11.81102000
62.83717569,11.81102000
62.83818049,3.93700800
62.83918529,7.87401500
62.84019009,7.87401500
62.84119489,7.87401500
62.84219969,7.87401500
62.84320449,7.87401500
62.84420929,7.87401500
62.84521409,7.87401500
62.84621889,3.93700800
62.84722369,7.87401500
62.84822849,11.81102000
62.84923329,11.81102000
62.85023809,7.87401500
62.85124289,7.87401500
62.85224769,11.81102000
62.85325249,7.87401500
62.85425729,7.87401500
62.85526209,7.87401500
62.85626689,11.81102000
62.85727169,7.87401500
62.85827649,7.87401500
62.85928129,7.87401500
62.86028609,11.81102000
62.86129089,3.93700800
62.86229569,-3.93700800
62.86330049,3.93700800
62.86430529,7.87401500
62.86531009,0.00000000
62.86631489,3.93700800
62.86731969,7.87401500
62.86832449,7.87401500
62.86932929,7.87401500
62.87033409,7.87401500
62.87133889,3.93700800
62.87234369,7.87401500
62.87334849,7.87401500
62.87435329,7.87401500
62.87535809,11.81102000
62.87636289,0.00000000
62.87736769,7.87401500
62.87837249,7.87401500
62.87937729,19.68504000
62.88038209,3.93700800
62.88138689,7.87401500
62.88239169,11.81102000
62.88339649,11.81102000
62.88440129,7.87401500
62.88540609,11.81102000
62.88641089,11.81102000
62.88741569,7.87401500
62.88842049,11.81102000
62.88942529,7.87401500
62.89043009,11.81102000
62.89143489,7.87401500
62.89243969,7.87401500
62.89344449,0.00000000
62.89444929,7.87401500
62.89545409,7.87401500
62.89645889,7.87401500
62.89746369,11.81102000
62.89846849,11.81102000
62.89947329,11.81102000
62.90047809,7.87401500
62.90148289,7.87401500
62.90248769,-11.81102000
62.90349249,3.93700800
62.90449729,7.87401500
62.90550209,3.93700800
62.90650689,7.87401500
62.90751169,7.87401500
62.90851649,7.87401500
62.90952129,7.87401500
62.91052609,7.87401500
62.91153089,3.93700800
62.91253569,7.87401500
62.91354049,15.74803000
62.91454529,11.81102000
62.91555009,15.74803000
62.91655489,7.87401500
62.91755969,11.81102000
62.91856449,11.81102000
62.91956929,7.87401500
62.92057409,7.87401500
62.92157889,11.81102000
62.92258369,7.87401500
62.92358849,7.87401500
62.92459329,11.81102000
62.92559809,15.74803000
62.92660289,7.87401500
62.92760769,11.81102000
62.92861249,15.74803000
62.92961729,15.74803000
62.93062209,7.87401500
62.93162689,7.87401500
62.93263169,7.87401500
62.93363649,7.87401500
62.93464129,11.81102000
62.93564609,15.74803000
62.93665089,11.81102000
62.93765569,11.81102000
62.93866049,7.87401500
62.93966529,15.74803000
62.94067009,7.87401500
62.94167489,3.93700800
62.94267969,-7.87401500
62.94368449,0.00000000
62.94468929,3.93700800
62.94569409,7.87401500
62.94669889,3.93700800
62.94770369,11.81102000
62.94870849,7.87401500
62.94971329,11.81102000
62.95071809,11.81102000
62.95172289,11.81102000
62.95272769,19.68504000
62.95373249,7.87401500
62.95473729,7.87401500
62.95574209,3.93700800
62.95674689,7.87401500
62.95775169,7.87401500
62.95875649,7.87401500
62.95976129,3.93700800
62.96076609,7.87401500
62.96177089,11.81102000
62.96277569,11.81102000
62.96378049,7.87401500
62.96478529,7.87401500
62.96579009,7.87401500
62.96679489,7.87401500
62.96779969,0.00000000
62.96880449,11.81102000
62.96980929,3.93700800
62.97081409,11.81102000
62.97181889,7.87401500
62.97282369,7.87401500
62.97382849,-7.87401500
62.97483329,3.93700800
62.97583809,7.87401500
62.97684289,3.93700800
62.97784769,7.87401500
62.97885249,7.87401500
62.97985729,19.68504000
62.98086209,11.81102000
62.98186689,-3.93700800
62.98287169,3.93700800
62.98387649,3.93700800
62.98488129,0.00000000
62.98588609,3.93700800
62.98689088,7.87401500
62.98789568,7.87401500
62.98890048,3.93700800
62.98990528,7.87401500
62.99091008,7.87401500
62.99191488,7.87401500
62.99291968,3.93700800
62.99392448,3.93700800
62.99492928,3.93700800
62.99593408,7.87401500
62.99693888,7.87401500
62.99794368,11.81102000
62.99894848,7.87401500
62.99995328,7.87401500
63.00095808,15.74803000
63.00196288,7.87401500
63.00296768,7.87401500
63.00397248,11.81102000
63.00497728,7.87401500
63.00598208,3.93700800
63.00698688,3.93700800
63.00799168,3.93700800
63.00899648,3.93700800
63.01000128,11.81102000
63.01100608,7.87401500
63.01201088,7.87401500
63.01301568,11.81102000
63.01402048,7.87401500
63.01502528,7.87401500
63.01603008,3.93700800
63.01703488,3.93700800
63.01803968,7.87401500
63.01904448,11.81102000
63.02004928,7.87401500
63.02105408,3.93700800
63.02205888,7.87401500
63.02306368,0.00000000
63.02406848,0.00000000
63.02507328,-3.93700800
63.02607808,3.93700800
63.02708288,7.87401500
63.02808768,7.87401500
63.02909248,7.87401500
63.03009728,7.87401500
63.03110208,7.87401500
63.03210688,7.87401500
63.03311168,7.87401500
63.03411648,7.87401500
63.03512128,11.81102000
63.03612608,7.87401500
63.03713088,7.87401500
63.03813568,11.81102000
63.03914048,7.87401500
63.04014528,7.87401500
63.04115008,3.93700800
63.04215488,7.87401500
63.04315968,7.87401500
63.04416448,11.81102000
63.04516928,7.87401500
63.04617408,11.81102000
63.04717888,7.87401500
63.04818368,7.87401500
63.04918848,11.81102000
63.05019328,11.81102000
63.05119808,11.81102000
63.05220288,7.87401500
63.05320768,7.87401500
63.05421248,7.87401500
63.05521728,7.87401500
63.05622208,3.93700800
63.05722688,7.87401500
63.05823168,7.87401500
63.05923648,11.81102000
63.06024128,7.87401500
63.06124608,7.87401500
63.06225088,3.93700800
63.06325568,7.87401500
63.06426048,7.87401500
63.06526528,7.87401500
63.06627008,7.87401500
63.06727488,11.81102000
63.06827968,11.81102000
63.06928448,7.87401500
63.07028928,7.87401500
63.07129408,0.00000000
63.07229888,7.87401500
63.07330368,3.93700800
63.07430848,11.81102000
63.07531328,7.87401500
63.07631808,7.87401500
63.07732288,7.87401500
63.07832768,7.87401500
63.07933248,7.87401500
63.08033728,7.87401500
63.08134208,7.87401500
63.08234688,7.87401500
63.08335168,7.87401500
63.08435648,3.93700800
63.08536128,7.87401500
63.08636608,7.87401500
63.08737088,7.87401500
63.08837568,3.93700800
63.08938048,3.93700800
63.09038528,7.87401500
63.09139008,3.93700800
63.09239488,7.87401500
63.09339968,7.87401500
63.09440448,7.87401500
63.09540928,7.87401500
63.09641408,3.93700800
63.09741888,7.87401500
63.09842368,7.87401500
63.09942848,11.81102000
63.10043328,3.93700800
63.10143808,0.00000000
63.10244288,3.93700800
63.10344768,3.93700800
63.10445248,-3.93700800
63.10545728,7.87401500
63.10646208,3.93700800
63.10746688,7.87401500
63.10847168,7.87401500
63.10947648,3.93700800
63.11048128,11.81102000
63.11148608,7.87401500
63.11249088,7.87401500
63.11349568,7.87401500
63.11450048,11.81102000
63.11550528,11.81102000
63.11651008,15.74803000
63.11751488,7.87401500
63.11851968,7.87401500
63.11952448,3.93700800
63.12052928,3.93700800
63.12153408,3.93700800
63.12253888,3.93700800
63.12354368,7.87401500
63.12454848,7.87401500
63.12555328,7.87401500
63.12655808,7.87401500
63.12756288,7.87401500
63.12856768,11.81102000
63.12957248,11.81102000
63.13057728,3.93700800
63.13158208,3.93700800
63.13258688,7.87401500
63.13359168,7.87401500
63.13459648,3.93700800
63.13560128,3.93700800
63.13660608,7.87401500
63.13761088,7.87401500
63.13861568,0.00000000
63.13962048,7.87401500
63.14062528,15.74803000
63.14163008,0.00000000
63.14263488,0.00000000
63.14363968,7.87401500
63.14464448,3.93700800
63.14564928,3.93700800
63.14665408,3.93700800
63.14765888,3.93700800
63.14866368,7.87401500
63.14966848,3.93700800
63.15067328,11.81102000
63.15167808,7.87401500
63.15268288,7.87401500
63.15368768,3.93700800
63.15469248,3.93700800
63.15569728,7.87401500
63.15670208,11.81102000
63.15770688,7.87401500
63.15871168,15.74803000
63.15971648,7.87401500
63.16072128,7.87401500
63.16172608,7.87401500
63.16273088,7.87401500
63.16373568,11.81102000
63.16474048,7.87401500
63.16574528,7.87401500
63.16675008,11.81102000
63.16775488,7.87401500
63.16875968,7.87401500
63.16976448,7.87401500
63.17076928,3.93700800
63.17177408,7.87401500
63.17277888,7.87401500
63.17378368,3.93700800
63.17478848,7.87401500
63.17579328,11.81102000
63.17679808,3.93700800
63.17780288,3.93700800
63.17880768,7.87401500
63.17981248,11.81102000
63.18081728,3.93700800
63.18182208,7.87401500
63.18282688,3.93700800
63.18383168,0.00000000
63.18483648,3.93700800
63.18584128,3.93700800
63.18684608,3.93700800
63.18785088,23.62205000
63.18885568,7.87401500
63.18986048,7.87401500
63.19086528,7.87401500
63.19187008,11.81102000
63.19287488,7.87401500
63.19387968,11.81102000
63.19488448,7.87401500
63.19588928,3.93700800
63.19689408,7.87401500
63.19789888,7.87401500
63.19890368,3.93700800
63.19990848,7.87401500
63.20091328,11.81102000
63.20191808,7.87401500
63.20292288,3.93700800
63.20392768,7.87401500
63.20493248,7.87401500
63.20593728,7.87401500
63.20694208,7.87401500
63.20794688,7.87401500
63.20895168,11.81102000
63.20995648,7.87401500
63.21096128,7.87401500
63.21196608,7.87401500
63.21297088,11.81102000
63.21397568,7.87401500
63.21498048,7.87401500
63.21598528,7.87401500
63.21699008,7.87401500
63.21799488,3.93700800
63.21899968,0.00000000
63.22000448,0.00000000
63.22100928,7.87401500
63.22201408,0.00000000
63.22301888,0.00000000
63.22402368,3.93700800
63.22502848,3.93700800
63.22603328,3.93700800
63.22703808,7.87401500
63.22804288,7.87401500
63.22904768,7.87401500
63.23005248,11.81102000
63.23105728,11.81102000
63.23206208,7.87401500
63.23306688,7.87401500
63.23407168,3.93700800
63.23507648,3.93700800
63.23608128,0.00000000
63.23708608,7.87401500
63.23809088,11.81102000
63.23909568,7.87401500
63.24010048,11.81102000
63.24110528,11.81102000
63.24211008,7.87401500
63.24311488,3.93700800
63.24411968,11.81102000
63.24512448,7.87401500
63.24612928,7.87401500
63.24713408,7.87401500
63.24813888,11.81102000
63.24914368,7.87401500
63.25014848,11.81102000
63.25115328,0.00000000
63.25215808,11.81102000
63.25316288,11.81102000
63.25416768,3.93700800
63.25517248,7.87401500
63.25617728,11.81102000
63.25718208,7.87401500
63.25818688,7.87401500
63.25919168,11.81102000
63.26019648,3.93700800
63.26120128,0.00000000
63.26220608,7.87401500
63.26321088,0.00000000
63.26421568,3.93700800
63.26522048,7.87401500
63.26622528,3.93700800
63.26723008,3.93700800
63.26823488,7.87401500
63.26923968,7.87401500
63.27024448,7.87401500
63.27124928,11.81102000
63.27225408,7.87401500
63.27325888,3.93700800
63.27426368,3.93700800
63.27526848,7.87401500
63.27627328,7.87401500
63.27727808,3.93700800
63.27828288,11.81102000
63.27928768,11.81102000
63.28029248,7.87401500
63.28129728,7.87401500
63.28230208,3.93700800
63.28330688,3.93700800
63.28431168,3.93700800
63.28531648,27.55905000
63.28632128,7.87401500
63.28732608,7.87401500
63.28833088,3.93700800
63.28933568,7.87401500
63.29034048,3.93700800
63.29134528,7.87401500
63.29235008,3.93700800
63.29335488,7.87401500
63.29435968,7.87401500
63.29536448,7.87401500
63.29636928,11.81102000
63.29737408,11.81102000
63.29837888,7.87401500
63.29938368,0.00000000
63.30038848,7.87401500
63.30139328,3.93700800
63.30239808,0.00000000
63.30340288,7.87401500
63.30440768,3.93700800
63.30541248,3.93700800
63.30641728,7.87401500
63.30742208,7.87401500
63.30842688,7.87401500
63.30943168,11.81102000
63.31043648,11.81102000
63.31144128,7.87401500
63.31244608,3.93700800
63.31345088,7.87401500
63.31445568,11.81102000
63.31546047,3.93700800
63.31646527,7.87401500
63.31747007,3.93700800
63.31847487,11.81102000
63.31947967,11.81102000
63.32048447,7.87401500
63.32148927,7.87401500
63.32249407,7.87401500
63.32349887,7.87401500
63.32450367,7.87401500
63.32550847,3.93700800
63.32651327,7.87401500
63.32751807,11.81102000
63.32852287,11.81102000
63.32952767,7.87401500
63.33053247,7.87401500
63.33153727,3.93700800
63.33254207,3.93700800
63.33354687,7.87401500
63.33455167,7.87401500
63.33555647,7.87401500
63.33656127,3.93700800
63.33756607,3.93700800
63.33857087,3.93700800
63.33957567,3.93700800
63.34058047,3.93700800
63.34158527,0.00000000
63.34259007,7.87401500
63.34359487,3.93700800
63.34459967,7.87401500
63.34560447,7.87401500
63.34660927,7.87401500
63.34761407,7.87401500
63.34861887,3.93700800
63.34962367,0.00000000
63.35062847,7.87401500
63.35163327,11.81102000
63.35263807,11.81102000
63.35364287,7.87401500
63.35464767,3.93700800
63.35565247,7.87401500
63.35665727,3.93700800
63.35766207,11.81102000
63.35866687,11.81102000
63.35967167,7.87401500
63.36067647,7.87401500
63.36168127,11.81102000
63.36268607,7.87401500
63.36369087,3.93700800
63.36469567,3.93700800
63.36570047,3.93700800
63.36670527,0.00000000
63.36771007,7.87401500
63.36871487,7.87401500
63.36971967,7.87401500
63.37072447,7.87401500
63.37172927,11.81102000
63.37273407,7.87401500
63.37373887,3.93700800
63.37474367,7.87401500
63.37574847,11.81102000
63.37675327,7.87401500
63.37775807,3.93700800
63.37876287,7.87401500
63.37976767,-11.81102000
63.38077247,3.93700800
63.38177727,0.00000000
63.38278207,7.87401500
63.38378687,3.93700800
63.38479167,7.87401500
63.38579647,7.87401500
63.38680127,11.81102000
63.38780607,11.81102000
63.38881087,7.87401500
63.38981567,11.81102000
63.39082047,7.87401500
63.39182527,7.87401500
63.39283007,7.87401500
63.39383487,11.81102000
63.39483967,11.81102000
63.39584447,7.87401500
63.39684927,7.87401500
63.39785407,7.87401500
63.39885887,7.87401500
63.39986367,3.93700800
63.40086847,7.87401500
63.40187327,11.81102000
63.40287807,7.87401500
63.40388287,3.93700800
63.40488767,7.87401500
63.40589247,7.87401500
63.40689727,7.87401500
63.40790207,11.81102000
63.40890687,15.74803000
63.40991167,7.87401500
63.41091647,7.87401500
63.41192127,7.87401500
63.41292607,3.93700800
63.41393087,3.93700800
63.41493567,7.87401500
63.41594047,7.87401500
63.41694527,7.87401500
63.41795007,7.87401500
63.41895487,-11.81102000
63.41995967,3.93700800
63.42096447,0.00000000
63.42196927,3.93700800
63.42297407,3.93700800
63.42397887,0.00000000
63.42498367,7.87401500
63.42598847,3.93700800
63.42699327,3.93700800
63.42799807,3.93700800
63.42900287,3.93700800
63.43000767,0.00000000
63.43101247,3.93700800
63.43201727,11.81102000
63.43302207,7.87401500
63.43402687,7.87401500
63.43503167,3.93700800
63.43603647,7.87401500
63.43704127,11.81102000
63.43804607,7.87401500
63.43905087,7.87401500
63.44005567,7.87401500
63.44106047,11.81102000
63.44206527,7.87401500
63.44307007,0.00000000
63.44407487,3.93700800
63.44507967,11.81102000
63.44608447,3.93700800
63.44708927,7.87401500
63.44809407,7.87401500
63.44909887,7.87401500
63.45010367,7.87401500
63.45110847,7.87401500
63.45211327,7.87401500
63.45311807,11.81102000
63.45412287,11.81102000
63.45512767,7.87401500
63.45613247,7.87401500
63.45713727,7.87401500
63.45814207,7.87401500
63.45914687,0.00000000
63.46015167,0.00000000
63.46115647,3.93700800
63.46216127,0.00000000
63.46316607,0.00000000
63.46417087,3.93700800
63.46517567,7.87401500
63.46618047,3.93700800
63.46718527,7.87401500
63.46819007,11.81102000
63.46919487,3.93700800
63.47019967,7.87401500
63.47120447,7.87401500
63.47220927,15.74803000
63.47321407,7.87401500
63.47421887,3.93700800
63.47522367,7.87401500
63.47622847,3.93700800
63.47723327,3.93700800
63.47823807,11.81102000
63.47924287,0.00000000
63.48024767,11.81102000
63.48125247,7.87401500
63.48225727,15.74803000
63.48326207,15.74803000
63.48426687,11.81102000
63.48527167,3.93700800
63.48627647,3.93700800
63.48728127,7.87401500
63.48828607,15.74803000
63.48929087,7.87401500
63.49029567,7.87401500
63.49130047,7.87401500
63.49230527,11.81102000
63.49331007,7.87401500
63.49431487,3.93700800
63.49531967,7.87401500
63.49632447,7.87401500
63.49732927,11.81102000
63.49833407,11.81102000
63.49933887,3.93700800
63.50034367,0.00000000
63.50134847,3.93700800
63.50235327,7.87401500
63.50335807,7.87401500
63.50436287,3.93700800
63.50536767,11.81102000
63.50637247,11.81102000
63.50737727,7.87401500
63.50838207,11.81102000
63.50938687,7.87401500
63.51039167,11.81102000
63.51139647,7.87401500
63.51240127,7.87401500
63.51340607,11.81102000
63.51441087,11.81102000
63.51541567,7.87401500
63.51642047,19.68504000
63.51742527,7.87401500
63.51843007,11.81102000
63.51943487,7.87401500
63.52043967,11.81102000
63.52144447,11.81102000
63.52244927,11.81102000
63.52345407,15.74803000
63.52445887,7.87401500
63.52546367,7.87401500
63.52646847,7.87401500
63.52747327,0.00000000
63.52847807,7.87401500
63.52948287,7.87401500
63.53048767,7.87401500
63.53149247,7.87401500
63.53249727,3.93700800
63.53350207,7.87401500
63.53450687,3.93700800
63.53551167,11.81102000
63.53651647,7.87401500
63.53752127,7.87401500
63.53852607,11.81102000
63.53953087,3.93700800
63.54053567,0.00000000
63.54154047,3.93700800
63.54254527,0.00000000
63.54355007,0.00000000
63.54455487,7.87401500
63.54555967,7.87401500
63.54656447,7.87401500
63.54756927,7.87401500
63.54857407,15.74803000
63.54957887,11.81102000
63.55058367,11.81102000
63.55158847,11.81102000
63.55259327,7.87401500
63.55359807,11.81102000
63.55460287,11.81102000
63.55560767,7.87401500
63.55661247,7.87401500
63.55761727,11.81102000
63.55862207,7.87401500
63.55962687,3.93700800
63.56063167,3.93700800
63.56163647,7.87401500
63.56264127,7.87401500
63.56364607,11.81102000
63.56465087,11.81102000
63.56565567,7.87401500
63.56666047,7.87401500
63.56766527,11.81102000
63.56867007,3.93700800
63.56967487,3.93700800
63.57067967,7.87401500
63.57168447,11.81102000
63.57268927,0.00000000
63.57369407,7.87401500
63.57469887,3.93700800
63.57570367,3.93700800
63.57670847,3.93700800
63.57771327,11.81102000
63.57871807,-3.93700800
63.57972287,7.87401500
63.58072767,0.00000000
63.58173247,0.00000000
63.58273727,7.87401500
63.58374207,7.87401500
63.58474687,3.93700800
63.58575167,7.87401500
63.58675647,7.87401500
63.58776127,3.93700800
63.58876607,11.81102000
63.58977087,7.87401500
63.59077567,3.93700800
63.59178047,3.93700800
63.59278527,3.93700800
63.59379007,7.87401500
63.59479487,7.87401500
63.59579967,11.81102000
63.59680447,7.87401500
63.59780927,7.87401500
63.59881407,7.87401500
63.59981887,7.87401500
63.60082367,7.87401500
63.60182847,11.81102000
63.60283327,3.93700800
63.60383807,7.87401500
63.60484287,7.87401500
63.60584767,11.81102000
63.60685247,11.81102000
63.60785727,7.87401500
63.60886207,7.87401500
63.60986687,3.93700800
63.61087167,11.81102000
63.61187647,11.81102000
63.61288127,11.81102000
63.61388607,3.93700800
63.61489087,7.87401500
63.61589567,7.87401500
63.61690047,3.93700800
63.61790527,11.81102000
63.61891007,3.93700800
63.61991487,3.93700800
63.62091967,3.93700800
63.62192447,7.87401500
63.62292927,3.93700800
63.62393407,0.00000000
63.62493887,3.93700800
63.62594367,3.93700800
63.62694847,7.87401500
63.62795327,7.87401500
63.62895807,7.87401500
63.62996287,7.87401500
63.63096767,7.87401500
63.63197247,7.87401500
63.63297727,11.81102000
63.63398207,3.93700800
63.63498687,7.87401500
63.63599167,11.81102000
63.63699647,11.81102000
63.63800127,11.81102000
63.63900607,3.93700800
63.64001087,3.93700800
63.64101567,3.93700800
63.64202047,0.00000000
63.64302527,3.93700800
63.64403007,11.81102000
63.64503486,11.81102000
63.64603966,7.87401500
63.64704446,11.81102000
63.64804926,7.87401500
63.64905406,11.81102000
63.65005886,11.81102000
63.65106366,11.81102000
63.65206846,7.87401500
63.65307326,3.93700800
63.65407806,7.87401500
63.65508286,7.87401500
63.65608766,7.87401500
63.65709246,3.93700800
63.65809726,0.00000000
63.65910206,-3.93700800
63.66010686,3.93700800
63.66111166,3.93700800
63.66211646,7.87401500
63.66312126,3.93700800
63.66412606,7.87401500
63.66513086,7.87401500
63.66613566,11.81102000
63.66714046,7.87401500
63.66814526,11.81102000
63.66915006,11.81102000
63.67015486,7.87401500
63.67115966,0.00000000
63.67216446,3.93700800
63.67316926,11.81102000
63.67417406,7.87401500
63.67517886,11.81102000
63.67618366,11.81102000
63.67718846,11.81102000
63.67819326,7.87401500
63.67919806,7.87401500
63.68020286,3.93700800
63.68120766,7.87401500
63.68221246,3.93700800
63.68321726,7.87401500
63.68422206,7.87401500
63.68522686,11.81102000
63.68623166,7.87401500
63.68723646,3.93700800
63.68824126,3.93700800
63.68924606,7.87401500
63.69025086,3.93700800
63.69125566,23.62205000
63.69226046,3.93700800
63.69326526,7.87401500
63.69427006,11.81102000
63.69527486,3.93700800
63.69627966,7.87401500
63.69728446,7.87401500
63.69828926,3.93700800
63.69929406,0.00000000
63.70029886,3.93700800
63.70130366,3.93700800
63.70230846,3.93700800
63.70331326,7.87401500
63.70431806,3.93700800
63.70532286,0.00000000
63.70632766,3.93700800
63.70733246,7.87401500
63.70833726,7.87401500
63.70934206,7.87401500
63.71034686,7.87401500
63.71135166,11.81102000
63.71235646,7.87401500
63.71336126,7.87401500
63.71436606,7.87401500
63.71537086,7.87401500
63.71637566,7.87401500
63.71738046,7.87401500
63.71838526,7.87401500
63.71939006,7.87401500
63.72039486,7.87401500
63.72139966,3.93700800
63.72240446,3.93700800
63.72340926,3.93700800
63.72441406,15.74803000
63.72541886,7.87401500
63.72642366,7.87401500
63.72742846,11.81102000
63.72843326,7.87401500
63.72943806,7.87401500
63.73044286,3.93700800
63.73144766,7.87401500
63.73245246,7.87401500
63.73345726,7.87401500
63.73446206,11.81102000
63.73546686,11.81102000
63.73647166,7.87401500
63.73747646,0.00000000
63.73848126,-3.93700800
63.73948606,3.93700800
63.74049086,0.00000000
63.74149566,7.87401500
63.74250046,3.93700800
63.74350526,7.87401500
63.74451006,0.00000000
63.74551486,7.87401500
63.74651966,7.87401500
63.74752446,11.81102000
63.74852926,11.81102000
63.74953406,7.87401500
63.75053886,11.81102000
63.75154366,7.87401500
63.75254846,11.81102000
63.75355326,7.87401500
63.75455806,3.93700800
63.75556286,7.87401500
63.75656766,7.87401500
63.75757246,7.87401500
63.75857726,7.87401500
63.75958206,7.87401500
63.76058686,15.74803000
63.76159166,3.93700800
63.76259646,11.81102000
63.76360126,11.81102000
63.76460606,7.87401500
63.76561086,7.87401500
63.76661566,15.74803000
63.76762046,7.87401500
63.76862526,7.87401500
63.76963006,7.87401500
63.77063486,3.93700800
63.77163966,7.87401500
63.77264446,15.74803000
63.77364926,11.81102000
63.77465406,11.81102000
63.77565886,11.81102000
63.77666366,11.81102000
63.77766846,7.87401500
63.77867326,11.81102000
63.77967806,3.93700800
63.78068286,3.93700800
63.78168766,0.00000000
63.78269246,11.81102000
63.78369726,3.93700800
63.78470206,15.74803000
63.78570686,-3.93700800
63.78671166,11.81102000
63.78771646,7.87401500
63.78872126,23.62205000
63.78972606,7.87401500
63.79073086,11.81102000
63.79173566,3.93700800
63.79274046,11.81102000
63.79374526,0.00000000
63.79475006,3.93700800
63.79575486,7.87401500
63.79675966,3.93700800
63.79776446,3.93700800
63.79876926,11.81102000
63.79977406,7.87401500
63.80077886,7.87401500
63.80178366,11.81102000
63.80278846,7.87401500
63.80379326,7.87401500
63.80479806,3.93700800
63.80580286,15.74803000
63.80680766,7.87401500
63.80781246,11.81102000
63.80881726,7.87401500
63.80982206,3.93700800
63.81082686,11.81102000
63.81183166,7.87401500
63.81283646,7.87401500
63.81384126,7.87401500
63.81484606,11.81102000
63.81585086,3.93700800
63.81685566,11.81102000
63.81786046,7.87401500
63.81886526,-7.87401500
63.81987006,0.00000000
63.82087486,3.93700800
63.82187966,0.00000000
63.82288446,3.93700800
63.82388926,7.87401500
63.82489406,11.81102000
63.82589886,7.87401500
63.82690366,11.81102000
63.82790846,11.81102000
63.82891326,11.81102000
63.82991806,11.81102000
63.83092286,7.87401500
63.83192766,7.87401500
63.83293246,11.81102000
63.83393726,7.87401500
63.83494206,3.93700800
63.83594686,7.87401500
63.83695166,3.93700800
63.83795646,7.87401500
63.83896126,7.87401500
63.83996606,11.81102000
63.84097086,3.93700800
63.84197566,7.87401500
63.84298046,7.87401500
63.84398526,7.87401500
63.84499006,7.87401500
63.84599486,7.87401500
63.84699966,15.74803000
63.84800446,7.87401500
63.84900926,3.93700800
63.85001406,7.87401500
63.85101886,7.87401500
63.85202366,3.93700800
63.85302846,0.00000000
63.85403326,7.87401500
63.85503806,7.87401500
63.85604286,7.87401500
63.85704766,7.87401500
63.85805246,11.81102000
63.85905726,15.74803000
63.86006206,0.00000000
63.86106686,7.87401500
63.86207166,3.93700800
63.86307646,3.93700800
63.86408126,7.87401500
63.86508606,7.87401500
63.86609086,7.87401500
63.86709566,7.87401500
63.86810046,3.93700800
63.86910526,3.93700800
63.87011006,7.87401500
63.87111486,15.74803000
63.87211966,3.93700800
63.87312446,11.81102000
63.87412926,7.87401500
63.87513406,7.87401500
63.87613886,7.87401500
63.87714366,11.81102000
63.87814846,11.81102000
63.87915326,7.87401500
63.88015806,15.74803000
63.88116286,3.93700800
63.88216766,7.87401500
63.88317246,-3.93700800
63.88417726,3.93700800
63.88518206,7.87401500
63.88618686,19.68504000
63.88719166,7.87401500
63.88819646,7.87401500
63.88920126,11.81102000
63.89020606,7.87401500
63.89121086,11.81102000
63.89221566,7.87401500
63.89322046,7.87401500
63.89422526,7.87401500
63.89523006,11.81102000
63.89623486,7.87401500
63.89723966,7.87401500
63.89824446,3.93700800
63.89924926,-3.93700800
63.90025406,0.00000000
63.90125886,0.00000000
63.90226366,7.87401500
63.90326846,7.87401500
63.90427326,11.81102000
63.90527806,7.87401500
63.90628286,11.81102000
63.90728766,11.81102000
63.90829246,15.74803000
63.90929726,7.87401500
63.91030206,7.87401500
63.91130686,11.81102000
63.91231166,11.81102000
63.91331646,3.93700800
63.91432126,19.68504000
63.91532606,3.93700800
63.91633086,7.87401500
63.91733566,7.87401500
63.91834046,11.81102000
63.91934526,11.81102000
63.92035006,15.74803000
63.92135486,11.81102000
63.92235966,7.87401500
63.92336446,7.87401500
63.92436926,11.81102000
63.92537406,15.74803000
63.92637886,11.81102000
63.92738366,15.74803000
63.92838846,11.81102000
63.92939326,3.93700800
63.93039806,11.81102000
63.93140286,7.87401500
63.93240766,3.93700800
63.93341246,7.87401500
63.93441726,0.00000000
63.93542206,11.81102000
63.93642686,15.74803000
63.93743166,7.87401500
63.93843646,0.00000000
63.93944126,3.93700800
63.94044606,3.93700800
63.94145086,3.93700800
63.94245566,7.87401500
63.94346046,11.81102000
63.94446526,7.87401500
63.94547006,7.87401500
63.94647486,11.81102000
63.94747966,7.87401500
63.94848446,3.93700800
63.94948926,7.87401500
63.95049406,7.87401500
63.95149886,7.87401500
63.95250366,7.87401500
63.95350846,7.87401500
63.95451326,7.87401500
63.95551806,3.93700800
63.95652286,7.87401500
63.95752766,7.87401500
63.95853246,11.81102000
63.95953726,11.81102000
63.96054206,3.93700800
63.96154686,11.81102000
63.96255166,11.81102000
63.96355646,15.74803000
63.96456126,3.93700800
63.96556606,7.87401500
63.96657086,7.87401500
63.96757566,3.93700800
63.96858046,7.87401500
63.96958526,7.87401500
63.97059006,11.81102000
63.97159486,7.87401500
63.97259966,7.87401500
63.97360445,7.87401500
63.97460925,3.93700800
63.97561405,11.81102000
63.97661885,3.93700800
63.97762365,7.87401500
63.97862845,3.93700800
63.97963325,3.93700800
63.98063805,-3.93700800
63.98164285,0.00000000
63.98264765,3.93700800
63.98365245,11.81102000
63.98465725,11.81102000
63.98566205,11.81102000
63.98666685,7.87401500
63.98767165,7.87401500
63.98867645,11.81102000
63.98968125,7.87401500
63.99068605,11.81102000
63.99169085,15.74803000
63.99269565,7.87401500
63.99370045,11.81102000
63.99470525,7.87401500
63.99571005,7.87401500
63.99671485,7.87401500
63.99771965,7.87401500
63.99872445,0.00000000
63.99972925,0.00000000
64.00073405,0.00000000
64.00173885,11.81102000
64.00274365,11.81102000
64.00374845,11.81102000
64.00475325,11.81102000
64.00575805,7.87401500
64.00676285,7.87401500
64.00776765,11.81102000
64.00877245,11.81102000
64.00977725,3.93700800
64.01078205,15.74803000
64.01178685,3.93700800
64.01279165,7.87401500
64.01379645,7.87401500
64.01480125,3.93700800
64.01580605,7.87401500
64.01681085,11.81102000
64.01781565,7.87401500
64.01882045,-3.93700800
64.01982525,7.87401500
64.02083005,3.93700800
64.02183485,0.00000000
64.02283965,3.93700800
64.02384445,3.93700800
64.02484925,7.87401500
64.02585405,7.87401500
64.02685885,7.87401500
64.02786365,11.81102000
64.02886845,7.87401500
64.02987325,3.93700800
64.03087805,7.87401500
64.03188285,3.93700800
64.03288765,11.81102000
64.03389245,7.87401500
64.03489725,11.81102000
64.03590205,7.87401500
64.03690685,7.87401500
64.03791165,7.87401500
64.03891645,7.87401500
64.03992125,7.87401500
64.04092605,7.87401500
64.04193085,7.87401500
64.04293565,11.81102000
64.04394045,7.87401500
64.04494525,7.87401500
64.04595005,7.87401500
64.04695485,3.93700800
64.04795965,3.93700800
64.04896445,11.81102000
64.04996925,11.81102000
64.05097405,7.87401500
64.05197885,11.81102000
64.05298365,7.87401500
64.05398845,11.81102000
64.05499325,3.93700800
64.05599805,11.81102000
64.05700285,7.87401500
64.05800765,3.93700800
64.05901245,3.93700800
64.06001725,3.93700800
64.06102205,7.87401500
64.06202685,7.87401500
64.06303165,0.00000000
64.06403645,7.87401500
64.06504125,7.87401500
64.06604605,7.87401500
64.06705085,11.81102000
64.06805565,7.87401500
64.06906045,11.81102000
64.07006525,7.87401500
64.07107005,7.87401500
64.07207485,7.87401500
64.07307965,7.87401500
64.07408445,11.81102000
64.07508925,7.87401500
64.07609405,7.87401500
64.07709885,7.87401500
64.07810365,3.93700800
64.07910845,7.87401500
64.08011325,7.87401500
64.08111805,7.87401500
64.08212285,11.81102000
64.08312765,7.87401500
64.08413245,7.87401500
64.08513725,11.81102000
64.08614205,11.81102000
64.08714685,11.81102000
64.08815165,7.87401500
64.08915645,7.87401500
64.09016125,11.81102000
64.09116605,7.87401500
64.09217085,11.81102000
64.09317565,7.87401500
64.09418045,3.93700800
64.09518525,-3.93700800
64.09619005,0.00000000
64.09719485,3.93700800
64.09819965,3.93700800
64.09920445,7.87401500
64.10020925,7.87401500
64.10121405,7.87401500
64.10221885,7.87401500
64.10322365,7.87401500
64.10422845,11.81102000
64.10523325,3.93700800
64.10623805,15.74803000
64.10724285,7.87401500
64.10824765,3.93700800
64.10925245,7.87401500
64.11025725,7.87401500
64.11126205,0.00000000
64.11226685,3.93700800
64.11327165,7.87401500
64.11427645,7.87401500
64.11528125,11.81102000
64.11628605,11.81102000
64.11729085,11.81102000
64.11829565,7.87401500
64.11930045,7.87401500
64.12030525,11.81102000
64.12131005,11.81102000
64.12231485,11.81102000
64.12331965,11.81102000
64.12432445,7.87401500
64.12532925,7.87401500
64.12633405,11.81102000
64.12733885,7.87401500
64.12834365,11.81102000
64.12934845,7.87401500
64.13035325,11.81102000
64.13135805,11.81102000
64.13236285,11.81102000
64.13336765,11.81102000
64.13437245,7.87401500
64.13537725,3.93700800
64.13638205,0.00000000
64.13738685,3.93700800
64.13839165,7.87401500
64.13939645,7.87401500
64.14040125,7.87401500
64.14140605,11.81102000
64.14241085,15.74803000
64.14341565,7.87401500
64.14442045,3.93700800
64.14542525,7.87401500
64.14643005,3.93700800
64.14743485,11.81102000
64.14843965,7.87401500
64.14944445,3.93700800
64.15044925,11.81102000
64.15145405,3.93700800
64.15245885,7.87401500
64.15346365,7.87401500
64.15446845,7.87401500
64.15547325,7.87401500
64.15647805,11.81102000
64.15748285,0.00000000
64.15848765,7.87401500
64.15949245,7.87401500
64.16049725,7.87401500
64.16150205,3.93700800
64.16250685,11.81102000
64.16351165,11.81102000
64.16451645,7.87401500
64.16552125,7.87401500
64.16652605,11.81102000
64.16753085,11.81102000
64.16853565,11.81102000
64.16954045,7.87401500
64.17054525,11.81102000
64.17155005,7.87401500
64.17255485,11.81102000
64.17355965,11.81102000
64.17456445,7.87401500
64.17556925,3.93700800
64.17657405,3.93700800
64.17757885,0.00000000
64.17858365,7.87401500
64.17958845,7.87401500
64.18059325,3.93700800
64.18159805,11.81102000
64.18260285,7.87401500
64.18360765,3.93700800
64.18461245,11.81102000
64.18561725,7.87401500
64.18662205,11.81102000
64.18762685,11.81102000
64.18863165,7.87401500
64.18963645,15.74803000
64.19064125,7.87401500
64.19164605,3.93700800
64.19265085,11.81102000
64.19365565,7.87401500
64.19466045,27.55905000
64.19566525,7.87401500
64.19667005,11.81102000
64.19767485,7.87401500
64.19867965,11.81102000
64.19968445,11.81102000
64.20068925,11.81102000
64.20169405,11.81102000
64.20269885,7.87401500
64.20370365,15.74803000
64.20470845,15.74803000
64.20571325,7.87401500
64.20671805,7.87401500
64.20772285,7.87401500
64.20872765,7.87401500
64.20973245,7.87401500
64.21073725,7.87401500
64.21174205,11.81102000
64.21274685,7.87401500
64.21375165,7.87401500
64.21475645,11.81102000
64.21576125,11.81102000
64.21676605,7.87401500
64.21777085,7.87401500
64.21877565,0.00000000
64.21978045,3.93700800
64.22078525,7.87401500
64.22179005,11.81102000
64.22279485,7.87401500
64.22379965,11.81102000
64.22480445,7.87401500
64.22580925,7.87401500
64.22681405,7.87401500
64.22781885,11.81102000
64.22882365,7.87401500
64.22982845,11.81102000
64.23083325,11.81102000
64.23183805,7.87401500
64.23284285,11.81102000
64.23384765,11.81102000
64.23485245,11.81102000
64.23585725,7.87401500
64.23686205,11.81102000
64.23786685,11.81102000
64.23887165,7.87401500
64.23987645,7.87401500
64.24088125,7.87401500
64.24188605,3.93700800
64.24289085,7.87401500
64.24389565,11.81102000
64.24490045,11.81102000
64.24590525,7.87401500
64.24691005,3.93700800
64.24791485,11.81102000
64.24891965,3.93700800
64.24992445,7.87401500
64.25092925,15.74803000
64.25193405,11.81102000
64.25293885,3.93700800
64.25394365,11.81102000
64.25494845,7.87401500
64.25595325,7.87401500
64.25695805,3.93700800
64.25796285,0.00000000
64.25896765,0.00000000
64.25997245,7.87401500
64.26097725,7.87401500
64.26198205,3.93700800
64.26298685,11.81102000
64.26399165,7.87401500
64.26499645,7.87401500
64.26600125,11.81102000
64.26700605,11.81102000
64.26801085,15.74803000
64.26901565,11.81102000
64.27002045,11.81102000
64.27102525,7.87401500
64.27203005,11.81102000
64.27303485,7.87401500
64.27403965,7.87401500
64.27504445,3.93700800
64.27604925,7.87401500
64.27705405,7.87401500
64.27805885,15.74803000
64.27906365,15.74803000
64.28006845,11.81102000
64.28107325,11.81102000
64.28207805,19.68504000
64.28308285,11.81102000
64.28408765,11.81102000
64.28509245,3.93700800
64.28609725,7.87401500
64.28710205,11.81102000
64.28810685,11.81102000
64.28911165,-3.93700800
64.29011645,7.87401500
64.29112125,3.93700800
64.29212605,31.49606000
64.29313085,11.81102000
64.29413565,7.87401500
64.29514045,15.74803000
64.29614525,11.81102000
64.29715005,3.93700800
64.29815485,0.00000000
64.29915965,3.93700800
64.30016445,7.87401500
64.30116925,7.87401500
64.30217404,7.87401500
64.30317884,15.74803000
64.30418364,3.93700800
64.30518844,15.74803000
64.30619324,11.81102000
64.30719804,7.87401500
64.30820284,7.87401500
64.30920764,7.87401500
64.31021244,7.87401500
64.31121724,3.93700800
64.31222204,11.81102000
64.31322684,7.87401500
64.31423164,11.81102000
64.31523644,15.74803000
64.31624124,15.74803000
64.31724604,11.81102000
64.31825084,11.81102000
64.31925564,15.74803000
64.32026044,15.74803000
64.32126524,15.74803000
64.32227004,7.87401500
64.32327484,11.81102000
64.32427964,7.87401500
64.32528444,7.87401500
64.32628924,7.87401500
64.32729404,11.81102000
64.32829884,7.87401500
64.32930364,11.81102000
64.33030844,11.81102000
64.33131324,15.74803000
64.33231804,11.81102000
64.33332284,7.87401500
64.33432764,11.81102000
64.33533244,7.87401500
64.33633724,7.87401500
64.33734204,19.68504000
64.33834684,0.00000000
64.33935164,0.00000000
64.34035644,3.93700800
64.34136124,11.81102000
64.34236604,7.87401500
64.34337084,7.87401500
64.34437564,7.87401500
64.34538044,11.81102000
64.34638524,7.87401500
64.34739004,7.87401500
64.34839484,11.81102000
64.34939964,7.87401500
64.35040444,3.93700800
64.35140924,11.81102000
64.35241404,11.81102000
64.35341884,7.87401500
64.35442364,7.87401500
64.35542844,11.81102000
64.35643324,11.81102000
64.35743804,7.87401500
64.35844284,11.81102000
64.35944764,11.81102000
64.36045244,15.74803000
64.36145724,15.74803000
64.36246204,11.81102000
64.36346684,19.68504000
64.36447164,7.87401500
64.36547644,7.87401500
64.36648124,15.74803000
64.36748604,11.81102000
64.36849084,11.81102000
64.36949564,7.87401500
64.37050044,7.87401500
64.37150524,3.93700800
64.37251004,7.87401500
64.37351484,11.81102000
64.37451964,7.87401500
64.37552444,7.87401500
64.37652924,15.74803000
64.37753404,3.93700800
64.37853884,3.93700800
64.37954364,3.93700800
64.38054844,3.93700800
64.38155324,3.93700800
64.38255804,11.81102000
64.38356284,7.87401500
64.38456764,7.87401500
64.38557244,11.81102000
64.38657724,-3.93700800
64.38758204,7.87401500
64.38858684,7.87401500
64.38959164,15.74803000
64.39059644,7.87401500
64.39160124,7.87401500
64.39260604,11.81102000
64.39361084,7.87401500
64.39461564,11.81102000
64.39562044,11.81102000
64.39662524,7.87401500
64.39763004,7.87401500
64.39863484,11.81102000
64.39963964,7.87401500
64.40064444,7.87401500
64.40164924,11.81102000
64.40265404,7.87401500
64.40365884,7.87401500
64.40466364,3.93700800
64.40566844,3.93700800
64.40667324,7.87401500
64.40767804,11.81102000
64.40868284,11.81102000
64.40968764,7.87401500
64.41069244,7.87401500
64.41169724,7.87401500
64.41270204,7.87401500
64.41370684,7.87401500
64.41471164,7.87401500
64.41571644,7.87401500
64.41672124,7.87401500
64.41772604,7.87401500
64.41873084,3.93700800
64.41973564,0.00000000
64.42074044,3.93700800
64.42174524,3.93700800
64.42275004,11.81102000
64.42375484,7.87401500
64.42475964,7.87401500
64.42576444,7.87401500
64.42676924,11.81102000
64.42777404,15.74803000
64.42877884,7.87401500
64.42978364,11.81102000
64.43078844,7.87401500
64.43179324,11.81102000
64.43279804,7.87401500
64.43380284,15.74803000
64.43480764,11.81102000
64.43581244,3.93700800
64.43681724,3.93700800
64.43782204,7.87401500
64.43882684,7.87401500
64.43983164,11.81102000
64.44083644,11.81102000
64.44184124,11.81102000
64.44284604,11.81102000
64.44385084,7.87401500
64.44485564,7.87401500
64.44586044,15.74803000
64.44686524,7.87401500
64.44787004,7.87401500
64.44887484,11.81102000
64.44987964,11.81102000
64.45088444,7.87401500
64.45188924,7.87401500
64.45289404,3.93700800
64.45389884,7.87401500
64.45490364,7.87401500
64.45590844,11.81102000
64.45691324,7.87401500
64.45791804,7.87401500
64.45892284,3.93700800
64.45992764,3.93700800
64.46093244,7.87401500
64.46193724,3.93700800
64.46294204,7.87401500
64.46394684,11.81102000
64.46495164,3.93700800
64.46595644,7.87401500
64.46696124,11.81102000
64.46796604,7.87401500
64.46897084,3.93700800
64.46997564,11.81102000
64.47098044,11.81102000
64.47198524,11.81102000
64.47299004,7.87401500
64.47399484,7.87401500
64.47499964,7.87401500
64.47600444,11.81102000
64.47700924,11.81102000
64.47801404,11.81102000
64.47901884,7.87401500
64.48002364,15.74803000
64.48102844,11.81102000
64.48203324,11.81102000
64.48303804,15.74803000
64.48404284,3.93700800
64.48504764,7.87401500
64.48605244,7.87401500
64.48705724,15.74803000
64.48806204,11.81102000
64.48906684,15.74803000
64.49007164,7.87401500
64.49107644,15.74803000
64.49208124,11.81102000
64.49308604,15.74803000
64.49409084,7.87401500
64.49509564,11.81102000
64.49610044,11.81102000
64.49710524,7.87401500
64.49811004,11.81102000
64.49911484,3.93700800
64.50011964,7.87401500
64.50112444,3.93700800
64.50212924,3.93700800
64.50313404,7.87401500
64.50413884,11.81102000
64.50514364,11.81102000
64.50614844,7.87401500
64.50715324,11.81102000
64.50815804,15.74803000
64.50916284,11.81102000
64.51016764,7.87401500
64.51117244,15.74803000
64.51217724,11.81102000
64.51318204,7.87401500
64.51418684,7.87401500
64.51519164,11.81102000
64.51619644,7.87401500
64.51720124,7.87401500
64.51820604,7.87401500
64.51921084,7.87401500
64.52021564,7.87401500
64.52122044,11.81102000
64.52222524,7.87401500
64.52323004,7.87401500
64.52423484,11.81102000
64.52523964,3.93700800
64.52624444,11.81102000
64.52724924,7.87401500
64.52825404,11.81102000
64.52925884,11.81102000
64.53026364,11.81102000
64.53126844,7.87401500
64.53227324,7.87401500
64.53327804,7.87401500
64.53428284,11.81102000
64.53528764,7.87401500
64.53629244,11.81102000
64.53729724,7.87401500
64.53830204,7.87401500
64.53930684,0.00000000
64.54031164,7.87401500
64.54131644,3.93700800
64.54232124,3.93700800
64.54332604,7.87401500
64.54433084,7.87401500
64.54533564,11.81102000
64.54634044,15.74803000
64.54734524,11.81102000
64.54835004,11.81102000
64.54935484,7.87401500
64.55035964,7.87401500
64.55136444,3.93700800
64.55236924,15.74803000
64.55337404,11.81102000
64.55437884,11.81102000
64.55538364,7.87401500
64.55638844,15.74803000
64.55739324,11.81102000
64.55839804,7.87401500
64.55940284,19.68504000
64.56040764,15.74803000
64.56141244,7.87401500
64.56241724,15.74803000
64.56342204,7.87401500
64.56442684,11.81102000
64.56543164,7.87401500
64.56643644,7.87401500
64.56744124,0.00000000
64.56844604,11.81102000
64.56945084,7.87401500
64.57045564,7.87401500
64.57146044,15.74803000
64.57246524,11.81102000
64.57347004,7.87401500
64.57447484,7.87401500
64.57547964,7.87401500
64.57648444,11.81102000
64.57748924,7.87401500
64.57849404,7.87401500
64.57949884,11.81102000
64.58050364,3.93700800
64.58150844,0.00000000
64.58251324,3.93700800
64.58351804,7.87401500
64.58452284,11.81102000
64.58552764,7.87401500
64.58653244,7.87401500
64.58753724,11.81102000
64.58854204,3.93700800
64.58954684,11.81102000
64.59055164,7.87401500
64.59155644,7.87401500
64.59256124,11.81102000
64.59356604,15.74803000
64.59457084,11.81102000
64.59557564,11.81102000
64.59658044,7.87401500
64.59758524,7.87401500
64.59859004,11.81102000
64.59959484,3.93700800
64.60059964,7.87401500
64.60160444,15.74803000
64.60260924,11.81102000
64.60361404,11.81102000
64.60461884,11.81102000
64.60562364,15.74803000
64.60662844,11.81102000
64.60763324,7.87401500
64.60863804,11.81102000
64.60964284,7.87401500
64.61064764,7.87401500
64.61165244,11.81102000
64.61265724,11.81102000
64.61366204,3.93700800
64.61466684,7.87401500
64.61567164,3.93700800
64.61667644,7.87401500
64.61768124,11.81102000
64.61868604,7.87401500
64.61969084,11.81102000
64.62069564,7.87401500
64.62170044,0.00000000
64.62270524,7.87401500
64.62371004,7.87401500
64.62471484,7.87401500
64.62571964,3.93700800
64.62672444,11.81102000
64.62772924,7.87401500
64.62873404,7.87401500
64.62973884,11.81102000
64.63074364,7.87401500
64.63174843,3.93700800
64.63275323,3.93700800
64.63375803,15.74803000
64.63476283,11.81102000
64.63576763,11.81102000
64.63677243,7.87401500
64.63777723,11.81102000
64.63878203,3.93700800
64.63978683,15.74803000
64.64079163,3.93700800
64.64179643,11.81102000
64.64280123,7.87401500
64.64380603,11.81102000
64.64481083,7.87401500
64.64581563,7.87401500
64.64682043,7.87401500
64.64782523,3.93700800
64.64883003,3.93700800
64.64983483,7.87401500
64.65083963,11.81102000
64.65184443,7.87401500
64.65284923,11.81102000
64.65385403,7.87401500
64.65485883,7.87401500
64.65586363,11.81102000
64.65686843,7.87401500
64.65787323,7.87401500
64.65887803,11.81102000
64.65988283,7.87401500
64.66088763,7.87401500
64.66189243,7.87401500
64.66289723,7.87401500
64.66390203,7.87401500
64.66490683,0.00000000
64.66591163,11.81102000
64.66691643,7.87401500
64.66792123,11.81102000
64.66892603,11.81102000
64.66993083,7.87401500
64.67093563,7.87401500
64.67194043,7.87401500
64.67294523,7.87401500
64.67395003,7.87401500
64.67495483,11.81102000
64.67595963,11.81102000
64.67696443,11.81102000
64.67796923,11.81102000
64.67897403,7.87401500
64.67997883,7.87401500
64.68098363,7.87401500
64.68198843,15.74803000
64.68299323,7.87401500
64.68399803,7.87401500
64.68500283,7.87401500
64.68600763,11.81102000
64.68701243,7.87401500
64.68801723,7.87401500
64.68902203,15.74803000
64.69002683,7.87401500
64.69103163,7.87401500
64.69203643,3.93700800
64.69304123,7.87401500
64.69404603,7.87401500
64.69505083,3.93700800
64.69605563,7.87401500
64.69706043,7.87401500
64.69806523,27.55905000
64.69907003,7.87401500
64.70007483,7.87401500
64.70107963,3.93700800
64.70208443,0.00000000
64.70308923,7.87401500
64.70409403,3.93700800
64.70509883,3.93700800
64.70610363,7.87401500
64.70710843,7.87401500
64.70811323,11.81102000
64.70911803,11.81102000
64.71012283,11.81102000
64.71112763,7.87401500
64.71213243,7.87401500
64.71313723,7.87401500
64.71414203,7.87401500
64.71514683,7.87401500
64.71615163,11.81102000
64.71715643,11.81102000
64.71816123,15.74803000
64.71916603,7.87401500
64.72017083,7.87401500
64.72117563,15.74803000
64.72218043,11.81102000
64.72318523,7.87401500
64.72419003,11.81102000
64.72519483,11.81102000
64.72619963,7.87401500
64.72720443,15.74803000
64.72820923,11.81102000
64.72921403,11.81102000
64.73021883,3.93700800
64.73122363,15.74803000
64.73222843,7.87401500
64.73323323,11.81102000
64.73423803,15.74803000
64.73524283,11.81102000
64.73624763,7.87401500
64.73725243,11.81102000
64.73825723,7.87401500
64.73926203,7.87401500
64.74026683,11.81102000
64.74127163,15.74803000
64.74227643,0.00000000
64.74328123,11.81102000
64.74428603,3.93700800
64.74529083,3.93700800
64.74629563,7.87401500
64.74730043,7.87401500
64.74830523,11.81102000
64.74931003,15.74803000
64.75031483,3.93700800
64.75131963,7.87401500
64.75232443,7.87401500
64.75332923,7.87401500
64.75433403,11.81102000
64.75533883,11.81102000
64.75634363,11.81102000
64.75734843,7.87401500
64.75835323,7.87401500
64.75935803,11.81102000
64.76036283,11.81102000
64.76136763,3.93700800
64.76237243,11.81102000
64.76337723,7.87401500
64.76438203,11.81102000
64.76538683,11.81102000
64.76639163,7.87401500
64.76739643,7.87401500
64.76840123,7.87401500
64.76940603,11.81102000
64.77041083,7.87401500
64.77141563,7.87401500
64.77242043,15.74803000
64.77342523,7.87401500
64.77443003,11.81102000
64.77543483,7.87401500
64.77643963,7.87401500
64.77744443,11.81102000
64.77844923,7.87401500
64.77945403,11.81102000
64.78045883,11.81102000
64.78146363,7.87401500
64.78246843,11.81102000
64.78347323,11.81102000
64.78447803,3.93700800
64.78548283,3.93700800
64.78648763,3.93700800
64.78749243,11.81102000
64.78849723,11.81102000
64.78950203,7.87401500
64.79050683,7.87401500
64.79151163,7.87401500
64.79251643,-3.93700800
64.79352123,7.87401500
64.79452603,3.93700800
64.79553083,27.55905000
64.79653563,7.87401500
64.79754043,11.81102000
64.79854523,7.87401500
64.79955003,11.81102000
64.80055483,19.68504000
64.80155963,7.87401500
64.80256443,11.81102000
64.80356923,7.87401500
64.80457403,11.81102000
64.80557883,7.87401500
64.80658363,15.74803000
64.80758843,11.81102000
64.80859323,7.87401500
64.80959803,7.87401500
64.81060283,7.87401500
64.81160763,0.00000000
64.81261243,11.81102000
64.81361723,15.74803000
64.81462203,11.81102000
64.81562683,11.81102000
64.81663163,7.87401500
64.81763643,11.81102000
64.81864123,11.81102000
64.81964603,7.87401500
64.82065083,11.81102000
64.82165563,11.81102000
64.82266043,11.81102000
64.82366523,7.87401500
64.82467003,7.87401500
64.82567483,3.93700800
64.82667963,3.93700800
64.82768443,3.93700800
64.82868923,7.87401500
64.82969403,11.81102000
64.83069883,7.87401500
64.83170363,11.81102000
64.83270843,11.81102000
64.83371323,11.81102000
64.83471803,11.81102000
64.83572283,7.87401500
64.83672763,15.74803000
64.83773243,15.74803000
64.83873723,7.87401500
64.83974203,11.81102000
64.84074683,11.81102000
64.84175163,7.87401500
64.84275643,3.93700800
64.84376123,7.87401500
64.84476603,11.81102000
64.84577083,7.87401500
64.84677563,11.81102000
64.84778043,11.81102000
64.84878523,11.81102000
64.84979003,11.81102000
64.85079483,11.81102000
64.85179963,11.81102000
64.85280443,11.81102000
64.85380923,3.93700800
64.85481403,11.81102000
64.85581883,15.74803000
64.85682363,11.81102000
64.85782843,7.87401500
64.85883323,11.81102000
64.85983803,7.87401500
64.86084283,11.81102000
64.86184763,15.74803000
64.86285243,11.81102000
64.86385723,11.81102000
64.86486203,11.81102000
64.86586683,11.81102000
64.86687163,7.87401500
64.86787643,7.87401500
64.86888123,3.93700800
64.86988603,7.87401500
64.87089083,7.87401500
64.87189563,11.81102000
64.87290043,11.81102000
64.87390523,11.81102000
64.87491003,11.81102000
64.87591483,7.87401500
64.87691963,11.81102000
64.87792443,7.87401500
64.87892923,11.81102000
64.87993403,11.81102000
64.88093883,7.87401500
64.88194363,7.87401500
64.88294843,15.74803000
64.88395323,15.74803000
64.88495803,11.81102000
64.88596283,7.87401500
64.88696763,11.81102000
64.88797243,11.81102000
64.88897723,11.81102000
64.88998203,3.93700800
64.89098683,7.87401500
64.89199163,7.87401500
64.89299643,15.74803000
64.89400123,15.74803000
64.89500603,11.81102000
64.89601083,11.81102000
64.89701563,15.74803000
64.89802043,11.81102000
64.89902523,11.81102000
64.90003003,11.81102000
64.90103483,19.68504000
64.90203963,15.74803000
64.90304443,7.87401500
64.90404923,7.87401500
64.90505403,15.74803000
64.90605883,15.74803000
64.90706363,-3.93700800
64.90806843,3.93700800
64.90907323,0.00000000
64.91007803,7.87401500
64.91108283,11.81102000
64.91208763,11.81102000
64.91309243,11.81102000
64.91409723,11.81102000
64.91510203,11.81102000
64.91610683,11.81102000
64.91711163,11.81102000
64.91811643,15.74803000
64.91912123,11.81102000
64.92012603,11.81102000
64.92113083,7.87401500
64.92213563,15.74803000
64.92314043,11.81102000
64.92414523,11.81102000
64.92515003,15.74803000
64.92615483,15.74803000
64.92715963,7.87401500
64.92816443,15.74803000
64.92916923,11.81102000
64.93017403,15.74803000
64.93117883,11.81102000
64.93218363,11.81102000
64.93318843,7.87401500
64.93419323,11.81102000
64.93519803,11.81102000
64.93620283,11.81102000
64.93720763,11.81102000
64.93821243,11.81102000
64.93921723,3.93700800
64.94022203,11.81102000
64.94122683,7.87401500
64.94223163,11.81102000
64.94323643,15.74803000
64.94424123,3.93700800
64.94524603,7.87401500
64.94625083,7.87401500
64.94725563,7.87401500
64.94826043,11.81102000
64.94926523,3.93700800
64.95027003,7.87401500
64.95127483,7.87401500
64.95227963,7.87401500
64.95328443,11.81102000
64.95428923,11.81102000
64.95529403,7.87401500
64.95629883,7.87401500
64.95730363,11.81102000
64.95830843,11.81102000
64.95931323,11.81102000
64.96031802,11.81102000
64.96132282,7.87401500
64.96232762,11.81102000
64.96333242,11.81102000
64.96433722,11.81102000
64.96534202,11.81102000
64.96634682,11.81102000
64.96735162,11.81102000
64.96835642,11.81102000
64.96936122,7.87401500
64.97036602,7.87401500
64.97137082,11.81102000
64.97237562,7.87401500
64.97338042,3.93700800
64.97438522,15.74803000
64.97539002,15.74803000
64.97639482,7.87401500
64.97739962,15.74803000
64.97840442,7.87401500
64.97940922,7.87401500
64.98041402,11.81102000
64.98141882,11.81102000
64.98242362,7.87401500
64.98342842,7.87401500
64.98443322,11.81102000
64.98543802,11.81102000
64.98644282,7.87401500
64.98744762,3.93700800
64.98845242,7.87401500
64.98945722,-7.87401500
64.99046202,11.81102000
64.99146682,11.81102000
64.99247162,11.81102000
64.99347642,7.87401500
64.99448122,7.87401500
64.99548602,15.74803000
64.99649082,7.87401500
64.99749562,11.81102000
64.99850042,11.81102000
64.99950522,15.74803000
65.00051002,11.81102000
65.00151482,3.93700800
65.00251962,15.74803000
65.00352442,11.81102000
65.00452922,7.87401500
65.00553402,11.81102000
65.00653882,11.81102000
65.00754362,7.87401500
65.00854842,11.81102000
65.00955322,7.87401500
65.01055802,11.81102000
65.01156282,11.81102000
65.01256762,11.81102000
65.01357242,11.81102000
65.01457722,11.81102000
65.01558202,11.81102000
65.01658682,11.81102000
65.01759162,11.81102000
65.01859642,7.87401500
65.01960122,11.81102000
65.02060602,7.87401500
65.02161082,7.87401500
65.02261562,7.87401500
65.02362042,11.81102000
65.02462522,7.87401500
65.02563002,7.87401500
65.02663482,11.81102000
65.02763962,11.81102000
65.02864442,7.87401500
65.02964922,7.87401500
65.03065402,3.93700800
65.03165882,3.93700800
65.03266362,7.87401500
65.03366842,7.87401500
65.03467322,11.81102000
65.03567802,11.81102000
65.03668282,7.87401500
65.03768762,7.87401500
65.03869242,11.81102000
65.03969722,11.81102000
65.04070202,11.81102000
65.04170682,7.87401500
65.04271162,11.81102000
65.04371642,3.93700800
65.04472122,15.74803000
65.04572602,11.81102000
65.04673082,7.87401500
65.04773562,7.87401500
65.04874042,11.81102000
65.04974522,11.81102000
65.05075002,15.74803000
65.05175482,7.87401500
65.05275962,3.93700800
65.05376442,3.93700800
65.05476922,7.87401500
65.05577402,7.87401500
65.05677882,11.81102000
65.05778362,11.81102000
65.05878842,7.87401500
65.05979322,7.87401500
65.06079802,11.81102000
65.06180282,7.87401500
65.06280762,7.87401500
65.06381242,11.81102000
65.06481722,11.81102000
65.06582202,7.87401500
65.06682682,7.87401500
65.06783162,11.81102000
65.06883642,7.87401500
65.06984122,7.87401500
65.07084602,3.93700800
65.07185082,0.00000000
65.07285562,7.87401500
65.07386042,3.93700800
65.07486522,7.87401500
65.07587002,11.81102000
65.07687482,11.81102000
65.07787962,11.81102000
65.07888442,7.87401500
65.07988922,11.81102000
65.08089402,7.87401500
65.08189882,7.87401500
65.08290362,15.74803000
65.08390842,15.74803000
65.08491322,7.87401500
65.08591802,7.87401500
65.08692282,7.87401500
65.08792762,15.74803000
65.08893242,15.74803000
65.08993722,15.74803000
65.09094202,11.81102000
65.09194682,11.81102000
65.09295162,11.81102000
65.09395642,11.81102000
65.09496122,11.81102000
65.09596602,7.87401500
65.09697082,15.74803000
65.09797562,7.87401500
65.09898042,11.81102000
65.09998522,15.74803000
65.10099002,3.93700800
65.10199482,11.81102000
65.10299962,11.81102000
65.10400442,15.74803000
65.10500922,11.81102000
65.10601402,11.81102000
65.10701882,11.81102000
65.10802362,11.81102000
65.10902842,15.74803000
65.11003322,11.81102000
65.11103802,11.81102000
65.11204282,11.81102000
65.11304762,0.00000000
65.11405242,7.87401500
65.11505722,11.81102000
65.11606202,7.87401500
65.11706682,15.74803000
65.11807162,11.81102000
65.11907642,11.81102000
65.12008122,7.87401500
65.12108602,11.81102000
65.12209082,15.74803000
65.12309562,15.74803000
65.12410042,11.81102000
65.12510522,19.68504000
65.12611002,11.81102000
65.12711482,15.74803000
65.12811962,15.74803000
65.12912442,11.81102000
65.13012922,11.81102000
65.13113402,15.74803000
65.13213882,11.81102000
65.13314362,11.81102000
65.13414842,11.81102000
65.13515322,7.87401500
65.13615802,3.93700800
65.13716282,11.81102000
65.13816762,11.81102000
65.13917242,11.81102000
65.14017722,11.81102000
65.14118202,15.74803000
65.14218682,7.87401500
65.14319162,23.62205000
65.14419642,11.81102000
65.14520122,11.81102000
65.14620602,15.74803000
65.14721082,15.74803000
65.14821562,11.81102000
65.14922042,11.81102000
65.15022522,15.74803000
65.15123002,7.87401500
65.15223482,11.81102000
65.15323962,19.68504000
65.15424442,7.87401500
65.15524922,7.87401500
65.15625402,7.87401500
65.15725882,7.87401500
65.15826362,3.93700800
65.15926842,15.74803000
65.16027322,11.81102000
65.16127802,11.81102000
65.16228282,11.81102000
65.16328762,15.74803000
65.16429242,11.81102000
65.16529722,11.81102000
65.16630202,7.87401500
65.16730682,11.81102000
65.16831162,11.81102000
65.16931642,11.81102000
65.17032122,11.81102000
65.17132602,11.81102000
65.17233082,11.81102000
65.17333562,15.74803000
65.17434042,15.74803000
65.17534522,15.74803000
65.17635002,11.81102000
65.17735482,11.81102000
65.17835962,11.81102000
65.17936442,11.81102000
65.18036922,11.81102000
65.18137402,11.81102000
65.18237882,7.87401500
65.18338362,3.93700800
65.18438842,7.87401500
65.18539322,7.87401500
65.18639802,11.81102000
65.18740282,11.81102000
65.18840762,11.81102000
65.18941242,15.74803000
65.19041722,7.87401500
65.19142202,11.81102000
65.19242682,7.87401500
65.19343162,7.87401500
65.19443642,7.87401500
65.19544122,7.87401500
65.19644602,3.93700800
65.19745082,11.81102000
65.19845562,0.00000000
65.19946042,7.87401500
65.20046522,7.87401500
65.20147002,31.49606000
65.20247482,11.81102000
65.20347962,15.74803000
65.20448442,11.81102000
65.20548922,11.81102000
65.20649402,7.87401500
65.20749882,7.87401500
65.20850362,11.81102000
65.20950842,7.87401500
65.21051322,11.81102000
65.21151802,15.74803000
65.21252282,11.81102000
65.21352762,11.81102000
65.21453242,15.74803000
65.21553722,7.87401500
65.21654202,3.93700800
65.21754682,7.87401500
65.21855162,15.74803000
65.21955642,11.81102000
65.22056122,7.87401500
65.22156602,11.81102000
65.22257082,11.81102000
65.22357562,11.81102000
65.22458042,7.87401500
65.22558522,11.81102000
65.22659002,11.81102000
65.22759482,15.74803000
65.22859962,11.81102000
65.22960442,7.87401500
65.23060922,11.81102000
65.23161402,3.93700800
65.23261882,7.87401500
65.23362362,7.87401500
65.23462842,0.00000000
65.23563322,7.87401500
65.23663802,7.87401500
65.23764282,11.81102000
65.23864762,11.81102000
65.23965242,11.81102000
65.24065722,11.81102000
65.24166202,15.74803000
65.24266682,15.74803000
65.24367162,11.81102000
65.24467642,7.87401500
65.24568122,15.74803000
65.24668602,11.81102000
65.24769082,7.87401500
65.24869562,7.87401500
65.24970042,3.93700800
65.25070522,7.87401500
65.25171002,15.74803000
65.25271482,15.74803000
65.25371962,15.74803000
65.25472442,11.81102000
65.25572922,15.74803000
65.25673402,15.74803000
65.25773882,11.81102000
65.25874362,11.81102000
65.25974842,7.87401500
65.26075322,11.81102000
65.26175802,11.81102000
65.26276282,7.87401500
65.26376762,7.87401500
65.26477242,11.81102000
65.26577722,7.87401500
65.26678202,7.87401500
65.26778682,15.74803000
65.26879162,11.81102000
65.26979642,11.81102000
65.27080122,11.81102000
65.27180602,7.87401500
65.27281082,7.87401500
65.27381562,7.87401500
65.27482042,11.81102000
65.27582522,7.87401500
65.27683002,7.87401500
65.27783482,7.87401500
65.27883962,11.81102000
65.27984442,7.87401500
65.28084922,15.74803000
65.28185402,11.81102000
65.28285882,15.74803000
65.28386362,11.81102000
65.28486842,11.81102000
65.28587322,11.81102000
65.28687802,15.74803000
65.28788282,15.74803000
65.28888761,7.87401500
65.28989241,11.81102000
65.29089721,11.81102000
65.29190201,11.81102000
65.29290681,15.74803000
65.29391161,15.74803000
65.29491641,11.81102000
65.29592121,-3.93700800
65.29692601,7.87401500
65.29793081,7.87401500
65.29893561,23.62205000
65.29994041,11.81102000
65.30094521,7.87401500
65.30195001,11.81102000
65.30295481,11.81102000
65.30395961,3.93700800
65.30496441,11.81102000
65.30596921,7.87401500
65.30697401,11.81102000
65.30797881,7.87401500
65.30898361,11.81102000
65.30998841,7.87401500
65.31099321,11.81102000
65.31199801,19.68504000
65.31300281,7.87401500
65.31400761,7.87401500
65.31501241,3.93700800
65.31601721,3.93700800
65.31702201,3.93700800
65.31802681,7.87401500
65.31903161,7.87401500
65.32003641,11.81102000
65.32104121,7.87401500
65.32204601,7.87401500
65.32305081,11.81102000
65.32405561,11.81102000
65.32506041,15.74803000
65.32606521,15.74803000
65.32707001,11.81102000
65.32807481,7.87401500
65.32907961,7.87401500
65.33008441,7.87401500
65.33108921,15.74803000
65.33209401,15.74803000
65.33309881,11.81102000
65.33410361,11.81102000
65.33510841,11.81102000
65.33611321,7.87401500
65.33711801,11.81102000
65.33812281,11.81102000
65.33912761,11.81102000
65.34013241,7.87401500
65.34113721,11.81102000
65.34214201,11.81102000
65.34314681,15.74803000
65.34415161,11.81102000
65.34515641,7.87401500
65.34616121,7.87401500
65.34716601,7.87401500
65.34817081,11.81102000
65.34917561,7.87401500
65.35018041,15.74803000
65.35118521,7.87401500
65.35219001,7.87401500
65.35319481,7.87401500
65.35419961,19.68504000
65.35520441,7.87401500
65.35620921,11.81102000
65.35721401,15.74803000
65.35821881,7.87401500
65.35922361,0.00000000
65.36022841,15.74803000
65.36123321,7.87401500
65.36223801,7.87401500
65.36324281,7.87401500
65.36424761,11.81102000
65.36525241,11.81102000
65.36625721,15.74803000
65.36726201,11.81102000
65.36826681,15.74803000
65.36927161,15.74803000
65.37027641,11.81102000
65.37128121,15.74803000
65.37228601,11.81102000
65.37329081,15.74803000
65.37429561,11.81102000
65.37530041,11.81102000
65.37630521,15.74803000
65.37731001,7.87401500
65.37831481,7.87401500
65.37931961,3.93700800
65.38032441,7.87401500
65.38132921,15.74803000
65.38233401,11.81102000
65.38333881,11.81102000
65.38434361,11.81102000
65.38534841,7.87401500
65.38635321,7.87401500
65.38735801,7.87401500
65.38836281,7.87401500
65.38936761,15.74803000
65.39037241,11.81102000
65.39137721,15.74803000
65.39238201,11.81102000
65.39338681,7.87401500
65.39439161,7.87401500
65.39539641,7.87401500
65.39640121,11.81102000
65.39740601,7.87401500
65.39841081,3.93700800
65.39941561,7.87401500
65.40042041,7.87401500
65.40142521,7.87401500
65.40243001,11.81102000
65.40343481,11.81102000
65.40443961,11.81102000
65.40544441,15.74803000
65.40644921,11.81102000
65.40745401,15.74803000
65.40845881,15.74803000
65.40946361,7.87401500
65.41046841,7.87401500
65.41147321,7.87401500
65.41247801,7.87401500
65.41348281,11.81102000
65.41448761,11.81102000
65.41549241,11.81102000
65.41649721,7.87401500
65.41750201,11.81102000
65.41850681,11.81102000
65.41951161,7.87401500
65.42051641,11.81102000
65.42152121,15.74803000
65.42252601,3.93700800
65.42353081,7.87401500
65.42453561,11.81102000
65.42554041,7.87401500
65.42654521,3.93700800
65.42755001,7.87401500
65.42855481,7.87401500
65.42955961,11.81102000
65.43056441,11.81102000
65.43156921,11.81102000
65.43257401,7.87401500
65.43357881,11.81102000
65.43458361,7.87401500
65.43558841,7.87401500
65.43659321,15.74803000
65.43759801,11.81102000
65.43860281,11.81102000
65.43960761,3.93700800
65.44061241,7.87401500
65.44161721,7.87401500
65.44262201,7.87401500
65.44362681,7.87401500
65.44463161,7.87401500
65.44563641,7.87401500
65.44664121,11.81102000
65.44764601,7.87401500
65.44865081,11.81102000
65.44965561,7.87401500
65.45066041,11.81102000
65.45166521,11.81102000
65.45267001,11.81102000
65.45367481,11.81102000
65.45467961,11.81102000
65.45568441,11.81102000
65.45668921,11.81102000
65.45769401,11.81102000
65.45869881,7.87401500
65.45970361,3.93700800
65.46070841,7.87401500
65.46171321,7.87401500
65.46271801,15.74803000
65.46372281,7.87401500
65.46472761,11.81102000
65.46573241,11.81102000
65.46673721,7.87401500
65.46774201,7.87401500
65.46874681,7.87401500
65.46975161,7.87401500
65.47075641,7.87401500
65.47176121,7.87401500
65.47276601,11.81102000
65.47377081,7.87401500
65.47477561,7.87401500
65.47578041,7.87401500
65.47678521,7.87401500
65.47779001,7.87401500
65.47879481,-3.93700800
65.47979961,3.93700800
65.48080441,3.93700800
65.48180921,11.81102000
65.48281401,7.87401500
65.48381881,7.87401500
65.48482361,11.81102000
65.48582841,11.81102000
65.48683321,11.81102000
65.48783801,15.74803000
65.48884281,11.81102000
65.48984761,11.81102000
65.49085241,7.87401500
65.49185721,7.87401500
65.49286201,11.81102000
65.49386681,11.81102000
65.49487161,11.81102000
65.49587641,15.74803000
65.49688121,11.81102000
65.49788601,15.74803000
65.49889081,11.81102000
65.49989561,7.87401500
65.50090041,15.74803000
65.50190521,7.87401500
65.50291001,7.87401500
65.50391481,11.81102000
65.50491961,11.81102000
65.50592441,7.87401500
65.50692921,11.81102000
65.50793401,7.87401500
65.50893881,7.87401500
65.50994361,7.87401500
65.51094841,11.81102000
65.51195321,7.87401500
65.51295801,3.93700800
65.51396281,15.74803000
65.51496761,15.74803000
65.51597241,7.87401500
65.51697721,15.74803000
65.51798201,7.87401500
65.51898681,23.62205000
65.51999161,7.87401500
65.52099641,7.87401500
65.52200121,7.87401500
65.52300601,15.74803000
65.52401081,7.87401500
65.52501561,11.81102000
65.52602041,11.81102000
65.52702521,15.74803000
65.52803001,7.87401500
65.52903481,7.87401500
65.53003961,11.81102000
65.53104441,7.87401500
65.53204921,7.87401500
65.53305401,11.81102000
65.53405881,7.87401500
65.53506361,11.81102000
65.53606841,11.81102000
65.53707321,11.81102000
65.53807801,7.87401500
65.53908281,11.81102000
65.54008761,7.87401500
65.54109241,7.87401500
65.54209721,7.87401500
65.54310201,11.81102000
65.54410681,11.81102000
65.54511161,7.87401500
65.54611641,15.74803000
65.54712121,11.81102000
65.54812601,7.87401500
65.54913081,15.74803000
65.55013561,7.87401500
65.55114041,11.81102000
65.55214521,11.81102000
65.55315001,7.87401500
65.55415481,7.87401500
65.55515961,11.81102000
65.55616441,7.87401500
65.55716921,7.87401500
65.55817401,3.93700800
65.55917881,3.93700800
65.56018361,7.87401500
65.56118841,7.87401500
65.56219321,11.81102000
65.56319801,7.87401500
65.56420281,11.81102000
65.56520761,11.81102000
65.56621241,7.87401500
65.56721721,15.74803000
65.56822201,15.74803000
65.56922681,7.87401500
65.57023161,15.74803000
65.57123641,11.81102000
65.57224121,7.87401500
65.57324601,15.74803000
65.57425081,11.81102000
65.57525561,11.81102000
65.57626041,11.81102000
65.57726521,7.87401500
65.57827001,11.81102000
65.57927481,11.81102000
65.58027961,11.81102000
65.58128441,7.87401500
65.58228921,11.81102000
65.58329401,15.74803000
65.58429881,11.81102000
65.58530361,11.81102000
65.58630841,7.87401500
65.58731321,11.81102000
65.58831801,7.87401500
65.58932281,7.87401500
65.59032761,7.87401500
65.59133241,7.87401500
65.59233721,7.87401500
65.59334201,11.81102000
65.59434681,7.87401500
65.59535161,3.93700800
65.59635641,7.87401500
65.59736121,7.87401500
65.59836601,7.87401500
65.59937081,7.87401500
65.60037561,11.81102000
65.60138041,7.87401500
65.60238521,11.81102000
65.60339001,15.74803000
65.60439481,3.93700800
65.60539961,3.93700800
65.60640441,11.81102000
65.60740921,31.49606000
65.60841401,11.81102000
65.60941881,11.81102000
65.61042361,15.74803000
65.61142841,7.87401500
65.61243321,7.87401500
65.61343801,7.87401500
65.61444281,3.93700800
65.61544761,0.00000000
65.61645241,3.93700800
65.61745721,0.00000000
65.61846200,0.00000000
65.61946680,-3.93700800
65.62047160,-3.93700800
65.62147640,-15.74803000
65.62248120,-11.81102000
65.62348600,-15.74803000
65.62449080,-15.74803000
65.62549560,-19.68504000
65.62650040,-19.68504000
65.62750520,-23.62205000
65.62851000,-23.62205000
65.62951480,-19.68504000
65.63051960,-27.55905000
65.63152440,-23.62205000
65.63252920,-27.55905000
65.63353400,-35.43307000
65.63453880,-31.49606000
65.63554360,-27.55905000
65.63654840,-35.43307000
65.63755320,-39.37008000
65.63855800,-35.43307000
65.63956280,-35.43307000
65.64056760,-31.49606000
65.64157240,-27.55905000
65.64257720,-31.49606000
65.64358200,-31.49606000
65.64458680,-31.49606000
65.64559160,-31.49606000
65.64659640,-27.55905000
65.64760120,-23.62205000
65.64860600,-23.62205000
65.64961080,-27.55905000
65.65061560,-27.55905000
65.65162040,-27.55905000
65.65262520,-23.62205000
65.65363000,-31.49606000
65.65463480,-27.55905000
65.65563960,-27.55905000
65.65664440,-27.55905000
65.65764920,-23.62205000
65.65865400,-31.49606000
65.65965880,-27.55905000
65.66066360,-27.55905000
65.66166840,-31.49606000
65.66267320,-31.49606000
65.66367800,-27.55905000
65.66468280,-35.43307000
65.66568760,-31.49606000
65.66669240,-31.49606000
65.66769720,-31.49606000
65.66870200,-35.43307000
65.66970680,-35.43307000
65.67071160,-35.43307000
65.67171640,-35.43307000
65.67272120,-39.37008000
65.67372600,-31.49606000
65.67473080,-39.37008000
65.67573560,-35.43307000
65.67674040,-35.43307000
65.67774520,-47.24409000
65.67875000,-43.30709000
65.67975480,-39.37008000
65.68075960,-39.37008000
65.68176440,-43.30709000
65.68276920,-35.43307000
65.68377400,-39.37008000
65.68477880,-43.30709000
65.68578360,-43.30709000
65.68678840,-47.24409000
65.68779320,-47.24409000
65.68879800,-43.30709000
65.68980280,-47.24409000
65.69080760,-43.30709000
65.69181240,-43.30709000
65.69281720,-43.30709000
65.69382200,-43.30709000
65.69482680,-43.30709000
65.69583160,-43.30709000
65.69683640,-47.24409000
65.69784120,-47.24409000
65.69884600,-39.37008000
65.69985080,-39.37008000
65.70085560,-43.30709000
65.70186040,-55.11811000
65.70286520,-47.24409000
65.70387000,-47.24409000
65.70487480,-31.49606000
65.70587960,-43.30709000
65.70688440,-43.30709000
65.70788920,-47.24409000
65.70889400,-43.30709000
65.70989880,-51.18110000
65.71090360,-43.30709000
65.71190840,-47.24409000
65.71291320,-43.30709000
65.71391800,-47.24409000
65.71492280,-47.24409000
65.71592760,-47.24409000
65.71693240,-51.18110000
65.71793720,-39.37008000
65.71894200,-55.11811000
65.71994680,-59.05511000
65.72095160,-59.05511000
65.72195640,-55.11811000
65.72296120,-51.18110000
65.72396600,-55.11811000
65.72497080,-47.24409000
65.72597560,-51.18110000
65.72698040,-55.11811000
65.72798520,-59.05511000
65.72899000,-55.11811000
65.72999480,-55.11811000
65.73099960,-55.11811000
65.73200440,-59.05511000
65.73300920,-59.05511000
65.73401400,-59.05511000
65.73501880,-66.92913000
65.73602360,-59.05511000
65.73702840,-66.92913000
65.73803320,-62.99212000
65.73903800,-59.05511000
65.74004280,-62.99212000
65.74104760,-62.99212000
65.74205240,-62.99212000
65.74305720,-59.05511000
65.74406200,-62.99212000
65.74506680,-55.11811000
65.74607160,-55.11811000
65.74707640,-59.05511000
65.74808120,-59.05511000
65.74908600,-59.05511000
65.75009080,-59.05511000
65.75109560,-62.99212000
65.75210040,-62.99212000
65.75310520,-62.99212000
65.75411000,-62.99212000
65.75511480,-62.99212000
65.75611960,-59.05511000
65.75712440,-66.92913000
65.75812920,-70.86613000
65.75913400,-66.92913000
65.76013880,-62.99212000
65.76114360,-62.99212000
65.76214840,-66.92913000
65.76315320,-62.99212000
65.76415800,-62.99212000
65.76516280,-62.99212000
65.76616760,-62.99212000
65.76717240,-70.86613000
65.76817720,-66.92913000
65.76918200,-70.86613000
65.77018680,-62.99212000
65.77119160,-62.99212000
65.77219640,-66.92913000
65.77320120,-70.86613000
65.77420600,-74.80315000
65.77521080,-74.80315000
65.77621560,-70.86613000
65.77722040,-70.86613000
65.77822520,-70.86613000
65.77923000,-70.86613000
65.78023480,-74.80315000
65.78123960,-70.86613000
65.78224440,-70.86613000
65.78324920,-74.80315000
65.78425400,-70.86613000
65.78525880,-78.74015000
65.78626360,-74.80315000
65.78726840,-74.80315000
65.78827320,-70.86613000
65.78927800,-74.80315000
65.79028280,-70.86613000
65.79128760,-74.80315000
65.79229240,-74.80315000
65.79329720,-70.86613000
65.79430200,-70.86613000
65.79530680,-78.74015000
65.79631160,-70.86613000
65.79731640,-74.80315000
65.79832120,-78.74015000
65.79932600,-82.67715000
65.80033080,-74.80315000
65.80133560,-78.74015000
65.80234040,-70.86613000
65.80334520,-70.86613000
65.80435000,-74.80315000
65.80535480,-74.80315000
65.80635960,-70.86613000
65.80736440,-74.80315000
65.80836920,-70.86613000
65.80937400,-70.86613000
65.81037880,-70.86613000
65.81138360,-74.80315000
65.81238840,-74.80315000
65.81339320,-82.67715000
65.81439800,-74.80315000
65.81540280,-74.80315000
65.81640760,-78.74015000
65.81741240,-82.67715000
65.81841720,-82.67715000
65.81942200,-78.74015000
65.82042680,-78.74015000
65.82143160,-78.74015000
65.82243640,-74.80315000
65.82344120,-82.67715000
65.82444600,-82.67715000
65.82545080,-78.74015000
65.82645560,-82.67715000
65.82746040,-82.67715000
65.82846520,-78.74015000
65.82947000,-78.74015000
65.83047480,-78.74015000
65.83147960,-82.67715000
65.83248440,-82.67715000
65.83348920,-82.67715000
65.83449400,-86.61417000
65.83549880,-78.74015000
65.83650360,-82.67715000
65.83750840,-86.61417000
65.83851320,-90.55118000
65.83951800,-90.55118000
65.84052280,-86.61417000
65.84152760,-82.67715000
65.84253240,-86.61417000
65.84353720,-78.74015000
65.84454200,-78.74015000
65.84554680,-82.67715000
65.84655160,-82.67715000
65.84755640,-82.67715000
65.84856120,-86.61417000
65.84956600,-86.61417000
65.85057080,-86.61417000
65.85157560,-82.67715000
65.85258040,-78.74015000
65.85358520,-86.61417000
65.85459000,-82.67715000
65.85559480,-82.67715000
65.85659960,-86.61417000
65.85760440,-86.61417000
65.85860920,-82.67715000
65.85961400,-90.55118000
65.86061880,-82.67715000
65.86162360,-90.55118000
65.86262840,-86.61417000
65.86363320,-86.61417000
65.86463800,-86.61417000
65.86564280,-94.48818000
65.86664760,-90.55118000
65.86765240,-90.55118000
65.86865720,-86.61417000
65.86966200,-90.55118000
65.87066680,-90.55118000
65.87167160,-90.55118000
65.87267640,-90.55118000
65.87368120,-86.61417000
65.87468600,-90.55118000
65.87569080,-90.55118000
65.87669560,-90.55118000
65.87770040,-102.36220000
65.87870520,-90.55118000
65.87971000,-90.55118000
65.88071480,-94.48818000
65.88171960,-94.48818000
65.88272440,-102.36220000
65.88372920,-94.48818000
65.88473400,-90.55118000
65.88573880,-94.48818000
65.88674360,-90.55118000
65.88774840,-90.55118000
65.88875320,-90.55118000
65.88975800,-90.55118000
65.89076280,-94.48818000
65.89176760,-94.48818000
65.89277240,-90.55118000
65.89377720,-94.48818000
65.89478200,-94.48818000
65.89578680,-98.42519000
65.89679160,-94.48818000
65.89779640,-102.36220000
65.89880120,-94.48818000
65.89980600,-90.55118000
65.90081080,-94.48818000
65.90181560,-98.42519000
65.90282040,-98.42519000
65.90382520,-94.48818000
65.90483000,-98.42519000
65.90583480,-90.55118000
65.90683960,-94.48818000
65.90784440,-102.36220000
65.90884920,-94.48818000
65.90985400,-94.48818000
65.91085880,-94.48818000
65.91186360,-94.48818000
65.91286840,-90.55118000
65.91387320,-98.42519000
65.91487800,-98.42519000
65.91588280,-90.55118000
65.91688760,-94.48818000
65.91789240,-94.48818000
65.91889720,-98.42519000
65.91990200,-98.42519000
65.92090680,-98.42519000
65.92191160,-94.48818000
65.92291640,-94.48818000
65.92392120,-98.42519000
65.92492600,-98.42519000
65.92593080,-94.48818000
65.92693560,-98.42519000
65.92794040,-98.42519000
65.92894520,-98.42519000
65.92995000,-102.36220000
65.93095480,-102.36220000
65.93195960,-102.36220000
65.93296440,-98.42519000
65.93396920,-90.55118000
65.93497400,-98.42519000
65.93597880,-98.42519000
65.93698360,-98.42519000
65.93798840,-98.42519000
65.93899320,-102.36220000
65.93999800,-102.36220000
65.94100280,-102.36220000
65.94200760,-102.36220000
65.94301240,-102.36220000
65.94401720,-102.36220000
65.94502200,-98.42519000
65.94602680,-98.42519000
65.94703159,-106.29920000
65.94803639,-102.36220000
65.94904119,-98.42519000
65.95004599,-102.36220000
65.95105079,-98.42519000
65.95205559,-102.36220000
65.95306039,-102.36220000
65.95406519,-106.29920000
65.95506999,-102.36220000
65.95607479,-102.36220000
65.95707959,-102.36220000
65.95808439,-114.17320000
65.95908919,-106.29920000
65.96009399,-106.29920000
65.96109879,-106.29920000
65.96210359,-110.23620000
65.96310839,-110.23620000
65.96411319,-106.29920000
65.96511799,-98.42519000
65.96612279,-106.29920000
65.96712759,-106.29920000
65.96813239,-106.29920000
65.96913719,-106.29920000
65.97014199,-106.29920000
65.97114679,-106.29920000
65.97215159,-110.23620000
65.97315639,-106.29920000
65.97416119,-106.29920000
65.97516599,-106.29920000
65.97617079,-110.23620000
65.97717559,-106.29920000
65.97818039,-114.17320000
65.97918519,-114.17320000
65.98018999,-110.23620000
65.98119479,-110.23620000
65.98219959,-106.29920000
65.98320439,-106.29920000
65.98420919,-118.11020000
65.98521399,-110.23620000
65.98621879,-110.23620000
65.98722359,-118.11020000
65.98822839,-106.29920000
65.98923319,-114.17320000
65.99023799,-110.23620000
65.99124279,-110.23620000
65.99224759,-114.17320000
65.99325239,-106.29920000
65.99425719,-118.11020000
65.99526199,-114.17320000
65.99626679,-110.23620000
65.99727159,-114.17320000
65.99827639,-118.11020000
65.99928119,-110.23620000
66.00028599,-114.17320000
66.00129079,-114.17320000
66.00229559,-114.17320000
66.00330039,-114.17320000
66.00430519,-114.17320000
66.00530999,-114.17320000
66.00631479,-122.04720000
66.00731959,-110.23620000
66.00832439,-110.23620000
66.00932919,-114.17320000
66.01033399,-122.04720000
66.01133879,-114.17320000
66.01234359,-118.11020000
66.01334839,-106.29920000
66.01435319,-114.17320000
66.01535799,-114.17320000
66.01636279,-122.04720000
66.01736759,-118.11020000
66.01837239,-114.17320000
66.01937719,-122.04720000
66.02038199,-118.11020000
66.02138679,-114.17320000
66.02239159,-118.11020000
66.02339639,-118.11020000
66.02440119,-114.17320000
66.02540599,-122.04720000
66.02641079,-118.11020000
66.02741559,-122.04720000
66.02842039,-122.04720000
66.02942519,-122.04720000
66.03042999,-114.17320000
66.03143479,-118.11020000
66.03243959,-114.17320000
66.03344439,-118.11020000
66.03444919,-114.17320000
66.03545399,-118.11020000
66.03645879,-118.11020000
66.03746359,-118.11020000
66.03846839,-122.04720000
66.03947319,-122.04720000
66.04047799,-122.04720000
66.04148279,-122.04720000
66.04248759,-118.11020000
66.04349239,-125.98420000
66.04449719,-118.11020000
66.04550199,-118.11020000
66.04650679,-118.11020000
66.04751159,-114.17320000
66.04851639,-118.11020000
66.04952119,-122.04720000
66.05052599,-118.11020000
66.05153079,-122.04720000
66.05253559,-122.04720000
66.05354039,-122.04720000
66.05454519,-122.04720000
66.05554999,-125.98420000
66.05655479,-122.04720000
66.05755959,-122.04720000
66.05856439,-118.11020000
66.05956919,-125.98420000
66.06057399,-125.98420000
66.06157879,-125.98420000
66.06258359,-122.04720000
66.06358839,-122.04720000
66.06459319,-125.98420000
66.06559799,-122.04720000
66.06660279,-122.04720000
66.06760759,-122.04720000
66.06861239,-122.04720000
66.06961719,-125.98420000
66.07062199,-125.98420000
66.07162679,-118.11020000
66.07263159,-122.04720000
66.07363639,-118.11020000
66.07464119,-118.11020000
66.07564599,-122.04720000
66.07665079,-125.98420000
66.07765559,-125.98420000
66.07866039,-129.92120000
66.07966519,-125.98420000
66.08066999,-129.92120000
66.08167479,-125.98420000
66.08267959,-129.92120000
66.08368439,-122.04720000
66.08468919,-125.98420000
66.08569399,-125.98420000
66.08669879,-125.98420000
66.08770359,-129.92120000
66.08870839,-129.92120000
66.08971319,-129.92120000
66.09071799,-122.04720000
66.09172279,-133.85830000
66.09272759,-129.92120000
66.09373239,-129.92120000
66.09473719,-133.85830000
66.09574199,-133.85830000
66.09674679,-133.85830000
66.09775159,-137.79530000
66.09875639,-133.85830000
66.09976119,-133.85830000
66.10076599,-141.73230000
66.10177079,-137.79530000
66.10277559,-145.66930000
66.10378039,-141.73230000
66.10478519,-137.79530000
66.10578999,-137.79530000
66.10679479,-141.73230000
66.10779959,-153.54330000
66.10880439,-141.73230000
66.10980919,-141.73230000
66.11081399,-122.04720000
66.11181879,-141.73230000
66.11282359,-141.73230000
66.11382839,-141.73230000
66.11483319,-141.73230000
66.11583799,-137.79530000
66.11684279,-137.79530000
66.11784759,-133.85830000
66.11885239,-141.73230000
66.11985719,-137.79530000
66.12086199,-137.79530000
66.12186679,-137.79530000
66.12287159,-133.85830000
66.12387639,-137.79530000
66.12488119,-141.73230000
66.12588599,-137.79530000
66.12689079,-141.73230000
66.12789559,-133.85830000
66.12890039,-137.79530000
66.12990519,-133.85830000
66.13090999,-133.85830000
66.13191479,-137.79530000
66.13291959,-137.79530000
66.13392439,-137.79530000
66.13492919,-137.79530000
66.13593399,-141.73230000
66.13693879,-133.85830000
66.13794359,-137.79530000
66.13894839,-137.79530000
66.13995319,-141.73230000
66.14095799,-141.73230000
66.14196279,-145.66930000
66.14296759,-149.60630000
66.14397239,-141.73230000
66.14497719,-141.73230000
66.14598199,-145.66930000
66.14698679,-145.66930000
66.14799159,-141.73230000
66.14899639,-141.73230000
66.15000119,-145.66930000
66.15100599,-137.79530000
66.15201079,-145.66930000
66.15301559,-141.73230000
66.15402039,-141.73230000
66.15502519,-145.66930000
66.15602999,-145.66930000
66.15703479,-145.66930000
66.15803959,-145.66930000
66.15904439,-153.54330000
66.16004919,-149.60630000
66.16105399,-145.66930000
66.16205879,-141.73230000
66.16306359,-141.73230000
66.16406839,-137.79530000
66.16507319,-133.85830000
66.16607799,-137.79530000
66.16708279,-141.73230000
66.16808759,-141.73230000
66.16909239,-137.79530000
66.17009719,-137.79530000
66.17110199,-145.66930000
66.17210679,-141.73230000
66.17311159,-145.66930000
66.17411639,-141.73230000
66.17512119,-141.73230000
66.17612599,-137.79530000
66.17713079,-137.79530000
66.17813559,-141.73230000
66.17914039,-141.73230000
66.18014519,-145.66930000
66.18114999,-141.73230000
66.18215479,-141.73230000
66.18315959,-141.73230000
66.18416439,-145.66930000
66.18516919,-141.73230000
66.18617399,-137.79530000
66.18717879,-145.66930000
66.18818359,-141.73230000
66.18918839,-141.73230000
66.19019319,-145.66930000
66.19119799,-145.66930000
66.19220279,-145.66930000
66.19320759,-141.73230000
66.19421239,-149.60630000
66.19521719,-141.73230000
66.19622199,-141.73230000
66.19722679,-145.66930000
66.19823159,-153.54330000
66.19923639,-149.60630000
66.20024119,-145.66930000
66.20124599,-145.66930000
66.20225079,-145.66930000
66.20325559,-141.73230000
66.20426039,-141.73230000
66.20526519,-157.48030000
66.20626999,-141.73230000
66.20727479,-149.60630000
66.20827959,-133.85830000
66.20928439,-145.66930000
66.21028919,-141.73230000
66.21129399,-145.66930000
66.21229879,-141.73230000
66.21330359,-141.73230000
66.21430839,-141.73230000
66.21531319,-145.66930000
66.21631799,-145.66930000
66.21732279,-145.66930000
66.21832759,-141.73230000
66.21933239,-145.66930000
66.22033719,-141.73230000
66.22134199,-145.66930000
66.22234679,-149.60630000
66.22335159,-149.60630000
66.22435639,-149.60630000
66.22536119,-145.66930000
66.22636599,-145.66930000
66.22737079,-149.60630000
66.22837559,-153.54330000
66.22938039,-149.60630000
66.23038519,-149.60630000
66.23138999,-145.66930000
66.23239479,-145.66930000
66.23339959,-149.60630000
66.23440439,-149.60630000
66.23540919,-149.60630000
66.23641399,-153.54330000
66.23741879,-153.54330000
66.23842359,-161.41730000
66.23942839,-161.41730000
66.24043319,-161.41730000
66.24143799,-157.48030000
66.24244279,-153.54330000
66.24344759,-153.54330000
66.24445239,-149.60630000
66.24545719,-153.54330000
66.24646199,-145.66930000
66.24746679,-149.60630000
66.24847159,-157.48030000
66.24947639,-153.54330000
66.25048119,-153.54330000
66.25148599,-153.54330000
66.25249079,-157.48030000
66.25349559,-157.48030000
66.25450039,-169.29130000
66.25550519,-157.48030000
66.25650999,-157.48030000
66.25751479,-157.48030000
66.25851959,-161.41730000
66.25952439,-161.41730000
66.26052919,-157.48030000
66.26153399,-157.48030000
66.26253879,-157.48030000
66.26354359,-157.48030000
66.26454839,-157.48030000
66.26555319,-157.48030000
66.26655799,-161.41730000
66.26756279,-157.48030000
66.26856759,-157.48030000
66.26957239,-153.54330000
66.27057719,-157.48030000
66.27158199,-153.54330000
66.27258679,-157.48030000
66.27359159,-157.48030000
66.27459639,-153.54330000
66.27560118,-157.48030000
66.27660598,-157.48030000
66.27761078,-153.54330000
66.27861558,-157.48030000
66.27962038,-157.48030000
66.28062518,-157.48030000
66.28162998,-153.54330000
66.28263478,-157.48030000
66.28363958,-149.60630000
66.28464438,-149.60630000
66.28564918,-157.48030000
66.28665398,-153.54330000
66.28765878,-157.48030000
66.28866358,-157.48030000
66.28966838,-153.54330000
66.29067318,-157.48030000
66.29167798,-153.54330000
66.29268278,-153.54330000
66.29368758,-157.48030000
66.29469238,-157.48030000
66.29569718,-153.54330000
66.29670198,-157.48030000
66.29770678,-157.48030000
66.29871158,-157.48030000
66.29971638,-149.60630000
66.30072118,-157.48030000
66.30172598,-161.41730000
66.30273078,-157.48030000
66.30373558,-161.41730000
66.30474038,-161.41730000
66.30574518,-153.54330000
66.30674998,-161.41730000
66.30775478,-157.48030000
66.30875958,-165.35430000
66.30976438,-161.41730000
66.31076918,-157.48030000
66.31177398,-165.35430000
66.31277878,-161.41730000
66.31378358,-165.35430000
66.31478838,-161.41730000
66.31579318,-161.41730000
66.31679798,-161.41730000
66.31780278,-169.29130000
66.31880758,-165.35430000
66.31981238,-173.22830000
66.32081718,-169.29130000
66.32182198,-173.22830000
66.32282678,-169.29130000
66.32383158,-173.22830000
66.32483638,-165.35430000
66.32584118,-165.35430000
66.32684598,-165.35430000
66.32785078,-169.29130000
66.32885558,-169.29130000
66.32986038,-169.29130000
66.33086518,-165.35430000
66.33186998,-169.29130000
66.33287478,-169.29130000
66.33387958,-165.35430000
66.33488438,-169.29130000
66.33588918,-173.22830000
66.33689398,-173.22830000
66.33789878,-173.22830000
66.33890358,-169.29130000
66.33990838,-173.22830000
66.34091318,-173.22830000
66.34191798,-165.35430000
66.34292278,-165.35430000
66.34392758,-165.35430000
66.34493238,-169.29130000
66.34593718,-169.29130000
66.34694198,-165.35430000
66.34794678,-169.29130000
66.34895158,-169.29130000
66.34995638,-165.35430000
66.35096118,-169.29130000
66.35196598,-169.29130000
66.35297078,-173.22830000
66.35397558,-161.41730000
66.35498038,-169.29130000
66.35598518,-165.35430000
66.35698998,-169.29130000
66.35799478,-173.22830000
66.35899958,-181.10240000
66.36000438,-169.29130000
66.36100918,-169.29130000
66.36201398,-169.29130000
66.36301878,-169.29130000
66.36402358,-169.29130000
66.36502838,-165.35430000
66.36603318,-169.29130000
66.36703798,-169.29130000
66.36804278,-169.29130000
66.36904758,-173.22830000
66.37005238,-173.22830000
66.37105718,-173.22830000
66.37206198,-173.22830000
66.37306678,-173.22830000
66.37407158,-173.22830000
66.37507638,-169.29130000
66.37608118,-161.41730000
66.37708598,-177.16530000
66.37809078,-173.22830000
66.37909558,-177.16530000
66.38010038,-173.22830000
66.38110518,-177.16530000
66.38210998,-173.22830000
66.38311478,-173.22830000
66.38411958,-177.16530000
66.38512438,-181.10240000
66.38612918,-177.16530000
66.38713398,-177.16530000
66.38813878,-177.16530000
66.38914358,-177.16530000
66.39014838,-173.22830000
66.39115318,-173.22830000
66.39215798,-177.16530000
66.39316278,-177.16530000
66.39416758,-173.22830000
66.39517238,-173.22830000
66.39617718,-177.16530000
66.39718198,-169.29130000
66.39818678,-173.22830000
66.39919158,-181.10240000
66.40019638,-177.16530000
66.40120118,-177.16530000
66.40220598,-181.10240000
66.40321078,-173.22830000
66.40421558,-173.22830000
66.40522038,-181.10240000
66.40622518,-173.22830000
66.40722998,-173.22830000
66.40823478,-177.16530000
66.40923958,-173.22830000
66.41024438,-173.22830000
66.41124918,-177.16530000
66.41225398,-177.16530000
66.41325878,-173.22830000
66.41426358,-177.16530000
66.41526838,-177.16530000
66.41627318,-185.03940000
66.41727798,-177.16530000
66.41828278,-181.10240000
66.41928758,-177.16530000
66.42029238,-177.16530000
66.42129718,-177.16530000
66.42230198,-177.16530000
66.42330678,-177.16530000
66.42431158,-177.16530000
66.42531638,-177.16530000
66.42632118,-181.10240000
66.42732598,-177.16530000
66.42833078,-177.16530000
66.42933558,-173.22830000
66.43034038,-177.16530000
66.43134518,-181.10240000
66.43234998,-173.22830000
66.43335478,-181.10240000
66.43435958,-181.10240000
66.43536438,-177.16530000
66.43636918,-173.22830000
66.43737398,-181.10240000
66.43837878,-185.03940000
66.43938358,-188.97640000
66.44038838,-185.03940000
66.44139318,-181.10240000
66.44239798,-177.16530000
66.44340278,-173.22830000
66.44440758,-177.16530000
66.44541238,-173.22830000
66.44641718,-173.22830000
66.44742198,-173.22830000
66.44842678,-181.10240000
66.44943158,-177.16530000
66.45043638,-188.97640000
66.45144118,-177.16530000
66.45244598,-181.10240000
66.45345078,-177.16530000
66.45445558,-177.16530000
66.45546038,-177.16530000
66.45646518,-181.10240000
66.45746998,-185.03940000
66.45847478,-181.10240000
66.45947958,-185.03940000
66.46048438,-181.10240000
66.46148918,-177.16530000
66.46249398,-177.16530000
66.46349878,-177.16530000
66.46450358,-185.03940000
66.46550838,-185.03940000
66.46651318,-188.97640000
66.46751798,-185.03940000
66.46852278,-181.10240000
66.46952758,-185.03940000
66.47053238,-188.97640000
66.47153718,-181.10240000
66.47254198,-188.97640000
66.47354678,-185.03940000
66.47455158,-177.16530000
66.47555638,-185.03940000
66.47656118,-181.10240000
66.47756598,-188.97640000
66.47857078,-188.97640000
66.47957558,-188.97640000
66.48058038,-188.97640000
66.48158518,-188.97640000
66.48258998,-188.97640000
66.48359478,-188.97640000
66.48459958,-185.03940000
66.48560438,-185.03940000
66.48660918,-185.03940000
66.48761398,-185.03940000
66.48861878,-185.03940000
66.48962358,-185.03940000
66.49062838,-185.03940000
66.49163318,-188.97640000
66.49263798,-188.97640000
66.49364278,-188.97640000
66.49464758,-181.10240000
66.49565238,-188.97640000
66.49665718,-185.03940000
66.49766198,-196.85040000
66.49866678,-192.91340000
66.49967158,-192.91340000
66.50067638,-188.97640000
66.50168118,-188.97640000
66.50268598,-181.10240000
66.50369078,-188.97640000
66.50469558,-192.91340000
66.50570038,-188.97640000
66.50670518,-188.97640000
66.50770998,-181.10240000
66.50871478,-188.97640000
66.50971958,-192.91340000
66.51072438,-188.97640000
66.51172918,-192.91340000
66.51273398,-185.03940000
66.51373878,-200.78740000
66.51474358,-192.91340000
66.51574838,-188.97640000
66.51675318,-173.22830000
66.51775798,-192.91340000
66.51876278,-192.91340000
66.51976758,-192.91340000
66.52077238,-188.97640000
66.52177718,-188.97640000
66.52278198,-188.97640000
66.52378678,-192.91340000
66.52479158,-188.97640000
66.52579638,-188.97640000
66.52680118,-185.03940000
66.52780598,-185.03940000
66.52881078,-188.97640000
66.52981558,-188.97640000
66.53082038,-188.97640000
66.53182518,-192.91340000
66.53282998,-192.91340000
66.53383478,-188.97640000
66.53483958,-192.91340000
66.53584438,-188.97640000
66.53684918,-188.97640000
66.53785398,-192.91340000
66.53885878,-196.85040000
66.53986358,-192.91340000
66.54086838,-188.97640000
66.54187318,-192.91340000
66.54287798,-188.97640000
66.54388278,-192.91340000
66.54488758,-188.97640000
66.54589238,-188.97640000
66.54689718,-196.85040000
66.54790198,-188.97640000
66.54890678,-196.85040000
66.54991158,-188.97640000
66.55091638,-188.97640000
66.55192118,-188.97640000
66.55292598,-196.85040000
66.55393078,-188.97640000
66.55493558,-188.97640000
66.55594038,-192.91340000
66.55694518,-192.91340000
66.55794998,-192.91340000
66.55895478,-192.91340000
66.55995958,-196.85040000
66.56096438,-181.10240000
66.56196918,-188.97640000
66.56297398,-188.97640000
66.56397878,-192.91340000
66.56498358,-192.91340000
66.56598838,-185.03940000
66.56699318,-185.03940000
66.56799798,-188.97640000
66.56900278,-185.03940000
66.57000758,-188.97640000
66.57101238,-185.03940000
66.57201718,-188.97640000
66.57302198,-192.91340000
66.57402678,-185.03940000
66.57503158,-188.97640000
66.57603638,-188.97640000
66.57704118,-188.97640000
66.57804598,-188.97640000
66.57905078,-185.03940000
66.58005558,-188.97640000
66.58106038,-192.91340000
66.58206518,-192.91340000
66.58306998,-185.03940000
66.58407478,-188.97640000
66.58507958,-196.85040000
66.58608438,-188.97640000
66.58708918,-192.91340000
66.58809398,-192.91340000
66.58909878,-192.91340000
66.59010358,-185.03940000
66.59110838,-192.91340000
66.59211318,-188.97640000
66.59311798,-188.97640000
66.59412278,-188.97640000
66.59512758,-192.91340000
66.59613238,-185.03940000
66.59713718,-196.85040000
66.59814198,-200.78740000
66.59914678,-196.85040000
66.60015158,-192.91340000
66.60115638,-196.85040000
66.60216118,-188.97640000
66.60316598,-185.03940000
66.60417078,-188.97640000
66.60517557,-188.97640000
66.60618037,-192.91340000
66.60718517,-185.03940000
66.60818997,-192.91340000
66.60919477,-188.97640000
66.61019957,-188.97640000
66.61120437,-204.72440000
66.61220917,-192.91340000
66.61321397,-200.78740000
66.61421877,-173.22830000
66.61522357,-192.91340000
66.61622837,-196.85040000
66.61723317,-192.91340000
66.61823797,-192.91340000
66.61924277,-200.78740000
66.62024757,-192.91340000
66.62125237,-192.91340000
66.62225717,-196.85040000
66.62326197,-196.85040000
66.62426677,-200.78740000
66.62527157,-196.85040000
66.62627637,-196.85040000
66.62728117,-200.78740000
66.62828597,-200.78740000
66.62929077,-196.85040000
66.63029557,-196.85040000
66.63130037,-192.91340000
66.63230517,-192.91340000
66.63330997,-196.85040000
66.63431477,-185.03940000
66.63531957,-196.85040000
66.63632437,-192.91340000
66.63732917,-181.10240000
66.63833397,-200.78740000
66.63933877,-200.78740000
66.64034357,-192.91340000
66.64134837,-196.85040000
66.64235317,-192.91340000
66.64335797,-188.97640000
66.64436277,-192.91340000
66.64536757,-192.91340000
66.64637237,-196.85040000
66.64737717,-192.91340000
66.64838197,-188.97640000
66.64938677,-188.97640000
66.65039157,-196.85040000
66.65139637,-192.91340000
66.65240117,-192.91340000
66.65340597,-196.85040000
66.65441077,-192.91340000
66.65541557,-192.91340000
66.65642037,-192.91340000
66.65742517,-192.91340000
66.65842997,-188.97640000
66.65943477,-192.91340000
66.66043957,-192.91340000
66.66144437,-196.85040000
66.66244917,-196.85040000
66.66345397,-192.91340000
66.66445877,-196.85040000
66.66546357,-196.85040000
66.66646837,-192.91340000
66.66747317,-192.91340000
66.66847797,-196.85040000
66.66948277,-196.85040000
66.67048757,-188.97640000
66.67149237,-192.91340000
66.67249717,-196.85040000
66.67350197,-192.91340000
66.67450677,-188.97640000
66.67551157,-196.85040000
66.67651637,-196.85040000
66.67752117,-196.85040000
66.67852597,-200.78740000
66.67953077,-196.85040000
66.68053557,-192.91340000
66.68154037,-196.85040000
66.68254517,-188.97640000
66.68354997,-192.91340000
66.68455477,-192.91340000
66.68555957,-192.91340000
66.68656437,-188.97640000
66.68756917,-196.85040000
66.68857397,-188.97640000
66.68957877,-188.97640000
66.69058357,-188.97640000
66.69158837,-196.85040000
66.69259317,-192.91340000
66.69359797,-196.85040000
66.69460277,-196.85040000
66.69560757,-188.97640000
66.69661237,-188.97640000
66.69761717,-196.85040000
66.69862197,-196.85040000
66.69962677,-192.91340000
66.70063157,-196.85040000
66.70163637,-192.91340000
66.70264117,-192.91340000
66.70364597,-196.85040000
66.70465077,-192.91340000
66.70565557,-196.85040000
66.70666037,-188.97640000
66.70766517,-188.97640000
66.70866997,-200.78740000
66.70967477,-188.97640000
66.71067957,-196.85040000
66.71168437,-185.03940000
66.71268917,-188.97640000
66.71369397,-192.91340000
66.71469877,-188.97640000
66.71570357,-192.91340000
66.71670837,-200.78740000
66.71771317,-200.78740000
66.71871797,-196.85040000
66.71972277,-192.91340000
66.72072757,-192.91340000
66.72173237,-188.97640000
66.72273717,-185.03940000
66.72374197,-188.97640000
66.72474677,-188.97640000
66.72575157,-188.97640000
66.72675637,-196.85040000
66.72776117,-188.97640000
66.72876597,-188.97640000
66.72977077,-188.97640000
66.73077557,-188.97640000
66.73178037,-188.97640000
66.73278517,-188.97640000
66.73378997,-192.91340000
66.73479477,-188.97640000
66.73579957,-196.85040000
66.73680437,-188.97640000
66.73780917,-192.91340000
66.73881397,-192.91340000
66.73981877,-196.85040000
66.74082357,-188.97640000
66.74182837,-188.97640000
66.74283317,-192.91340000
66.74383797,-192.91340000
66.74484277,-188.97640000
66.74584757,-192.91340000
66.74685237,-188.97640000
66.74785717,-185.03940000
66.74886197,-196.85040000
66.74986677,-188.97640000
66.75087157,-185.03940000
66.75187637,-185.03940000
66.75288117,-188.97640000
66.75388597,-185.03940000
66.75489077,-188.97640000
66.75589557,-196.85040000
66.75690037,-188.97640000
66.75790517,-196.85040000
66.75890997,-196.85040000
66.75991477,-188.97640000
66.76091957,-188.97640000
66.76192437,-188.97640000
66.76292917,-185.03940000
66.76393397,-188.97640000
66.76493877,-188.97640000
66.76594357,-192.91340000
66.76694837,-188.97640000
66.76795317,-188.97640000
66.76895797,-192.91340000
66.76996277,-185.03940000
66.77096757,-188.97640000
66.77197237,-196.85040000
66.77297717,-188.97640000
66.77398197,-196.85040000
66.77498677,-188.97640000
66.77599157,-192.91340000
66.77699637,-192.91340000
66.77800117,-192.91340000
66.77900597,-192.91340000
66.78001077,-188.97640000
66.78101557,-192.91340000
66.78202037,-188.97640000
66.78302517,-192.91340000
66.78402997,-188.97640000
66.78503477,-188.97640000
66.78603957,-188.97640000
66.78704437,-188.97640000
66.78804917,-192.91340000
66.78905397,-188.97640000
66.79005877,-188.97640000
66.79106357,-188.97640000
66.79206837,-192.91340000
66.79307317,-185.03940000
66.79407797,-185.03940000
66.79508277,-188.97640000
66.79608757,-200.78740000
66.79709237,-192.91340000
66.79809717,-188.97640000
66.79910197,-185.03940000
66.80010677,-188.97640000
66.80111157,-192.91340000
66.80211637,-185.03940000
66.80312117,-185.03940000
66.80412597,-188.97640000
66.80513077,-185.03940000
66.80613557,-192.91340000
66.80714037,-192.91340000
66.80814517,-188.97640000
66.80914997,-177.16530000
66.81015477,-188.97640000
66.81115957,-181.10240000
66.81216437,-188.97640000
66.81316917,-188.97640000
66.81417397,-181.10240000
66.81517877,-185.03940000
66.81618357,-185.03940000
66.81718837,-188.97640000
66.81819317,-188.97640000
66.81919797,-192.91340000
66.82020277,-181.10240000
66.82120757,-185.03940000
66.82221237,-192.91340000
66.82321717,-185.03940000
66.82422197,-188.97640000
66.82522677,-196.85040000
66.82623157,-188.97640000
66.82723637,-185.03940000
66.82824117,-192.91340000
66.82924597,-185.03940000
66.83025077,-181.10240000
66.83125557,-188.97640000
66.83226037,-181.10240000
66.83326517,-185.03940000
66.83426997,-181.10240000
66.83527477,-188.97640000
66.83627957,-185.03940000
66.83728437,-188.97640000
66.83828917,-185.03940000
66.83929397,-188.97640000
66.84029877,-185.03940000
66.84130357,-185.03940000
66.84230837,-181.10240000
66.84331317,-185.03940000
66.84431797,-185.03940000
66.84532277,-181.10240000
66.84632757,-181.10240000
66.84733237,-181.10240000
66.84833717,-185.03940000
66.84934197,-185.03940000
66.85034677,-181.10240000
66.85135157,-185.03940000
66.85235637,-181.10240000
66.85336117,-181.10240000
66.85436597,-185.03940000
66.85537077,-192.91340000
66.85637557,-188.97640000
66.85738037,-188.97640000
66.85838517,-185.03940000
66.85938997,-185.03940000
66.86039477,-185.03940000
66.86139957,-185.03940000
66.86240437,-181.10240000
66.86340917,-185.03940000
66.86441397,-185.03940000
66.86541877,-181.10240000
66.86642357,-181.10240000
66.86742837,-185.03940000
66.86843317,-181.10240000
66.86943797,-185.03940000
66.87044277,-181.10240000
66.87144757,-188.97640000
66.87245237,-177.16530000
66.87345717,-188.97640000
66.87446197,-181.10240000
66.87546677,-165.35430000
66.87647157,-188.97640000
66.87747637,-185.03940000
66.87848117,-185.03940000
66.87948597,-185.03940000
66.88049077,-185.03940000
66.88149557,-177.16530000
66.88250037,-185.03940000
66.88350517,-185.03940000
66.88450997,-181.10240000
66.88551477,-177.16530000
66.88651957,-181.10240000
66.88752437,-185.03940000
66.88852917,-181.10240000
66.88953397,-188.97640000
66.89053877,-185.03940000
66.89154357,-181.10240000
66.89254837,-181.10240000
66.89355317,-185.03940000
66.89455797,-185.03940000
66.89556277,-185.03940000
66.89656757,-185.03940000
66.89757237,-181.10240000
66.89857717,-185.03940000
66.89958197,-181.10240000
66.90058677,-181.10240000
66.90159157,-177.16530000
66.90259637,-181.10240000
66.90360117,-185.03940000
66.90460597,-185.03940000
66.90561077,-188.97640000
66.90661557,-185.03940000
66.90762037,-181.10240000
66.90862517,-185.03940000
66.90962997,-181.10240000
66.91063477,-181.10240000
66.91163957,-181.10240000
66.91264437,-185.03940000
66.91364917,-177.16530000
66.91465397,-196.85040000
66.91565877,-192.91340000
66.91666357,-188.97640000
66.91766837,-181.10240000
66.91867317,-188.97640000
66.91967797,-192.91340000
66.92068277,-185.03940000
66.92168757,-188.97640000
66.92269237,-177.16530000
66.92369717,-181.10240000
66.92470197,-181.10240000
66.92570677,-181.10240000
66.92671157,-177.16530000
66.92771637,-188.97640000
66.92872117,-181.10240000
66.92972597,-185.03940000
66.93073077,-188.97640000
66.93173557,-181.10240000
66.93274037,-188.97640000
66.93374516,-185.03940000
66.93474996,-188.97640000
66.93575476,-188.97640000
66.93675956,-185.03940000
66.93776436,-188.97640000
66.93876916,-185.03940000
66.93977396,-177.16530000
66.94077876,-185.03940000
66.94178356,-185.03940000
66.94278836,-188.97640000
66.94379316,-188.97640000
66.94479796,-181.10240000
66.94580276,-181.10240000
66.94680756,-185.03940000
66.94781236,-188.97640000
66.94881716,-181.10240000
66.94982196,-181.10240000
66.95082676,-181.10240000
66.95183156,-181.10240000
66.95283636,-185.03940000
66.95384116,-185.03940000
66.95484596,-200.78740000
66.95585076,-188.97640000
66.95685556,-188.97640000
66.95786036,-185.03940000
66.95886516,-188.97640000
66.95986996,-185.03940000
66.96087476,-181.10240000
66.96187956,-177.16530000
66.96288436,-177.16530000
66.96388916,-177.16530000
66.96489396,-177.16530000
66.96589876,-181.10240000
66.96690356,-177.16530000
66.96790836,-185.03940000
66.96891316,-185.03940000
66.96991796,-185.03940000
66.97092276,-185.03940000
66.97192756,-177.16530000
66.97293236,-185.03940000
66.97393716,-185.03940000
66.97494196,-181.10240000
66.97594676,-185.03940000
66.97695156,-181.10240000
66.97795636,-185.03940000
66.97896116,-181.10240000
66.97996596,-192.91340000
66.98097076,-181.10240000
66.98197556,-185.03940000
66.98298036,-188.97640000
66.98398516,-185.03940000
66.98498996,-177.16530000
66.98599476,-188.97640000
66.98699956,-185.03940000
66.98800436,-181.10240000
66.98900916,-181.10240000
66.99001396,-181.10240000
66.99101876,-185.03940000
66.99202356,-188.97640000
66.99302836,-181.10240000
66.99403316,-181.10240000
66.99503796,-188.97640000
66.99604276,-185.03940000
66.99704756,-185.03940000
66.99805236,-185.03940000
66.99905716,-181.10240000
67.00006196,-181.10240000
67.00106676,-181.10240000
67.00207156,-181.10240000
67.00307636,-181.10240000
67.00408116,-177.16530000
67.00508596,-181.10240000
67.00609076,-185.03940000
67.00709556,-181.10240000
67.00810036,-185.03940000
67.00910516,-188.97640000
67.01010996,-181.10240000
67.01111476,-188.97640000
67.01211956,-177.16530000
67.01312436,-185.03940000
67.01412916,-181.10240000
67.01513396,-177.16530000
67.01613876,-181.10240000
67.01714356,-196.85040000
67.01814836,-185.03940000
67.01915316,-185.03940000
67.02015796,-169.29130000
67.02116276,-185.03940000
67.02216756,-181.10240000
67.02317236,-181.10240000
67.02417716,-181.10240000
67.02518196,-181.10240000
67.02618676,-177.16530000
67.02719156,-181.10240000
67.02819636,-177.16530000
67.02920116,-181.10240000
67.03020596,-185.03940000
67.03121076,-173.22830000
67.03221556,-185.03940000
67.03322036,-173.22830000
67.03422516,-188.97640000
67.03522996,-188.97640000
67.03623476,-188.97640000
67.03723956,-185.03940000
67.03824436,-181.10240000
67.03924916,-181.10240000
67.04025396,-181.10240000
67.04125876,-177.16530000
67.04226356,-181.10240000
67.04326836,-181.10240000
67.04427316,-177.16530000
67.04527796,-181.10240000
67.04628276,-181.10240000
67.04728756,-177.16530000
67.04829236,-181.10240000
67.04929716,-181.10240000
67.05030196,-181.10240000
67.05130676,-181.10240000
67.05231156,-185.03940000
67.05331636,-181.10240000
67.05432116,-181.10240000
67.05532596,-181.10240000
67.05633076,-181.10240000
67.05733556,-185.03940000
67.05834036,-185.03940000
67.05934516,-177.16530000
67.06034996,-181.10240000
67.06135476,-177.16530000
67.06235956,-185.03940000
67.06336436,-177.16530000
67.06436916,-185.03940000
67.06537396,-181.10240000
67.06637876,-181.10240000
67.06738356,-185.03940000
67.06838836,-185.03940000
67.06939316,-185.03940000
67.07039796,-181.10240000
67.07140276,-181.10240000
67.07240756,-188.97640000
67.07341236,-185.03940000
67.07441716,-185.03940000
67.07542196,-185.03940000
67.07642676,-177.16530000
67.07743156,-181.10240000
67.07843636,-177.16530000
67.07944116,-177.16530000
67.08044596,-177.16530000
67.08145076,-177.16530000
67.08245556,-177.16530000
67.08346036,-185.03940000
67.08446516,-177.16530000
67.08546996,-181.10240000
67.08647476,-177.16530000
67.08747956,-177.16530000
67.08848436,-181.10240000
67.08948916,-177.16530000
67.09049396,-173.22830000
67.09149876,-181.10240000
67.09250356,-181.10240000
67.09350836,-173.22830000
67.09451316,-181.10240000
67.09551796,-181.10240000
67.09652276,-177.16530000
67.09752756,-181.10240000
67.09853236,-177.16530000
67.09953716,-181.10240000
67.10054196,-181.10240000
67.10154676,-185.03940000
67.10255156,-181.10240000
67.10355636,-177.16530000
67.10456116,-185.03940000
67.10556596,-181.10240000
67.10657076,-185.03940000
67.10757556,-181.10240000
67.10858036,-185.03940000
67.10958516,-185.03940000
67.11058996,-196.85040000
67.11159476,-188.97640000
67.11259956,-185.03940000
67.11360436,-185.03940000
67.11460916,-185.03940000
67.11561396,-185.03940000
67.11661876,-181.10240000
67.11762356,-177.16530000
67.11862836,-177.16530000
67.11963316,-177.16530000
67.12063796,-181.10240000
67.12164276,-181.10240000
67.12264756,-181.10240000
67.12365236,-177.16530000
67.12465716,-181.10240000
67.12566196,-185.03940000
67.12666676,-185.03940000
67.12767156,-177.16530000
67.12867636,-185.03940000
67.12968116,-181.10240000
67.13068596,-185.03940000
67.13169076,-188.97640000
67.13269556,-185.03940000
67.13370036,-181.10240000
67.13470516,-181.10240000
67.13570996,-177.16530000
67.13671476,-185.03940000
67.13771956,-181.10240000
67.13872436,-181.10240000
67.13972916,-185.03940000
67.14073396,-181.10240000
67.14173876,-181.10240000
67.14274356,-181.10240000
67.14374836,-181.10240000
67.14475316,-177.16530000
67.14575796,-181.10240000
67.14676276,-177.16530000
67.14776756,-200.78740000
67.14877236,-188.97640000
67.14977716,-185.03940000
67.15078196,-181.10240000
67.15178676,-177.16530000
67.15279156,-181.10240000
67.15379636,-181.10240000
67.15480116,-177.16530000
67.15580596,-177.16530000
67.15681076,-181.10240000
67.15781556,-181.10240000
67.15882036,-173.22830000
67.15982516,-177.16530000
67.16082996,-177.16530000
67.16183476,-181.10240000
67.16283956,-177.16530000
67.16384436,-181.10240000
67.16484916,-181.10240000
67.16585396,-185.03940000
67.16685876,-181.10240000
67.16786356,-177.16530000
67.16886836,-181.10240000
67.16987316,-185.03940000
67.17087796,-177.16530000
67.17188276,-177.16530000
67.17288756,-177.16530000
67.17389236,-185.03940000
67.17489716,-181.10240000
67.17590196,-185.03940000
67.17690676,-177.16530000
67.17791156,-181.10240000
67.17891636,-181.10240000
67.17992116,-181.10240000
67.18092596,-181.10240000
67.18193076,-181.10240000
67.18293556,-181.10240000
67.18394036,-181.10240000
67.18494516,-177.16530000
67.18594996,-177.16530000
67.18695476,-177.16530000
67.18795956,-185.03940000
67.18896436,-188.97640000
67.18996916,-185.03940000
67.19097396,-181.10240000
67.19197876,-177.16530000
67.19298356,-177.16530000
67.19398836,-177.16530000
67.19499316,-177.16530000
67.19599796,-177.16530000
67.19700276,-177.16530000
67.19800756,-181.10240000
67.19901236,-177.16530000
67.20001716,-173.22830000
67.20102196,-177.16530000
67.20202676,-177.16530000
67.20303156,-177.16530000
67.20403636,-177.16530000
67.20504116,-177.16530000
67.20604596,-181.10240000
67.20705076,-181.10240000
67.20805556,-181.10240000
67.20906036,-177.16530000
67.21006516,-177.16530000
67.21106996,-177.16530000
67.21207476,-185.03940000
67.21307956,-177.16530000
67.21408436,-181.10240000
67.21508916,-173.22830000
67.21609396,-177.16530000
67.21709876,-177.16530000
67.21810356,-177.16530000
67.21910836,-181.10240000
67.22011316,-185.03940000
67.22111796,-173.22830000
67.22212276,-177.16530000
67.22312756,-177.16530000
67.22413236,-177.16530000
67.22513716,-177.16530000
67.22614196,-177.16530000
67.22714676,-173.22830000
67.22815156,-173.22830000
67.22915636,-181.10240000
67.23016116,-181.10240000
67.23116596,-181.10240000
67.23217076,-177.16530000
67.23317556,-177.16530000
67.23418036,-173.22830000
67.23518516,-165.35430000
67.23618996,-177.16530000
67.23719476,-177.16530000
67.23819956,-177.16530000
67.23920436,-165.35430000
67.24020916,-169.29130000
67.24121396,-173.22830000
67.24221876,-165.35430000
67.24322356,-169.29130000
67.24422836,-177.16530000
67.24523316,-177.16530000
67.24623796,-181.10240000
67.24724276,-177.16530000
67.24824756,-165.35430000
67.24925236,-181.10240000
67.25025716,-177.16530000
67.25126196,-173.22830000
67.25226676,-173.22830000
67.25327156,-173.22830000
67.25427636,-169.29130000
67.25528116,-173.22830000
67.25628596,-173.22830000
67.25729076,-173.22830000
67.25829556,-169.29130000
67.25930036,-173.22830000
67.26030516,-169.29130000
67.26130996,-173.22830000
67.26231475,-173.22830000
67.26331955,-177.16530000
67.26432435,-169.29130000
67.26532915,-169.29130000
67.26633395,-165.35430000
67.26733875,-173.22830000
67.26834355,-173.22830000
67.26934835,-173.22830000
67.27035315,-165.35430000
67.27135795,-169.29130000
67.27236275,-165.35430000
67.27336755,-169.29130000
67.27437235,-165.35430000
67.27537715,-165.35430000
67.27638195,-165.35430000
67.27738675,-169.29130000
67.27839155,-173.22830000
67.27939635,-173.22830000
67.28040115,-161.41730000
67.28140595,-169.29130000
67.28241075,-169.29130000
67.28341555,-165.35430000
67.28442035,-169.29130000
67.28542515,-169.29130000
67.28642995,-165.35430000
67.28743475,-165.35430000
67.28843955,-165.35430000
67.28944435,-165.35430000
67.29044915,-173.22830000
67.29145395,-165.35430000
67.29245875,-165.35430000
67.29346355,-161.41730000
67.29446835,-169.29130000
67.29547315,-169.29130000
67.29647795,-161.41730000
67.29748275,-165.35430000
67.29848755,-169.29130000
67.29949235,-161.41730000
67.30049715,-161.41730000
67.30150195,-169.29130000
67.30250675,-165.35430000
67.30351155,-161.41730000
67.30451635,-161.41730000
67.30552115,-157.48030000
67.30652595,-165.35430000
67.30753075,-165.35430000
67.30853555,-161.41730000
67.30954035,-165.35430000
67.31054515,-161.41730000
67.31154995,-161.41730000
67.31255475,-157.48030000
67.31355955,-157.48030000
67.31456435,-161.41730000
67.31556915,-153.54330000
67.31657395,-157.48030000
67.31757875,-161.41730000
67.31858355,-157.48030000
67.31958835,-161.41730000
67.32059315,-157.48030000
67.32159795,-153.54330000
67.32260275,-161.41730000
67.32360755,-157.48030000
67.32461235,-157.48030000
67.32561715,-165.35430000
67.32662195,-161.41730000
67.32762675,-157.48030000
67.32863155,-157.48030000
67.32963635,-157.48030000
67.33064115,-157.48030000
67.33164595,-157.48030000
67.33265075,-157.48030000
67.33365555,-165.35430000
67.33466035,-157.48030000
67.33566515,-161.41730000
67.33666995,-165.35430000
67.33767475,-157.48030000
67.33867955,-157.48030000
67.33968435,-157.48030000
67.34068915,-149.60630000
67.34169395,-161.41730000
67.34269875,-157.48030000
67.34370355,-165.35430000
67.34470835,-149.60630000
67.34571315,-161.41730000
67.34671795,-165.35430000
67.34772275,-157.48030000
67.34872755,-161.41730000
67.34973235,-157.48030000
67.35073715,-157.48030000
67.35174195,-153.54330000
67.35274675,-153.54330000
67.35375155,-157.48030000
67.35475635,-157.48030000
67.35576115,-149.60630000
67.35676595,-157.48030000
67.35777075,-153.54330000
67.35877555,-161.41730000
67.35978035,-153.54330000
67.36078515,-161.41730000
67.36178995,-157.48030000
67.36279475,-157.48030000
67.36379955,-153.54330000
67.36480435,-153.54330000
67.36580915,-157.48030000
67.36681395,-157.48030000
67.36781875,-157.48030000
67.36882355,-153.54330000
67.36982835,-153.54330000
67.37083315,-157.48030000
67.37183795,-157.48030000
67.37284275,-153.54330000
67.37384755,-157.48030000
67.37485235,-157.48030000
67.37585715,-157.48030000
67.37686195,-157.48030000
67.37786675,-157.48030000
67.37887155,-157.48030000
67.37987635,-153.54330000
67.38088115,-157.48030000
67.38188595,-153.54330000
67.38289075,-153.54330000
67.38389555,-153.54330000
67.38490035,-157.48030000
67.38590515,-157.48030000
67.38690995,-153.54330000
67.38791475,-161.41730000
67.38891955,-149.60630000
67.38992435,-157.48030000
67.39092915,-153.54330000
67.39193395,-149.60630000
67.39293875,-157.48030000
67.39394355,-153.54330000
67.39494835,-153.54330000
67.39595315,-153.54330000
67.39695795,-145.66930000
67.39796275,-157.48030000
67.39896755,-149.60630000
67.39997235,-153.54330000
67.40097715,-153.54330000
67.40198195,-153.54330000
67.40298675,-157.48030000
67.40399155,-153.54330000
67.40499635,-157.48030000
67.40600115,-153.54330000
67.40700595,-157.48030000
67.40801075,-153.54330000
67.40901555,-153.54330000
67.41002035,-153.54330000
67.41102515,-153.54330000
67.41202995,-153.54330000
67.41303475,-153.54330000
67.41403955,-153.54330000
67.41504435,-153.54330000
67.41604915,-153.54330000
67.41705395,-153.54330000
67.41805875,-153.54330000
67.41906355,-149.60630000
67.42006835,-157.48030000
67.42107315,-157.48030000
67.42207795,-149.60630000
67.42308275,-165.35430000
67.42408755,-161.41730000
67.42509235,-161.41730000
67.42609715,-141.73230000
67.42710195,-153.54330000
67.42810675,-149.60630000
67.42911155,-153.54330000
67.43011635,-145.66930000
67.43112115,-157.48030000
67.43212595,-145.66930000
67.43313075,-153.54330000
67.43413555,-145.66930000
67.43514035,-153.54330000
67.43614515,-149.60630000
67.43714995,-153.54330000
67.43815475,-153.54330000
67.43915955,-153.54330000
67.44016435,-157.48030000
67.44116915,-157.48030000
67.44217395,-157.48030000
67.44317875,-149.60630000
67.44418355,-157.48030000
67.44518835,-153.54330000
67.44619315,-149.60630000
67.44719795,-157.48030000
67.44820275,-161.41730000
67.44920755,-149.60630000
67.45021235,-157.48030000
67.45121715,-149.60630000
67.45222195,-153.54330000
67.45322675,-153.54330000
67.45423155,-153.54330000
67.45523635,-153.54330000
67.45624115,-157.48030000
67.45724595,-157.48030000
67.45825075,-153.54330000
67.45925555,-149.60630000
67.46026035,-149.60630000
67.46126515,-153.54330000
67.46226995,-165.35430000
67.46327475,-157.48030000
67.46427955,-157.48030000
67.46528435,-149.60630000
67.46628915,-157.48030000
67.46729395,-149.60630000
67.46829875,-149.60630000
67.46930355,-153.54330000
67.47030835,-149.60630000
67.47131315,-145.66930000
67.47231795,-149.60630000
67.47332275,-153.54330000
67.47432755,-153.54330000
67.47533235,-153.54330000
67.47633715,-145.66930000
67.47734195,-149.60630000
67.47834675,-149.60630000
67.47935155,-149.60630000
67.48035635,-149.60630000
67.48136115,-149.60630000
67.48236595,-153.54330000
67.48337075,-149.60630000
67.48437555,-153.54330000
67.48538035,-149.60630000
67.48638515,-149.60630000
67.48738995,-153.54330000
67.48839475,-149.60630000
67.48939955,-153.54330000
67.49040435,-157.48030000
67.49140915,-153.54330000
67.49241395,-145.66930000
67.49341875,-149.60630000
67.49442355,-149.60630000
67.49542835,-145.66930000
67.49643315,-157.48030000
67.49743795,-149.60630000
67.49844275,-153.54330000
67.49944755,-145.66930000
67.50045235,-153.54330000
67.50145715,-161.41730000
67.50246195,-153.54330000
67.50346675,-157.48030000
67.50447155,-149.60630000
67.50547635,-157.48030000
67.50648115,-157.48030000
67.50748595,-145.66930000
67.50849075,-145.66930000
67.50949555,-149.60630000
67.51050035,-145.66930000
67.51150515,-145.66930000
67.51250995,-153.54330000
67.51351475,-149.60630000
67.51451955,-149.60630000
67.51552435,-149.60630000
67.51652915,-149.60630000
67.51753395,-145.66930000
67.51853875,-153.54330000
67.51954355,-149.60630000
67.52054835,-165.35430000
67.52155315,-153.54330000
67.52255795,-149.60630000
67.52356275,-133.85830000
67.52456755,-149.60630000
67.52557235,-149.60630000
67.52657715,-153.54330000
67.52758195,-149.60630000
67.52858675,-153.54330000
67.52959155,-149.60630000
67.53059635,-145.66930000
67.53160115,-149.60630000
67.53260595,-153.54330000
67.53361075,-149.60630000
67.53461555,-149.60630000
67.53562035,-149.60630000
67.53662515,-153.54330000
67.53762995,-153.54330000
67.53863475,-153.54330000
67.53963955,-161.41730000
67.54064435,-153.54330000
67.54164915,-153.54330000
67.54265395,-149.60630000
67.54365875,-145.66930000
67.54466355,-149.60630000
67.54566835,-141.73230000
67.54667315,-153.54330000
67.54767795,-153.54330000
67.54868275,-149.60630000
67.54968755,-145.66930000
67.55069235,-149.60630000
67.55169715,-149.60630000
67.55270195,-141.73230000
67.55370675,-157.48030000
67.55471155,-149.60630000
67.55571635,-149.60630000
67.55672115,-145.66930000
67.55772595,-153.54330000
67.55873075,-153.54330000
67.55973555,-149.60630000
67.56074035,-149.60630000
67.56174515,-149.60630000
67.56274995,-149.60630000
67.56375475,-149.60630000
67.56475955,-145.66930000
67.56576435,-149.60630000
67.56676915,-149.60630000
67.56777395,-153.54330000
67.56877875,-141.73230000
67.56978355,-153.54330000
67.57078835,-145.66930000
67.57179315,-157.48030000
67.57279795,-145.66930000
67.57380275,-149.60630000
67.57480755,-153.54330000
67.57581235,-153.54330000
67.57681715,-141.73230000
67.57782195,-153.54330000
67.57882675,-145.66930000
67.57983155,-157.48030000
67.58083635,-149.60630000
67.58184115,-149.60630000
67.58284595,-149.60630000
67.58385075,-149.60630000
67.58485555,-145.66930000
67.58586035,-145.66930000
67.58686515,-149.60630000
67.58786995,-149.60630000
67.58887475,-145.66930000
67.58987955,-145.66930000
67.59088435,-149.60630000
67.59188914,-145.66930000
67.59289394,-149.60630000
67.59389874,-145.66930000
67.59490354,-141.73230000
67.59590834,-149.60630000
67.59691314,-145.66930000
67.59791794,-145.66930000
67.59892274,-149.60630000
67.59992754,-145.66930000
67.60093234,-149.60630000
67.60193714,-149.60630000
67.60294194,-145.66930000
67.60394674,-149.60630000
67.60495154,-149.60630000
67.60595634,-145.66930000
67.60696114,-149.60630000
67.60796594,-141.73230000
67.60897074,-149.60630000
67.60997554,-149.60630000
67.61098034,-141.73230000
67.61198514,-149.60630000
67.61298994,-145.66930000
67.61399474,-149.60630000
67.61499954,-145.66930000
67.61600434,-145.66930000
67.61700914,-145.66930000
67.61801394,-153.54330000
67.61901874,-165.35430000
67.62002354,-153.54330000
67.62102834,-141.73230000
67.62203314,-149.60630000
67.62303794,-149.60630000
67.62404274,-145.66930000
67.62504754,-145.66930000
67.62605234,-137.79530000
67.62705714,-145.66930000
67.62806194,-145.66930000
67.62906674,-145.66930000
67.63007154,-141.73230000
67.63107634,-145.66930000
67.63208114,-141.73230000
67.63308594,-141.73230000
67.63409074,-145.66930000
67.63509554,-149.60630000
67.63610034,-145.66930000
67.63710514,-149.60630000
67.63810994,-145.66930000
67.63911474,-145.66930000
67.64011954,-145.66930000
67.64112434,-149.60630000
67.64212914,-145.66930000
67.64313394,-145.66930000
67.64413874,-141.73230000
67.64514354,-141.73230000
67.64614834,-145.66930000
67.64715314,-137.79530000
67.64815794,-141.73230000
67.64916274,-145.66930000
67.65016754,-141.73230000
67.65117234,-145.66930000
67.65217714,-141.73230000
67.65318194,-149.60630000
67.65418674,-141.73230000
67.65519154,-145.66930000
67.65619634,-141.73230000
67.65720114,-145.66930000
67.65820594,-145.66930000
67.65921074,-145.66930000
67.66021554,-149.60630000
67.66122034,-149.60630000
67.66222514,-141.73230000
67.66322994,-145.66930000
67.66423474,-141.73230000
67.66523954,-137.79530000
67.66624434,-141.73230000
67.66724914,-145.66930000
67.66825394,-145.66930000
67.66925874,-149.60630000
67.67026354,-145.66930000
67.67126834,-141.73230000
67.67227314,-145.66930000
67.67327794,-149.60630000
67.67428274,-141.73230000
67.67528754,-145.66930000
67.67629234,-141.73230000
67.67729714,-145.66930000
67.67830194,-145.66930000
67.67930674,-141.73230000
67.68031154,-141.73230000
67.68131634,-145.66930000
67.68232114,-145.66930000
67.68332594,-145.66930000
67.68433074,-145.66930000
67.68533554,-149.60630000
67.68634034,-145.66930000
67.68734514,-141.73230000
67.68834994,-141.73230000
67.68935474,-145.66930000
67.69035954,-137.79530000
67.69136434,-145.66930000
67.69236914,-149.60630000
67.69337394,-141.73230000
67.69437874,-145.66930000
67.69538354,-149.60630000
67.69638834,-145.66930000
67.69739314,-149.60630000
67.69839794,-145.66930000
67.69940274,-149.60630000
67.70040754,-149.60630000
67.70141234,-149.60630000
67.70241714,-145.66930000
67.70342194,-137.79530000
67.70442674,-145.66930000
67.70543154,-145.66930000
67.70643634,-141.73230000
67.70744114,-145.66930000
67.70844594,-145.66930000
67.70945074,-141.73230000
67.71045554,-145.66930000
67.71146034,-145.66930000
67.71246514,-149.60630000
67.71346994,-149.60630000
67.71447474,-145.66930000
67.71547954,-149.60630000
67.71648434,-157.48030000
67.71748914,-153.54330000
67.71849394,-141.73230000
67.71949874,-145.66930000
67.72050354,-141.73230000
67.72150834,-153.54330000
67.72251314,-149.60630000
67.72351794,-149.60630000
67.72452274,-145.66930000
67.72552754,-149.60630000
67.72653234,-149.60630000
67.72753714,-145.66930000
67.72854194,-145.66930000
67.72954674,-145.66930000
67.73055154,-149.60630000
67.73155634,-149.60630000
67.73256114,-153.54330000
67.73356594,-149.60630000
67.73457074,-161.41730000
67.73557554,-153.54330000
67.73658034,-153.54330000
67.73758514,-149.60630000
67.73858994,-145.66930000
67.73959474,-149.60630000
67.74059954,-149.60630000
67.74160434,-149.60630000
67.74260914,-153.54330000
67.74361394,-145.66930000
67.74461874,-145.66930000
67.74562354,-145.66930000
67.74662834,-149.60630000
67.74763314,-145.66930000
67.74863794,-149.60630000
67.74964274,-149.60630000
67.75064754,-149.60630000
67.75165234,-149.60630000
67.75265714,-141.73230000
67.75366194,-149.60630000
67.75466674,-149.60630000
67.75567154,-149.60630000
67.75667634,-149.60630000
67.75768114,-145.66930000
67.75868594,-149.60630000
67.75969074,-145.66930000
67.76069554,-141.73230000
67.76170034,-149.60630000
67.76270514,-145.66930000
67.76370994,-145.66930000
67.76471474,-153.54330000
67.76571954,-145.66930000
67.76672434,-157.48030000
67.76772914,-145.66930000
67.76873394,-145.66930000
67.76973874,-141.73230000
67.77074354,-141.73230000
67.77174834,-145.66930000
67.77275314,-145.66930000
67.77375794,-153.54330000
67.77476274,-153.54330000
67.77576754,-153.54330000
67.77677234,-145.66930000
67.77777714,-149.60630000
67.77878194,-149.60630000
67.77978674,-141.73230000
67.78079154,-149.60630000
67.78179634,-149.60630000
67.78280114,-149.60630000
67.78380594,-145.66930000
67.78481074,-149.60630000
67.78581554,-141.73230000
67.78682034,-149.60630000
67.78782514,-145.66930000
67.78882994,-149.60630000
67.78983474,-153.54330000
67.79083954,-149.60630000
67.79184434,-149.60630000
67.79284914,-149.60630000
67.79385394,-149.60630000
67.79485874,-145.66930000
67.79586354,-149.60630000
67.79686834,-153.54330000
67.79787314,-149.60630000
67.79887794,-153.54330000
67.79988274,-145.66930000
67.80088754,-149.60630000
67.80189234,-149.60630000
67.80289714,-149.60630000
67.80390194,-149.60630000
67.80490674,-153.54330000
67.80591154,-145.66930000
67.80691634,-149.60630000
67.80792114,-153.54330000
67.80892594,-145.66930000
67.80993074,-149.60630000
67.81093554,-145.66930000
67.81194034,-129.92120000
67.81294514,-157.48030000
67.81394994,-157.48030000
67.81495474,-157.48030000
67.81595954,-149.60630000
67.81696434,-153.54330000
67.81796914,-153.54330000
67.81897394,-145.66930000
67.81997874,-145.66930000
67.82098354,-149.60630000
67.82198834,-145.66930000
67.82299314,-145.66930000
67.82399794,-141.73230000
67.82500274,-145.66930000
67.82600754,-149.60630000
67.82701234,-145.66930000
67.82801714,-145.66930000
67.82902194,-149.60630000
67.83002674,-153.54330000
67.83103154,-149.60630000
67.83203634,-141.73230000
67.83304114,-145.66930000
67.83404594,-149.60630000
67.83505074,-149.60630000
67.83605554,-145.66930000
67.83706034,-145.66930000
67.83806514,-149.60630000
67.83906994,-149.60630000
67.84007474,-149.60630000
67.84107954,-149.60630000
67.84208434,-145.66930000
67.84308914,-145.66930000
67.84409394,-149.60630000
67.84509874,-145.66930000
67.84610354,-157.48030000
67.84710834,-149.60630000
67.84811314,-149.60630000
67.84911794,-149.60630000
67.85012274,-157.48030000
67.85112754,-153.54330000
67.85213234,-157.48030000
67.85313714,-153.54330000
67.85414194,-153.54330000
67.85514674,-149.60630000
67.85615154,-149.60630000
67.85715634,-145.66930000
67.85816114,-149.60630000
67.85916594,-149.60630000
67.86017074,-149.60630000
67.86117554,-149.60630000
67.86218034,-157.48030000
67.86318514,-141.73230000
67.86418994,-157.48030000
67.86519474,-145.66930000
67.86619954,-149.60630000
67.86720434,-149.60630000
67.86820914,-145.66930000
67.86921394,-149.60630000
67.87021874,-149.60630000
67.87122354,-145.66930000
67.87222834,-149.60630000
67.87323314,-153.54330000
67.87423794,-137.79530000
67.87524274,-149.60630000
67.87624754,-145.66930000
67.87725234,-149.60630000
67.87825714,-153.54330000
67.87926194,-149.60630000
67.88026674,-149.60630000
67.88127154,-145.66930000
67.88227634,-149.60630000
67.88328114,-145.66930000
67.88428594,-149.60630000
67.88529074,-145.66930000
67.88629554,-153.54330000
67.88730034,-141.73230000
67.88830514,-157.48030000
67.88930994,-161.41730000
67.89031474,-157.48030000
67.89131954,-149.60630000
67.89232434,-149.60630000
67.89332914,-145.66930000
67.89433394,-145.66930000
67.89533874,-149.60630000
67.89634354,-145.66930000
67.89734834,-145.66930000
67.89835314,-145.66930000
67.89935794,-145.66930000
67.90036274,-145.66930000
67.90136754,-145.66930000
67.90237234,-145.66930000
67.90337714,-149.60630000
67.90438194,-145.66930000
67.90538674,-145.66930000
67.90639154,-149.60630000
67.90739634,-145.66930000
67.90840114,-145.66930000
67.90940594,-145.66930000
67.91041074,-145.66930000
67.91141554,-153.54330000
67.91242034,-149.60630000
67.91342514,-145.66930000
67.91442994,-141.73230000
67.91543474,-141.73230000
67.91643954,-141.73230000
67.91744434,-141.73230000
67.91844914,-141.73230000
67.91945394,-145.66930000
67.92045873,-145.66930000
67.92146353,-149.60630000
67.92246833,-149.60630000
67.92347313,-145.66930000
67.92447793,-145.66930000
67.92548273,-141.73230000
67.92648753,-153.54330000
67.92749233,-165.35430000
67.92849713,-149.60630000
67.92950193,-137.79530000
67.93050673,-149.60630000
67.93151153,-149.60630000
67.93251633,-149.60630000
67.93352113,-145.66930000
67.93452593,-145.66930000
67.93553073,-145.66930000
67.93653553,-141.73230000
67.93754033,-145.66930000
67.93854513,-145.66930000
67.93954993,-141.73230000
67.94055473,-141.73230000
67.94155953,-145.66930000
67.94256433,-145.66930000
67.94356913,-145.66930000
67.94457393,-153.54330000
67.94557873,-153.54330000
67.94658353,-145.66930000
67.94758833,-145.66930000
67.94859313,-141.73230000
67.94959793,-145.66930000
67.95060273,-149.60630000
67.95160753,-145.66930000
67.95261233,-145.66930000
67.95361713,-149.60630000
67.95462193,-145.66930000
67.95562673,-141.73230000
67.95663153,-153.54330000
67.95763633,-141.73230000
67.95864113,-149.60630000
67.95964593,-149.60630000
67.96065073,-149.60630000
67.96165553,-145.66930000
67.96266033,-141.73230000
67.96366513,-141.73230000
67.96466993,-145.66930000
67.96567473,-145.66930000
67.96667953,-145.66930000
67.96768433,-149.60630000
67.96868913,-149.60630000
67.96969393,-149.60630000
67.97069873,-153.54330000
67.97170353,-141.73230000
67.97270833,-145.66930000
67.97371313,-141.73230000
67.97471793,-141.73230000
67.97572273,-149.60630000
67.97672753,-149.60630000
67.97773233,-149.60630000
67.97873713,-141.73230000
67.97974193,-149.60630000
67.98074673,-145.66930000
67.98175153,-149.60630000
67.98275633,-149.60630000
67.98376113,-145.66930000
67.98476593,-145.66930000
67.98577073,-145.66930000
67.98677553,-149.60630000
67.98778033,-145.66930000
67.98878513,-149.60630000
67.98978993,-149.60630000
67.99079473,-145.66930000
67.99179953,-145.66930000
67.99280433,-149.60630000
67.99380913,-145.66930000
67.99481393,-149.60630000
67.99581873,-141.73230000
67.99682353,-145.66930000
67.99782833,-145.66930000
67.99883313,-157.48030000
67.99983793,-145.66930000
68.00084273,-149.60630000
68.00184753,-145.66930000
68.00285233,-149.60630000
68.00385713,-145.66930000
68.00486193,-141.73230000
68.00586673,-153.54330000
68.00687153,-141.73230000
68.00787633,-153.54330000
68.00888113,-149.60630000
68.00988593,-149.60630000
68.01089073,-149.60630000
68.01189553,-141.73230000
68.01290033,-141.73230000
68.01390513,-141.73230000
68.01490993,-145.66930000
68.01591473,-145.66930000
68.01691953,-145.66930000
68.01792433,-141.73230000
68.01892913,-141.73230000
68.01993393,-137.79530000
68.02093873,-149.60630000
68.02194353,-141.73230000
68.02294833,-141.73230000
68.02395313,-157.48030000
68.02495793,-145.66930000
68.02596273,-145.66930000
68.02696753,-137.79530000
68.02797233,-145.66930000
68.02897713,-149.60630000
68.02998193,-141.73230000
68.03098673,-145.66930000
68.03199153,-141.73230000
68.03299633,-145.66930000
68.03400113,-149.60630000
68.03500593,-145.66930000
68.03601073,-141.73230000
68.03701553,-141.73230000
68.03802033,-145.66930000
68.03902513,-145.66930000
68.04002993,-145.66930000
68.04103473,-149.60630000
68.04203953,-145.66930000
68.04304433,-153.54330000
68.04404913,-145.66930000
68.04505393,-145.66930000
68.04605873,-149.60630000
68.04706353,-149.60630000
68.04806833,-145.66930000
68.04907313,-149.60630000
68.05007793,-145.66930000
68.05108273,-141.73230000
68.05208753,-145.66930000
68.05309233,-141.73230000
68.05409713,-145.66930000
68.05510193,-145.66930000
68.05610673,-141.73230000
68.05711153,-149.60630000
68.05811633,-145.66930000
68.05912113,-149.60630000
68.06012593,-141.73230000
68.06113073,-145.66930000
68.06213553,-141.73230000
68.06314033,-141.73230000
68.06414513,-141.73230000
68.06514993,-145.66930000
68.06615473,-145.66930000
68.06715953,-141.73230000
68.06816433,-145.66930000
68.06916913,-145.66930000
68.07017393,-141.73230000
68.07117873,-141.73230000
68.07218353,-145.66930000
68.07318833,-145.66930000
68.07419313,-149.60630000
68.07519793,-145.66930000
68.07620273,-141.73230000
68.07720753,-141.73230000
68.07821233,-145.66930000
68.07921713,-145.66930000
68.08022193,-141.73230000
68.08122673,-145.66930000
68.08223153,-141.73230000
68.08323633,-141.73230000
68.08424113,-145.66930000
68.08524593,-145.66930000
68.08625073,-145.66930000
68.08725553,-141.73230000
68.08826033,-141.73230000
68.08926513,-141.73230000
68.09026993,-137.79530000
68.09127473,-141.73230000
68.09227953,-141.73230000
68.09328433,-141.73230000
68.09428913,-137.79530000
68.09529393,-141.73230000
68.09629873,-141.73230000
68.09730353,-141.73230000
68.09830833,-149.60630000
68.09931313,-145.66930000
68.10031793,-141.73230000
68.10132273,-145.66930000
68.10232753,-137.79530000
68.10333233,-137.79530000
68.10433713,-141.73230000
68.10534193,-141.73230000
68.10634673,-145.66930000
68.10735153,-145.66930000
68.10835633,-141.73230000
68.10936113,-141.73230000
68.11036593,-141.73230000
68.11137073,-141.73230000
68.11237553,-141.73230000
68.11338033,-137.79530000
68.11438513,-137.79530000
68.11538993,-141.73230000
68.11639473,-145.66930000
68.11739953,-141.73230000
68.11840433,-145.66930000
68.11940913,-141.73230000
68.12041393,-141.73230000
68.12141873,-141.73230000
68.12242353,-149.60630000
68.12342833,-145.66930000
68.12443313,-145.66930000
68.12543793,-137.79530000
68.12644273,-141.73230000
68.12744753,-141.73230000
68.12845233,-133.85830000
68.12945713,-137.79530000
68.13046193,-141.73230000
68.13146673,-137.79530000
68.13247153,-141.73230000
68.13347633,-137.79530000
68.13448113,-133.85830000
68.13548593,-141.73230000
68.13649073,-137.79530000
68.13749553,-137.79530000
68.13850033,-141.73230000
68.13950513,-137.79530000
68.14050993,-145.66930000
68.14151473,-141.73230000
68.14251953,-137.79530000
68.14352433,-141.73230000
68.14452913,-141.73230000
68.14553393,-137.79530000
68.14653873,-141.73230000
68.14754353,-137.79530000
68.14854833,-141.73230000
68.14955313,-137.79530000
68.15055793,-141.73230000
68.15156273,-137.79530000
68.15256753,-133.85830000
68.15357233,-137.79530000
68.15457713,-141.73230000
68.15558193,-145.66930000
68.15658673,-137.79530000
68.15759153,-141.73230000
68.15859633,-141.73230000
68.15960113,-137.79530000
68.16060593,-137.79530000
68.16161073,-141.73230000
68.16261553,-141.73230000
68.16362033,-137.79530000
68.16462513,-137.79530000
68.16562993,-133.85830000
68.16663473,-133.85830000
68.16763953,-133.85830000
68.16864433,-133.85830000
68.16964913,-137.79530000
68.17065393,-137.79530000
68.17165873,-141.73230000
68.17266353,-133.85830000
68.17366833,-137.79530000
68.17467313,-141.73230000
68.17567793,-137.79530000
68.17668273,-137.79530000
68.17768753,-137.79530000
68.17869233,-133.85830000
68.17969713,-133.85830000
68.18070193,-137.79530000
68.18170673,-129.92120000
68.18271153,-137.79530000
68.18371633,-141.73230000
68.18472113,-133.85830000
68.18572593,-133.85830000
68.18673073,-141.73230000
68.18773553,-141.73230000
68.18874033,-137.79530000
68.18974513,-133.85830000
68.19074993,-133.85830000
68.19175473,-133.85830000
68.19275953,-133.85830000
68.19376433,-137.79530000
68.19476913,-133.85830000
68.19577393,-133.85830000
68.19677873,-133.85830000
68.19778353,-133.85830000
68.19878833,-133.85830000
68.19979313,-141.73230000
68.20079793,-137.79530000
68.20180273,-133.85830000
68.20280753,-137.79530000
68.20381233,-133.85830000
68.20481713,-129.92120000
68.20582193,-129.92120000
68.20682673,-129.92120000
68.20783153,-137.79530000
68.20883633,-137.79530000
68.20984113,-133.85830000
68.21084593,-133.85830000
68.21185073,-133.85830000
68.21285553,-133.85830000
68.21386033,-133.85830000
68.21486513,-129.92120000
68.21586993,-133.85830000
68.21687473,-137.79530000
68.21787953,-133.85830000
68.21888433,-141.73230000
68.21988913,-137.79530000
68.22089393,-133.85830000
68.22189873,-125.98420000
68.22290353,-133.85830000
68.22390833,-129.92120000
68.22491313,-133.85830000
68.22591793,-133.85830000
68.22692273,-137.79530000
68.22792753,-133.85830000
68.22893233,-137.79530000
68.22993713,-129.92120000
68.23094193,-133.85830000
68.23194673,-137.79530000
68.23295153,-133.85830000
68.23395633,-133.85830000
68.23496113,-137.79530000
68.23596593,-137.79530000
68.23697073,-137.79530000
68.23797553,-145.66930000
68.23898033,-141.73230000
68.23998513,-129.92120000
68.24098993,-133.85830000
68.24199473,-137.79530000
68.24299953,-129.92120000
68.24400433,-133.85830000
68.24500913,-137.79530000
68.24601393,-125.98420000
68.24701873,-129.92120000
68.24802353,-133.85830000
68.24902832,-129.92120000
68.25003312,-129.92120000
68.25103792,-133.85830000
68.25204272,-137.79530000
68.25304752,-129.92120000
68.25405232,-141.73230000
68.25505712,-129.92120000
68.25606192,-129.92120000
68.25706672,-133.85830000
68.25807152,-129.92120000
68.25907632,-133.85830000
68.26008112,-129.92120000
68.26108592,-129.92120000
68.26209072,-125.98420000
68.26309552,-129.92120000
68.26410032,-129.92120000
68.26510512,-129.92120000
68.26610992,-129.92120000
68.26711472,-133.85830000
68.26811952,-133.85830000
68.26912432,-129.92120000
68.27012912,-133.85830000
68.27113392,-133.85830000
68.27213872,-129.92120000
68.27314352,-129.92120000
68.27414832,-129.92120000
68.27515312,-133.85830000
68.27615792,-129.92120000
68.27716272,-137.79530000
68.27816752,-137.79530000
68.27917232,-137.79530000
68.28017712,-133.85830000
68.28118192,-129.92120000
68.28218672,-125.98420000
68.28319152,-129.92120000
68.28419632,-133.85830000
68.28520112,-129.92120000
68.28620592,-129.92120000
68.28721072,-129.92120000
68.28821552,-133.85830000
68.28922032,-133.85830000
68.29022512,-133.85830000
68.29122992,-133.85830000
68.29223472,-129.92120000
68.29323952,-125.98420000
68.29424432,-129.92120000
68.29524912,-133.85830000
68.29625392,-133.85830000
68.29725872,-129.92120000
68.29826352,-125.98420000
68.29926832,-129.92120000
68.30027312,-137.79530000
68.30127792,-133.85830000
68.30228272,-129.92120000
68.30328752,-137.79530000
68.30429232,-129.92120000
68.30529712,-133.85830000
68.30630192,-129.92120000
68.30730672,-125.98420000
68.30831152,-125.98420000
68.30931632,-129.92120000
68.31032112,-133.85830000
68.31132592,-129.92120000
68.31233072,-129.92120000
68.31333552,-129.92120000
68.31434032,-133.85830000
68.31534512,-137.79530000
68.31634992,-137.79530000
68.31735472,-137.79530000
68.31835952,-141.73230000
68.31936432,-125.98420000
68.32036912,-122.04720000
68.32137392,-133.85830000
68.32237872,-129.92120000
68.32338352,-125.98420000
68.32438832,-129.92120000
68.32539312,-129.92120000
68.32639792,-125.98420000
68.32740272,-129.92120000
68.32840752,-129.92120000
68.32941232,-129.92120000
68.33041712,-129.92120000
68.33142192,-125.98420000
68.33242672,-133.85830000
68.33343152,-133.85830000
68.33443632,-133.85830000
68.33544112,-122.04720000
68.33644592,-125.98420000
68.33745072,-129.92120000
68.33845552,-129.92120000
68.33946032,-129.92120000
68.34046512,-133.85830000
68.34146992,-129.92120000
68.34247472,-125.98420000
68.34347952,-133.85830000
68.34448432,-125.98420000
68.34548912,-125.98420000
68.34649392,-141.73230000
68.34749872,-125.98420000
68.34850352,-129.92120000
68.34950832,-129.92120000
68.35051312,-129.92120000
68.35151792,-133.85830000
68.35252272,-129.92120000
68.35352752,-133.85830000
68.35453232,-133.85830000
68.35553712,-129.92120000
68.35654192,-129.92120000
68.35754672,-129.92120000
68.35855152,-129.92120000
68.35955632,-129.92120000
68.36056112,-125.98420000
68.36156592,-125.98420000
68.36257072,-122.04720000
68.36357552,-125.98420000
68.36458032,-129.92120000
68.36558512,-129.92120000
68.36658992,-129.92120000
68.36759472,-133.85830000
68.36859952,-125.98420000
68.36960432,-125.98420000
68.37060912,-129.92120000
68.37161392,-129.92120000
68.37261872,-129.92120000
68.37362352,-125.98420000
68.37462832,-125.98420000
68.37563312,-125.98420000
68.37663792,-133.85830000
68.37764272,-125.98420000
68.37864752,-125.98420000
68.37965232,-129.92120000
68.38065712,-129.92120000
68.38166192,-129.92120000
68.38266672,-133.85830000
68.38367152,-133.85830000
68.38467632,-125.98420000
68.38568112,-129.92120000
68.38668592,-129.92120000
68.38769072,-125.98420000
68.38869552,-129.92120000
68.38970032,-125.98420000
68.39070512,-125.98420000
68.39170992,-129.92120000
68.39271472,-133.85830000
68.39371952,-133.85830000
68.39472432,-122.04720000
68.39572912,-129.92120000
68.39673392,-125.98420000
68.39773872,-129.92120000
68.39874352,-125.98420000
68.39974832,-133.85830000
68.40075312,-122.04720000
68.40175792,-125.98420000
68.40276272,-125.98420000
68.40376752,-125.98420000
68.40477232,-129.92120000
68.40577712,-129.92120000
68.40678192,-129.92120000
68.40778672,-125.98420000
68.40879152,-125.98420000
68.40979632,-129.92120000
68.41080112,-129.92120000
68.41180592,-129.92120000
68.41281072,-125.98420000
68.41381552,-129.92120000
68.41482032,-129.92120000
68.41582512,-125.98420000
68.41682992,-125.98420000
68.41783472,-129.92120000
68.41883952,-125.98420000
68.41984432,-125.98420000
68.42084912,-125.98420000
68.42185392,-125.98420000
68.42285872,-125.98420000
68.42386352,-125.98420000
68.42486832,-125.98420000
68.42587312,-125.98420000
68.42687792,-125.98420000
68.42788272,-125.98420000
68.42888752,-125.98420000
68.42989232,-145.66930000
68.43089712,-125.98420000
68.43190192,-133.85830000
68.43290672,-114.17320000
68.43391152,-129.92120000
68.43491632,-125.98420000
68.43592112,-129.92120000
68.43692592,-125.98420000
68.43793072,-122.04720000
68.43893552,-125.98420000
68.43994032,-125.98420000
68.44094512,-125.98420000
68.44194992,-122.04720000
68.44295472,-125.98420000
68.44395952,-125.98420000
68.44496432,-122.04720000
68.44596912,-122.04720000
68.44697392,-129.92120000
68.44797872,-129.92120000
68.44898352,-129.92120000
68.44998832,-129.92120000
68.45099312,-122.04720000
68.45199792,-125.98420000
68.45300272,-125.98420000
68.45400752,-122.04720000
68.45501232,-125.98420000
68.45601712,-125.98420000
68.45702192,-122.04720000
68.45802672,-118.11020000
68.45903152,-125.98420000
68.46003632,-125.98420000
68.46104112,-129.92120000
68.46204592,-125.98420000
68.46305072,-133.85830000
68.46405552,-129.92120000
68.46506032,-133.85830000
68.46606512,-122.04720000
68.46706992,-125.98420000
68.46807472,-129.92120000
68.46907952,-125.98420000
68.47008432,-129.92120000
68.47108912,-125.98420000
68.47209392,-129.92120000
68.47309872,-129.92120000
68.47410352,-129.92120000
68.47510832,-122.04720000
68.47611312,-125.98420000
68.47711792,-122.04720000
68.47812272,-118.11020000
68.47912752,-125.98420000
68.48013232,-125.98420000
68.48113712,-125.98420000
68.48214192,-125.98420000
68.48314672,-125.98420000
68.48415152,-122.04720000
68.48515632,-125.98420000
68.48616112,-125.98420000
68.48716592,-125.98420000
68.48817072,-125.98420000
68.48917552,-125.98420000
68.49018032,-122.04720000
68.49118512,-122.04720000
68.49218992,-129.92120000
68.49319472,-122.04720000
68.49419952,-122.04720000
68.49520432,-129.92120000
68.49620912,-122.04720000
68.49721392,-125.98420000
68.49821872,-125.98420000
68.49922352,-122.04720000
68.50022832,-122.04720000
68.50123312,-125.98420000
68.50223792,-122.04720000
68.50324272,-122.04720000
68.50424752,-122.04720000
68.50525232,-122.04720000
68.50625712,-118.11020000
68.50726192,-129.92120000
68.50826672,-129.92120000
68.50927152,-122.04720000
68.51027632,-125.98420000
68.51128112,-125.98420000
68.51228592,-129.92120000
68.51329072,-129.92120000
68.51429552,-122.04720000
68.51530032,-118.11020000
68.51630512,-122.04720000
68.51730992,-118.11020000
68.51831472,-122.04720000
68.51931952,-122.04720000
68.52032432,-125.98420000
68.52132912,-122.04720000
68.52233392,-125.98420000
68.52333872,-125.98420000
68.52434352,-125.98420000
68.52534832,-122.04720000
68.52635312,-125.98420000
68.52735792,-133.85830000
68.52836272,-125.98420000
68.52936752,-125.98420000
68.53037232,-118.11020000
68.53137712,-122.04720000
68.53238192,-122.04720000
68.53338672,-122.04720000
68.53439152,-125.98420000
68.53539632,-125.98420000
68.53640112,-122.04720000
68.53740592,-122.04720000
68.53841072,-133.85830000
68.53941552,-125.98420000
68.54042032,-122.04720000
68.54142512,-122.04720000
68.54242992,-114.17320000
68.54343472,-122.04720000
68.54443952,-125.98420000
68.54544432,-114.17320000
68.54644912,-133.85830000
68.54745392,-122.04720000
68.54845872,-122.04720000
68.54946352,-125.98420000
68.55046832,-122.04720000
68.55147312,-125.98420000
68.55247792,-125.98420000
68.55348272,-122.04720000
68.55448752,-122.04720000
68.55549232,-122.04720000
68.55649712,-122.04720000
68.55750192,-118.11020000
68.55850672,-118.11020000
68.55951152,-122.04720000
68.56051632,-122.04720000
68.56152112,-122.04720000
68.56252592,-125.98420000
68.56353072,-118.11020000
68.56453552,-122.04720000
68.56554032,-122.04720000
68.56654512,-118.11020000
68.56754992,-122.04720000
68.56855472,-122.04720000
68.56955952,-118.11020000
68.57056432,-122.04720000
68.57156912,-122.04720000
68.57257392,-118.11020000
68.57357872,-118.11020000
68.57458352,-122.04720000
68.57558832,-118.11020000
68.57659312,-125.98420000
68.57759792,-122.04720000
68.57860271,-118.11020000
68.57960751,-118.11020000
68.58061231,-118.11020000
68.58161711,-133.85830000
68.58262191,-129.92120000
68.58362671,-122.04720000
68.58463151,-122.04720000
68.58563631,-122.04720000
68.58664111,-118.11020000
68.58764591,-122.04720000
68.58865071,-118.11020000
68.58965551,-118.11020000
68.59066031,-114.17320000
68.59166511,-114.17320000
68.59266991,-114.17320000
68.59367471,-118.11020000
68.59467951,-122.04720000
68.59568431,-114.17320000
68.59668911,-118.11020000
68.59769391,-118.11020000
68.59869871,-118.11020000
68.59970351,-118.11020000
68.60070831,-118.11020000
68.60171311,-118.11020000
68.60271791,-118.11020000
68.60372271,-122.04720000
68.60472751,-122.04720000
68.60573231,-122.04720000
68.60673711,-118.11020000
68.60774191,-118.11020000
68.60874671,-118.11020000
68.60975151,-122.04720000
68.61075631,-118.11020000
68.61176111,-118.11020000
68.61276591,-118.11020000
68.61377071,-118.11020000
68.61477551,-122.04720000
68.61578031,-118.11020000
68.61678511,-114.17320000
68.61778991,-118.11020000
68.61879471,-122.04720000
68.61979951,-118.11020000
68.62080431,-118.11020000
68.62180911,-118.11020000
68.62281391,-114.17320000
68.62381871,-114.17320000
68.62482351,-125.98420000
68.62582831,-118.11020000
68.62683311,-118.11020000
68.62783791,-114.17320000
68.62884271,-110.23620000
68.62984751,-118.11020000
68.63085231,-118.11020000
68.63185711,-114.17320000
68.63286191,-114.17320000
68.63386671,-118.11020000
68.63487151,-114.17320000
68.63587631,-118.11020000
68.63688111,-114.17320000
68.63788591,-114.17320000
68.63889071,-114.17320000
68.63989551,-114.17320000
68.64090031,-118.11020000
68.64190511,-118.11020000
68.64290991,-118.11020000
68.64391471,-118.11020000
68.64491951,-118.11020000
68.64592431,-114.17320000
68.64692911,-114.17320000
68.64793391,-114.17320000
68.64893871,-114.17320000
68.64994351,-118.11020000
68.65094831,-114.17320000
68.65195311,-110.23620000
68.65295791,-118.11020000
68.65396271,-118.11020000
68.65496751,-114.17320000
68.65597231,-114.17320000
68.65697711,-118.11020000
68.65798191,-118.11020000
68.65898671,-118.11020000
68.65999151,-118.11020000
68.66099631,-110.23620000
68.66200111,-110.23620000
68.66300591,-114.17320000
68.66401071,-114.17320000
68.66501551,-114.17320000
68.66602031,-114.17320000
68.66702511,-110.23620000
68.66802991,-114.17320000
68.66903471,-114.17320000
68.67003951,-110.23620000
68.67104431,-114.17320000
68.67204911,-118.11020000
68.67305391,-114.17320000
68.67405871,-114.17320000
68.67506351,-118.11020000
68.67606831,-114.17320000
68.67707311,-110.23620000
68.67807791,-118.11020000
68.67908271,-110.23620000
68.68008751,-114.17320000
68.68109231,-114.17320000
68.68209711,-114.17320000
68.68310191,-114.17320000
68.68410671,-110.23620000
68.68511151,-114.17320000
68.68611631,-114.17320000
68.68712111,-110.23620000
68.68812591,-118.11020000
68.68913071,-114.17320000
68.69013551,-114.17320000
68.69114031,-118.11020000
68.69214511,-118.11020000
68.69314991,-114.17320000
68.69415471,-102.36220000
68.69515951,-122.04720000
68.69616431,-118.11020000
68.69716911,-114.17320000
68.69817391,-114.17320000
68.69917871,-114.17320000
68.70018351,-114.17320000
68.70118831,-110.23620000
68.70219311,-110.23620000
68.70319791,-110.23620000
68.70420271,-110.23620000
68.70520751,-110.23620000
68.70621231,-114.17320000
68.70721711,-114.17320000
68.70822191,-114.17320000
68.70922671,-110.23620000
68.71023151,-106.29920000
68.71123631,-114.17320000
68.71224111,-110.23620000
68.71324591,-110.23620000
68.71425071,-110.23620000
68.71525551,-114.17320000
68.71626031,-114.17320000
68.71726511,-110.23620000
68.71826991,-114.17320000
68.71927471,-110.23620000
68.72027951,-110.23620000
68.72128431,-110.23620000
68.72228911,-110.23620000
68.72329391,-118.11020000
68.72429871,-114.17320000
68.72530351,-102.36220000
68.72630831,-114.17320000
68.72731311,-114.17320000
68.72831791,-110.23620000
68.72932271,-118.11020000
68.73032751,-110.23620000
68.73133231,-106.29920000
68.73233711,-106.29920000
68.73334191,-125.98420000
68.73434671,-114.17320000
68.73535151,-114.17320000
68.73635631,-114.17320000
68.73736111,-110.23620000
68.73836591,-106.29920000
68.73937071,-110.23620000
68.74037551,-114.17320000
68.74138031,-106.29920000
68.74238511,-110.23620000
68.74338991,-110.23620000
68.74439471,-106.29920000
68.74539951,-110.23620000
68.74640431,-110.23620000
68.74740911,-106.29920000
68.74841391,-110.23620000
68.74941871,-110.23620000
68.75042351,-106.29920000
68.75142831,-114.17320000
68.75243311,-110.23620000
68.75343791,-106.29920000
68.75444271,-110.23620000
68.75544751,-118.11020000
68.75645231,-114.17320000
68.75745711,-110.23620000
68.75846191,-110.23620000
68.75946671,-110.23620000
68.76047151,-110.23620000
68.76147631,-114.17320000
68.76248111,-106.29920000
68.76348591,-106.29920000
68.76449071,-110.23620000
68.76549551,-114.17320000
68.76650031,-106.29920000
68.76750511,-110.23620000
68.76850991,-110.23620000
68.76951471,-106.29920000
68.77051951,-102.36220000
68.77152431,-129.92120000
68.77252911,-118.11020000
68.77353391,-118.11020000
68.77453871,-114.17320000
68.77554351,-110.23620000
68.77654831,-110.23620000
68.77755311,-110.23620000
68.77855791,-102.36220000
68.77956271,-106.29920000
68.78056751,-114.17320000
68.78157231,-110.23620000
68.78257711,-110.23620000
68.78358191,-106.29920000
68.78458671,-110.23620000
68.78559151,-102.36220000
68.78659631,-110.23620000
68.78760111,-110.23620000
68.78860591,-114.17320000
68.78961071,-114.17320000
68.79061551,-114.17320000
68.79162031,-110.23620000
68.79262511,-110.23620000
68.79362991,-110.23620000
68.79463471,-106.29920000
68.79563951,-110.23620000
68.79664431,-110.23620000
68.79764911,-106.29920000
68.79865391,-110.23620000
68.79965871,-110.23620000
68.80066351,-110.23620000
68.80166831,-110.23620000
68.80267311,-106.29920000
68.80367791,-110.23620000
68.80468271,-118.11020000
68.80568751,-110.23620000
68.80669231,-110.23620000
68.80769711,-110.23620000
68.80870191,-98.42519000
68.80970671,-114.17320000
68.81071151,-114.17320000
68.81171631,-110.23620000
68.81272111,-114.17320000
68.81372591,-110.23620000
68.81473071,-106.29920000
68.81573551,-106.29920000
68.81674031,-102.36220000
68.81774511,-106.29920000
68.81874991,-110.23620000
68.81975471,-114.17320000
68.82075951,-106.29920000
68.82176431,-106.29920000
68.82276911,-106.29920000
68.82377391,-110.23620000
68.82477871,-106.29920000
68.82578351,-110.23620000
68.82678831,-110.23620000
68.82779311,-106.29920000
68.82879791,-106.29920000
68.82980271,-106.29920000
68.83080751,-106.29920000
68.83181231,-102.36220000
68.83281711,-106.29920000
68.83382191,-106.29920000
68.83482671,-102.36220000
68.83583151,-118.11020000
68.83683631,-110.23620000
68.83784111,-110.23620000
68.83884591,-90.55118000
68.83985071,-106.29920000
68.84085551,-110.23620000
68.84186031,-110.23620000
68.84286511,-110.23620000
68.84386991,-110.23620000
68.84487471,-106.29920000
68.84587951,-114.17320000
68.84688431,-110.23620000
68.84788911,-114.17320000
68.84889391,-110.23620000
68.84989871,-106.29920000
68.85090351,-106.29920000
68.85190831,-110.23620000
68.85291311,-110.23620000
68.85391791,-106.29920000
68.85492271,-106.29920000
68.85592751,-106.29920000
68.85693231,-102.36220000
68.85793711,-106.29920000
68.85894191,-106.29920000
68.85994671,-106.29920000
68.86095151,-102.36220000
68.86195631,-102.36220000
68.86296111,-102.36220000
68.86396591,-110.23620000
68.86497071,-110.23620000
68.86597551,-106.29920000
68.86698031,-106.29920000
68.86798511,-106.29920000
68.86898991,-110.23620000
68.86999471,-110.23620000
68.87099951,-110.23620000
68.87200431,-102.36220000
68.87300911,-98.42519000
68.87401391,-106.29920000
68.87501871,-106.29920000
68.87602351,-106.29920000
68.87702831,-110.23620000
68.87803311,-106.29920000
68.87903791,-106.29920000
68.88004271,-106.29920000
68.88104751,-102.36220000
68.88205231,-110.23620000
68.88305711,-110.23620000
68.88406191,-114.17320000
68.88506671,-114.17320000
68.88607151,-114.17320000
68.88707631,-110.23620000
68.88808111,-106.29920000
68.88908591,-106.29920000
68.89009071,-106.29920000
68.89109551,-106.29920000
68.89210031,-102.36220000
68.89310511,-106.29920000
68.89410991,-106.29920000
68.89511471,-106.29920000
68.89611951,-110.23620000
68.89712431,-106.29920000
68.89812911,-106.29920000
68.89913391,-106.29920000
68.90013871,-110.23620000
68.90114351,-110.23620000
68.90214831,-110.23620000
68.90315311,-114.17320000
68.90415791,-106.29920000
68.90516271,-106.29920000
68.90616751,-110.23620000
68.90717230,-114.17320000
68.90817710,-106.29920000
68.90918190,-110.23620000
68.91018670,-114.17320000
68.91119150,-106.29920000
68.91219630,-102.36220000
68.91320110,-106.29920000
68.91420590,-106.29920000
68.91521070,-106.29920000
68.91621550,-110.23620000
68.91722030,-106.29920000
68.91822510,-106.29920000
68.91922990,-114.17320000
68.92023470,-106.29920000
68.92123950,-110.23620000
68.92224430,-118.11020000
68.92324910,-114.17320000
68.92425390,-110.23620000
68.92525870,-110.23620000
68.92626350,-106.29920000
68.92726830,-110.23620000
68.92827310,-110.23620000
68.92927790,-106.29920000
68.93028270,-106.29920000
68.93128750,-106.29920000
68.93229230,-110.23620000
68.93329710,-122.04720000
68.93430190,-110.23620000
68.93530670,-114.17320000
68.93631150,-90.55118000
68.93731630,-110.23620000
68.93832110,-106.29920000
68.93932590,-110.23620000
68.94033070,-114.17320000
68.94133550,-110.23620000
68.94234030,-106.29920000
68.94334510,-106.29920000
68.94434990,-106.29920000
68.94535470,-110.23620000
68.94635950,-110.23620000
68.94736430,-110.23620000
68.94836910,-110.23620000
68.94937390,-106.29920000
68.95037870,-110.23620000
68.95138350,-114.17320000
68.95238830,-114.17320000
68.95339310,-114.17320000
68.95439790,-114.17320000
68.95540270,-106.29920000
68.95640750,-110.23620000
68.95741230,-110.23620000
68.95841710,-110.23620000
68.95942190,-110.23620000
68.96042670,-106.29920000
68.96143150,-114.17320000
68.96243630,-110.23620000
68.96344110,-110.23620000
68.96444590,-110.23620000
68.96545070,-114.17320000
68.96645550,-114.17320000
68.96746030,-114.17320000
68.96846510,-110.23620000
68.96946990,-110.23620000
68.97047470,-110.23620000
68.97147950,-110.23620000
68.97248430,-106.29920000
68.97348910,-106.29920000
68.97449390,-110.23620000
68.97549870,-114.17320000
68.97650350,-114.17320000
68.97750830,-114.17320000
68.97851310,-114.17320000
68.97951790,-114.17320000
68.98052270,-114.17320000
68.98152750,-114.17320000
68.98253230,-118.11020000
68.98353710,-122.04720000
68.98454190,-110.23620000
68.98554670,-106.29920000
68.98655150,-114.17320000
68.98755630,-114.17320000
68.98856110,-114.17320000
68.98956590,-110.23620000
68.99057070,-110.23620000
68.99157550,-114.17320000
68.99258030,-110.23620000
68.99358510,-118.11020000
68.99458990,-118.11020000
68.99559470,-114.17320000
68.99659950,-114.17320000
68.99760430,-110.23620000
68.99860910,-122.04720000
68.99961390,-122.04720000
69.00061870,-118.11020000
69.00162350,-114.17320000
69.00262830,-118.11020000
69.00363310,-114.17320000
69.00463790,-110.23620000
69.00564270,-106.29920000
69.00664750,-114.17320000
69.00765230,-106.29920000
69.00865710,-114.17320000
69.00966190,-114.17320000
69.01066670,-110.23620000
69.01167150,-114.17320000
69.01267630,-114.17320000
69.01368110,-110.23620000
69.01468590,-114.17320000
69.01569070,-118.11020000
69.01669550,-110.23620000
69.01770030,-114.17320000
69.01870510,-122.04720000
69.01970990,-118.11020000
69.02071470,-118.11020000
69.02171950,-114.17320000
69.02272430,-118.11020000
69.02372910,-118.11020000
69.02473390,-118.11020000
69.02573870,-118.11020000
69.02674350,-118.11020000
69.02774830,-114.17320000
69.02875310,-118.11020000
69.02975790,-114.17320000
69.03076270,-118.11020000
69.03176750,-118.11020000
69.03277230,-114.17320000
69.03377710,-102.36220000
69.03478190,-114.17320000
69.03578670,-114.17320000
69.03679150,-129.92120000
69.03779630,-118.11020000
69.03880110,-118.11020000
69.03980590,-118.11020000
69.04081070,-118.11020000
69.04181550,-114.17320000
69.04282030,-118.11020000
69.04382510,-114.17320000
69.04482990,-114.17320000
69.04583470,-114.17320000
69.04683950,-114.17320000
69.04784430,-118.11020000
69.04884910,-118.11020000
69.04985390,-118.11020000
69.05085870,-114.17320000
69.05186350,-114.17320000
69.05286830,-114.17320000
69.05387310,-118.11020000
69.05487790,-118.11020000
69.05588270,-110.23620000
69.05688750,-118.11020000
69.05789230,-118.11020000
69.05889710,-106.29920000
69.05990190,-114.17320000
69.06090670,-118.11020000
69.06191150,-114.17320000
69.06291630,-110.23620000
69.06392110,-118.11020000
69.06492590,-118.11020000
69.06593070,-114.17320000
69.06693550,-118.11020000
69.06794030,-118.11020000
69.06894510,-118.11020000
69.06994990,-122.04720000
69.07095470,-118.11020000
69.07195950,-114.17320000
69.07296430,-118.11020000
69.07396910,-114.17320000
69.07497390,-114.17320000
69.07597870,-118.11020000
69.07698350,-118.11020000
69.07798830,-114.17320000
69.07899310,-118.11020000
69.07999790,-118.11020000
69.08100270,-118.11020000
69.08200750,-122.04720000
69.08301230,-114.17320000
69.08401710,-114.17320000
69.08502190,-114.17320000
69.08602670,-118.11020000
69.08703150,-118.11020000
69.08803630,-114.17320000
69.08904110,-118.11020000
69.09004590,-110.23620000
69.09105070,-118.11020000
69.09205550,-118.11020000
69.09306030,-118.11020000
69.09406510,-118.11020000
69.09506990,-118.11020000
69.09607470,-118.11020000
69.09707950,-118.11020000
69.09808430,-118.11020000
69.09908910,-122.04720000
69.10009390,-118.11020000
69.10109870,-114.17320000
69.10210350,-118.11020000
69.10310830,-118.11020000
69.10411310,-122.04720000
69.10511790,-118.11020000
69.10612270,-118.11020000
69.10712750,-118.11020000
69.10813230,-118.11020000
69.10913710,-118.11020000
69.11014190,-122.04720000
69.11114670,-118.11020000
69.11215150,-118.11020000
69.11315630,-125.98420000
69.11416110,-125.98420000
69.11516590,-125.98420000
69.11617070,-118.11020000
69.11717550,-122.04720000
69.11818030,-118.11020000
69.11918510,-114.17320000
69.12018990,-118.11020000
69.12119470,-114.17320000
69.12219950,-118.11020000
69.12320430,-110.23620000
69.12420910,-114.17320000
69.12521390,-110.23620000
69.12621870,-118.11020000
69.12722350,-122.04720000
69.12822830,-122.04720000
69.12923310,-118.11020000
69.13023790,-122.04720000
69.13124270,-118.11020000
69.13224750,-118.11020000
69.13325230,-122.04720000
69.13425710,-114.17320000
69.13526190,-114.17320000
69.13626670,-122.04720000
69.13727150,-114.17320000
69.13827630,-122.04720000
69.13928110,-118.11020000
69.14028590,-122.04720000
69.14129070,-122.04720000
69.14229550,-118.11020000
69.14330030,-118.11020000
69.14430510,-122.04720000
69.14530990,-125.98420000
69.14631470,-122.04720000
69.14731950,-118.11020000
69.14832430,-118.11020000
69.14932910,-118.11020000
69.15033390,-118.11020000
69.15133870,-125.98420000
69.15234350,-125.98420000
69.15334830,-122.04720000
69.15435310,-118.11020000
69.15535790,-122.04720000
69.15636270,-118.11020000
69.15736750,-114.17320000
69.15837230,-114.17320000
69.15937710,-114.17320000
69.16038190,-110.23620000
69.16138670,-122.04720000
69.16239150,-114.17320000
69.16339630,-122.04720000
69.16440110,-118.11020000
69.16540590,-118.11020000
69.16641070,-114.17320000
69.16741550,-114.17320000
69.16842030,-114.17320000
69.16942510,-118.11020000
69.17042990,-118.11020000
69.17143470,-118.11020000
69.17243950,-114.17320000
69.17344430,-122.04720000
69.17444910,-118.11020000
69.17545390,-118.11020000
69.17645870,-118.11020000
69.17746350,-122.04720000
69.17846830,-122.04720000
69.17947310,-122.04720000
69.18047790,-122.04720000
69.18148270,-122.04720000
69.18248750,-114.17320000
69.18349230,-114.17320000
69.18449710,-122.04720000
69.18550190,-118.11020000
69.18650670,-118.11020000
69.18751150,-118.11020000
69.18851630,-118.11020000
69.18952110,-122.04720000
69.19052590,-122.04720000
69.19153070,-122.04720000
69.19253550,-118.11020000
69.19354030,-118.11020000
69.19454510,-118.11020000
69.19554990,-118.11020000
69.19655470,-118.11020000
69.19755950,-118.11020000
69.19856430,-118.11020000
69.19956910,-114.17320000
69.20057390,-114.17320000
69.20157870,-118.11020000
69.20258350,-118.11020000
69.20358830,-118.11020000
69.20459310,-118.11020000
69.20559790,-118.11020000
69.20660270,-118.11020000
69.20760750,-114.17320000
69.20861230,-118.11020000
69.20961710,-118.11020000
69.21062190,-118.11020000
69.21162670,-118.11020000
69.21263150,-114.17320000
69.21363630,-118.11020000
69.21464110,-114.17320000
69.21564590,-114.17320000
69.21665070,-118.11020000
69.21765550,-122.04720000
69.21866030,-118.11020000
69.21966510,-118.11020000
69.22066990,-118.11020000
69.22167470,-114.17320000
69.22267950,-114.17320000
69.22368430,-114.17320000
69.22468910,-114.17320000
69.22569390,-125.98420000
69.22669870,-118.11020000
69.22770350,-125.98420000
69.22870830,-118.11020000
69.22971310,-118.11020000
69.23071790,-118.11020000
69.23172270,-118.11020000
69.23272750,-118.11020000
69.23373230,-114.17320000
69.23473710,-114.17320000
69.23574189,-118.11020000
69.23674669,-114.17320000
69.23775149,-114.17320000
69.23875629,-110.23620000
69.23976109,-122.04720000
69.24076589,-118.11020000
69.24177069,-122.04720000
69.24277549,-122.04720000
69.24378029,-118.11020000
69.24478509,-118.11020000
69.24578989,-114.17320000
69.24679469,-122.04720000
69.24779949,-114.17320000
69.24880429,-114.17320000
69.24980909,-114.17320000
69.25081389,-118.11020000
69.25181869,-114.17320000
69.25282349,-122.04720000
69.25382829,-114.17320000
69.25483309,-114.17320000
69.25583789,-114.17320000
69.25684269,-114.17320000
69.25784749,-114.17320000
69.25885229,-114.17320000
69.25985709,-118.11020000
69.26086189,-118.11020000
69.26186669,-106.29920000
69.26287149,-118.11020000
69.26387629,-118.11020000
69.26488109,-122.04720000
69.26588589,-118.11020000
69.26689069,-122.04720000
69.26789549,-118.11020000
69.26890029,-114.17320000
69.26990509,-114.17320000
69.27090989,-114.17320000
69.27191469,-110.23620000
69.27291949,-110.23620000
69.27392429,-114.17320000
69.27492909,-118.11020000
69.27593389,-118.11020000
69.27693869,-118.11020000
69.27794349,-106.29920000
69.27894829,-118.11020000
69.27995309,-118.11020000
69.28095789,-114.17320000
69.28196269,-118.11020000
69.28296749,-118.11020000
69.28397229,-118.11020000
69.28497709,-114.17320000
69.28598189,-118.11020000
69.28698669,-114.17320000
69.28799149,-114.17320000
69.28899629,-118.11020000
69.29000109,-118.11020000
69.29100589,-114.17320000
69.29201069,-118.11020000
69.29301549,-122.04720000
69.29402029,-118.11020000
69.29502509,-118.11020000
69.29602989,-118.11020000
69.29703469,-114.17320000
69.29803949,-114.17320000
69.29904429,-118.11020000
69.30004909,-118.11020000
69.30105389,-114.17320000
69.30205869,-129.92120000
69.30306349,-122.04720000
69.30406829,-118.11020000
69.30507309,-125.98420000
69.30607789,-125.98420000
69.30708269,-118.11020000
69.30808749,-122.04720000
69.30909229,-118.11020000
69.31009709,-118.11020000
69.31110189,-118.11020000
69.31210669,-114.17320000
69.31311149,-118.11020000
69.31411629,-118.11020000
69.31512109,-114.17320000
69.31612589,-114.17320000
69.31713069,-118.11020000
69.31813549,-122.04720000
69.31914029,-118.11020000
69.32014509,-118.11020000
69.32114989,-122.04720000
69.32215469,-118.11020000
69.32315949,-122.04720000
69.32416429,-125.98420000
69.32516909,-122.04720000
69.32617389,-118.11020000
69.32717869,-122.04720000
69.32818349,-118.11020000
69.32918829,-122.04720000
69.33019309,-122.04720000
69.33119789,-122.04720000
69.33220269,-125.98420000
69.33320749,-125.98420000
69.33421229,-122.04720000
69.33521709,-122.04720000
69.33622189,-125.98420000
69.33722669,-125.98420000
69.33823149,-122.04720000
69.33923629,-133.85830000
69.34024109,-133.85830000
69.34124589,-129.92120000
69.34225069,-110.23620000
69.34325549,-125.98420000
69.34426029,-122.04720000
69.34526509,-125.98420000
69.34626989,-118.11020000
69.34727469,-122.04720000
69.34827949,-122.04720000
69.34928429,-114.17320000
69.35028909,-118.11020000
69.35129389,-118.11020000
69.35229869,-118.11020000
69.35330349,-118.11020000
69.35430829,-118.11020000
69.35531309,-114.17320000
69.35631789,-118.11020000
69.35732269,-114.17320000
69.35832749,-114.17320000
69.35933229,-114.17320000
69.36033709,-110.23620000
69.36134189,-110.23620000
69.36234669,-106.29920000
69.36335149,-106.29920000
69.36435629,-106.29920000
69.36536109,-106.29920000
69.36636589,-110.23620000
69.36737069,-110.23620000
69.36837549,-106.29920000
69.36938029,-106.29920000
69.37038509,-110.23620000
69.37138989,-102.36220000
69.37239469,-110.23620000
69.37339949,-106.29920000
69.37440429,-98.42519000
69.37540909,-106.29920000
69.37641389,-114.17320000
69.37741869,-118.11020000
69.37842349,-114.17320000
69.37942829,-114.17320000
69.38043309,-114.17320000
69.38143789,-110.23620000
69.38244269,-110.23620000
69.38344749,-110.23620000
69.38445229,-110.23620000
69.38545709,-114.17320000
69.38646189,-110.23620000
69.38746669,-110.23620000
69.38847149,-118.11020000
69.38947629,-118.11020000
69.39048109,-114.17320000
69.39148589,-114.17320000
69.39249069,-118.11020000
69.39349549,-118.11020000
69.39450029,-118.11020000
69.39550509,-118.11020000
69.39650989,-114.17320000
69.39751469,-114.17320000
69.39851949,-114.17320000
69.39952429,-110.23620000
69.40052909,-114.17320000
69.40153389,-118.11020000
69.40253869,-110.23620000
69.40354349,-110.23620000
69.40454829,-118.11020000
69.40555309,-114.17320000
69.40655789,-118.11020000
69.40756269,-114.17320000
69.40856749,-114.17320000
69.40957229,-110.23620000
69.41057709,-110.23620000
69.41158189,-114.17320000
69.41258669,-110.23620000
69.41359149,-106.29920000
69.41459629,-122.04720000
69.41560109,-118.11020000
69.41660589,-110.23620000
69.41761069,-110.23620000
69.41861549,-114.17320000
69.41962029,-106.29920000
69.42062509,-110.23620000
69.42162989,-114.17320000
69.42263469,-106.29920000
69.42363949,-110.23620000
69.42464429,-106.29920000
69.42564909,-106.29920000
69.42665389,-114.17320000
69.42765869,-106.29920000
69.42866349,-110.23620000
69.42966829,-110.23620000
69.43067309,-110.23620000
69.43167789,-106.29920000
69.43268269,-110.23620000
69.43368749,-110.23620000
69.43469229,-122.04720000
69.43569709,-106.29920000
69.43670189,-122.04720000
69.43770669,-114.17320000
69.43871149,-110.23620000
69.43971629,-98.42519000
69.44072109,-110.23620000
69.44172589,-110.23620000
69.44273069,-114.17320000
69.44373549,-110.23620000
69.44474029,-110.23620000
69.44574509,-110.23620000
69.44674989,-114.17320000
69.44775469,-114.17320000
69.44875949,-110.23620000
69.44976429,-110.23620000
69.45076909,-106.29920000
69.45177389,-114.17320000
69.45277869,-114.17320000
69.45378349,-114.17320000
69.45478829,-118.11020000
69.45579309,-118.11020000
69.45679789,-110.23620000
69.45780269,-110.23620000
69.45880749,-114.17320000
69.45981229,-110.23620000
69.46081709,-106.29920000
69.46182189,-106.29920000
69.46282669,-106.29920000
69.46383149,-106.29920000
69.46483629,-110.23620000
69.46584109,-106.29920000
69.46684589,-110.23620000
69.46785069,-110.23620000
69.46885549,-114.17320000
69.46986029,-114.17320000
69.47086509,-114.17320000
69.47186989,-118.11020000
69.47287469,-110.23620000
69.47387949,-110.23620000
69.47488429,-114.17320000
69.47588909,-110.23620000
69.47689389,-114.17320000
69.47789869,-114.17320000
69.47890349,-114.17320000
69.47990829,-106.29920000
69.48091309,-110.23620000
69.48191789,-114.17320000
69.48292269,-110.23620000
69.48392749,-110.23620000
69.48493229,-114.17320000
69.48593709,-114.17320000
69.48694189,-114.17320000
69.48794669,-114.17320000
69.48895149,-106.29920000
69.48995629,-106.29920000
69.49096109,-102.36220000
69.49196589,-114.17320000
69.49297069,-114.17320000
69.49397549,-110.23620000
69.49498029,-110.23620000
69.49598509,-114.17320000
69.49698989,-106.29920000
69.49799469,-106.29920000
69.49899949,-106.29920000
69.50000429,-106.29920000
69.50100909,-106.29920000
69.50201389,-106.29920000
69.50301869,-110.23620000
69.50402349,-110.23620000
69.50502829,-106.29920000
69.50603309,-106.29920000
69.50703789,-110.23620000
69.50804269,-106.29920000
69.50904749,-106.29920000
69.51005229,-106.29920000
69.51105709,-106.29920000
69.51206189,-102.36220000
69.51306669,-106.29920000
69.51407149,-106.29920000
69.51507629,-98.42519000
69.51608109,-106.29920000
69.51708589,-102.36220000
69.51809069,-106.29920000
69.51909549,-106.29920000
69.52010029,-110.23620000
69.52110509,-98.42519000
69.52210989,-102.36220000
69.52311469,-102.36220000
69.52411949,-106.29920000
69.52512429,-94.48818000
69.52612909,-102.36220000
69.52713389,-102.36220000
69.52813869,-102.36220000
69.52914349,-106.29920000
69.53014829,-102.36220000
69.53115309,-106.29920000
69.53215789,-102.36220000
69.53316269,-106.29920000
69.53416749,-114.17320000
69.53517229,-102.36220000
69.53617709,-110.23620000
69.53718189,-94.48818000
69.53818669,-98.42519000
69.53919149,-102.36220000
69.54019629,-98.42519000
69.54120109,-102.36220000
69.54220589,-110.23620000
69.54321069,-106.29920000
69.54421549,-102.36220000
69.54522029,-106.29920000
69.54622509,-106.29920000
69.54722989,-102.36220000
69.54823469,-106.29920000
69.54923949,-102.36220000
69.55024429,-102.36220000
69.55124909,-102.36220000
69.55225389,-106.29920000
69.55325869,-106.29920000
69.55426349,-106.29920000
69.55526829,-102.36220000
69.55627309,-102.36220000
69.55727789,-102.36220000
69.55828269,-98.42519000
69.55928749,-102.36220000
69.56029229,-102.36220000
69.56129709,-102.36220000
69.56230189,-98.42519000
69.56330669,-98.42519000
69.56431149,-102.36220000
69.56531628,-106.29920000
69.56632108,-98.42519000
69.56732588,-102.36220000
69.56833068,-110.23620000
69.56933548,-98.42519000
69.57034028,-106.29920000
69.57134508,-102.36220000
69.57234988,-94.48818000
69.57335468,-94.48818000
69.57435948,-94.48818000
69.57536428,-94.48818000
69.57636908,-94.48818000
69.57737388,-94.48818000
69.57837868,-94.48818000
69.57938348,-90.55118000
69.58038828,-98.42519000
69.58139308,-94.48818000
69.58239788,-98.42519000
69.58340268,-98.42519000
69.58440748,-106.29920000
69.58541228,-98.42519000
69.58641708,-102.36220000
69.58742188,-98.42519000
69.58842668,-94.48818000
69.58943148,-98.42519000
69.59043628,-94.48818000
69.59144108,-102.36220000
69.59244588,-94.48818000
69.59345068,-94.48818000
69.59445548,-98.42519000
69.59546028,-98.42519000
69.59646508,-98.42519000
69.59746988,-98.42519000
69.59847468,-94.48818000
69.59947948,-102.36220000
69.60048428,-102.36220000
69.60148908,-102.36220000
69.60249388,-94.48818000
69.60349868,-94.48818000
69.60450348,-102.36220000
69.60550828,-102.36220000
69.60651308,-98.42519000
69.60751788,-102.36220000
69.60852268,-94.48818000
69.60952748,-98.42519000
69.61053228,-98.42519000
69.61153708,-94.48818000
69.61254188,-98.42519000
69.61354668,-98.42519000
69.61455148,-94.48818000
69.61555628,-98.42519000
69.61656108,-102.36220000
69.61756588,-98.42519000
69.61857068,-98.42519000
69.61957548,-98.42519000
69.62058028,-98.42519000
69.62158508,-94.48818000
69.62258988,-98.42519000
69.62359468,-98.42519000
69.62459948,-90.55118000
69.62560428,-90.55118000
69.62660908,-94.48818000
69.62761388,-94.48818000
69.62861868,-94.48818000
69.62962348,-102.36220000
69.63062828,-94.48818000
69.63163308,-94.48818000
69.63263788,-102.36220000
69.63364268,-98.42519000
69.63464748,-98.42519000
69.63565228,-102.36220000
69.63665708,-90.55118000
69.63766188,-94.48818000
69.63866668,-94.48818000
69.63967148,-90.55118000
69.64067628,-98.42519000
69.64168108,-98.42519000
69.64268588,-98.42519000
69.64369068,-98.42519000
69.64469548,-98.42519000
69.64570028,-94.48818000
69.64670508,-94.48818000
69.64770988,-98.42519000
69.64871468,-94.48818000
69.64971948,-90.55118000
69.65072428,-98.42519000
69.65172908,-90.55118000
69.65273388,-90.55118000
69.65373868,-94.48818000
69.65474348,-94.48818000
69.65574828,-86.61417000
69.65675308,-94.48818000
69.65775788,-94.48818000
69.65876268,-94.48818000
69.65976748,-94.48818000
69.66077228,-98.42519000
69.66177708,-90.55118000
69.66278188,-94.48818000
69.66378668,-94.48818000
69.66479148,-94.48818000
69.66579628,-90.55118000
69.66680108,-98.42519000
69.66780588,-94.48818000
69.66881068,-82.67715000
69.66981548,-94.48818000
69.67082028,-90.55118000
69.67182508,-86.61417000
69.67282988,-94.48818000
69.67383468,-90.55118000
69.67483948,-94.48818000
69.67584428,-90.55118000
69.67684908,-90.55118000
69.67785388,-90.55118000
69.67885868,-94.48818000
69.67986348,-98.42519000
69.68086828,-98.42519000
69.68187308,-98.42519000
69.68287788,-98.42519000
69.68388268,-90.55118000
69.68488748,-94.48818000
69.68589228,-90.55118000
69.68689708,-94.48818000
69.68790188,-102.36220000
69.68890668,-90.55118000
69.68991148,-90.55118000
69.69091628,-86.61417000
69.69192108,-90.55118000
69.69292588,-90.55118000
69.69393068,-90.55118000
69.69493548,-90.55118000
69.69594028,-86.61417000
69.69694508,-90.55118000
69.69794988,-94.48818000
69.69895468,-94.48818000
69.69995948,-94.48818000
69.70096428,-94.48818000
69.70196908,-90.55118000
69.70297388,-82.67715000
69.70397868,-90.55118000
69.70498348,-90.55118000
69.70598828,-90.55118000
69.70699308,-90.55118000
69.70799788,-90.55118000
69.70900268,-86.61417000
69.71000748,-86.61417000
69.71101228,-90.55118000
69.71201708,-90.55118000
69.71302188,-90.55118000
69.71402668,-90.55118000
69.71503148,-90.55118000
69.71603628,-98.42519000
69.71704108,-94.48818000
69.71804588,-90.55118000
69.71905068,-94.48818000
69.72005548,-94.48818000
69.72106028,-86.61417000
69.72206508,-86.61417000
69.72306988,-90.55118000
69.72407468,-90.55118000
69.72507948,-86.61417000
69.72608428,-86.61417000
69.72708908,-86.61417000
69.72809388,-90.55118000
69.72909868,-90.55118000
69.73010348,-90.55118000
69.73110828,-90.55118000
69.73211308,-86.61417000
69.73311788,-86.61417000
69.73412268,-90.55118000
69.73512748,-94.48818000
69.73613228,-86.61417000
69.73713708,-90.55118000
69.73814188,-86.61417000
69.73914668,-90.55118000
69.74015148,-86.61417000
69.74115628,-82.67715000
69.74216108,-86.61417000
69.74316588,-82.67715000
69.74417068,-86.61417000
69.74517548,-94.48818000
69.74618028,-94.48818000
69.74718508,-90.55118000
69.74818988,-82.67715000
69.74919468,-86.61417000
69.75019948,-90.55118000
69.75120428,-90.55118000
69.75220908,-86.61417000
69.75321388,-86.61417000
69.75421868,-90.55118000
69.75522348,-94.48818000
69.75622828,-90.55118000
69.75723308,-90.55118000
69.75823788,-90.55118000
69.75924268,-86.61417000
69.76024748,-86.61417000
69.76125228,-82.67715000
69.76225708,-86.61417000
69.76326188,-94.48818000
69.76426668,-86.61417000
69.76527148,-86.61417000
69.76627628,-86.61417000
69.76728108,-78.74015000
69.76828588,-86.61417000
69.76929068,-86.61417000
69.77029548,-86.61417000
69.77130028,-78.74015000
69.77230508,-82.67715000
69.77330988,-86.61417000
69.77431468,-86.61417000
69.77531948,-86.61417000
69.77632428,-86.61417000
69.77732908,-82.67715000
69.77833388,-90.55118000
69.77933868,-90.55118000
69.78034348,-82.67715000
69.78134828,-82.67715000
69.78235308,-78.74015000
69.78335788,-82.67715000
69.78436268,-86.61417000
69.78536748,-82.67715000
69.78637228,-86.61417000
69.78737708,-90.55118000
69.78838188,-82.67715000
69.78938668,-90.55118000
69.79039148,-82.67715000
69.79139628,-82.67715000
69.79240108,-90.55118000
69.79340588,-86.61417000
69.79441068,-90.55118000
69.79541548,-86.61417000
69.79642028,-82.67715000
69.79742508,-78.74015000
69.79842988,-78.74015000
69.79943468,-82.67715000
69.80043948,-82.67715000
69.80144428,-82.67715000
69.80244908,-82.67715000
69.80345388,-86.61417000
69.80445868,-78.74015000
69.80546348,-78.74015000
69.80646828,-82.67715000
69.80747308,-90.55118000
69.80847788,-78.74015000
69.80948268,-78.74015000
69.81048748,-82.67715000
69.81149228,-86.61417000
69.81249708,-86.61417000
69.81350188,-78.74015000
69.81450668,-78.74015000
69.81551148,-82.67715000
69.81651628,-82.67715000
69.81752108,-82.67715000
69.81852588,-78.74015000
69.81953068,-82.67715000
69.82053548,-82.67715000
69.82154028,-82.67715000
69.82254508,-82.67715000
69.82354988,-86.61417000
69.82455468,-78.74015000
69.82555948,-82.67715000
69.82656428,-78.74015000
69.82756908,-90.55118000
69.82857388,-86.61417000
69.82957868,-86.61417000
69.83058348,-86.61417000
69.83158828,-86.61417000
69.83259308,-82.67715000
69.83359788,-82.67715000
69.83460268,-82.67715000
69.83560748,-82.67715000
69.83661228,-78.74015000
69.83761708,-78.74015000
69.83862188,-82.67715000
69.83962668,-82.67715000
69.84063148,-78.74015000
69.84163628,-74.80315000
69.84264108,-90.55118000
69.84364588,-82.67715000
69.84465068,-82.67715000
69.84565548,-62.99212000
69.84666028,-82.67715000
69.84766508,-78.74015000
69.84866988,-78.74015000
69.84967468,-78.74015000
69.85067948,-78.74015000
69.85168428,-82.67715000
69.85268908,-82.67715000
69.85369388,-82.67715000
69.85469868,-82.67715000
69.85570348,-74.80315000
69.85670828,-78.74015000
69.85771308,-82.67715000
69.85871788,-82.67715000
69.85972268,-78.74015000
69.86072748,-86.61417000
69.86173228,-78.74015000
69.86273708,-78.74015000
69.86374188,-82.67715000
69.86474668,-82.67715000
69.86575148,-86.61417000
69.86675628,-90.55118000
69.86776108,-86.61417000
69.86876588,-82.67715000
69.86977068,-82.67715000
69.87077548,-82.67715000
69.87178028,-74.80315000
69.87278508,-74.80315000
69.87378988,-78.74015000
69.87479468,-82.67715000
69.87579948,-86.61417000
69.87680428,-82.67715000
69.87780908,-78.74015000
69.87881388,-78.74015000
69.87981868,-82.67715000
69.88082348,-78.74015000
69.88182828,-82.67715000
69.88283308,-78.74015000
69.88383788,-78.74015000
69.88484268,-74.80315000
69.88584748,-82.67715000
69.88685228,-78.74015000
69.88785708,-78.74015000
69.88886188,-82.67715000
69.88986668,-78.74015000
69.89087148,-78.74015000
69.89187628,-82.67715000
69.89288108,-78.74015000
69.89388587,-82.67715000
69.89489067,-74.80315000
69.89589547,-74.80315000
69.89690027,-82.67715000
69.89790507,-74.80315000
69.89890987,-78.74015000
69.89991467,-74.80315000
69.90091947,-66.92913000
69.90192427,-78.74015000
69.90292907,-78.74015000
69.90393387,-90.55118000
69.90493867,-82.67715000
69.90594347,-78.74015000
69.90694827,-78.74015000
69.90795307,-78.74015000
69.90895787,-78.74015000
69.90996267,-78.74015000
69.91096747,-70.86613000
69.91197227,-74.80315000
69.91297707,-66.92913000
69.91398187,-74.80315000
69.91498667,-74.80315000
69.91599147,-74.80315000
69.91699627,-78.74015000
69.91800107,-78.74015000
69.91900587,-78.74015000
69.92001067,-74.80315000
69.92101547,-78.74015000
69.92202027,-74.80315000
69.92302507,-82.67715000
69.92402987,-82.67715000
69.92503467,-82.67715000
69.92603947,-78.74015000
69.92704427,-74.80315000
69.92804907,-82.67715000
69.92905387,-74.80315000
69.93005867,-74.80315000
69.93106347,-74.80315000
69.93206827,-74.80315000
69.93307307,-74.80315000
69.93407787,-74.80315000
69.93508267,-74.80315000
69.93608747,-74.80315000
69.93709227,-74.80315000
69.93809707,-78.74015000
69.93910187,-74.80315000
69.94010667,-78.74015000
69.94111147,-82.67715000
69.94211627,-82.67715000
69.94312107,-74.80315000
69.94412587,-74.80315000
69.94513067,-78.74015000
69.94613547,-70.86613000
69.94714027,-70.86613000
69.94814507,-66.92913000
69.94914987,-70.86613000
69.95015467,-74.80315000
69.95115947,-70.86613000
69.95216427,-70.86613000
69.95316907,-70.86613000
69.95417387,-74.80315000
69.95517867,-70.86613000
69.95618347,-74.80315000
69.95718827,-74.80315000
69.95819307,-74.80315000
69.95919787,-78.74015000
69.96020267,-70.86613000
69.96120747,-70.86613000
69.96221227,-70.86613000
69.96321707,-70.86613000
69.96422187,-74.80315000
69.96522667,-70.86613000
69.96623147,-74.80315000
69.96723627,-74.80315000
69.96824107,-74.80315000
69.96924587,-70.86613000
69.97025067,-70.86613000
69.97125547,-66.92913000
69.97226027,-74.80315000
69.97326507,-78.74015000
69.97426987,-70.86613000
69.97527467,-70.86613000
69.97627947,-70.86613000
69.97728427,-74.80315000
69.97828907,-82.67715000
69.97929387,-78.74015000
69.98029867,-74.80315000
69.98130347,-74.80315000
69.98230827,-66.92913000
69.98331307,-70.86613000
69.98431787,-74.80315000
69.98532267,-70.86613000
69.98632747,-70.86613000
69.98733227,-66.92913000
69.98833707,-70.86613000
69.98934187,-74.80315000
69.99034667,-70.86613000
69.99135147,-74.80315000
69.99235627,-74.80315000
69.99336107,-70.86613000
69.99436587,-70.86613000
69.99537067,-70.86613000
69.99637547,-70.86613000
69.99738027,-70.86613000
69.99838507,-74.80315000
69.99938987,-66.92913000
70.00039467,-70.86613000
70.00139947,-66.92913000
70.00240427,-70.86613000
70.00340907,-70.86613000
70.00441387,-74.80315000
70.00541867,-74.80315000
70.00642347,-74.80315000
70.00742827,-70.86613000
70.00843307,-70.86613000
70.00943787,-62.99212000
70.01044267,-70.86613000
70.01144747,-70.86613000
70.01245227,-70.86613000
70.01345707,-70.86613000
70.01446187,-70.86613000
70.01546667,-78.74015000
70.01647147,-62.99212000
70.01747627,-74.80315000
70.01848107,-74.80315000
70.01948587,-74.80315000
70.02049067,-70.86613000
70.02149547,-70.86613000
70.02250027,-70.86613000
70.02350507,-70.86613000
70.02450987,-70.86613000
70.02551467,-66.92913000
70.02651947,-70.86613000
70.02752427,-66.92913000
70.02852907,-66.92913000
70.02953387,-70.86613000
70.03053867,-74.80315000
70.03154347,-70.86613000
70.03254827,-74.80315000
70.03355307,-66.92913000
70.03455787,-70.86613000
70.03556267,-62.99212000
70.03656747,-70.86613000
70.03757227,-74.80315000
70.03857707,-70.86613000
70.03958187,-78.74015000
70.04058667,-66.92913000
70.04159147,-70.86613000
70.04259627,-66.92913000
70.04360107,-70.86613000
70.04460587,-70.86613000
70.04561067,-70.86613000
70.04661547,-74.80315000
70.04762027,-66.92913000
70.04862507,-70.86613000
70.04962987,-66.92913000
70.05063467,-70.86613000
70.05163947,-66.92913000
70.05264427,-66.92913000
70.05364907,-74.80315000
70.05465387,-78.74015000
70.05565867,-74.80315000
70.05666347,-70.86613000
70.05766827,-74.80315000
70.05867307,-70.86613000
70.05967787,-70.86613000
70.06068267,-66.92913000
70.06168747,-62.99212000
70.06269227,-62.99212000
70.06369707,-66.92913000
70.06470187,-62.99212000
70.06570667,-70.86613000
70.06671147,-62.99212000
70.06771627,-66.92913000
70.06872107,-66.92913000
70.06972587,-66.92913000
70.07073067,-66.92913000
70.07173547,-70.86613000
70.07274027,-70.86613000
70.07374507,-66.92913000
70.07474987,-70.86613000
70.07575467,-70.86613000
70.07675947,-70.86613000
70.07776427,-70.86613000
70.07876907,-66.92913000
70.07977387,-62.99212000
70.08077867,-70.86613000
70.08178347,-70.86613000
70.08278827,-62.99212000
70.08379307,-70.86613000
70.08479787,-70.86613000
70.08580267,-70.86613000
70.08680747,-70.86613000
70.08781227,-70.86613000
70.08881707,-70.86613000
70.08982187,-62.99212000
70.09082667,-74.80315000
70.09183147,-74.80315000
70.09283627,-74.80315000
70.09384107,-70.86613000
70.09484587,-62.99212000
70.09585067,-62.99212000
70.09685547,-66.92913000
70.09786027,-59.05511000
70.09886507,-66.92913000
70.09986987,-62.99212000
70.10087467,-62.99212000
70.10187947,-62.99212000
70.10288427,-66.92913000
70.10388907,-66.92913000
70.10489387,-70.86613000
70.10589867,-66.92913000
70.10690347,-59.05511000
70.10790827,-62.99212000
70.10891307,-66.92913000
70.10991787,-62.99212000
70.11092267,-66.92913000
70.11192747,-66.92913000
70.11293227,-62.99212000
70.11393707,-66.92913000
70.11494187,-62.99212000
70.11594667,-62.99212000
70.11695147,-66.92913000
70.11795627,-66.92913000
70.11896107,-66.92913000
70.11996587,-66.92913000
70.12097067,-70.86613000
70.12197547,-62.99212000
70.12298027,-62.99212000
70.12398507,-66.92913000
70.12498987,-62.99212000
70.12599467,-74.80315000
70.12699947,-70.86613000
70.12800427,-70.86613000
70.12900907,-62.99212000
70.13001387,-66.92913000
70.13101867,-62.99212000
70.13202347,-59.05511000
70.13302827,-62.99212000
70.13403307,-66.92913000
70.13503787,-59.05511000
70.13604267,-66.92913000
70.13704747,-62.99212000
70.13805227,-62.99212000
70.13905707,-62.99212000
70.14006187,-70.86613000
70.14106667,-62.99212000
70.14207147,-62.99212000
70.14307627,-66.92913000
70.14408107,-62.99212000
70.14508587,-62.99212000
70.14609067,-62.99212000
70.14709547,-62.99212000
70.14810027,-62.99212000
70.14910507,-62.99212000
70.15010987,-62.99212000
70.15111467,-70.86613000
70.15211947,-62.99212000
70.15312427,-66.92913000
70.15412907,-66.92913000
70.15513387,-62.99212000
70.15613867,-62.99212000
70.15714347,-66.92913000
70.15814827,-59.05511000
70.15915307,-62.99212000
70.16015787,-66.92913000
70.16116267,-62.99212000
70.16216747,-74.80315000
70.16317227,-70.86613000
70.16417707,-66.92913000
70.16518187,-62.99212000
70.16618667,-62.99212000
70.16719147,-62.99212000
70.16819627,-70.86613000
70.16920107,-70.86613000
70.17020587,-62.99212000
70.17121067,-62.99212000
70.17221547,-66.92913000
70.17322027,-62.99212000
70.17422507,-59.05511000
70.17522987,-62.99212000
70.17623467,-62.99212000
70.17723947,-59.05511000
70.17824427,-62.99212000
70.17924907,-62.99212000
70.18025387,-59.05511000
70.18125867,-66.92913000
70.18226347,-59.05511000
70.18326827,-59.05511000
70.18427307,-66.92913000
70.18527787,-66.92913000
70.18628267,-62.99212000
70.18728747,-59.05511000
70.18829227,-62.99212000
70.18929707,-59.05511000
70.19030187,-62.99212000
70.19130667,-59.05511000
70.19231147,-62.99212000
70.19331627,-59.05511000
70.19432107,-66.92913000
70.19532587,-59.05511000
70.19633067,-66.92913000
70.19733547,-62.99212000
70.19834027,-59.05511000
70.19934507,-55.11811000
70.20034987,-62.99212000
70.20135467,-62.99212000
70.20235947,-62.99212000
70.20336427,-66.92913000
70.20436907,-59.05511000
70.20537387,-62.99212000
70.20637867,-59.05511000
70.20738347,-62.99212000
70.20838827,-62.99212000
70.20939307,-62.99212000
70.21039787,-55.11811000
70.21140267,-59.05511000
70.21240747,-59.05511000
70.21341227,-59.05511000
70.21441707,-59.05511000
70.21542187,-59.05511000
70.21642667,-62.99212000
70.21743147,-59.05511000
70.21843627,-62.99212000
70.21944107,-62.99212000
70.22044587,-59.05511000
70.22145067,-62.99212000
70.22245547,-62.99212000
70.22346026,-59.05511000
70.22446506,-55.11811000
70.22546986,-55.11811000
70.22647466,-55.11811000
70.22747946,-62.99212000
70.22848426,-62.99212000
70.22948906,-59.05511000
70.23049386,-62.99212000
70.23149866,-62.99212000
70.23250346,-62.99212000
70.23350826,-66.92913000
70.23451306,-66.92913000
70.23551786,-59.05511000
70.23652266,-55.11811000
70.23752746,-55.11811000
70.23853226,-62.99212000
70.23953706,-78.74015000
70.24054186,-62.99212000
70.24154666,-66.92913000
70.24255146,-62.99212000
70.24355626,-62.99212000
70.24456106,-59.05511000
70.24556586,-59.05511000
70.24657066,-55.11811000
70.24757546,-59.05511000
70.24858026,-66.92913000
70.24958506,-55.11811000
70.25058986,-59.05511000
70.25159466,-39.37008000
70.25259946,-59.05511000
70.25360426,-59.05511000
70.25460906,-59.05511000
70.25561386,-55.11811000
70.25661866,-59.05511000
70.25762346,-59.05511000
70.25862826,-59.05511000
70.25963306,-59.05511000
70.26063786,-55.11811000
70.26164266,-66.92913000
70.26264746,-51.18110000
70.26365226,-55.11811000
70.26465706,-59.05511000
70.26566186,-59.05511000
70.26666666,-59.05511000
70.26767146,-55.11811000
70.26867626,-62.99212000
70.26968106,-55.11811000
70.27068586,-59.05511000
70.27169066,-59.05511000
70.27269546,-62.99212000
70.27370026,-59.05511000
70.27470506,-62.99212000
70.27570986,-59.05511000
70.27671466,-55.11811000
70.27771946,-62.99212000
70.27872426,-62.99212000
70.27972906,-59.05511000
70.28073386,-59.05511000
70.28173866,-66.92913000
70.28274346,-59.05511000
70.28374826,-59.05511000
70.28475306,-55.11811000
70.28575786,-51.18110000
70.28676266,-59.05511000
70.28776746,-59.05511000
70.28877226,-51.18110000
70.28977706,-59.05511000
70.29078186,-59.05511000
70.29178666,-59.05511000
70.29279146,-59.05511000
70.29379626,-59.05511000
70.29480106,-59.05511000
70.29580586,-59.05511000
70.29681066,-59.05511000
70.29781546,-62.99212000
70.29882026,-55.11811000
70.29982506,-66.92913000
70.30082986,-55.11811000
70.30183466,-55.11811000
70.30283946,-59.05511000
70.30384426,-59.05511000
70.30484906,-55.11811000
70.30585386,-59.05511000
70.30685866,-59.05511000
70.30786346,-55.11811000
70.30886826,-55.11811000
70.30987306,-55.11811000
70.31087786,-59.05511000
70.31188266,-55.11811000
70.31288746,-59.05511000
70.31389226,-62.99212000
70.31489706,-62.99212000
70.31590186,-62.99212000
70.31690666,-55.11811000
70.31791146,-55.11811000
70.31891626,-59.05511000
70.31992106,-55.11811000
70.32092586,-55.11811000
70.32193066,-55.11811000
70.32293546,-55.11811000
70.32394026,-55.11811000
70.32494506,-55.11811000
70.32594986,-55.11811000
70.32695466,-55.11811000
70.32795946,-55.11811000
70.32896426,-51.18110000
70.32996906,-59.05511000
70.33097386,-59.05511000
70.33197866,-59.05511000
70.33298346,-55.11811000
70.33398826,-55.11811000
70.33499306,-59.05511000
70.33599786,-55.11811000
70.33700266,-55.11811000
70.33800746,-55.11811000
70.33901226,-55.11811000
70.34001706,-55.11811000
70.34102186,-59.05511000
70.34202666,-55.11811000
70.34303146,-55.11811000
70.34403626,-59.05511000
70.34504106,-59.05511000
70.34604586,-59.05511000
70.34705066,-59.05511000
70.34805546,-59.05511000
70.34906026,-51.18110000
70.35006506,-59.05511000
70.35106986,-51.18110000
70.35207466,-62.99212000
70.35307946,-62.99212000
70.35408426,-59.05511000
70.35508906,-59.05511000
70.35609386,-55.11811000
70.35709866,-59.05511000
70.35810346,-55.11811000
70.35910826,-51.18110000
70.36011306,-59.05511000
70.36111786,-55.11811000
70.36212266,-55.11811000
70.36312746,-59.05511000
70.36413226,-55.11811000
70.36513706,-59.05511000
70.36614186,-59.05511000
70.36714666,-59.05511000
70.36815146,-51.18110000
70.36915626,-55.11811000
70.37016106,-55.11811000
70.37116586,-62.99212000
70.37217066,-59.05511000
70.37317546,-59.05511000
70.37418026,-55.11811000
70.37518506,-55.11811000
70.37618986,-55.11811000
70.37719466,-62.99212000
70.37819946,-59.05511000
70.37920426,-59.05511000
70.38020906,-59.05511000
70.38121386,-59.05511000
70.38221866,-55.11811000
70.38322346,-55.11811000
70.38422826,-55.11811000
70.38523306,-59.05511000
70.38623786,-55.11811000
70.38724266,-59.05511000
70.38824746,-62.99212000
70.38925226,-59.05511000
70.39025706,-62.99212000
70.39126186,-62.99212000
70.39226666,-55.11811000
70.39327146,-55.11811000
70.39427626,-51.18110000
70.39528106,-59.05511000
70.39628586,-59.05511000
70.39729066,-55.11811000
70.39829546,-55.11811000
70.39930026,-51.18110000
70.40030506,-55.11811000
70.40130986,-55.11811000
70.40231466,-59.05511000
70.40331946,-51.18110000
70.40432426,-51.18110000
70.40532906,-51.18110000
70.40633386,-51.18110000
70.40733866,-59.05511000
70.40834346,-51.18110000
70.40934826,-59.05511000
70.41035306,-55.11811000
70.41135786,-62.99212000
70.41236266,-59.05511000
70.41336746,-59.05511000
70.41437226,-55.11811000
70.41537706,-51.18110000
70.41638186,-55.11811000
70.41738666,-55.11811000
70.41839146,-51.18110000
70.41939626,-55.11811000
70.42040106,-59.05511000
70.42140586,-51.18110000
70.42241066,-55.11811000
70.42341546,-55.11811000
70.42442026,-55.11811000
70.42542506,-47.24409000
70.42642986,-55.11811000
70.42743466,-55.11811000
70.42843946,-62.99212000
70.42944426,-59.05511000
70.43044906,-55.11811000
70.43145386,-51.18110000
70.43245866,-51.18110000
70.43346346,-51.18110000
70.43446826,-47.24409000
70.43547306,-59.05511000
70.43647786,-51.18110000
70.43748266,-51.18110000
70.43848746,-55.11811000
70.43949226,-55.11811000
70.44049706,-47.24409000
70.44150186,-55.11811000
70.44250666,-59.05511000
70.44351146,-51.18110000
70.44451626,-62.99212000
70.44552106,-55.11811000
70.44652586,-51.18110000
70.44753066,-59.05511000
70.44853546,-59.05511000
70.44954026,-51.18110000
70.45054506,-55.11811000
70.45154986,-55.11811000
70.45255466,-51.18110000
70.45355946,-51.18110000
70.45456426,-51.18110000
70.45556906,-51.18110000
70.45657386,-51.18110000
70.45757866,-55.11811000
70.45858346,-51.18110000
70.45958826,-55.11811000
70.46059306,-59.05511000
70.46159786,-55.11811000
70.46260266,-51.18110000
70.46360746,-55.11811000
70.46461226,-55.11811000
70.46561706,-51.18110000
70.46662186,-59.05511000
70.46762666,-55.11811000
70.46863146,-55.11811000
70.46963626,-47.24409000
70.47064106,-51.18110000
70.47164586,-51.18110000
70.47265066,-55.11811000
70.47365546,-51.18110000
70.47466026,-47.24409000
70.47566506,-55.11811000
70.47666986,-59.05511000
70.47767466,-47.24409000
70.47867946,-51.18110000
70.47968426,-51.18110000
70.48068906,-51.18110000
70.48169386,-47.24409000
70.48269866,-51.18110000
70.48370346,-51.18110000
70.48470826,-51.18110000
70.48571306,-55.11811000
70.48671786,-55.11811000
70.48772266,-51.18110000
70.48872746,-55.11811000
70.48973226,-55.11811000
70.49073706,-47.24409000
70.49174186,-51.18110000
70.49274666,-59.05511000
70.49375146,-51.18110000
70.49475626,-59.05511000
70.49576106,-51.18110000
70.49676586,-55.11811000
70.49777066,-51.18110000
70.49877546,-55.11811000
70.49978026,-55.11811000
70.50078506,-55.11811000
70.50178986,-59.05511000
70.50279466,-51.18110000
70.50379946,-59.05511000
70.50480426,-55.11811000
70.50580906,-51.18110000
70.50681386,-55.11811000
70.50781866,-51.18110000
70.50882346,-55.11811000
70.50982826,-55.11811000
70.51083306,-55.11811000
70.51183786,-51.18110000
70.51284266,-51.18110000
70.51384746,-51.18110000
70.51485226,-55.11811000
70.51585706,-47.24409000
70.51686186,-47.24409000
70.51786666,-47.24409000
70.51887146,-51.18110000
70.51987626,-55.11811000
70.52088106,-51.18110000
70.52188586,-47.24409000
70.52289066,-47.24409000
70.52389546,-47.24409000
70.52490026,-51.18110000
70.52590506,-55.11811000
70.52690986,-51.18110000
70.52791466,-51.18110000
70.52891946,-51.18110000
70.52992426,-51.18110000
70.53092906,-47.24409000
70.53193386,-51.18110000
70.53293866,-51.18110000
70.53394346,-51.18110000
70.53494826,-51.18110000
70.53595306,-51.18110000
70.53695786,-51.18110000
70.53796266,-55.11811000
70.53896746,-47.24409000
70.53997226,-55.11811000
70.54097706,-66.92913000
70.54198186,-55.11811000
70.54298666,-59.05511000
70.54399146,-59.05511000
70.54499626,-47.24409000
70.54600106,-51.18110000
70.54700586,-47.24409000
70.54801066,-47.24409000
70.54901546,-47.24409000
70.55002026,-55.11811000
70.55102506,-47.24409000
70.55202985,-47.24409000
70.55303465,-47.24409000
70.55403945,-51.18110000
70.55504425,-51.18110000
70.55604905,-51.18110000
70.55705385,-59.05511000
70.55805865,-55.11811000
70.55906345,-55.11811000
70.56006825,-35.43307000
70.56107305,-51.18110000
70.56207785,-51.18110000
70.56308265,-47.24409000
70.56408745,-55.11811000
70.56509225,-51.18110000
70.56609705,-51.18110000
70.56710185,-47.24409000
70.56810665,-51.18110000
70.56911145,-51.18110000
70.57011625,-47.24409000
70.57112105,-47.24409000
70.57212585,-47.24409000
70.57313065,-51.18110000
70.57413545,-51.18110000
70.57514025,-51.18110000
70.57614505,-51.18110000
70.57714985,-47.24409000
70.57815465,-47.24409000
70.57915945,-47.24409000
70.58016425,-47.24409000
70.58116905,-51.18110000
70.58217385,-43.30709000
70.58317865,-47.24409000
70.58418345,-47.24409000
70.58518825,-47.24409000
70.58619305,-47.24409000
70.58719785,-43.30709000
70.58820265,-47.24409000
70.58920745,-43.30709000
70.59021225,-51.18110000
70.59121705,-51.18110000
70.59222185,-51.18110000
70.59322665,-43.30709000
70.59423145,-51.18110000
70.59523625,-51.18110000
70.59624105,-47.24409000
70.59724585,-47.24409000
70.59825065,-47.24409000
70.59925545,-51.18110000
70.60026025,-51.18110000
70.60126505,-51.18110000
70.60226985,-51.18110000
70.60327465,-51.18110000
70.60427945,-43.30709000
70.60528425,-47.24409000
70.60628905,-55.11811000
70.60729385,-55.11811000
70.60829865,-51.18110000
70.60930345,-47.24409000
70.61030825,-51.18110000
70.61131305,-51.18110000
70.61231785,-47.24409000
70.61332265,-55.11811000
70.61432745,-39.37008000
70.61533225,-51.18110000
70.61633705,-47.24409000
70.61734185,-47.24409000
70.61834665,-55.11811000
70.61935145,-51.18110000
70.62035625,-47.24409000
70.62136105,-51.18110000
70.62236585,-47.24409000
70.62337065,-47.24409000
70.62437545,-55.11811000
70.62538025,-47.24409000
70.62638505,-43.30709000
70.62738985,-43.30709000
70.62839465,-47.24409000
70.62939945,-47.24409000
70.63040425,-43.30709000
70.63140905,-47.24409000
70.63241385,-47.24409000
70.63341865,-47.24409000
70.63442345,-51.18110000
70.63542825,-43.30709000
70.63643305,-47.24409000
70.63743785,-47.24409000
70.63844265,-51.18110000
70.63944745,-47.24409000
70.64045225,-47.24409000
70.64145705,-51.18110000
70.64246185,-39.37008000
70.64346665,-51.18110000
70.64447145,-39.37008000
70.64547625,-43.30709000
70.64648105,-47.24409000
70.64748585,-47.24409000
70.64849065,-47.24409000
70.64949545,-47.24409000
70.65050025,-47.24409000
70.65150505,-43.30709000
70.65250985,-47.24409000
70.65351465,-39.37008000
70.65451945,-70.86613000
70.65552425,-47.24409000
70.65652905,-51.18110000
70.65753385,-31.49606000
70.65853865,-43.30709000
70.65954345,-47.24409000
70.66054825,-39.37008000
70.66155305,-43.30709000
70.66255785,-51.18110000
70.66356265,-39.37008000
70.66456745,-43.30709000
70.66557225,-43.30709000
70.66657705,-43.30709000
70.66758185,-43.30709000
70.66858665,-43.30709000
70.66959145,-43.30709000
70.67059625,-39.37008000
70.67160105,-55.11811000
70.67260585,-47.24409000
70.67361065,-43.30709000
70.67461545,-43.30709000
70.67562025,-51.18110000
70.67662505,-43.30709000
70.67762985,-47.24409000
70.67863465,-43.30709000
70.67963945,-47.24409000
70.68064425,-43.30709000
70.68164905,-43.30709000
70.68265385,-43.30709000
70.68365865,-43.30709000
70.68466345,-43.30709000
70.68566825,-43.30709000
70.68667305,-47.24409000
70.68767785,-43.30709000
70.68868265,-47.24409000
70.68968745,-39.37008000
70.69069225,-47.24409000
70.69169705,-47.24409000
70.69270185,-51.18110000
70.69370665,-51.18110000
70.69471145,-47.24409000
70.69571625,-47.24409000
70.69672105,-43.30709000
70.69772585,-43.30709000
70.69873065,-43.30709000
70.69973545,-43.30709000
70.70074025,-39.37008000
70.70174505,-43.30709000
70.70274985,-43.30709000
70.70375465,-47.24409000
70.70475945,-47.24409000
70.70576425,-43.30709000
70.70676905,-39.37008000
70.70777385,-39.37008000
70.70877865,-39.37008000
70.70978345,-39.37008000
70.71078825,-43.30709000
70.71179305,-43.30709000
70.71279785,-43.30709000
70.71380265,-43.30709000
70.71480745,-43.30709000
70.71581225,-39.37008000
70.71681705,-47.24409000
70.71782185,-39.37008000
70.71882665,-43.30709000
70.71983145,-39.37008000
70.72083625,-43.30709000
70.72184105,-47.24409000
70.72284585,-35.43307000
70.72385065,-39.37008000
70.72485545,-43.30709000
70.72586025,-43.30709000
70.72686505,-39.37008000
70.72786985,-39.37008000
70.72887465,-43.30709000
70.72987945,-39.37008000
70.73088425,-39.37008000
70.73188905,-43.30709000
70.73289385,-43.30709000
70.73389865,-39.37008000
70.73490345,-39.37008000
70.73590825,-39.37008000
70.73691305,-43.30709000
70.73791785,-39.37008000
70.73892265,-35.43307000
70.73992745,-39.37008000
70.74093225,-39.37008000
70.74193705,-35.43307000
70.74294185,-39.37008000
70.74394665,-35.43307000
70.74495145,-43.30709000
70.74595625,-39.37008000
70.74696105,-43.30709000
70.74796585,-39.37008000
70.74897065,-39.37008000
70.74997545,-43.30709000
70.75098025,-43.30709000
70.75198505,-51.18110000
70.75298985,-43.30709000
70.75399465,-47.24409000
70.75499945,-39.37008000
70.75600425,-47.24409000
70.75700905,-43.30709000
70.75801385,-39.37008000
70.75901865,-39.37008000
70.76002345,-35.43307000
70.76102825,-31.49606000
70.76203305,-43.30709000
70.76303785,-43.30709000
70.76404265,-39.37008000
70.76504745,-39.37008000
70.76605225,-43.30709000
70.76705705,-43.30709000
70.76806185,-47.24409000
70.76906665,-47.24409000
70.77007145,-43.30709000
70.77107625,-47.24409000
70.77208105,-43.30709000
70.77308585,-35.43307000
70.77409065,-43.30709000
70.77509545,-35.43307000
70.77610025,-39.37008000
70.77710505,-35.43307000
70.77810985,-35.43307000
70.77911465,-35.43307000
70.78011945,-35.43307000
70.78112425,-35.43307000
70.78212905,-39.37008000
70.78313385,-35.43307000
70.78413865,-39.37008000
70.78514345,-39.37008000
70.78614825,-39.37008000
70.78715305,-39.37008000
70.78815785,-43.30709000
70.78916265,-39.37008000
70.79016745,-39.37008000
70.79117225,-39.37008000
70.79217705,-35.43307000
70.79318185,-31.49606000
70.79418665,-39.37008000
70.79519145,-43.30709000
70.79619625,-43.30709000
70.79720105,-39.37008000
70.79820585,-47.24409000
70.79921065,-35.43307000
70.80021545,-39.37008000
70.80122025,-39.37008000
70.80222505,-43.30709000
70.80322985,-43.30709000
70.80423465,-39.37008000
70.80523945,-35.43307000
70.80624425,-39.37008000
70.80724905,-47.24409000
70.80825385,-47.24409000
70.80925865,-47.24409000
70.81026345,-39.37008000
70.81126825,-39.37008000
70.81227305,-31.49606000
70.81327785,-35.43307000
70.81428265,-35.43307000
70.81528745,-35.43307000
70.81629225,-35.43307000
70.81729705,-43.30709000
70.81830185,-39.37008000
70.81930665,-35.43307000
70.82031145,-39.37008000
70.82131625,-35.43307000
70.82232105,-35.43307000
70.82332585,-31.49606000
70.82433065,-35.43307000
70.82533545,-39.37008000
70.82634025,-39.37008000
70.82734505,-31.49606000
70.82834985,-31.49606000
70.82935465,-39.37008000
70.83035945,-35.43307000
70.83136425,-35.43307000
70.83236905,-35.43307000
70.83337385,-39.37008000
70.83437865,-43.30709000
70.83538345,-35.43307000
70.83638825,-35.43307000
70.83739305,-39.37008000
70.83839785,-35.43307000
70.83940265,-35.43307000
70.84040745,-35.43307000
70.84141225,-35.43307000
70.84241705,-39.37008000
70.84342185,-39.37008000
70.84442665,-35.43307000
70.84543145,-43.30709000
70.84643625,-43.30709000
70.84744105,-39.37008000
70.84844585,-35.43307000
70.84945065,-35.43307000
70.85045545,-39.37008000
70.85146025,-35.43307000
70.85246505,-31.49606000
70.85346985,-31.49606000
70.85447465,-31.49606000
70.85547945,-39.37008000
70.85648425,-31.49606000
70.85748905,-35.43307000
70.85849385,-35.43307000
70.85949865,-35.43307000
70.86050345,-35.43307000
70.86150825,-31.49606000
70.86251305,-35.43307000
70.86351785,-31.49606000
70.86452265,-35.43307000
70.86552745,-43.30709000
70.86653225,-39.37008000
70.86753705,-39.37008000
70.86854185,-35.43307000
70.86954665,-35.43307000
70.87055145,-43.30709000
70.87155625,-35.43307000
70.87256105,-35.43307000
70.87356585,-35.43307000
70.87457065,-35.43307000
70.87557545,-35.43307000
70.87658025,-35.43307000
70.87758505,-39.37008000
70.87858985,-35.43307000
70.87959465,-35.43307000
70.88059944,-43.30709000
70.88160424,-35.43307000
70.88260904,-43.30709000
70.88361384,-47.24409000
70.88461864,-39.37008000
70.88562344,-35.43307000
70.88662824,-39.37008000
70.88763304,-35.43307000
70.88863784,-35.43307000
70.88964264,-31.49606000
70.89064744,-31.49606000
70.89165224,-31.49606000
70.89265704,-35.43307000
70.89366184,-31.49606000
70.89466664,-31.49606000
70.89567144,-31.49606000
70.89667624,-31.49606000
70.89768104,-31.49606000
70.89868584,-35.43307000
70.89969064,-39.37008000
70.90069544,-39.37008000
70.90170024,-35.43307000
70.90270504,-35.43307000
70.90370984,-35.43307000
70.90471464,-31.49606000
70.90571944,-35.43307000
70.90672424,-35.43307000
70.90772904,-31.49606000
70.90873384,-39.37008000
70.90973864,-27.55905000
70.91074344,-39.37008000
70.91174824,-35.43307000
70.91275304,-35.43307000
70.91375784,-31.49606000
70.91476264,-39.37008000
70.91576744,-39.37008000
70.91677224,-35.43307000
70.91777704,-27.55905000
70.91878184,-35.43307000
70.91978664,-39.37008000
70.92079144,-43.30709000
70.92179624,-39.37008000
70.92280104,-35.43307000
70.92380584,-35.43307000
70.92481064,-39.37008000
70.92581544,-35.43307000
70.92682024,-31.49606000
70.92782504,-31.49606000
70.92882984,-39.37008000
70.92983464,-35.43307000
70.93083944,-31.49606000
70.93184424,-35.43307000
70.93284904,-35.43307000
70.93385384,-35.43307000
70.93485864,-27.55905000
70.93586344,-35.43307000
70.93686824,-39.37008000
70.93787304,-35.43307000
70.93887784,-35.43307000
70.93988264,-31.49606000
70.94088744,-35.43307000
70.94189224,-35.43307000
70.94289704,-35.43307000
70.94390184,-35.43307000
70.94490664,-31.49606000
70.94591144,-31.49606000
70.94691624,-39.37008000
70.94792104,-39.37008000
70.94892584,-39.37008000
70.94993064,-35.43307000
70.95093544,-35.43307000
70.95194024,-35.43307000
70.95294504,-31.49606000
70.95394984,-35.43307000
70.95495464,-35.43307000
70.95595944,-35.43307000
70.95696424,-35.43307000
70.95796904,-31.49606000
70.95897384,-47.24409000
70.95997864,-35.43307000
70.96098344,-35.43307000
70.96198824,-35.43307000
70.96299304,-43.30709000
70.96399784,-35.43307000
70.96500264,-31.49606000
70.96600744,-7.87401500
70.96701224,-35.43307000
70.96801704,-27.55905000
70.96902184,-35.43307000
70.97002664,-27.55905000
70.97103144,-31.49606000
70.97203624,-27.55905000
70.97304104,-31.49606000
70.97404584,-35.43307000
70.97505064,-35.43307000
70.97605544,-31.49606000
70.97706024,-35.43307000
70.97806504,-31.49606000
70.97906984,-35.43307000
70.98007464,-39.37008000
70.98107944,-31.49606000
70.98208424,-39.37008000
70.98308904,-35.43307000
70.98409384,-35.43307000
70.98509864,-35.43307000
70.98610344,-31.49606000
70.98710824,-35.43307000
70.98811304,-39.37008000
70.98911784,-35.43307000
70.99012264,-35.43307000
70.99112744,-35.43307000
70.99213224,-39.37008000
70.99313704,-31.49606000
70.99414184,-35.43307000
70.99514664,-35.43307000
70.99615144,-39.37008000
70.99715624,-51.18110000
70.99816104,-39.37008000
70.99916584,-35.43307000
71.00017064,-35.43307000
71.00117544,-35.43307000
71.00218024,-35.43307000
71.00318504,-31.49606000
71.00418984,-31.49606000
71.00519464,-31.49606000
71.00619944,-31.49606000
71.00720424,-31.49606000
71.00820904,-31.49606000
71.00921384,-31.49606000
71.01021864,-31.49606000
71.01122344,-31.49606000
71.01222824,-35.43307000
71.01323304,-35.43307000
71.01423784,-35.43307000
71.01524264,-31.49606000
71.01624744,-31.49606000
71.01725224,-31.49606000
71.01825704,-31.49606000
71.01926184,-31.49606000
71.02026664,-31.49606000
71.02127144,-35.43307000
71.02227624,-31.49606000
71.02328104,-27.55905000
71.02428584,-39.37008000
71.02529064,-31.49606000
71.02629544,-39.37008000
71.02730024,-43.30709000
71.02830504,-35.43307000
71.02930984,-43.30709000
71.03031464,-35.43307000
71.03131944,-31.49606000
71.03232424,-31.49606000
71.03332904,-31.49606000
71.03433384,-35.43307000
71.03533864,-35.43307000
71.03634344,-39.37008000
71.03734824,-35.43307000
71.03835304,-35.43307000
71.03935784,-31.49606000
71.04036264,-35.43307000
71.04136744,-31.49606000
71.04237224,-35.43307000
71.04337704,-27.55905000
71.04438184,-27.55905000
71.04538664,-31.49606000
71.04639144,-35.43307000
71.04739624,-31.49606000
71.04840104,-27.55905000
71.04940584,-31.49606000
71.05041064,-31.49606000
71.05141544,-31.49606000
71.05242024,-35.43307000
71.05342504,-31.49606000
71.05442984,-31.49606000
71.05543464,-39.37008000
71.05643944,-27.55905000
71.05744424,-31.49606000
71.05844904,-35.43307000
71.05945384,-35.43307000
71.06045864,-39.37008000
71.06146344,-39.37008000
71.06246824,-35.43307000
71.06347304,-15.74803000
71.06447784,-31.49606000
71.06548264,-31.49606000
71.06648744,-27.55905000
71.06749224,-31.49606000
71.06849704,-31.49606000
71.06950184,-31.49606000
71.07050664,-31.49606000
71.07151144,-31.49606000
71.07251624,-35.43307000
71.07352104,-31.49606000
71.07452584,-43.30709000
71.07553064,-35.43307000
71.07653544,-35.43307000
71.07754024,-35.43307000
71.07854504,-35.43307000
71.07954984,-31.49606000
71.08055464,-27.55905000
71.08155944,-31.49606000
71.08256424,-27.55905000
71.08356904,-31.49606000
71.08457384,-27.55905000
71.08557864,-31.49606000
71.08658344,-31.49606000
71.08758824,-31.49606000
71.08859304,-31.49606000
71.08959784,-35.43307000
71.09060264,-31.49606000
71.09160744,-31.49606000
71.09261224,-31.49606000
71.09361704,-35.43307000
71.09462184,-31.49606000
71.09562664,-35.43307000
71.09663144,-31.49606000
71.09763624,-35.43307000
71.09864104,-31.49606000
71.09964584,-31.49606000
71.10065064,-35.43307000
71.10165544,-31.49606000
71.10266024,-31.49606000
71.10366504,-39.37008000
71.10466984,-31.49606000
71.10567464,-31.49606000
71.10667944,-31.49606000
71.10768424,-35.43307000
71.10868904,-31.49606000
71.10969384,-35.43307000
71.11069864,-31.49606000
71.11170344,-43.30709000
71.11270824,-35.43307000
71.11371304,-35.43307000
71.11471784,-35.43307000
71.11572264,-35.43307000
71.11672744,-39.37008000
71.11773224,-31.49606000
71.11873704,-31.49606000
71.11974184,-31.49606000
71.12074664,-31.49606000
71.12175144,-31.49606000
71.12275624,-27.55905000
71.12376104,-31.49606000
71.12476584,-27.55905000
71.12577064,-27.55905000
71.12677544,-35.43307000
71.12778024,-35.43307000
71.12878504,-31.49606000
71.12978984,-31.49606000
71.13079464,-35.43307000
71.13179944,-31.49606000
71.13280424,-35.43307000
71.13380904,-31.49606000
71.13481384,-35.43307000
71.13581864,-31.49606000
71.13682344,-27.55905000
71.13782824,-23.62205000
71.13883304,-35.43307000
71.13983784,-31.49606000
71.14084264,-31.49606000
71.14184744,-31.49606000
71.14285224,-31.49606000
71.14385704,-35.43307000
71.14486184,-31.49606000
71.14586664,-35.43307000
71.14687144,-27.55905000
71.14787624,-31.49606000
71.14888104,-27.55905000
71.14988584,-35.43307000
71.15089064,-35.43307000
71.15189544,-39.37008000
71.15290024,-39.37008000
71.15390504,-31.49606000
71.15490984,-31.49606000
71.15591464,-31.49606000
71.15691944,-31.49606000
71.15792424,-43.30709000
71.15892904,-35.43307000
71.15993384,-35.43307000
71.16093864,-23.62205000
71.16194344,-31.49606000
71.16294824,-27.55905000
71.16395304,-31.49606000
71.16495784,-31.49606000
71.16596264,-31.49606000
71.16696744,-31.49606000
71.16797224,-35.43307000
71.16897704,-31.49606000
71.16998184,-31.49606000
71.17098664,-35.43307000
71.17199144,-31.49606000
71.17299624,-31.49606000
71.17400104,-31.49606000
71.17500584,-35.43307000
71.17601064,-35.43307000
71.17701544,-39.37008000
71.17802024,-35.43307000
71.17902504,-31.49606000
71.18002984,-31.49606000
71.18103464,-31.49606000
71.18203944,-31.49606000
71.18304424,-27.55905000
71.18404904,-31.49606000
71.18505384,-27.55905000
71.18605864,-27.55905000
71.18706344,-27.55905000
71.18806824,-27.55905000
71.18907304,-35.43307000
71.19007784,-47.24409000
71.19108264,-39.37008000
71.19208744,-35.43307000
71.19309224,-31.49606000
71.19409704,-35.43307000
71.19510184,-31.49606000
71.19610664,-31.49606000
71.19711144,-31.49606000
71.19811624,-27.55905000
71.19912104,-27.55905000
71.20012584,-31.49606000
71.20113064,-27.55905000
71.20213544,-35.43307000
71.20314024,-31.49606000
71.20414504,-31.49606000
71.20514984,-31.49606000
71.20615464,-35.43307000
71.20715944,-35.43307000
71.20816424,-35.43307000
71.20916904,-39.37008000
71.21017383,-31.49606000
71.21117863,-31.49606000
71.21218343,-27.55905000
71.21318823,-31.49606000
71.21419303,-31.49606000
71.21519783,-27.55905000
71.21620263,-31.49606000
71.21720743,-35.43307000
71.21821223,-31.49606000
71.21921703,-27.55905000
71.22022183,-31.49606000
71.22122663,-31.49606000
71.22223143,-35.43307000
71.22323623,-35.43307000
71.22424103,-31.49606000
71.22524583,-35.43307000
71.22625063,-31.49606000
71.22725543,-31.49606000
71.22826023,-19.68504000
71.22926503,-35.43307000
71.23026983,-35.43307000
71.23127463,-31.49606000
71.23227943,-31.49606000
71.23328423,-35.43307000
71.23428903,-27.55905000
71.23529383,-27.55905000
71.23629863,-31.49606000
71.23730343,-31.49606000
71.23830823,-31.49606000
71.23931303,-27.55905000
71.24031783,-39.37008000
71.24132263,-31.49606000
71.24232743,-31.49606000
71.24333223,-27.55905000
71.24433703,-27.55905000
71.24534183,-35.43307000
71.24634663,-31.49606000
71.24735143,-31.49606000
71.24835623,-31.49606000
71.24936103,-31.49606000
71.25036583,-31.49606000
71.25137063,-31.49606000
71.25237543,-35.43307000
71.25338023,-31.49606000
71.25438503,-35.43307000
71.25538983,-39.37008000
71.25639463,-31.49606000
71.25739943,-31.49606000
71.25840423,-27.55905000
71.25940903,-31.49606000
71.26041383,-31.49606000
71.26141863,-31.49606000
71.26242343,-31.49606000
71.26342823,-35.43307000
71.26443303,-31.49606000
71.26543783,-31.49606000
71.26644263,-27.55905000
71.26744743,-39.37008000
71.26845223,-35.43307000
71.26945703,-35.43307000
71.27046183,-35.43307000
71.27146663,-31.49606000
71.27247143,-31.49606000
71.27347623,-35.43307000
71.27448103,-31.49606000
71.27548583,-23.62205000
71.27649063,-27.55905000
71.27749543,-31.49606000
71.27850023,-31.49606000
71.27950503,-27.55905000
71.28050983,-27.55905000
71.28151463,-35.43307000
71.28251943,-31.49606000
71.28352423,-31.49606000
71.28452903,-31.49606000
71.28553383,-31.49606000
71.28653863,-27.55905000
71.28754343,-35.43307000
71.28854823,-27.55905000
71.28955303,-35.43307000
71.29055783,-31.49606000
71.29156263,-31.49606000
71.29256743,-31.49606000
71.29357223,-31.49606000
71.29457703,-31.49606000
71.29558183,-31.49606000
71.29658663,-39.37008000
71.29759143,-27.55905000
71.29859623,-31.49606000
71.29960103,-31.49606000
71.30060583,-31.49606000
71.30161063,-31.49606000
71.30261543,-27.55905000
71.30362023,-27.55905000
71.30462503,-39.37008000
71.30562983,-31.49606000
71.30663463,-39.37008000
71.30763943,-31.49606000
71.30864423,-35.43307000
71.30964903,-31.49606000
71.31065383,-31.49606000
71.31165863,-31.49606000
71.31266343,-31.49606000
71.31366823,-27.55905000
71.31467303,-31.49606000
71.31567783,-35.43307000
71.31668263,-35.43307000
71.31768743,-27.55905000
71.31869223,-35.43307000
71.31969703,-31.49606000
71.32070183,-35.43307000
71.32170663,-31.49606000
71.32271143,-35.43307000
71.32371623,-27.55905000
71.32472103,-35.43307000
71.32572583,-31.49606000
71.32673063,-27.55905000
71.32773543,-31.49606000
71.32874023,-27.55905000
71.32974503,-31.49606000
71.33074983,-31.49606000
71.33175463,-31.49606000
71.33275943,-31.49606000
71.33376423,-27.55905000
71.33476903,-31.49606000
71.33577383,-27.55905000
71.33677863,-35.43307000
71.33778343,-27.55905000
71.33878823,-35.43307000
71.33979303,-31.49606000
71.34079783,-23.62205000
71.34180263,-27.55905000
71.34280743,-31.49606000
71.34381223,-31.49606000
71.34481703,-35.43307000
71.34582183,-27.55905000
71.34682663,-31.49606000
71.34783143,-35.43307000
71.34883623,-35.43307000
71.34984103,-31.49606000
71.35084583,-23.62205000
71.35185063,-31.49606000
71.35285543,-35.43307000
71.35386023,-31.49606000
71.35486503,-31.49606000
71.35586983,-23.62205000
71.35687463,-27.55905000
71.35787943,-27.55905000
71.35888423,-27.55905000
71.35988903,-31.49606000
71.36089383,-31.49606000
71.36189863,-23.62205000
71.36290343,-31.49606000
71.36390823,-31.49606000
71.36491303,-31.49606000
71.36591783,-31.49606000
71.36692263,-31.49606000
71.36792743,-31.49606000
71.36893223,-27.55905000
71.36993703,-31.49606000
71.37094183,-31.49606000
71.37194663,-19.68504000
71.37295143,-31.49606000
71.37395623,-27.55905000
71.37496103,-31.49606000
71.37596583,-31.49606000
71.37697063,-27.55905000
71.37797543,-31.49606000
71.37898023,-31.49606000
71.37998503,-31.49606000
71.38098983,-31.49606000
71.38199463,-39.37008000
71.38299943,-39.37008000
71.38400423,-35.43307000
71.38500903,-35.43307000
71.38601383,-35.43307000
71.38701863,-31.49606000
71.38802343,-31.49606000
71.38902823,-27.55905000
71.39003303,-27.55905000
71.39103783,-27.55905000
71.39204263,-27.55905000
71.39304743,-31.49606000
71.39405223,-27.55905000
71.39505703,-31.49606000
71.39606183,-27.55905000
71.39706663,-27.55905000
71.39807143,-31.49606000
71.39907623,-31.49606000
71.40008103,-31.49606000
71.40108583,-27.55905000
71.40209063,-31.49606000
71.40309543,-31.49606000
71.40410023,-31.49606000
71.40510503,-27.55905000
71.40610983,-27.55905000
71.40711463,-27.55905000
71.40811943,-27.55905000
71.40912423,-27.55905000
71.41012903,-31.49606000
71.41113383,-27.55905000
71.41213863,-27.55905000
71.41314343,-23.62205000
71.41414823,-27.55905000
71.41515303,-27.55905000
71.41615783,-23.62205000
71.41716263,-27.55905000
71.41816743,-35.43307000
71.41917223,-23.62205000
71.42017703,-27.55905000
71.42118183,-35.43307000
71.42218663,-31.49606000
71.42319143,-31.49606000
71.42419623,-27.55905000
71.42520103,-27.55905000
71.42620583,-27.55905000
71.42721063,-23.62205000
71.42821543,-27.55905000
71.42922023,-23.62205000
71.43022503,-27.55905000
71.43122983,-31.49606000
71.43223463,-23.62205000
71.43323943,-27.55905000
71.43424423,-27.55905000
71.43524903,-35.43307000
71.43625383,-31.49606000
71.43725863,-27.55905000
71.43826343,-27.55905000
71.43926823,-31.49606000
71.44027303,-23.62205000
71.44127783,-31.49606000
71.44228263,-27.55905000
71.44328743,-27.55905000
71.44429223,-31.49606000
71.44529703,-27.55905000
71.44630183,-27.55905000
71.44730663,-27.55905000
71.44831143,-27.55905000
71.44931623,-27.55905000
71.45032103,-31.49606000
71.45132583,-31.49606000
71.45233063,-31.49606000
71.45333543,-27.55905000
71.45434023,-27.55905000
71.45534503,-27.55905000
71.45634983,-23.62205000
71.45735463,-27.55905000
71.45835943,-27.55905000
71.45936423,-39.37008000
71.46036903,-35.43307000
71.46137383,-31.49606000
71.46237863,-31.49606000
71.46338343,-23.62205000
71.46438823,-27.55905000
71.46539303,-23.62205000
71.46639783,-31.49606000
71.46740263,-27.55905000
71.46840743,-23.62205000
71.46941223,-7.87401500
71.47041703,-31.49606000
71.47142183,-27.55905000
71.47242663,-27.55905000
71.47343143,-23.62205000
71.47443623,-27.55905000
71.47544103,-23.62205000
71.47644583,-23.62205000
71.47745063,-27.55905000
71.47845543,-27.55905000
71.47946023,-19.68504000
71.48046503,-23.62205000
71.48146983,-23.62205000
71.48247463,-27.55905000
71.48347943,-31.49606000
71.48448423,-31.49606000
71.48548903,-31.49606000
71.48649383,-27.55905000
71.48749863,-23.62205000
71.48850343,-19.68504000
71.48950823,-27.55905000
71.49051303,-31.49606000
71.49151783,-23.62205000
71.49252263,-23.62205000
71.49352743,-27.55905000
71.49453223,-23.62205000
71.49553703,-23.62205000
71.49654183,-27.55905000
71.49754663,-27.55905000
71.49855143,-31.49606000
71.49955623,-31.49606000
71.50056103,-31.49606000
71.50156583,-31.49606000
71.50257063,-19.68504000
71.50357543,-27.55905000
71.50458023,-27.55905000
71.50558503,-23.62205000
71.50658983,-23.62205000
71.50759463,-23.62205000
71.50859943,-23.62205000
71.50960423,-23.62205000
71.51060903,-27.55905000
71.51161383,-23.62205000
71.51261863,-23.62205000
71.51362343,-27.55905000
71.51462823,-27.55905000
71.51563303,-23.62205000
71.51663783,-27.55905000
71.51764263,-31.49606000
71.51864743,-27.55905000
71.51965223,-27.55905000
71.52065703,-27.55905000
71.52166183,-23.62205000
71.52266663,-27.55905000
71.52367143,-27.55905000
71.52467623,-23.62205000
71.52568103,-23.62205000
71.52668583,-23.62205000
71.52769063,-27.55905000
71.52869543,-27.55905000
71.52970023,-23.62205000
71.53070503,-23.62205000
71.53170983,-23.62205000
71.53271463,-23.62205000
71.53371943,-27.55905000
71.53472423,-23.62205000
71.53572903,-23.62205000
71.53673383,-23.62205000
71.53773863,-11.81102000
71.53874342,-27.55905000
71.53974822,-31.49606000
71.54075302,-23.62205000
71.54175782,-19.68504000
71.54276262,-23.62205000
71.54376742,-19.68504000
71.54477222,-19.68504000
71.54577702,-23.62205000
71.54678182,-23.62205000
71.54778662,-27.55905000
71.54879142,-23.62205000
71.54979622,-19.68504000
71.55080102,-19.68504000
71.55180582,-23.62205000
71.55281062,-23.62205000
71.55381542,-23.62205000
71.55482022,-23.62205000
71.55582502,-19.68504000
71.55682982,-19.68504000
71.55783462,-19.68504000
71.55883942,-23.62205000
71.55984422,-19.68504000
71.56084902,-23.62205000
71.56185382,-19.68504000
71.56285862,-19.68504000
71.56386342,-27.55905000
71.56486822,-23.62205000
71.56587302,-27.55905000
71.56687782,-15.74803000
71.56788262,-23.62205000
71.56888742,-23.62205000
71.56989222,-19.68504000
71.57089702,-19.68504000
71.57190182,-23.62205000
71.57290662,-19.68504000
71.57391142,-23.62205000
71.57491622,-23.62205000
71.57592102,-23.62205000
71.57692582,-23.62205000
71.57793062,-27.55905000
71.57893542,-23.62205000
71.57994022,-23.62205000
71.58094502,-19.68504000
71.58194982,-19.68504000
71.58295462,-23.62205000
71.58395942,-15.74803000
71.58496422,-15.74803000
71.58596902,-19.68504000
71.58697382,-15.74803000
71.58797862,-19.68504000
71.58898342,-23.62205000
71.58998822,-15.74803000
71.59099302,-15.74803000
71.59199782,-15.74803000
71.59300262,-15.74803000
71.59400742,-15.74803000
71.59501222,-11.81102000
71.59601702,-11.81102000
71.59702182,-15.74803000
71.59802662,-11.81102000
71.59903142,-11.81102000
71.60003622,-7.87401500
71.60104102,-3.93700800
71.60204582,-11.81102000
71.60305062,-7.87401500
71.60405542,-3.93700800
71.60506022,-3.93700800
71.60606502,3.93700800
71.60706982,0.00000000
71.60807462,-3.93700800
71.60907942,3.93700800
71.61008422,3.93700800
71.61108902,-7.87401500
71.61209382,0.00000000
71.61309862,-3.93700800
71.61410342,-11.81102000
71.61510822,-7.87401500
71.61611302,-3.93700800
71.61711782,0.00000000
71.61812262,-3.93700800
71.61912742,-3.93700800
71.62013222,-3.93700800
71.62113702,-7.87401500
71.62214182,-11.81102000
71.62314662,-15.74803000
71.62415142,-15.74803000
71.62515622,-15.74803000
71.62616102,-19.68504000
71.62716582,-19.68504000
71.62817062,-23.62205000
71.62917542,-27.55905000
71.63018022,-31.49606000
71.63118502,-35.43307000
71.63218982,-23.62205000
71.63319462,-31.49606000
71.63419942,-31.49606000
71.63520422,-35.43307000
71.63620902,-35.43307000
71.63721382,-31.49606000
71.63821862,-31.49606000
71.63922342,-27.55905000
71.64022822,-23.62205000
71.64123302,-23.62205000
71.64223782,-27.55905000
71.64324262,-19.68504000
71.64424742,-23.62205000
71.64525222,-19.68504000
71.64625702,-19.68504000
71.64726182,-23.62205000
71.64826662,-11.81102000
71.64927142,-11.81102000
71.65027622,-7.87401500
71.65128102,-7.87401500
71.65228582,-3.93700800
71.65329062,-11.81102000
71.65429542,-15.74803000
71.65530022,-15.74803000
71.65630502,-19.68504000
71.65730982,-19.68504000
71.65831462,-19.68504000
71.65931942,-19.68504000
71.66032422,-19.68504000
71.66132902,-27.55905000
71.66233382,-19.68504000
71.66333862,-15.74803000
71.66434342,-7.87401500
71.66534822,-15.74803000
71.66635302,-15.74803000
71.66735782,-15.74803000
71.66836262,-15.74803000
71.66936742,-15.74803000
71.67037222,-15.74803000
71.67137702,-15.74803000
71.67238182,-15.74803000
71.67338662,-19.68504000
71.67439142,-23.62205000
71.67539622,-23.62205000
71.67640102,-19.68504000
71.67740582,-23.62205000
71.67841062,-23.62205000
71.67941542,-23.62205000
71.68042022,-23.62205000
71.68142502,-19.68504000
71.68242982,-19.68504000
71.68343462,-19.68504000
71.68443942,-23.62205000
71.68544422,-19.68504000
71.68644902,-19.68504000
71.68745382,-23.62205000
71.68845862,-23.62205000
71.68946342,-19.68504000
71.69046822,-19.68504000
71.69147302,-19.68504000
71.69247782,-15.74803000
71.69348262,-19.68504000
71.69448742,-19.68504000
71.69549222,-19.68504000
71.69649702,-15.74803000
71.69750182,-15.74803000
71.69850662,-19.68504000
71.69951142,-15.74803000
71.70051622,-19.68504000
71.70152102,-19.68504000
71.70252582,-19.68504000
71.70353062,-15.74803000
71.70453542,-15.74803000
71.70554022,-15.74803000
71.70654502,-19.68504000
71.70754982,-15.74803000
71.70855462,-15.74803000
71.70955942,-23.62205000
71.71056422,-23.62205000
71.71156902,-23.62205000
71.71257382,-23.62205000
71.71357862,-19.68504000
71.71458342,-19.68504000
71.71558822,-23.62205000
71.71659302,-23.62205000
71.71759782,-19.68504000
71.71860262,-19.68504000
71.71960742,-19.68504000
71.72061222,-23.62205000
71.72161702,-27.55905000
71.72262182,-19.68504000
71.72362662,-23.62205000
71.72463142,-19.68504000
71.72563622,-23.62205000
71.72664102,-23.62205000
71.72764582,-19.68504000
71.72865062,-27.55905000
71.72965542,-31.49606000
71.73066022,-19.68504000
71.73166502,-27.55905000
71.73266982,-23.62205000
71.73367462,-27.55905000
71.73467942,-19.68504000
71.73568422,-15.74803000
71.73668902,-19.68504000
71.73769382,-23.62205000
71.73869862,-19.68504000
71.73970342,-15.74803000
71.74070822,-15.74803000
71.74171302,-19.68504000
71.74271782,-19.68504000
71.74372262,-23.62205000
71.74472742,-23.62205000
71.74573222,-19.68504000
71.74673702,-19.68504000
71.74774182,-15.74803000
71.74874662,-23.62205000
71.74975142,-23.62205000
71.75075622,-15.74803000
71.75176102,-19.68504000
71.75276582,-19.68504000
71.75377062,-15.74803000
71.75477542,-19.68504000
71.75578022,-15.74803000
71.75678502,-19.68504000
71.75778982,-23.62205000
71.75879462,-31.49606000
71.75979942,-23.62205000
71.76080422,-27.55905000
71.76180902,-19.68504000
71.76281382,-23.62205000
71.76381862,-23.62205000
71.76482342,-23.62205000
71.76582822,-23.62205000
71.76683302,-23.62205000
71.76783782,-15.74803000
71.76884262,-27.55905000
71.76984742,-23.62205000
71.77085222,-23.62205000
71.77185702,-19.68504000
71.77286182,-23.62205000
71.77386662,-19.68504000
71.77487142,-19.68504000
71.77587622,-23.62205000
71.77688102,-23.62205000
71.77788582,-19.68504000
71.77889062,-19.68504000
71.77989542,-19.68504000
71.78090022,-15.74803000
71.78190502,-19.68504000
71.78290982,-23.62205000
71.78391462,-19.68504000
71.78491942,-19.68504000
71.78592422,-23.62205000
71.78692902,-19.68504000
71.78793382,-15.74803000
71.78893862,-23.62205000
71.78994342,-19.68504000
71.79094822,-19.68504000
71.79195302,-23.62205000
71.79295782,-27.55905000
71.79396262,-19.68504000
71.79496742,-19.68504000
71.79597222,-19.68504000
71.79697702,-27.55905000
71.79798182,-23.62205000
71.79898662,-23.62205000
71.79999142,-23.62205000
71.80099622,-23.62205000
71.80200102,-19.68504000
71.80300582,-23.62205000
71.80401062,-27.55905000
71.80501542,-19.68504000
71.80602022,-27.55905000
71.80702502,-27.55905000
71.80802982,-31.49606000
71.80903462,-31.49606000
71.81003942,-27.55905000
71.81104422,-23.62205000
71.81204902,-19.68504000
71.81305382,-19.68504000
71.81405862,-23.62205000
71.81506342,-19.68504000
71.81606822,-19.68504000
71.81707302,-15.74803000
71.81807782,-19.68504000
71.81908262,-23.62205000
71.82008742,-19.68504000
71.82109222,-23.62205000
71.82209702,-23.62205000
71.82310182,-19.68504000
71.82410662,-27.55905000
71.82511142,-23.62205000
71.82611622,-27.55905000
71.82712102,-19.68504000
71.82812582,-19.68504000
71.82913062,-23.62205000
71.83013542,-23.62205000
71.83114022,-19.68504000
71.83214502,-23.62205000
71.83314982,-23.62205000
71.83415462,-23.62205000
71.83515942,-19.68504000
71.83616422,-23.62205000
71.83716902,-19.68504000
71.83817382,-19.68504000
71.83917862,-27.55905000
71.84018342,-23.62205000
71.84118822,-31.49606000
71.84219302,-27.55905000
71.84319782,-23.62205000
71.84420262,-23.62205000
71.84520742,-15.74803000
71.84621222,-31.49606000
71.84721702,-23.62205000
71.84822182,-27.55905000
71.84922662,-31.49606000
71.85023142,-27.55905000
71.85123622,-23.62205000
71.85224102,-27.55905000
71.85324582,-27.55905000
71.85425062,-19.68504000
71.85525542,-23.62205000
71.85626022,-27.55905000
71.85726502,-27.55905000
71.85826982,-27.55905000
71.85927462,-23.62205000
71.86027942,-23.62205000
71.86128422,-23.62205000
71.86228902,-27.55905000
71.86329382,-23.62205000
71.86429862,-23.62205000
71.86530342,-27.55905000
71.86630822,-23.62205000
71.86731301,-27.55905000
71.86831781,-23.62205000
71.86932261,-23.62205000
71.87032741,-23.62205000
71.87133221,-23.62205000
71.87233701,-27.55905000
71.87334181,-31.49606000
71.87434661,-23.62205000
71.87535141,-23.62205000
71.87635621,-27.55905000
71.87736101,-23.62205000
71.87836581,-23.62205000
71.87937061,-27.55905000
71.88037541,-23.62205000
71.88138021,-27.55905000
71.88238501,-19.68504000
71.88338981,-27.55905000
71.88439461,-31.49606000
71.88539941,-31.49606000
71.88640421,-31.49606000
71.88740901,-35.43307000
71.88841381,-27.55905000
71.88941861,-31.49606000
71.89042341,-31.49606000
71.89142821,-35.43307000
71.89243301,-19.68504000
71.89343781,-19.68504000
71.89444261,-23.62205000
71.89544741,-23.62205000
71.89645221,-23.62205000
71.89745701,-23.62205000
71.89846181,-23.62205000
71.89946661,-23.62205000
71.90047141,-23.62205000
71.90147621,-23.62205000
71.90248101,-27.55905000
71.90348581,-19.68504000
71.90449061,-23.62205000
71.90549541,-19.68504000
71.90650021,-27.55905000
71.90750501,-27.55905000
71.90850981,-15.74803000
71.90951461,-23.62205000
71.91051941,-27.55905000
71.91152421,-23.62205000
71.91252901,-23.62205000
71.91353381,-27.55905000
71.91453861,-23.62205000
71.91554341,-23.62205000
71.91654821,-27.55905000
71.91755301,-23.62205000
71.91855781,-27.55905000
71.91956261,-27.55905000
71.92056741,-23.62205000
71.92157221,-23.62205000
71.92257701,-31.49606000
71.92358181,-31.49606000
71.92458661,-39.37008000
71.92559141,-31.49606000
71.92659621,-31.49606000
71.92760101,-27.55905000
71.92860581,-31.49606000
71.92961061,-27.55905000
71.93061541,-27.55905000
71.93162021,-23.62205000
71.93262501,-27.55905000
71.93362981,-27.55905000
71.93463461,-27.55905000
71.93563941,-23.62205000
71.93664421,-23.62205000
71.93764901,-31.49606000
71.93865381,-27.55905000
71.93965861,-23.62205000
71.94066341,-23.62205000
71.94166821,-27.55905000
71.94267301,-23.62205000
71.94367781,-23.62205000
71.94468261,-27.55905000
71.94568741,-23.62205000
71.94669221,-23.62205000
71.94769701,-23.62205000
71.94870181,-23.62205000
71.94970661,-23.62205000
71.95071141,-23.62205000
71.95171621,-23.62205000
71.95272101,-23.62205000
71.95372581,-31.49606000
71.95473061,-27.55905000
71.95573541,-35.43307000
71.95674021,-31.49606000
71.95774501,-31.49606000
71.95874981,-27.55905000
71.95975461,-27.55905000
71.96075941,-31.49606000
71.96176421,-31.49606000
71.96276901,-35.43307000
71.96377381,-35.43307000
71.96477861,-35.43307000
71.96578341,-31.49606000
71.96678821,-31.49606000
71.96779301,-31.49606000
71.96879781,-27.55905000
71.96980261,-31.49606000
71.97080741,-27.55905000
71.97181221,-31.49606000
71.97281701,-11.81102000
71.97382181,-23.62205000
71.97482661,-27.55905000
71.97583141,-27.55905000
71.97683621,-27.55905000
71.97784101,-27.55905000
71.97884581,-31.49606000
71.97985061,-31.49606000
71.98085541,-27.55905000
71.98186021,-27.55905000
71.98286501,-27.55905000
71.98386981,-31.49606000
71.98487461,-27.55905000
71.98587941,-23.62205000
71.98688421,-31.49606000
71.98788901,-27.55905000
71.98889381,-23.62205000
71.98989861,-31.49606000
71.99090341,-23.62205000
71.99190821,-27.55905000
71.99291301,-31.49606000
71.99391781,-27.55905000
71.99492261,-23.62205000
71.99592741,-27.55905000
71.99693221,-31.49606000
71.99793701,-11.81102000
71.99894181,-35.43307000
71.99994661,-31.49606000
72.00095141,-31.49606000
72.00195621,-31.49606000
72.00296101,-31.49606000
72.00396581,-35.43307000
72.00497061,-31.49606000
72.00597541,-27.55905000
72.00698021,-27.55905000
72.00798501,-27.55905000
72.00898981,-27.55905000
72.00999461,-23.62205000
72.01099941,-23.62205000
72.01200421,-31.49606000
72.01300901,-23.62205000
72.01401381,-27.55905000
72.01501861,-23.62205000
72.01602341,-27.55905000
72.01702821,-27.55905000
72.01803301,-27.55905000
72.01903781,-35.43307000
72.02004261,-35.43307000
72.02104741,-31.49606000
72.02205221,-31.49606000
72.02305701,-27.55905000
72.02406181,-23.62205000
72.02506661,-31.49606000
72.02607141,-27.55905000
72.02707621,-27.55905000
72.02808101,-27.55905000
72.02908581,-23.62205000
72.03009061,-35.43307000
72.03109541,-35.43307000
72.03210021,-35.43307000
72.03310501,-31.49606000
72.03410981,-27.55905000
72.03511461,-35.43307000
72.03611941,-31.49606000
72.03712421,-31.49606000
72.03812901,-23.62205000
72.03913381,-27.55905000
72.04013861,-27.55905000
72.04114341,-27.55905000
72.04214821,-31.49606000
72.04315301,-31.49606000
72.04415781,-27.55905000
72.04516261,-31.49606000
72.04616741,-27.55905000
72.04717221,-27.55905000
72.04817701,-27.55905000
72.04918181,-27.55905000
72.05018661,-27.55905000
72.05119141,-27.55905000
72.05219621,-27.55905000
72.05320101,-27.55905000
72.05420581,-27.55905000
72.05521061,-23.62205000
72.05621541,-31.49606000
72.05722021,-27.55905000
72.05822501,-27.55905000
72.05922981,-23.62205000
72.06023461,-31.49606000
72.06123941,-27.55905000
72.06224421,-27.55905000
72.06324901,-27.55905000
72.06425381,-27.55905000
72.06525861,-27.55905000
72.06626341,-27.55905000
72.06726821,-39.37008000
72.06827301,-31.49606000
72.06927781,-39.37008000
72.07028261,-27.55905000
72.07128741,-31.49606000
72.07229221,-31.49606000
72.07329701,-31.49606000
72.07430181,-27.55905000
72.07530661,-27.55905000
72.07631141,-31.49606000
72.07731621,-31.49606000
72.07832101,-27.55905000
72.07932581,-31.49606000
72.08033061,-27.55905000
72.08133541,-23.62205000
72.08234021,-31.49606000
72.08334501,-27.55905000
72.08434981,-31.49606000
72.08535461,-35.43307000
72.08635941,-35.43307000
72.08736421,-31.49606000
72.08836901,-31.49606000
72.08937381,-31.49606000
72.09037861,-23.62205000
72.09138341,-27.55905000
72.09238821,-31.49606000
72.09339301,-31.49606000
72.09439781,-31.49606000
72.09540261,-27.55905000
72.09640741,-31.49606000
72.09741221,-27.55905000
72.09841701,-23.62205000
72.09942181,-31.49606000
72.10042661,-31.49606000
72.10143141,-31.49606000
72.10243621,-35.43307000
72.10344101,-31.49606000
72.10444581,-31.49606000
72.10545061,-31.49606000
72.10645541,-31.49606000
72.10746021,-35.43307000
72.10846501,-39.37008000
72.10946981,-27.55905000
72.11047461,-23.62205000
72.11147941,-27.55905000
72.11248421,-31.49606000
72.11348901,-27.55905000
72.11449381,-27.55905000
72.11549861,-27.55905000
72.11650341,-23.62205000
72.11750821,-31.49606000
72.11851301,-35.43307000
72.11951781,-31.49606000
72.12052261,-31.49606000
72.12152741,-31.49606000
72.12253221,-23.62205000
72.12353701,-23.62205000
72.12454181,-27.55905000
72.12554661,-27.55905000
72.12655141,-27.55905000
72.12755621,-31.49606000
72.12856101,-27.55905000
72.12956581,-31.49606000
72.13057061,-31.49606000
72.13157541,-31.49606000
72.13258021,-31.49606000
72.13358501,-35.43307000
72.13458981,-31.49606000
72.13559461,-23.62205000
72.13659941,-27.55905000
72.13760421,-31.49606000
72.13860901,-27.55905000
72.13961381,-27.55905000
72.14061861,-31.49606000
72.14162341,-23.62205000
72.14262821,-27.55905000
72.14363301,-31.49606000
72.14463781,-27.55905000
72.14564261,-19.68504000
72.14664741,-31.49606000
72.14765221,-27.55905000
72.14865701,-39.37008000
72.14966181,-31.49606000
72.15066661,-31.49606000
72.15167141,-31.49606000
72.15267621,-27.55905000
72.15368101,-31.49606000
72.15468581,-27.55905000
72.15569061,-27.55905000
72.15669541,-27.55905000
72.15770021,-27.55905000
72.15870501,-31.49606000
72.15970981,-27.55905000
72.16071461,-27.55905000
72.16171941,-27.55905000
72.16272421,-31.49606000
72.16372901,-27.55905000
72.16473381,-43.30709000
72.16573861,-35.43307000
72.16674341,-27.55905000
72.16774821,-27.55905000
72.16875301,-27.55905000
72.16975781,-27.55905000
72.17076261,-31.49606000
72.17176741,-31.49606000
72.17277221,-27.55905000
72.17377701,-23.62205000
72.17478181,-27.55905000
72.17578661,-31.49606000
72.17679141,-27.55905000
72.17779621,-27.55905000
72.17880101,-31.49606000
72.17980581,-27.55905000
72.18081061,-31.49606000
72.18181541,-35.43307000
72.18282021,-31.49606000
72.18382501,-31.49606000
72.18482981,-31.49606000
72.18583461,-35.43307000
72.18683941,-23.62205000
72.18784421,-35.43307000
72.18884901,-47.24409000
72.18985381,-31.49606000
72.19085861,-35.43307000
72.19186341,-35.43307000
72.19286821,-31.49606000
72.19387301,-31.49606000
72.19487781,-31.49606000
72.19588261,-23.62205000
72.19688740,-27.55905000
72.19789220,-39.37008000
72.19889700,-27.55905000
72.19990180,-31.49606000
72.20090660,-31.49606000
72.20191140,-31.49606000
72.20291620,-27.55905000
72.20392100,-27.55905000
72.20492580,-31.49606000
72.20593060,-31.49606000
72.20693540,-31.49606000
72.20794020,-23.62205000
72.20894500,-31.49606000
72.20994980,-31.49606000
72.21095460,-27.55905000
72.21195940,-27.55905000
72.21296420,-27.55905000
72.21396900,-31.49606000
72.21497380,-31.49606000
72.21597860,-27.55905000
72.21698340,-31.49606000
72.21798820,-27.55905000
72.21899300,-27.55905000
72.21999780,-27.55905000
72.22100260,-35.43307000
72.22200740,-31.49606000
72.22301220,-31.49606000
72.22401700,-31.49606000
72.22502180,-27.55905000
72.22602660,-31.49606000
72.22703140,-43.30709000
72.22803620,-35.43307000
72.22904100,-31.49606000
72.23004580,-35.43307000
72.23105060,-35.43307000
72.23205540,-31.49606000
72.23306020,-31.49606000
72.23406500,-31.49606000
72.23506980,-31.49606000
72.23607460,-31.49606000
72.23707940,-27.55905000
72.23808420,-27.55905000
72.23908900,-27.55905000
72.24009380,-31.49606000
72.24109860,-27.55905000
72.24210340,-27.55905000
72.24310820,-27.55905000
72.24411300,-27.55905000
72.24511780,-35.43307000
72.24612260,-35.43307000
72.24712740,-31.49606000
72.24813220,-31.49606000
72.24913700,-31.49606000
72.25014180,-35.43307000
72.25114660,-31.49606000
72.25215140,-31.49606000
72.25315620,-31.49606000
72.25416100,-31.49606000
72.25516580,-23.62205000
72.25617060,-31.49606000
72.25717540,-27.55905000
72.25818020,-27.55905000
72.25918500,-27.55905000
72.26018980,-31.49606000
72.26119460,-31.49606000
72.26219940,-35.43307000
72.26320420,-31.49606000
72.26420900,-43.30709000
72.26521380,-31.49606000
72.26621860,-35.43307000
72.26722340,-35.43307000
72.26822820,-35.43307000
72.26923300,-31.49606000
72.27023780,-31.49606000
72.27124260,-27.55905000
72.27224740,-27.55905000
72.27325220,-23.62205000
72.27425700,-31.49606000
72.27526180,-27.55905000
72.27626660,-27.55905000
72.27727140,-31.49606000
72.27827620,-27.55905000
72.27928100,-27.55905000
72.28028580,-31.49606000
72.28129060,-31.49606000
72.28229540,-27.55905000
72.28330020,-31.49606000
72.28430500,-31.49606000
72.28530980,-27.55905000
72.28631460,-27.55905000
72.28731940,-27.55905000
72.28832420,-31.49606000
72.28932900,-27.55905000
72.29033380,-23.62205000
72.29133860,-27.55905000
72.29234340,-27.55905000
72.29334820,-27.55905000
72.29435300,-31.49606000
72.29535780,-31.49606000
72.29636260,-27.55905000
72.29736740,-31.49606000
72.29837220,-27.55905000
72.29937700,-31.49606000
72.30038180,-27.55905000
72.30138660,-27.55905000
72.30239140,-31.49606000
72.30339620,-23.62205000
72.30440100,-31.49606000
72.30540580,-31.49606000
72.30641060,-31.49606000
72.30741540,-31.49606000
72.30842020,-31.49606000
72.30942500,-31.49606000
72.31042980,-23.62205000
72.31143460,-31.49606000
72.31243940,-27.55905000
72.31344420,-31.49606000
72.31444900,-23.62205000
72.31545380,-31.49606000
72.31645860,-27.55905000
72.31746340,-27.55905000
72.31846820,-27.55905000
72.31947300,-27.55905000
72.32047780,-27.55905000
72.32148260,-27.55905000
72.32248740,-31.49606000
72.32349220,-31.49606000
72.32449700,-27.55905000
72.32550180,-31.49606000
72.32650660,-31.49606000
72.32751140,-31.49606000
72.32851620,-27.55905000
72.32952100,-31.49606000
72.33052580,-31.49606000
72.33153060,-27.55905000
72.33253540,-27.55905000
72.33354020,-31.49606000
72.33454500,-31.49606000
72.33554980,-27.55905000
72.33655460,-31.49606000
72.33755940,-27.55905000
72.33856420,-23.62205000
72.33956900,-31.49606000
72.34057380,-27.55905000
72.34157860,-27.55905000
72.34258340,-27.55905000
72.34358820,-27.55905000
72.34459300,-39.37008000
72.34559780,-35.43307000
72.34660260,-35.43307000
72.34760740,-35.43307000
72.34861220,-27.55905000
72.34961700,-31.49606000
72.35062180,-31.49606000
72.35162660,-23.62205000
72.35263140,-31.49606000
72.35363620,-27.55905000
72.35464100,-27.55905000
72.35564580,-35.43307000
72.35665060,-27.55905000
72.35765540,-27.55905000
72.35866020,-31.49606000
72.35966500,-31.49606000
72.36066980,-35.43307000
72.36167460,-35.43307000
72.36267940,-27.55905000
72.36368420,-31.49606000
72.36468900,-27.55905000
72.36569380,-27.55905000
72.36669860,-23.62205000
72.36770340,-31.49606000
72.36870820,-31.49606000
72.36971300,-23.62205000
72.37071780,-31.49606000
72.37172260,-31.49606000
72.37272740,-23.62205000
72.37373220,-31.49606000
72.37473700,-31.49606000
72.37574180,-35.43307000
72.37674660,-31.49606000
72.37775140,-31.49606000
72.37875620,-11.81102000
72.37976100,-31.49606000
72.38076580,-27.55905000
72.38177060,-27.55905000
72.38277540,-27.55905000
72.38378020,-35.43307000
72.38478500,-35.43307000
72.38578980,-31.49606000
72.38679460,-31.49606000
72.38779940,-31.49606000
72.38880420,-27.55905000
72.38980900,-31.49606000
72.39081380,-27.55905000
72.39181860,-23.62205000
72.39282340,-31.49606000
72.39382820,-31.49606000
72.39483300,-31.49606000
72.39583780,-31.49606000
72.39684260,-31.49606000
72.39784740,-27.55905000
72.39885220,-27.55905000
72.39985700,-31.49606000
72.40086180,-31.49606000
72.40186660,-31.49606000
72.40287140,-27.55905000
72.40387620,-23.62205000
72.40488100,-31.49606000
72.40588580,-31.49606000
72.40689060,-31.49606000
72.40789540,-31.49606000
72.40890020,-35.43307000
72.40990500,-35.43307000
72.41090980,-31.49606000
72.41191460,-31.49606000
72.41291940,-31.49606000
72.41392420,-31.49606000
72.41492900,-27.55905000
72.41593380,-27.55905000
72.41693860,-35.43307000
72.41794340,-31.49606000
72.41894820,-23.62205000
72.41995300,-23.62205000
72.42095780,-27.55905000
72.42196260,-31.49606000
72.42296740,-39.37008000
72.42397220,-35.43307000
72.42497700,-39.37008000
72.42598180,-35.43307000
72.42698660,-31.49606000
72.42799140,-27.55905000
72.42899620,-31.49606000
72.43000100,-23.62205000
72.43100580,-19.68504000
72.43201060,-27.55905000
72.43301540,-27.55905000
72.43402020,-31.49606000
72.43502500,-23.62205000
72.43602980,-31.49606000
72.43703460,-27.55905000
72.43803940,-31.49606000
72.43904420,-31.49606000
72.44004900,-27.55905000
72.44105380,-27.55905000
72.44205860,-31.49606000
72.44306340,-31.49606000
72.44406820,-31.49606000
72.44507300,-27.55905000
72.44607780,-31.49606000
72.44708260,-31.49606000
72.44808740,-27.55905000
72.44909220,-35.43307000
72.45009700,-31.49606000
72.45110180,-31.49606000
72.45210660,-27.55905000
72.45311140,-23.62205000
72.45411620,-27.55905000
72.45512100,-27.55905000
72.45612580,-31.49606000
72.45713060,-35.43307000
72.45813540,-27.55905000
72.45914020,-31.49606000
72.46014500,-31.49606000
72.46114980,-27.55905000
72.46215460,-35.43307000
72.46315940,-31.49606000
72.46416420,-35.43307000
72.46516900,-35.43307000
72.46617380,-31.49606000
72.46717860,-27.55905000
72.46818340,-31.49606000
72.46918820,-27.55905000
72.47019300,-23.62205000
72.47119780,-23.62205000
72.47220260,-27.55905000
72.47320740,-35.43307000
72.47421220,-27.55905000
72.47521700,-31.49606000
72.47622180,-7.87401500
72.47722660,-27.55905000
72.47823140,-27.55905000
72.47923620,-27.55905000
72.48024100,-27.55905000
72.48124580,-27.55905000
72.48225060,-27.55905000
72.48325540,-27.55905000
72.48426020,-31.49606000
72.48526500,-31.49606000
72.48626980,-23.62205000
72.48727460,-31.49606000
72.48827940,-31.49606000
72.48928420,-27.55905000
72.49028900,-31.49606000
72.49129380,-31.49606000
72.49229860,-27.55905000
72.49330340,-23.62205000
72.49430820,-27.55905000
72.49531300,-27.55905000
72.49631780,-27.55905000
72.49732260,-27.55905000
72.49832740,-27.55905000
72.49933220,-23.62205000
72.50033700,-27.55905000
72.50134180,-31.49606000
72.50234660,-27.55905000
72.50335140,-31.49606000
72.50435620,-31.49606000
72.50536100,-31.49606000
72.50636580,-31.49606000
72.50737060,-31.49606000
72.50837540,-31.49606000
72.50938020,-27.55905000
72.51038500,-23.62205000
72.51138980,-31.49606000
72.51239460,-31.49606000
72.51339940,-27.55905000
72.51440420,-31.49606000
72.51540900,-27.55905000
72.51641380,-23.62205000
72.51741860,-27.55905000
72.51842340,-27.55905000
72.51942820,-27.55905000
72.52043300,-23.62205000
72.52143780,-23.62205000
72.52244260,-35.43307000
72.52344740,-31.49606000
72.52445220,-31.49606000
72.52545699,-27.55905000
72.52646179,-31.49606000
72.52746659,-27.55905000
72.52847139,-27.55905000
72.52947619,-27.55905000
72.53048099,-27.55905000
72.53148579,-31.49606000
72.53249059,-35.43307000
72.53349539,-27.55905000
72.53450019,-23.62205000
72.53550499,-27.55905000
72.53650979,-31.49606000
72.53751459,-27.55905000
72.53851939,-27.55905000
72.53952419,-31.49606000
72.54052899,-31.49606000
72.54153379,-27.55905000
72.54253859,-27.55905000
72.54354339,-31.49606000
72.54454819,-31.49606000
72.54555299,-35.43307000
72.54655779,-31.49606000
72.54756259,-27.55905000
72.54856739,-31.49606000
72.54957219,-23.62205000
72.55057699,-23.62205000
72.55158179,-23.62205000
72.55258659,-27.55905000
72.55359139,-23.62205000
72.55459619,-35.43307000
72.55560099,-27.55905000
72.55660579,-31.49606000
72.55761059,-27.55905000
72.55861539,-31.49606000
72.55962019,-27.55905000
72.56062499,-23.62205000
72.56162979,-31.49606000
72.56263459,-27.55905000
72.56363939,-27.55905000
72.56464419,-23.62205000
72.56564899,-23.62205000
72.56665379,-31.49606000
72.56765859,-27.55905000
72.56866339,-27.55905000
72.56966819,-27.55905000
72.57067299,-39.37008000
72.57167779,-31.49606000
72.57268259,-31.49606000
72.57368739,-19.68504000
72.57469219,-35.43307000
72.57569699,-23.62205000
72.57670179,-27.55905000
72.57770659,-35.43307000
72.57871139,-23.62205000
72.57971619,-31.49606000
72.58072099,-27.55905000
72.58172579,-31.49606000
72.58273059,-23.62205000
72.58373539,-35.43307000
72.58474019,-35.43307000
72.58574499,-31.49606000
72.58674979,-27.55905000
72.58775459,-35.43307000
72.58875939,-27.55905000
72.58976419,-31.49606000
72.59076899,-31.49606000
72.59177379,-23.62205000
72.59277859,-27.55905000
72.59378339,-27.55905000
72.59478819,-27.55905000
72.59579299,-27.55905000
72.59679779,-23.62205000
72.59780259,-31.49606000
72.59880739,-27.55905000
72.59981219,-27.55905000
72.60081699,-31.49606000
72.60182179,-31.49606000
72.60282659,-27.55905000
72.60383139,-35.43307000
72.60483619,-31.49606000
72.60584099,-27.55905000
72.60684579,-27.55905000
72.60785059,-27.55905000
72.60885539,-23.62205000
72.60986019,-27.55905000
72.61086499,-31.49606000
72.61186979,-23.62205000
72.61287459,-27.55905000
72.61387939,-31.49606000
72.61488419,-27.55905000
72.61588899,-31.49606000
72.61689379,-27.55905000
72.61789859,-23.62205000
72.61890339,-27.55905000
72.61990819,-31.49606000
72.62091299,-27.55905000
72.62191779,-39.37008000
72.62292259,-27.55905000
72.62392739,-31.49606000
72.62493219,-27.55905000
72.62593699,-27.55905000
72.62694179,-23.62205000
72.62794659,-31.49606000
72.62895139,-31.49606000
72.62995619,-23.62205000
72.63096099,-23.62205000
72.63196579,-23.62205000
72.63297059,-27.55905000
72.63397539,-27.55905000
72.63498019,-27.55905000
72.63598499,-27.55905000
72.63698979,-27.55905000
72.63799459,-31.49606000
72.63899939,-27.55905000
72.64000419,-23.62205000
72.64100899,-23.62205000
72.64201379,-27.55905000
72.64301859,-23.62205000
72.64402339,-19.68504000
72.64502819,-23.62205000
72.64603299,-23.62205000
72.64703779,-27.55905000
72.64804259,-27.55905000
72.64904739,-23.62205000
72.65005219,-27.55905000
72.65105699,-23.62205000
72.65206179,-27.55905000
72.65306659,-31.49606000
72.65407139,-31.49606000
72.65507619,-23.62205000
72.65608099,-23.62205000
72.65708579,-27.55905000
72.65809059,-27.55905000
72.65909539,-19.68504000
72.66010019,-27.55905000
72.66110499,-35.43307000
72.66210979,-27.55905000
72.66311459,-31.49606000
72.66411939,-31.49606000
72.66512419,-23.62205000
72.66612899,-27.55905000
72.66713379,-27.55905000
72.66813859,-35.43307000
72.66914339,-27.55905000
72.67014819,-23.62205000
72.67115299,-27.55905000
72.67215779,-23.62205000
72.67316259,-23.62205000
72.67416739,-23.62205000
72.67517219,-19.68504000
72.67617699,-27.55905000
72.67718179,-19.68504000
72.67818659,-23.62205000
72.67919139,-27.55905000
72.68019619,-27.55905000
72.68120099,-27.55905000
72.68220579,-23.62205000
72.68321059,-27.55905000
72.68421539,-23.62205000
72.68522019,-23.62205000
72.68622499,-27.55905000
72.68722979,-27.55905000
72.68823459,-23.62205000
72.68923939,-23.62205000
72.69024419,-23.62205000
72.69124899,-19.68504000
72.69225379,-27.55905000
72.69325859,-23.62205000
72.69426339,-23.62205000
72.69526819,-23.62205000
72.69627299,-23.62205000
72.69727779,-19.68504000
72.69828259,-19.68504000
72.69928739,-23.62205000
72.70029219,-35.43307000
72.70129699,-35.43307000
72.70230179,-31.49606000
72.70330659,-31.49606000
72.70431139,-27.55905000
72.70531619,-27.55905000
72.70632099,-27.55905000
72.70732579,-19.68504000
72.70833059,-23.62205000
72.70933539,-23.62205000
72.71034019,-19.68504000
72.71134499,-23.62205000
72.71234979,-23.62205000
72.71335459,-23.62205000
72.71435939,-27.55905000
72.71536419,-23.62205000
72.71636899,-19.68504000
72.71737379,-31.49606000
72.71837859,-31.49606000
72.71938339,-27.55905000
72.72038819,-23.62205000
72.72139299,-23.62205000
72.72239779,-23.62205000
72.72340259,-27.55905000
72.72440739,-23.62205000
72.72541219,-23.62205000
72.72641699,-27.55905000
72.72742179,-23.62205000
72.72842659,-23.62205000
72.72943139,-23.62205000
72.73043619,-27.55905000
72.73144099,-27.55905000
72.73244579,-23.62205000
72.73345059,-27.55905000
72.73445539,-31.49606000
72.73546019,-31.49606000
72.73646499,-19.68504000
72.73746979,-23.62205000
72.73847459,-23.62205000
72.73947939,-23.62205000
72.74048419,-27.55905000
72.74148899,-35.43307000
72.74249379,-31.49606000
72.74349859,-27.55905000
72.74450339,-27.55905000
72.74550819,-23.62205000
72.74651299,-19.68504000
72.74751779,-27.55905000
72.74852259,-23.62205000
72.74952739,-23.62205000
72.75053219,-27.55905000
72.75153699,-27.55905000
72.75254179,-19.68504000
72.75354659,-23.62205000
72.75455139,-23.62205000
72.75555619,-23.62205000
72.75656099,-23.62205000
72.75756579,-27.55905000
72.75857059,-23.62205000
72.75957539,-27.55905000
72.76058019,-23.62205000
72.76158499,-23.62205000
72.76258979,-23.62205000
72.76359459,-23.62205000
72.76459939,-23.62205000
72.76560419,-31.49606000
72.76660899,-31.49606000
72.76761379,-31.49606000
72.76861859,-23.62205000
72.76962339,-27.55905000
72.77062819,-23.62205000
72.77163299,-23.62205000
72.77263779,-23.62205000
72.77364259,-19.68504000
72.77464739,-27.55905000
72.77565219,-27.55905000
72.77665699,-23.62205000
72.77766179,-23.62205000
72.77866659,-27.55905000
72.77967139,-23.62205000
72.78067619,-27.55905000
72.78168099,-31.49606000
72.78268579,-35.43307000
72.78369059,-31.49606000
72.78469539,-31.49606000
72.78570019,-23.62205000
72.78670499,-23.62205000
72.78770979,-23.62205000
72.78871459,-23.62205000
72.78971939,-23.62205000
72.79072419,-23.62205000
72.79172899,-27.55905000
72.79273379,-23.62205000
72.79373859,-23.62205000
72.79474339,-31.49606000
72.79574819,-23.62205000
72.79675299,-19.68504000
72.79775779,-27.55905000
72.79876259,-27.55905000
72.79976739,-23.62205000
72.80077219,-31.49606000
72.80177699,-23.62205000
72.80278179,-23.62205000
72.80378659,-23.62205000
72.80479139,-23.62205000
72.80579619,-23.62205000
72.80680099,-27.55905000
72.80780579,-23.62205000
72.80881059,-23.62205000
72.80981539,-23.62205000
72.81082019,-27.55905000
72.81182499,-19.68504000
72.81282979,-23.62205000
72.81383459,-27.55905000
72.81483939,-27.55905000
72.81584419,-23.62205000
72.81684899,-23.62205000
72.81785379,-23.62205000
72.81885859,-27.55905000
72.81986339,-23.62205000
72.82086819,-31.49606000
72.82187299,-31.49606000
72.82287779,-27.55905000
72.82388259,-27.55905000
72.82488739,-23.62205000
72.82589219,-23.62205000
72.82689699,-23.62205000
72.82790179,-23.62205000
72.82890659,-23.62205000
72.82991139,-19.68504000
72.83091619,-27.55905000
72.83192099,-23.62205000
72.83292579,-27.55905000
72.83393059,-23.62205000
72.83493539,-19.68504000
72.83594019,-23.62205000
72.83694499,-23.62205000
72.83794979,-23.62205000
72.83895459,-23.62205000
72.83995939,-27.55905000
72.84096419,-27.55905000
72.84196899,-23.62205000
72.84297379,-23.62205000
72.84397859,-23.62205000
72.84498339,-27.55905000
72.84598819,-19.68504000
72.84699299,-23.62205000
72.84799779,-23.62205000
72.84900259,-27.55905000
72.85000739,-27.55905000
72.85101219,-19.68504000
72.85201699,-23.62205000
72.85302179,-27.55905000
72.85402658,-23.62205000
72.85503138,-23.62205000
72.85603618,-27.55905000
72.85704098,-23.62205000
72.85804578,-23.62205000
72.85905058,-19.68504000
72.86005538,-35.43307000
72.86106018,-27.55905000
72.86206498,-23.62205000
72.86306978,-27.55905000
72.86407458,-31.49606000
72.86507938,-23.62205000
72.86608418,-19.68504000
72.86708898,-23.62205000
72.86809378,-23.62205000
72.86909858,-19.68504000
72.87010338,-23.62205000
72.87110818,-23.62205000
72.87211298,-19.68504000
72.87311778,-19.68504000
72.87412258,-15.74803000
72.87512738,-15.74803000
72.87613218,-19.68504000
72.87713698,-23.62205000
72.87814178,-15.74803000
72.87914658,-27.55905000
72.88015138,-23.62205000
72.88115618,-23.62205000
72.88216098,-7.87401500
72.88316578,-27.55905000
72.88417058,-27.55905000
72.88517538,-23.62205000
72.88618018,-23.62205000
72.88718498,-19.68504000
72.88818978,-27.55905000
72.88919458,-27.55905000
72.89019938,-23.62205000
72.89120418,-23.62205000
72.89220898,-31.49606000
72.89321378,-23.62205000
72.89421858,-19.68504000
72.89522338,-23.62205000
72.89622818,-27.55905000
72.89723298,-23.62205000
72.89823778,-19.68504000
72.89924258,-27.55905000
72.90024738,-23.62205000
72.90125218,-27.55905000
72.90225698,-27.55905000
72.90326178,-27.55905000
72.90426658,-23.62205000
72.90527138,-23.62205000
72.90627618,-15.74803000
72.90728098,-15.74803000
72.90828578,-19.68504000
72.90929058,-19.68504000
72.91029538,-19.68504000
72.91130018,-19.68504000
72.91230498,-23.62205000
72.91330978,-19.68504000
72.91431458,-23.62205000
72.91531938,-19.68504000
72.91632418,-19.68504000
72.91732898,-23.62205000
72.91833378,-23.62205000
72.91933858,-19.68504000
72.92034338,-19.68504000
72.92134818,-27.55905000
72.92235298,-15.74803000
72.92335778,-27.55905000
72.92436258,-19.68504000
72.92536738,-19.68504000
72.92637218,-19.68504000
72.92737698,-27.55905000
72.92838178,-27.55905000
72.92938658,-23.62205000
72.93039138,-27.55905000
72.93139618,-23.62205000
72.93240098,-19.68504000
72.93340578,-19.68504000
72.93441058,-23.62205000
72.93541538,-27.55905000
72.93642018,-23.62205000
72.93742498,-23.62205000
72.93842978,-19.68504000
72.93943458,-19.68504000
72.94043938,-27.55905000
72.94144418,-27.55905000
72.94244898,-23.62205000
72.94345378,-27.55905000
72.94445858,-23.62205000
72.94546338,-23.62205000
72.94646818,-27.55905000
72.94747298,-19.68504000
72.94847778,-19.68504000
72.94948258,-23.62205000
72.95048738,-23.62205000
72.95149218,-19.68504000
72.95249698,-19.68504000
72.95350178,-15.74803000
72.95450658,-19.68504000
72.95551138,-23.62205000
72.95651618,-23.62205000
72.95752098,-19.68504000
72.95852578,-19.68504000
72.95953058,-19.68504000
72.96053538,-23.62205000
72.96154018,-23.62205000
72.96254498,-23.62205000
72.96354978,-23.62205000
72.96455458,-19.68504000
72.96555938,-19.68504000
72.96656418,-23.62205000
72.96756898,-23.62205000
72.96857378,-19.68504000
72.96957858,-19.68504000
72.97058338,-19.68504000
72.97158818,-19.68504000
72.97259298,-23.62205000
72.97359778,-19.68504000
72.97460258,-19.68504000
72.97560738,-19.68504000
72.97661218,-27.55905000
72.97761698,-19.68504000
72.97862178,-23.62205000
72.97962658,-15.74803000
72.98063138,-27.55905000
72.98163618,-23.62205000
72.98264098,-27.55905000
72.98364578,-19.68504000
72.98465058,-19.68504000
72.98565538,-23.62205000
72.98666018,-23.62205000
72.98766498,-23.62205000
72.98866978,-19.68504000
72.98967458,-11.81102000
72.99067938,-15.74803000
72.99168418,-15.74803000
72.99268898,-19.68504000
72.99369378,-23.62205000
72.99469858,-23.62205000
72.99570338,-23.62205000
72.99670818,-19.68504000
72.99771298,-19.68504000
72.99871778,-23.62205000
72.99972258,-19.68504000
73.00072738,-23.62205000
73.00173218,-19.68504000
73.00273698,-19.68504000
73.00374178,-19.68504000
73.00474658,-19.68504000
73.00575138,-23.62205000
73.00675618,-23.62205000
73.00776098,-19.68504000
73.00876578,-19.68504000
73.00977058,-27.55905000
73.01077538,-23.62205000
73.01178018,-23.62205000
73.01278498,-19.68504000
73.01378978,-19.68504000
73.01479458,-19.68504000
73.01579938,-27.55905000
73.01680418,-19.68504000
73.01780898,-19.68504000
73.01881378,-27.55905000
73.01981858,-31.49606000
73.02082338,-19.68504000
73.02182818,-23.62205000
73.02283298,-23.62205000
73.02383778,-19.68504000
73.02484258,-19.68504000
73.02584738,-23.62205000
73.02685218,-23.62205000
73.02785698,-19.68504000
73.02886178,-19.68504000
73.02986658,-19.68504000
73.03087138,-19.68504000
73.03187618,-19.68504000
73.03288098,-23.62205000
73.03388578,-15.74803000
73.03489058,-19.68504000
73.03589538,-19.68504000
73.03690018,-19.68504000
73.03790498,-19.68504000
73.03890978,-23.62205000
73.03991458,-19.68504000
73.04091938,-15.74803000
73.04192418,-19.68504000
73.04292898,-23.62205000
73.04393378,-23.62205000
73.04493858,-15.74803000
73.04594338,-19.68504000
73.04694818,-19.68504000
73.04795298,-19.68504000
73.04895778,-15.74803000
73.04996258,-19.68504000
73.05096738,-15.74803000
73.05197218,-19.68504000
73.05297698,-19.68504000
73.05398178,-15.74803000
73.05498658,-19.68504000
73.05599138,-15.74803000
73.05699618,-15.74803000
73.05800098,-19.68504000
73.05900578,-31.49606000
73.06001058,-23.62205000
73.06101538,-23.62205000
73.06202018,-19.68504000
73.06302498,-23.62205000
73.06402978,-23.62205000
73.06503458,-19.68504000
73.06603938,-19.68504000
73.06704418,-15.74803000
73.06804898,-19.68504000
73.06905378,-15.74803000
73.07005858,-15.74803000
73.07106338,-19.68504000
73.07206818,-19.68504000
73.07307298,-15.74803000
73.07407778,-31.49606000
73.07508258,-19.68504000
73.07608738,-19.68504000
73.07709218,-11.81102000
73.07809698,-23.62205000
73.07910178,-19.68504000
73.08010658,-19.68504000
73.08111138,-19.68504000
73.08211618,-19.68504000
73.08312098,-15.74803000
73.08412578,-19.68504000
73.08513058,-15.74803000
73.08613538,-15.74803000
73.08714018,-15.74803000
73.08814498,-19.68504000
73.08914978,-15.74803000
73.09015458,-15.74803000
73.09115938,-19.68504000
73.09216418,-19.68504000
73.09316898,-23.62205000
73.09417378,-11.81102000
73.09517858,-11.81102000
73.09618338,-19.68504000
73.09718818,-23.62205000
73.09819298,-27.55905000
73.09919778,-19.68504000
73.10020258,-19.68504000
73.10120738,-19.68504000
73.10221218,-15.74803000
73.10321698,-15.74803000
73.10422178,-19.68504000
73.10522658,-15.74803000
73.10623138,-15.74803000
73.10723618,-11.81102000
73.10824098,-19.68504000
73.10924578,-19.68504000
73.11025058,-11.81102000
73.11125538,-19.68504000
73.11226018,-15.74803000
73.11326498,-15.74803000
73.11426978,-19.68504000
73.11527458,-15.74803000
73.11627938,-19.68504000
73.11728418,-15.74803000
73.11828898,-15.74803000
73.11929378,-11.81102000
73.12029858,-19.68504000
73.12130338,-15.74803000
73.12230818,-11.81102000
73.12331298,-23.62205000
73.12431778,-19.68504000
73.12532258,-15.74803000
73.12632738,-15.74803000
73.12733218,-15.74803000
73.12833698,-11.81102000
73.12934178,-11.81102000
73.13034658,-15.74803000
73.13135138,-15.74803000
73.13235618,-15.74803000
73.13336098,-19.68504000
73.13436578,-19.68504000
73.13537058,-19.68504000
73.13637538,-23.62205000
73.13738018,-23.62205000
73.13838498,-19.68504000
73.13938978,-19.68504000
73.14039458,-23.62205000
73.14139938,-19.68504000
73.14240418,-15.74803000
73.14340898,-15.74803000
73.14441378,-15.74803000
73.14541858,-15.74803000
73.14642338,-15.74803000
73.14742818,-15.74803000
73.14843298,-11.81102000
73.14943778,-15.74803000
73.15044258,-15.74803000
73.15144738,-19.68504000
73.15245218,-19.68504000
73.15345698,-15.74803000
73.15446178,-11.81102000
73.15546658,-19.68504000
73.15647138,-19.68504000
73.15747618,-19.68504000
73.15848098,-19.68504000
73.15948578,-11.81102000
73.16049058,-19.68504000
73.16149538,-15.74803000
73.16250018,-15.74803000
73.16350498,-15.74803000
73.16450978,-15.74803000
73.16551458,-19.68504000
73.16651938,-11.81102000
73.16752418,-15.74803000
73.16852898,-11.81102000
73.16953378,-15.74803000
73.17053858,-11.81102000
73.17154338,-23.62205000
73.17254818,-15.74803000
73.17355298,-23.62205000
73.17455778,-19.68504000
73.17556258,-15.74803000
73.17656738,-19.68504000
73.17757218,-19.68504000
73.17857698,-15.74803000
73.17958178,-15.74803000
73.18058658,-15.74803000
73.18159138,-15.74803000
73.18259618,-11.81102000
73.18360097,-15.74803000
73.18460577,-15.74803000
73.18561057,-15.74803000
73.18661537,-15.74803000
73.18762017,-15.74803000
73.18862497,-15.74803000
73.18962977,-19.68504000
73.19063457,-19.68504000
73.19163937,-19.68504000
73.19264417,-11.81102000
73.19364897,-19.68504000
73.19465377,-15.74803000
73.19565857,-11.81102000
73.19666337,-19.68504000
73.19766817,-15.74803000
73.19867297,-15.74803000
73.19967777,-15.74803000
73.20068257,-11.81102000
73.20168737,-19.68504000
73.20269217,-15.74803000
73.20369697,-15.74803000
73.20470177,-19.68504000
73.20570657,-15.74803000
73.20671137,-19.68504000
73.20771617,-11.81102000
73.20872097,-11.81102000
73.20972577,-15.74803000
73.21073057,-15.74803000
73.21173537,-11.81102000
73.21274017,-11.81102000
73.21374497,-7.87401500
73.21474977,-15.74803000
73.21575457,-7.87401500
73.21675937,-19.68504000
73.21776417,-19.68504000
73.21876897,-19.68504000
73.21977377,-11.81102000
73.22077857,-15.74803000
73.22178337,-11.81102000
73.22278817,-15.74803000
73.22379297,-11.81102000
73.22479777,-11.81102000
73.22580257,-15.74803000
73.22680737,-11.81102000
73.22781217,-15.74803000
73.22881697,-11.81102000
73.22982177,-11.81102000
73.23082657,-11.81102000
73.23183137,-15.74803000
73.23283617,-11.81102000
73.23384097,-7.87401500
73.23484577,-15.74803000
73.23585057,-11.81102000
73.23685537,-15.74803000
73.23786017,-23.62205000
73.23886497,-19.68504000
73.23986977,-11.81102000
73.24087457,-7.87401500
73.24187937,-15.74803000
73.24288417,-15.74803000
73.24388897,-11.81102000
73.24489377,-11.81102000
73.24589857,-7.87401500
73.24690337,-15.74803000
73.24790817,-15.74803000
73.24891297,-15.74803000
73.24991777,-19.68504000
73.25092257,-15.74803000
73.25192737,-19.68504000
73.25293217,-15.74803000
73.25393697,-15.74803000
73.25494177,-19.68504000
73.25594657,-11.81102000
73.25695137,-15.74803000
73.25795617,-19.68504000
73.25896097,-19.68504000
73.25996577,-15.74803000
73.26097057,-19.68504000
73.26197537,-15.74803000
73.26298017,-11.81102000
73.26398497,-15.74803000
73.26498977,-11.81102000
73.26599457,-11.81102000
73.26699937,-11.81102000
73.26800417,-7.87401500
73.26900897,-11.81102000
73.27001377,-11.81102000
73.27101857,-15.74803000
73.27202337,-7.87401500
73.27302817,-15.74803000
73.27403297,-7.87401500
73.27503777,-15.74803000
73.27604257,-11.81102000
73.27704737,-11.81102000
73.27805217,-15.74803000
73.27905697,-11.81102000
73.28006177,-11.81102000
73.28106657,-15.74803000
73.28207137,-15.74803000
73.28307617,-15.74803000
73.28408097,-15.74803000
73.28508577,-15.74803000
73.28609057,-19.68504000
73.28709537,-19.68504000
73.28810017,-11.81102000
73.28910497,-15.74803000
73.29010977,-11.81102000
73.29111457,-15.74803000
73.29211937,-11.81102000
73.29312417,-15.74803000
73.29412897,-19.68504000
73.29513377,-15.74803000
73.29613857,-31.49606000
73.29714337,-23.62205000
73.29814817,-19.68504000
73.29915297,-23.62205000
73.30015777,-19.68504000
73.30116257,-15.74803000
73.30216737,-19.68504000
73.30317217,-15.74803000
73.30417697,-15.74803000
73.30518177,-7.87401500
73.30618657,-15.74803000
73.30719137,-11.81102000
73.30819617,-7.87401500
73.30920097,-7.87401500
73.31020577,-15.74803000
73.31121057,-11.81102000
73.31221537,-7.87401500
73.31322017,-15.74803000
73.31422497,-15.74803000
73.31522977,-15.74803000
73.31623457,-15.74803000
73.31723937,-19.68504000
73.31824417,-19.68504000
73.31924897,-15.74803000
73.32025377,-15.74803000
73.32125857,-15.74803000
73.32226337,-19.68504000
73.32326817,-15.74803000
73.32427297,-15.74803000
73.32527777,-15.74803000
73.32628257,-19.68504000
73.32728737,-19.68504000
73.32829217,-11.81102000
73.32929697,-7.87401500
73.33030177,-15.74803000
73.33130657,-15.74803000
73.33231137,-7.87401500
73.33331617,-15.74803000
73.33432097,-19.68504000
73.33532577,-19.68504000
73.33633057,-19.68504000
73.33733537,-15.74803000
73.33834017,-11.81102000
73.33934497,-15.74803000
73.34034977,-11.81102000
73.34135457,-11.81102000
73.34235937,-11.81102000
73.34336417,-15.74803000
73.34436897,-11.81102000
73.34537377,-15.74803000
73.34637857,-11.81102000
73.34738337,-7.87401500
73.34838817,-7.87401500
73.34939297,-7.87401500
73.35039777,-15.74803000
73.35140257,-19.68504000
73.35240737,-15.74803000
73.35341217,-15.74803000
73.35441697,-15.74803000
73.35542177,-11.81102000
73.35642657,-11.81102000
73.35743137,-15.74803000
73.35843617,-15.74803000
73.35944097,-11.81102000
73.36044577,-15.74803000
73.36145057,-15.74803000
73.36245537,-15.74803000
73.36346017,-11.81102000
73.36446497,-15.74803000
73.36546977,-15.74803000
73.36647457,-19.68504000
73.36747937,-15.74803000
73.36848417,-19.68504000
73.36948897,-11.81102000
73.37049377,-11.81102000
73.37149857,-15.74803000
73.37250337,-11.81102000
73.37350817,-19.68504000
73.37451297,-11.81102000
73.37551777,-11.81102000
73.37652257,-19.68504000
73.37752737,-15.74803000
73.37853217,-15.74803000
73.37953697,-15.74803000
73.38054177,-11.81102000
73.38154657,-15.74803000
73.38255137,-15.74803000
73.38355617,-11.81102000
73.38456097,-15.74803000
73.38556577,3.93700800
73.38657057,-11.81102000
73.38757537,-15.74803000
73.38858017,-7.87401500
73.38958497,-15.74803000
73.39058977,-7.87401500
73.39159457,-15.74803000
73.39259937,-15.74803000
73.39360417,-15.74803000
73.39460897,-11.81102000
73.39561377,-15.74803000
73.39661857,-11.81102000
73.39762337,-15.74803000
73.39862817,-15.74803000
73.39963297,-15.74803000
73.40063777,-15.74803000
73.40164257,-19.68504000
73.40264737,-11.81102000
73.40365217,-15.74803000
73.40465697,-15.74803000
73.40566177,-11.81102000
73.40666657,-11.81102000
73.40767137,-15.74803000
73.40867617,-15.74803000
73.40968097,-11.81102000
73.41068577,-15.74803000
73.41169057,-15.74803000
73.41269537,-11.81102000
73.41370017,-15.74803000
73.41470497,-15.74803000
73.41570977,-23.62205000
73.41671457,-23.62205000
73.41771937,-15.74803000
73.41872417,-15.74803000
73.41972897,-15.74803000
73.42073377,-15.74803000
73.42173857,-15.74803000
73.42274337,-7.87401500
73.42374817,-11.81102000
73.42475297,-7.87401500
73.42575777,-15.74803000
73.42676257,-11.81102000
73.42776737,-11.81102000
73.42877217,-11.81102000
73.42977697,-11.81102000
73.43078177,-11.81102000
73.43178657,-15.74803000
73.43279137,-19.68504000
73.43379617,-19.68504000
73.43480097,-11.81102000
73.43580577,-15.74803000
73.43681057,-15.74803000
73.43781537,-15.74803000
73.43882017,-7.87401500
73.43982497,-11.81102000
73.44082977,-15.74803000
73.44183457,-19.68504000
73.44283937,-11.81102000
73.44384417,-19.68504000
73.44484897,-11.81102000
73.44585377,-11.81102000
73.44685857,-15.74803000
73.44786337,-15.74803000
73.44886817,-15.74803000
73.44987297,-15.74803000
73.45087777,-19.68504000
73.45188257,-11.81102000
73.45288737,-15.74803000
73.45389217,-15.74803000
73.45489697,-15.74803000
73.45590177,-11.81102000
73.45690657,-15.74803000
73.45791137,-19.68504000
73.45891617,-19.68504000
73.45992097,-15.74803000
73.46092577,-15.74803000
73.46193057,-19.68504000
73.46293537,-15.74803000
73.46394017,-11.81102000
73.46494497,-19.68504000
73.46594977,-15.74803000
73.46695457,-11.81102000
73.46795937,-15.74803000
73.46896417,-11.81102000
73.46996897,-15.74803000
73.47097377,-15.74803000
73.47197857,-11.81102000
73.47298337,-11.81102000
73.47398817,-15.74803000
73.47499297,-15.74803000
73.47599777,-15.74803000
73.47700257,-11.81102000
73.47800737,-11.81102000
73.47901217,-11.81102000
73.48001697,-27.55905000
73.48102177,-19.68504000
73.48202657,-19.68504000
73.48303137,0.00000000
73.48403617,-19.68504000
73.48504097,-11.81102000
73.48604577,-11.81102000
73.48705057,-11.81102000
73.48805537,-11.81102000
73.48906017,-11.81102000
73.49006497,-15.74803000
73.49106977,-15.74803000
73.49207457,-15.74803000
73.49307937,-11.81102000
73.49408417,-15.74803000
73.49508897,-15.74803000
73.49609377,-15.74803000
73.49709857,-11.81102000
73.49810337,-19.68504000
73.49910817,-23.62205000
73.50011297,-19.68504000
73.50111777,-15.74803000
73.50212257,-15.74803000
73.50312737,-11.81102000
73.50413217,-15.74803000
73.50513697,-11.81102000
73.50614177,-15.74803000
73.50714657,-7.87401500
73.50815137,-15.74803000
73.50915617,-11.81102000
73.51016097,-11.81102000
73.51116577,-11.81102000
73.51217056,-15.74803000
73.51317536,-15.74803000
73.51418016,-15.74803000
73.51518496,-19.68504000
73.51618976,-11.81102000
73.51719456,-11.81102000
73.51819936,-15.74803000
73.51920416,-15.74803000
73.52020896,-11.81102000
73.52121376,-15.74803000
73.52221856,-11.81102000
73.52322336,-15.74803000
73.52422816,-15.74803000
73.52523296,-11.81102000
73.52623776,-11.81102000
73.52724256,-15.74803000
73.52824736,-19.68504000
73.52925216,-15.74803000
73.53025696,-15.74803000
73.53126176,-19.68504000
73.53226656,-11.81102000
73.53327136,-11.81102000
73.53427616,-15.74803000
73.53528096,-11.81102000
73.53628576,-11.81102000
73.53729056,-23.62205000
73.53829536,-15.74803000
73.53930016,-23.62205000
73.54030496,-15.74803000
73.54130976,-19.68504000
73.54231456,-11.81102000
73.54331936,-7.87401500
73.54432416,-15.74803000
73.54532896,-15.74803000
73.54633376,-7.87401500
73.54733856,-19.68504000
73.54834336,-11.81102000
73.54934816,-11.81102000
73.55035296,-15.74803000
73.55135776,-11.81102000
73.55236256,-11.81102000
73.55336736,-11.81102000
73.55437216,-15.74803000
73.55537696,-11.81102000
73.55638176,-15.74803000
73.55738656,-7.87401500
73.55839136,-11.81102000
73.55939616,-15.74803000
73.56040096,-11.81102000
73.56140576,-19.68504000
73.56241056,-15.74803000
73.56341536,-15.74803000
73.56442016,-15.74803000
73.56542496,-7.87401500
73.56642976,-15.74803000
73.56743456,-15.74803000
73.56843936,-15.74803000
73.56944416,-11.81102000
73.57044896,-11.81102000
73.57145376,-7.87401500
73.57245856,-15.74803000
73.57346336,-11.81102000
73.57446816,-11.81102000
73.57547296,-11.81102000
73.57647776,-7.87401500
73.57748256,-27.55905000
73.57848736,-15.74803000
73.57949216,-23.62205000
73.58049696,-11.81102000
73.58150176,-15.74803000
73.58250656,-11.81102000
73.58351136,-11.81102000
73.58451616,-11.81102000
73.58552096,-11.81102000
73.58652576,-11.81102000
73.58753056,-15.74803000
73.58853536,-11.81102000
73.58954016,-11.81102000
73.59054496,-15.74803000
73.59154976,-15.74803000
73.59255456,-15.74803000
73.59355936,-11.81102000
73.59456416,-15.74803000
73.59556896,-19.68504000
73.59657376,-15.74803000
73.59757856,-15.74803000
73.59858336,-19.68504000
73.59958816,-11.81102000
73.60059296,-11.81102000
73.60159776,-15.74803000
73.60260256,-11.81102000
73.60360736,-15.74803000
73.60461216,-15.74803000
73.60561696,-11.81102000
73.60662176,-19.68504000
73.60762656,-15.74803000
73.60863136,-15.74803000
73.60963616,-15.74803000
73.61064096,-19.68504000
73.61164576,-19.68504000
73.61265056,-11.81102000
73.61365536,-15.74803000
73.61466016,-15.74803000
73.61566496,-11.81102000
73.61666976,-11.81102000
73.61767456,-23.62205000
73.61867936,-19.68504000
73.61968416,-19.68504000
73.62068896,-15.74803000
73.62169376,-15.74803000
73.62269856,-15.74803000
73.62370336,-15.74803000
73.62470816,-7.87401500
73.62571296,-11.81102000
73.62671776,-19.68504000
73.62772256,-11.81102000
73.62872736,-19.68504000
73.62973216,-11.81102000
73.63073696,-15.74803000
73.63174176,-15.74803000
73.63274656,-11.81102000
73.63375136,-15.74803000
73.63475616,-15.74803000
73.63576096,-15.74803000
73.63676576,-11.81102000
73.63777056,-11.81102000
73.63877536,-11.81102000
73.63978016,-11.81102000
73.64078496,-11.81102000
73.64178976,-11.81102000
73.64279456,-15.74803000
73.64379936,-15.74803000
73.64480416,-11.81102000
73.64580896,-15.74803000
73.64681376,-15.74803000
73.64781856,-15.74803000
73.64882336,-11.81102000
73.64982816,-15.74803000
73.65083296,-11.81102000
73.65183776,-15.74803000
73.65284256,-15.74803000
73.65384736,-11.81102000
73.65485216,-15.74803000
73.65585696,-15.74803000
73.65686176,-11.81102000
73.65786656,-11.81102000
73.65887136,-27.55905000
73.65987616,-23.62205000
73.66088096,-23.62205000
73.66188576,-15.74803000
73.66289056,-15.74803000
73.66389536,-11.81102000
73.66490016,-7.87401500
73.66590496,-15.74803000
73.66690976,-7.87401500
73.66791456,-15.74803000
73.66891936,-15.74803000
73.66992416,-7.87401500
73.67092896,-15.74803000
73.67193376,-15.74803000
73.67293856,-15.74803000
73.67394336,-11.81102000
73.67494816,-19.68504000
73.67595296,-15.74803000
73.67695776,-19.68504000
73.67796256,-7.87401500
73.67896736,-15.74803000
73.67997216,-7.87401500
73.68097696,-15.74803000
73.68198176,-11.81102000
73.68298656,-15.74803000
73.68399136,-11.81102000
73.68499616,-11.81102000
73.68600096,-15.74803000
73.68700576,-11.81102000
73.68801056,-11.81102000
73.68901536,-11.81102000
73.69002016,-15.74803000
73.69102496,-11.81102000
73.69202976,-19.68504000
73.69303456,-19.68504000
73.69403936,-15.74803000
73.69504416,-11.81102000
73.69604896,-11.81102000
73.69705376,-11.81102000
73.69805856,-11.81102000
73.69906336,-3.93700800
73.70006816,-19.68504000
73.70107296,-19.68504000
73.70207776,-19.68504000
73.70308256,-11.81102000
73.70408736,-15.74803000
73.70509216,-15.74803000
73.70609696,-15.74803000
73.70710176,-7.87401500
73.70810656,-15.74803000
73.70911136,-11.81102000
73.71011616,-15.74803000
73.71112096,-11.81102000
73.71212576,-11.81102000
73.71313056,-15.74803000
73.71413536,-7.87401500
73.71514016,-11.81102000
73.71614496,-7.87401500
73.71714976,-11.81102000
73.71815456,-15.74803000
73.71915936,-15.74803000
73.72016416,-15.74803000
73.72116896,-11.81102000
73.72217376,-11.81102000
73.72317856,-11.81102000
73.72418336,-19.68504000
73.72518816,-15.74803000
73.72619296,-19.68504000
73.72719776,-7.87401500
73.72820256,-11.81102000
73.72920736,-11.81102000
73.73021216,-11.81102000
73.73121696,-15.74803000
73.73222176,-15.74803000
73.73322656,-11.81102000
73.73423136,-15.74803000
73.73523616,-11.81102000
73.73624096,-3.93700800
73.73724576,-15.74803000
73.73825056,-15.74803000
73.73925536,0.00000000
73.74026016,-19.68504000
73.74126496,-19.68504000
73.74226976,-15.74803000
73.74327456,-15.74803000
73.74427936,-15.74803000
73.74528416,-11.81102000
73.74628896,-7.87401500
73.74729376,-15.74803000
73.74829856,-7.87401500
73.74930336,-15.74803000
73.75030816,-11.81102000
73.75131296,-15.74803000
73.75231776,-11.81102000
73.75332256,-7.87401500
73.75432736,-11.81102000
73.75533216,-7.87401500
73.75633696,-11.81102000
73.75734176,-15.74803000
73.75834656,-15.74803000
73.75935136,-11.81102000
73.76035616,-11.81102000
73.76136096,-11.81102000
73.76236576,-11.81102000
73.76337056,-15.74803000
73.76437536,-11.81102000
73.76538016,-11.81102000
73.76638496,-7.87401500
73.76738976,-7.87401500
73.76839456,-7.87401500
73.76939936,-11.81102000
73.77040416,-15.74803000
73.77140896,-7.87401500
73.77241376,-19.68504000
73.77341856,-19.68504000
73.77442336,-11.81102000
73.77542816,-15.74803000
73.77643296,-7.87401500
73.77743776,-19.68504000
73.77844256,-11.81102000
73.77944736,-11.81102000
73.78045216,-19.68504000
73.78145696,-11.81102000
73.78246176,-19.68504000
73.78346656,-11.81102000
73.78447136,-11.81102000
73.78547616,-15.74803000
73.78648096,-7.87401500
73.78748576,-11.81102000
73.78849056,-19.68504000
73.78949536,-11.81102000
73.79050016,-15.74803000
73.79150496,0.00000000
73.79250976,-7.87401500
73.79351456,-7.87401500
73.79451936,-7.87401500
73.79552416,-15.74803000
73.79652896,-3.93700800
73.79753376,-11.81102000
73.79853856,-11.81102000
73.79954336,-11.81102000
73.80054816,-11.81102000
73.80155296,-15.74803000
73.80255776,-15.74803000
73.80356256,-15.74803000
73.80456736,-15.74803000
73.80557216,-15.74803000
73.80657696,-19.68504000
73.80758176,-15.74803000
73.80858656,-7.87401500
73.80959136,-7.87401500
73.81059616,-15.74803000
73.81160096,-11.81102000
73.81260576,-7.87401500
73.81361056,-15.74803000
73.81461536,-15.74803000
73.81562016,-11.81102000
73.81662496,-15.74803000
73.81762976,-15.74803000
73.81863456,-15.74803000
73.81963936,-15.74803000
73.82064416,-19.68504000
73.82164896,-23.62205000
73.82265376,-23.62205000
73.82365856,-19.68504000
73.82466336,-7.87401500
73.82566816,-11.81102000
73.82667296,-15.74803000
73.82767776,-11.81102000
73.82868256,-15.74803000
73.82968736,-7.87401500
73.83069216,-11.81102000
73.83169696,-11.81102000
73.83270176,-11.81102000
73.83370656,-11.81102000
73.83471136,-11.81102000
73.83571616,-11.81102000
73.83672096,-15.74803000
73.83772576,-11.81102000
73.83873056,-15.74803000
73.83973536,-11.81102000
73.84074015,-11.81102000
73.84174495,-11.81102000
73.84274975,-11.81102000
73.84375455,-11.81102000
73.84475935,-11.81102000
73.84576415,-11.81102000
73.84676895,-11.81102000
73.84777375,-7.87401500
73.84877855,-15.74803000
73.84978335,-15.74803000
73.85078815,-15.74803000
73.85179295,-11.81102000
73.85279775,-15.74803000
73.85380255,-15.74803000
73.85480735,-15.74803000
73.85581215,-11.81102000
73.85681695,-15.74803000
73.85782175,-7.87401500
73.85882655,-3.93700800
73.85983135,-19.68504000
73.86083615,-19.68504000
73.86184095,-15.74803000
73.86284575,-15.74803000
73.86385055,-15.74803000
73.86485535,-15.74803000
73.86586015,-15.74803000
73.86686495,-11.81102000
73.86786975,-7.87401500
73.86887455,-11.81102000
73.86987935,-11.81102000
73.87088415,-15.74803000
73.87188895,-15.74803000
73.87289375,-11.81102000
73.87389855,-7.87401500
73.87490335,-11.81102000
73.87590815,-11.81102000
73.87691295,-7.87401500
73.87791775,-11.81102000
73.87892255,-15.74803000
73.87992735,-11.81102000
73.88093215,-3.93700800
73.88193695,-11.81102000
73.88294175,-15.74803000
73.88394655,-11.81102000
73.88495135,-15.74803000
73.88595615,-19.68504000
73.88696095,-7.87401500
73.88796575,-11.81102000
73.88897055,3.93700800
73.88997535,-11.81102000
73.89098015,-11.81102000
73.89198495,-11.81102000
73.89298975,-7.87401500
73.89399455,-15.74803000
73.89499935,-15.74803000
73.89600415,-11.81102000
73.89700895,-11.81102000
73.89801375,-11.81102000
73.89901855,-7.87401500
73.90002335,-23.62205000
73.90102815,-19.68504000
73.90203295,-15.74803000
73.90303775,-19.68504000
73.90404255,-15.74803000
73.90504735,-15.74803000
73.90605215,-11.81102000
73.90705695,-15.74803000
73.90806175,-11.81102000
73.90906655,-3.93700800
73.91007135,-11.81102000
73.91107615,-11.81102000
73.91208095,-7.87401500
73.91308575,-11.81102000
73.91409055,-11.81102000
73.91509535,-15.74803000
73.91610015,-11.81102000
73.91710495,-15.74803000
73.91810975,-15.74803000
73.91911455,-15.74803000
73.92011935,-11.81102000
73.92112415,-11.81102000
73.92212895,-7.87401500
73.92313375,-11.81102000
73.92413855,-19.68504000
73.92514335,-15.74803000
73.92614815,-11.81102000
73.92715295,-7.87401500
73.92815775,-15.74803000
73.92916255,-11.81102000
73.93016735,-15.74803000
73.93117215,-19.68504000
73.93217695,-11.81102000
73.93318175,-7.87401500
73.93418655,-11.81102000
73.93519135,-15.74803000
73.93619615,-15.74803000
73.93720095,-15.74803000
73.93820575,-7.87401500
73.93921055,-19.68504000
73.94021535,-15.74803000
73.94122015,-19.68504000
73.94222495,-19.68504000
73.94322975,-19.68504000
73.94423455,-15.74803000
73.94523935,-15.74803000
73.94624415,-7.87401500
73.94724895,-11.81102000
73.94825375,-11.81102000
73.94925855,-11.81102000
73.95026335,-7.87401500
73.95126815,-11.81102000
73.95227295,-19.68504000
73.95327775,-11.81102000
73.95428255,-7.87401500
73.95528735,-11.81102000
73.95629215,-15.74803000
73.95729695,-11.81102000
73.95830175,-15.74803000
73.95930655,-15.74803000
73.96031135,-15.74803000
73.96131615,-15.74803000
73.96232095,-15.74803000
73.96332575,-7.87401500
73.96433055,-15.74803000
73.96533535,-15.74803000
73.96634015,-11.81102000
73.96734495,-11.81102000
73.96834975,-19.68504000
73.96935455,-11.81102000
73.97035935,-11.81102000
73.97136415,-7.87401500
73.97236895,-7.87401500
73.97337375,-15.74803000
73.97437855,-7.87401500
73.97538335,-7.87401500
73.97638815,-15.74803000
73.97739295,-3.93700800
73.97839775,-7.87401500
73.97940255,-19.68504000
73.98040735,-19.68504000
73.98141215,-11.81102000
73.98241695,-15.74803000
73.98342175,-31.49606000
73.98442655,-15.74803000
73.98543135,-15.74803000
73.98643615,-7.87401500
73.98744095,-11.81102000
73.98844575,-7.87401500
73.98945055,-7.87401500
73.99045535,-7.87401500
73.99146015,-7.87401500
73.99246495,-7.87401500
73.99346975,-15.74803000
73.99447455,-11.81102000
73.99547935,-11.81102000
73.99648415,-11.81102000
73.99748895,-11.81102000
73.99849375,-11.81102000
73.99949855,-11.81102000
74.00050335,-15.74803000
74.00150815,-19.68504000
74.00251295,-15.74803000
74.00351775,-7.87401500
74.00452255,-7.87401500
74.00552735,-7.87401500
74.00653215,-7.87401500
74.00753695,-11.81102000
74.00854175,-11.81102000
74.00954655,-7.87401500
74.01055135,-3.93700800
74.01155615,-11.81102000
74.01256095,-11.81102000
74.01356575,-11.81102000
74.01457055,-7.87401500
74.01557535,-7.87401500
74.01658015,-15.74803000
74.01758495,-11.81102000
74.01858975,-15.74803000
74.01959455,-19.68504000
74.02059935,-15.74803000
74.02160415,-11.81102000
74.02260895,-11.81102000
74.02361375,-15.74803000
74.02461855,-11.81102000
74.02562335,-11.81102000
74.02662815,-11.81102000
74.02763295,-7.87401500
74.02863775,-11.81102000
74.02964255,-7.87401500
74.03064735,-7.87401500
74.03165215,-11.81102000
74.03265695,-15.74803000
74.03366175,-15.74803000
74.03466655,-15.74803000
74.03567135,-11.81102000
74.03667615,-11.81102000
74.03768095,-7.87401500
74.03868575,-3.93700800
74.03969055,-11.81102000
74.04069535,-15.74803000
74.04170015,-3.93700800
74.04270495,-7.87401500
74.04370975,-15.74803000
74.04471455,-11.81102000
74.04571935,-11.81102000
74.04672415,-7.87401500
74.04772895,-11.81102000
74.04873375,-15.74803000
74.04973855,-15.74803000
74.05074335,-7.87401500
74.05174815,-7.87401500
74.05275295,-7.87401500
74.05375775,-7.87401500
74.05476255,-11.81102000
74.05576735,-7.87401500
74.05677215,-7.87401500
74.05777695,-7.87401500
74.05878175,-7.87401500
74.05978655,-15.74803000
74.06079135,-19.68504000
74.06179615,-15.74803000
74.06280095,-11.81102000
74.06380575,-11.81102000
74.06481055,-11.81102000
74.06581535,-11.81102000
74.06682015,-11.81102000
74.06782495,-11.81102000
74.06882975,-11.81102000
74.06983455,-3.93700800
74.07083935,-11.81102000
74.07184415,-7.87401500
74.07284895,-7.87401500
74.07385375,-11.81102000
74.07485855,-7.87401500
74.07586335,-7.87401500
74.07686815,-11.81102000
74.07787295,-11.81102000
74.07887775,-11.81102000
74.07988255,-11.81102000
74.08088735,-19.68504000
74.08189215,-11.81102000
74.08289695,-15.74803000
74.08390175,-3.93700800
74.08490655,-11.81102000
74.08591135,-7.87401500
74.08691615,-11.81102000
74.08792095,-7.87401500
74.08892575,-11.81102000
74.08993055,-11.81102000
74.09093535,-11.81102000
74.09194015,-11.81102000
74.09294495,-15.74803000
74.09394975,-11.81102000
74.09495455,-11.81102000
74.09595935,-7.87401500
74.09696415,-11.81102000
74.09796895,-11.81102000
74.09897375,-11.81102000
74.09997855,-19.68504000
74.10098335,-15.74803000
74.10198815,-7.87401500
74.10299295,-15.74803000
74.10399775,-11.81102000
74.10500255,-11.81102000
74.10600735,-7.87401500
74.10701215,-7.87401500
74.10801695,-3.93700800
74.10902175,-7.87401500
74.11002655,-11.81102000
74.11103135,-11.81102000
74.11203615,-11.81102000
74.11304095,-11.81102000
74.11404575,-15.74803000
74.11505055,-7.87401500
74.11605535,-15.74803000
74.11706015,-11.81102000
74.11806495,-11.81102000
74.11906975,-11.81102000
74.12007455,-11.81102000
74.12107935,-15.74803000
74.12208415,-15.74803000
74.12308895,-11.81102000
74.12409375,-15.74803000
74.12509855,-15.74803000
74.12610335,-7.87401500
74.12710815,-11.81102000
74.12811295,-7.87401500
74.12911775,-11.81102000
74.13012255,-15.74803000
74.13112735,-15.74803000
74.13213215,-19.68504000
74.13313695,-7.87401500
74.13414175,-11.81102000
74.13514655,-11.81102000
74.13615135,-11.81102000
74.13715615,-7.87401500
74.13816095,-11.81102000
74.13916575,-7.87401500
74.14017055,-11.81102000
74.14117535,-19.68504000
74.14218015,-15.74803000
74.14318495,-15.74803000
74.14418975,-19.68504000
74.14519455,-15.74803000
74.14619935,-15.74803000
74.14720415,-11.81102000
74.14820895,-15.74803000
74.14921375,-3.93700800
74.15021855,-3.93700800
74.15122335,-7.87401500
74.15222815,-7.87401500
74.15323295,-7.87401500
74.15423775,-7.87401500
74.15524255,-7.87401500
74.15624735,-11.81102000
74.15725215,-11.81102000
74.15825695,-7.87401500
74.15926175,-11.81102000
74.16026655,-15.74803000
74.16127135,-11.81102000
74.16227615,-7.87401500
74.16328095,-11.81102000
74.16428575,-19.68504000
74.16529055,-7.87401500
74.16629535,-11.81102000
74.16730015,-11.81102000
74.16830495,-11.81102000
74.16930975,-7.87401500
74.17031454,-11.81102000
74.17131934,-11.81102000
74.17232414,-15.74803000
74.17332894,-15.74803000
74.17433374,-7.87401500
74.17533854,-11.81102000
74.17634334,-15.74803000
74.17734814,-11.81102000
74.17835294,-15.74803000
74.17935774,-19.68504000
74.18036254,-27.55905000
74.18136734,-15.74803000
74.18237214,-15.74803000
74.18337694,-15.74803000
74.18438174,-11.81102000
74.18538654,-11.81102000
74.18639134,-7.87401500
74.18739614,-15.74803000
74.18840094,-11.81102000
74.18940574,-15.74803000
74.19041054,-7.87401500
74.19141534,-7.87401500
74.19242014,-7.87401500
74.19342494,-7.87401500
74.19442974,-11.81102000
74.19543454,-15.74803000
74.19643934,-15.74803000
74.19744414,-11.81102000
74.19844894,-7.87401500
74.19945374,-11.81102000
74.20045854,-15.74803000
74.20146334,-11.81102000
74.20246814,-11.81102000
74.20347294,-7.87401500
74.20447774,-15.74803000
74.20548254,-15.74803000
74.20648734,-7.87401500
74.20749214,-11.81102000
74.20849694,-15.74803000
74.20950174,-11.81102000
74.21050654,-7.87401500
74.21151134,-15.74803000
74.21251614,-15.74803000
74.21352094,-19.68504000
74.21452574,-11.81102000
74.21553054,-15.74803000
74.21653534,-15.74803000
74.21754014,-11.81102000
74.21854494,-11.81102000
74.21954974,-11.81102000
74.22055454,-7.87401500
74.22155934,-23.62205000
74.22256414,-15.74803000
74.22356894,-15.74803000
74.22457374,-15.74803000
74.22557854,-11.81102000
74.22658334,-7.87401500
74.22758814,-11.81102000
74.22859294,-15.74803000
74.22959774,-7.87401500
74.23060254,-3.93700800
74.23160734,-11.81102000
74.23261214,-7.87401500
74.23361694,-7.87401500
74.23462174,-11.81102000
74.23562654,-11.81102000
74.23663134,-11.81102000
74.23763614,-11.81102000
74.23864094,-7.87401500
74.23964574,-15.74803000
74.24065054,-15.74803000
74.24165534,-11.81102000
74.24266014,-7.87401500
74.24366494,-15.74803000
74.24466974,-19.68504000
74.24567454,-11.81102000
74.24667934,-15.74803000
74.24768414,-19.68504000
74.24868894,-7.87401500
74.24969374,-15.74803000
74.25069854,-11.81102000
74.25170334,-7.87401500
74.25270814,-11.81102000
74.25371294,-11.81102000
74.25471774,-11.81102000
74.25572254,-11.81102000
74.25672734,-15.74803000
74.25773214,-11.81102000
74.25873694,-15.74803000
74.25974174,-15.74803000
74.26074654,-19.68504000
74.26175134,-3.93700800
74.26275614,-19.68504000
74.26376094,-11.81102000
74.26476574,-15.74803000
74.26577054,-15.74803000
74.26677534,-11.81102000
74.26778014,-11.81102000
74.26878494,-7.87401500
74.26978974,-7.87401500
74.27079454,-7.87401500
74.27179934,-11.81102000
74.27280414,-15.74803000
74.27380894,-3.93700800
74.27481374,-11.81102000
74.27581854,-11.81102000
74.27682334,-11.81102000
74.27782814,-15.74803000
74.27883294,-11.81102000
74.27983774,-19.68504000
74.28084254,-11.81102000
74.28184734,-11.81102000
74.28285214,-15.74803000
74.28385694,-11.81102000
74.28486174,-11.81102000
74.28586654,-11.81102000
74.28687134,-11.81102000
74.28787614,-15.74803000
74.28888094,-11.81102000
74.28988574,-11.81102000
74.29089054,-11.81102000
74.29189534,-15.74803000
74.29290014,-15.74803000
74.29390494,-11.81102000
74.29490974,3.93700800
74.29591454,-11.81102000
74.29691934,-7.87401500
74.29792414,-7.87401500
74.29892894,-7.87401500
74.29993374,-7.87401500
74.30093854,-15.74803000
74.30194334,-7.87401500
74.30294814,-15.74803000
74.30395294,-19.68504000
74.30495774,-11.81102000
74.30596254,-11.81102000
74.30696734,-15.74803000
74.30797214,-11.81102000
74.30897694,-11.81102000
74.30998174,-11.81102000
74.31098654,-15.74803000
74.31199134,-11.81102000
74.31299614,-7.87401500
74.31400094,-11.81102000
74.31500574,-11.81102000
74.31601054,-11.81102000
74.31701534,-11.81102000
74.31802014,-15.74803000
74.31902494,-11.81102000
74.32002974,-7.87401500
74.32103454,-11.81102000
74.32203934,-3.93700800
74.32304414,-11.81102000
74.32404894,-11.81102000
74.32505374,-19.68504000
74.32605854,-15.74803000
74.32706334,-11.81102000
74.32806814,-15.74803000
74.32907294,-7.87401500
74.33007774,-11.81102000
74.33108254,-15.74803000
74.33208734,-11.81102000
74.33309214,-7.87401500
74.33409694,-11.81102000
74.33510174,-11.81102000
74.33610654,-15.74803000
74.33711134,-11.81102000
74.33811614,-15.74803000
74.33912094,-7.87401500
74.34012574,-11.81102000
74.34113054,-19.68504000
74.34213534,-11.81102000
74.34314014,-15.74803000
74.34414494,-15.74803000
74.34514974,-15.74803000
74.34615454,-15.74803000
74.34715934,-11.81102000
74.34816414,-15.74803000
74.34916894,-11.81102000
74.35017374,-7.87401500
74.35117854,-7.87401500
74.35218334,-7.87401500
74.35318814,-3.93700800
74.35419294,-7.87401500
74.35519774,-7.87401500
74.35620254,-11.81102000
74.35720734,-7.87401500
74.35821214,-11.81102000
74.35921694,-15.74803000
74.36022174,-15.74803000
74.36122654,-11.81102000
74.36223134,-11.81102000
74.36323614,-11.81102000
74.36424094,-7.87401500
74.36524574,-11.81102000
74.36625054,-11.81102000
74.36725534,-7.87401500
74.36826014,-7.87401500
74.36926494,-15.74803000
74.37026974,-11.81102000
74.37127454,-11.81102000
74.37227934,-11.81102000
74.37328414,-15.74803000
74.37428894,-15.74803000
74.37529374,-11.81102000
74.37629854,-15.74803000
74.37730334,-11.81102000
74.37830814,-15.74803000
74.37931294,-7.87401500
74.38031774,-15.74803000
74.38132254,-11.81102000
74.38232734,-11.81102000
74.38333214,-23.62205000
74.38433694,-11.81102000
74.38534174,-15.74803000
74.38634654,-11.81102000
74.38735134,-15.74803000
74.38835614,-11.81102000
74.38936094,-19.68504000
74.39036574,-11.81102000
74.39137054,-15.74803000
74.39237534,7.87401500
74.39338014,-7.87401500
74.39438494,-11.81102000
74.39538974,-11.81102000
74.39639454,-7.87401500
74.39739934,-3.93700800
74.39840414,-11.81102000
74.39940894,-15.74803000
74.40041374,-7.87401500
74.40141854,-7.87401500
74.40242334,-11.81102000
74.40342814,-11.81102000
74.40443294,-11.81102000
74.40543774,-7.87401500
74.40644254,-11.81102000
74.40744734,-19.68504000
74.40845214,-15.74803000
74.40945694,-7.87401500
74.41046174,-7.87401500
74.41146654,-15.74803000
74.41247134,-11.81102000
74.41347614,-11.81102000
74.41448094,-3.93700800
74.41548574,-11.81102000
74.41649054,-7.87401500
74.41749534,-11.81102000
74.41850014,-3.93700800
74.41950494,-7.87401500
74.42050974,-3.93700800
74.42151454,-11.81102000
74.42251934,-11.81102000
74.42352414,-11.81102000
74.42452894,-19.68504000
74.42553374,-7.87401500
74.42653854,-15.74803000
74.42754334,-15.74803000
74.42854814,-11.81102000
74.42955294,-7.87401500
74.43055774,-7.87401500
74.43156254,-11.81102000
74.43256734,-11.81102000
74.43357214,-7.87401500
74.43457694,-7.87401500
74.43558174,-7.87401500
74.43658654,-11.81102000
74.43759134,-11.81102000
74.43859614,-11.81102000
74.43960094,-15.74803000
74.44060574,-15.74803000
74.44161054,-11.81102000
74.44261534,-11.81102000
74.44362014,-11.81102000
74.44462494,-7.87401500
74.44562974,-11.81102000
74.44663454,-11.81102000
74.44763934,-11.81102000
74.44864414,-11.81102000
74.44964894,-11.81102000
74.45065374,-15.74803000
74.45165854,-11.81102000
74.45266334,-11.81102000
74.45366814,-7.87401500
74.45467294,-15.74803000
74.45567774,-11.81102000
74.45668254,-11.81102000
74.45768734,-7.87401500
74.45869214,-7.87401500
74.45969694,-11.81102000
74.46070174,-11.81102000
74.46170654,-7.87401500
74.46271134,-7.87401500
74.46371614,-15.74803000
74.46472094,-7.87401500
74.46572574,-11.81102000
74.46673054,-11.81102000
74.46773534,-11.81102000
74.46874014,-11.81102000
74.46974494,-7.87401500
74.47074974,-15.74803000
74.47175454,-15.74803000
74.47275934,-11.81102000
74.47376414,-3.93700800
74.47476894,-11.81102000
74.47577374,-15.74803000
74.47677854,-15.74803000
74.47778334,-11.81102000
74.47878814,-15.74803000
74.47979294,-7.87401500
74.48079774,-15.74803000
74.48180254,-11.81102000
74.48280734,-15.74803000
74.48381214,-7.87401500
74.48481694,-11.81102000
74.48582174,-7.87401500
74.48682654,-27.55905000
74.48783134,-15.74803000
74.48883614,-15.74803000
74.48984094,0.00000000
74.49084574,-7.87401500
74.49185054,-7.87401500
74.49285534,-11.81102000
74.49386014,-11.81102000
74.49486494,-11.81102000
74.49586974,-7.87401500
74.49687454,-11.81102000
74.49787934,-11.81102000
74.49888413,-7.87401500
74.49988893,-7.87401500
74.50089373,-3.93700800
74.50189853,-7.87401500
74.50290333,-7.87401500
74.50390813,-15.74803000
74.50491293,-15.74803000
74.50591773,-23.62205000
74.50692253,-15.74803000
74.50792733,-15.74803000
74.50893213,-7.87401500
74.50993693,-15.74803000
74.51094173,-15.74803000
74.51194653,-7.87401500
74.51295133,-7.87401500
74.51395613,-15.74803000
74.51496093,-11.81102000
74.51596573,-11.81102000
74.51697053,-7.87401500
74.51797533,-11.81102000
74.51898013,-11.81102000
74.51998493,-19.68504000
74.52098973,-15.74803000
74.52199453,-11.81102000
74.52299933,-7.87401500
74.52400413,-11.81102000
74.52500893,-7.87401500
74.52601373,-11.81102000
74.52701853,-11.81102000
74.52802333,-11.81102000
74.52902813,-15.74803000
74.53003293,-11.81102000
74.53103773,-3.93700800
74.53204253,-7.87401500
74.53304733,-7.87401500
74.53405213,-7.87401500
74.53505693,-11.81102000
74.53606173,-15.74803000
74.53706653,-7.87401500
74.53807133,-11.81102000
74.53907613,-11.81102000
74.54008093,-15.74803000
74.54108573,-11.81102000
74.54209053,-11.81102000
74.54309533,-15.74803000
74.54410013,-7.87401500
74.54510493,-3.93700800
74.54610973,-15.74803000
74.54711453,-15.74803000
74.54811933,-15.74803000
74.54912413,-15.74803000
74.55012893,-11.81102000
74.55113373,-15.74803000
74.55213853,-11.81102000
74.55314333,-11.81102000
74.55414813,-15.74803000
74.55515293,-11.81102000
74.55615773,-11.81102000
74.55716253,-7.87401500
74.55816733,-7.87401500
74.55917213,-7.87401500
74.56017693,-11.81102000
74.56118173,-11.81102000
74.56218653,-7.87401500
74.56319133,-7.87401500
74.56419613,-7.87401500
74.56520093,-11.81102000
74.56620573,-7.87401500
74.56721053,-15.74803000
74.56821533,-11.81102000
74.56922013,-11.81102000
74.57022493,-11.81102000
74.57122973,-11.81102000
74.57223453,-7.87401500
74.57323933,-11.81102000
74.57424413,-7.87401500
74.57524893,-11.81102000
74.57625373,-7.87401500
74.57725853,-7.87401500
74.57826333,-7.87401500
74.57926813,-7.87401500
74.58027293,-7.87401500
74.58127773,-7.87401500
74.58228253,-3.93700800
74.58328733,-15.74803000
74.58429213,-15.74803000
74.58529693,-15.74803000
74.58630173,-19.68504000
74.58730653,-11.81102000
74.58831133,-7.87401500
74.58931613,-7.87401500
74.59032093,-11.81102000
74.59132573,-11.81102000
74.59233053,-3.93700800
74.59333533,-7.87401500
74.59434013,-11.81102000
74.59534493,-11.81102000
74.59634973,-7.87401500
74.59735453,-11.81102000
74.59835933,-11.81102000
74.59936413,-7.87401500
74.60036893,-3.93700800
74.60137373,-15.74803000
74.60237853,-11.81102000
74.60338333,-11.81102000
74.60438813,-11.81102000
74.60539293,-7.87401500
74.60639773,-7.87401500
74.60740253,-7.87401500
74.60840733,-7.87401500
74.60941213,-7.87401500
74.61041693,-11.81102000
74.61142173,-15.74803000
74.61242653,-7.87401500
74.61343133,-11.81102000
74.61443613,-11.81102000
74.61544093,-7.87401500
74.61644573,-11.81102000
74.61745053,-15.74803000
74.61845533,-7.87401500
74.61946013,-15.74803000
74.62046493,-7.87401500
74.62146973,-11.81102000
74.62247453,-15.74803000
74.62347933,-15.74803000
74.62448413,-11.81102000
74.62548893,-11.81102000
74.62649373,-7.87401500
74.62749853,-11.81102000
74.62850333,-11.81102000
74.62950813,-11.81102000
74.63051293,-7.87401500
74.63151773,-7.87401500
74.63252253,-11.81102000
74.63352733,-7.87401500
74.63453213,-11.81102000
74.63553693,-15.74803000
74.63654173,-7.87401500
74.63754653,-7.87401500
74.63855133,-7.87401500
74.63955613,-7.87401500
74.64056093,-7.87401500
74.64156573,-15.74803000
74.64257053,-15.74803000
74.64357533,0.00000000
74.64458013,-11.81102000
74.64558493,-11.81102000
74.64658973,-7.87401500
74.64759453,-11.81102000
74.64859933,-7.87401500
74.64960413,-15.74803000
74.65060893,-15.74803000
74.65161373,-11.81102000
74.65261853,-7.87401500
74.65362333,-7.87401500
74.65462813,-15.74803000
74.65563293,-7.87401500
74.65663773,-7.87401500
74.65764253,-11.81102000
74.65864733,-3.93700800
74.65965213,-7.87401500
74.66065693,-15.74803000
74.66166173,-11.81102000
74.66266653,-19.68504000
74.66367133,-11.81102000
74.66467613,-19.68504000
74.66568093,-11.81102000
74.66668573,-19.68504000
74.66769053,-7.87401500
74.66869533,-11.81102000
74.66970013,-7.87401500
74.67070493,-7.87401500
74.67170973,-7.87401500
74.67271453,-11.81102000
74.67371933,-11.81102000
74.67472413,-7.87401500
74.67572893,-7.87401500
74.67673373,-15.74803000
74.67773853,-7.87401500
74.67874333,-3.93700800
74.67974813,-7.87401500
74.68075293,-7.87401500
74.68175773,-15.74803000
74.68276253,-11.81102000
74.68376733,-11.81102000
74.68477213,-3.93700800
74.68577693,-7.87401500
74.68678173,-7.87401500
74.68778653,-7.87401500
74.68879133,-3.93700800
74.68979613,-11.81102000
74.69080093,-7.87401500
74.69180573,-3.93700800
74.69281053,-11.81102000
74.69381533,-11.81102000
74.69482013,-7.87401500
74.69582493,-11.81102000
74.69682973,-3.93700800
74.69783453,-11.81102000
74.69883933,-11.81102000
74.69984413,-11.81102000
74.70084893,-7.87401500
74.70185373,-7.87401500
74.70285853,-11.81102000
74.70386333,-7.87401500
74.70486813,-7.87401500
74.70587293,-11.81102000
74.70687773,-15.74803000
74.70788253,-11.81102000
74.70888733,-7.87401500
74.70989213,-11.81102000
74.71089693,-7.87401500
74.71190173,-7.87401500
74.71290653,-11.81102000
74.71391133,-7.87401500
74.71491613,-7.87401500
74.71592093,-15.74803000
74.71692573,-11.81102000
74.71793053,-7.87401500
74.71893533,-11.81102000
74.71994013,-11.81102000
74.72094493,-7.87401500
74.72194973,-11.81102000
74.72295453,-15.74803000
74.72395933,-11.81102000
74.72496413,-11.81102000
74.72596893,-3.93700800
74.72697373,-11.81102000
74.72797853,-7.87401500
74.72898333,-7.87401500
74.72998813,-7.87401500
74.73099293,-11.81102000
74.73199773,-15.74803000
74.73300253,-11.81102000
74.73400733,-3.93700800
74.73501213,-11.81102000
74.73601693,-11.81102000
74.73702173,-7.87401500
74.73802653,-11.81102000
74.73903133,-7.87401500
74.74003613,-7.87401500
74.74104093,-11.81102000
74.74204573,-7.87401500
74.74305053,-7.87401500
74.74405533,-7.87401500
74.74506013,-7.87401500
74.74606493,-15.74803000
74.74706973,-15.74803000
74.74807453,-19.68504000
74.74907933,-11.81102000
74.75008413,-11.81102000
74.75108893,-15.74803000
74.75209373,-7.87401500
74.75309853,-7.87401500
74.75410333,-3.93700800
74.75510813,-11.81102000
74.75611293,-7.87401500
74.75711773,-11.81102000
74.75812253,-15.74803000
74.75912733,-11.81102000
74.76013213,-11.81102000
74.76113693,-3.93700800
74.76214173,-11.81102000
74.76314653,-7.87401500
74.76415133,-11.81102000
74.76515613,-15.74803000
74.76616093,-7.87401500
74.76716573,-7.87401500
74.76817053,-7.87401500
74.76917533,-7.87401500
74.77018013,-11.81102000
74.77118493,-11.81102000
74.77218973,-11.81102000
74.77319453,-7.87401500
74.77419933,-7.87401500
74.77520413,-11.81102000
74.77620893,-7.87401500
74.77721373,-3.93700800
74.77821853,-3.93700800
74.77922333,-11.81102000
74.78022813,-15.74803000
74.78123293,-11.81102000
74.78223773,-7.87401500
74.78324253,-7.87401500
74.78424733,-7.87401500
74.78525213,-19.68504000
74.78625693,-15.74803000
74.78726173,-11.81102000
74.78826653,-11.81102000
74.78927133,-11.81102000
74.79027613,-3.93700800
74.79128093,-11.81102000
74.79228573,-11.81102000
74.79329053,-7.87401500
74.79429533,-7.87401500
74.79530013,-11.81102000
74.79630493,-11.81102000
74.79730973,-11.81102000
74.79831453,7.87401500
74.79931933,-7.87401500
74.80032413,-7.87401500
74.80132893,-11.81102000
74.80233373,-3.93700800
74.80333853,-7.87401500
74.80434333,-3.93700800
74.80534813,-7.87401500
74.80635293,-7.87401500
74.80735773,-7.87401500
74.80836253,-3.93700800
74.80936733,-7.87401500
74.81037213,-11.81102000
74.81137693,-11.81102000
74.81238173,-15.74803000
74.81338653,-15.74803000
74.81439133,-11.81102000
74.81539613,-3.93700800
74.81640093,-7.87401500
74.81740573,-7.87401500
74.81841053,-7.87401500
74.81941533,-7.87401500
74.82042013,-11.81102000
74.82142493,-3.93700800
74.82242973,-7.87401500
74.82343453,-11.81102000
74.82443933,-11.81102000
74.82544413,-15.74803000
74.82644893,-11.81102000
74.82745372,-11.81102000
74.82845852,-15.74803000
74.82946332,-15.74803000
74.83046812,-15.74803000
74.83147292,-7.87401500
74.83247772,-7.87401500
74.83348252,-7.87401500
74.83448732,-7.87401500
74.83549212,-11.81102000
74.83649692,-7.87401500
74.83750172,-7.87401500
74.83850652,-11.81102000
74.83951132,-7.87401500
74.84051612,-7.87401500
74.84152092,-11.81102000
74.84252572,-11.81102000
74.84353052,-19.68504000
74.84453532,-15.74803000
74.84554012,-11.81102000
74.84654492,-11.81102000
74.84754972,-3.93700800
74.84855452,-7.87401500
74.84955932,-7.87401500
74.85056412,-7.87401500
74.85156892,-7.87401500
74.85257372,-7.87401500
74.85357852,-3.93700800
74.85458332,-7.87401500
74.85558812,-15.74803000
74.85659292,-11.81102000
74.85759772,-11.81102000
74.85860252,-7.87401500
74.85960732,-3.93700800
74.86061212,-3.93700800
74.86161692,-7.87401500
74.86262172,-7.87401500
74.86362652,-7.87401500
74.86463132,-7.87401500
74.86563612,-19.68504000
74.86664092,-15.74803000
74.86764572,-11.81102000
74.86865052,-11.81102000
74.86965532,-15.74803000
74.87066012,-3.93700800
74.87166492,-11.81102000
74.87266972,-11.81102000
74.87367452,-7.87401500
74.87467932,-11.81102000
74.87568412,-11.81102000
74.87668892,-11.81102000
74.87769372,-11.81102000
74.87869852,-15.74803000
74.87970332,-15.74803000
74.88070812,-11.81102000
74.88171292,-7.87401500
74.88271772,-3.93700800
74.88372252,-11.81102000
74.88472732,-3.93700800
74.88573212,-11.81102000
74.88673692,-3.93700800
74.88774172,-7.87401500
74.88874652,-11.81102000
74.88975132,-11.81102000
74.89075612,-7.87401500
74.89176092,-3.93700800
74.89276572,-19.68504000
74.89377052,-11.81102000
74.89477532,-11.81102000
74.89578012,7.87401500
74.89678492,-7.87401500
74.89778972,-11.81102000
74.89879452,-3.93700800
74.89979932,-7.87401500
74.90080412,-7.87401500
74.90180892,-11.81102000
74.90281372,-3.93700800
74.90381852,-7.87401500
74.90482332,0.00000000
74.90582812,-3.93700800
74.90683292,-11.81102000
74.90783772,-11.81102000
74.90884252,-11.81102000
74.90984732,-11.81102000
74.91085212,-11.81102000
74.91185692,-15.74803000
74.91286172,-7.87401500
74.91386652,-7.87401500
74.91487132,-3.93700800
74.91587612,-11.81102000
74.91688092,-3.93700800
74.91788572,-7.87401500
74.91889052,-7.87401500
74.91989532,-11.81102000
74.92090012,0.00000000
74.92190492,-3.93700800
74.92290972,-7.87401500
74.92391452,-11.81102000
74.92491932,-3.93700800
74.92592412,-15.74803000
74.92692892,-11.81102000
74.92793372,-11.81102000
74.92893852,-7.87401500
74.92994332,-3.93700800
74.93094812,-3.93700800
74.93195292,-15.74803000
74.93295772,-7.87401500
74.93396252,-7.87401500
74.93496732,-11.81102000
74.93597212,-7.87401500
74.93697692,-11.81102000
74.93798172,-7.87401500
74.93898652,-11.81102000
74.93999132,-11.81102000
74.94099612,-7.87401500
74.94200092,-11.81102000
74.94300572,-7.87401500
74.94401052,-3.93700800
74.94501532,-7.87401500
74.94602012,-3.93700800
74.94702492,7.87401500
74.94802972,-11.81102000
74.94903452,-11.81102000
74.95003932,-11.81102000
74.95104412,-11.81102000
74.95204892,-11.81102000
74.95305372,-7.87401500
74.95405852,-3.93700800
74.95506332,-3.93700800
74.95606812,-3.93700800
74.95707292,-7.87401500
74.95807772,-7.87401500
74.95908252,-7.87401500
74.96008732,-11.81102000
74.96109212,-3.93700800
74.96209692,0.00000000
74.96310172,-7.87401500
74.96410652,-7.87401500
74.96511132,-3.93700800
74.96611612,-11.81102000
74.96712092,-7.87401500
74.96812572,-7.87401500
74.96913052,-7.87401500
74.97013532,-7.87401500
74.97114012,-7.87401500
74.97214492,-7.87401500
74.97314972,-7.87401500
74.97415452,-7.87401500
74.97515932,-15.74803000
74.97616412,-11.81102000
74.97716892,-7.87401500
74.97817372,-7.87401500
74.97917852,-7.87401500
74.98018332,-3.93700800
74.98118812,-7.87401500
74.98219292,-3.93700800
74.98319772,-7.87401500
74.98420252,-7.87401500
74.98520732,-3.93700800
74.98621212,-3.93700800
74.98721692,-11.81102000
74.98822172,-19.68504000
74.98922652,-15.74803000
74.99023132,-19.68504000
74.99123612,-11.81102000
74.99224092,-11.81102000
74.99324572,-3.93700800
74.99425052,-7.87401500
74.99525532,-3.93700800
74.99626012,-3.93700800
74.99726492,-11.81102000
74.99826972,-3.93700800
74.99927452,-7.87401500
75.00027932,-7.87401500
75.00128412,-7.87401500
75.00228892,-7.87401500
75.00329372,-7.87401500
75.00429852,-7.87401500
75.00530332,-7.87401500
75.00630812,-7.87401500
75.00731292,-7.87401500
75.00831772,-11.81102000
75.00932252,-7.87401500
75.01032732,-3.93700800
75.01133212,-7.87401500
75.01233692,-11.81102000
75.01334172,-7.87401500
75.01434652,-3.93700800
75.01535132,-7.87401500
75.01635612,-3.93700800
75.01736092,-7.87401500
75.01836572,-7.87401500
75.01937052,-7.87401500
75.02037532,-3.93700800
75.02138012,0.00000000
75.02238492,-7.87401500
75.02338972,-7.87401500
75.02439452,-11.81102000
75.02539932,-7.87401500
75.02640412,0.00000000
75.02740892,-7.87401500
75.02841372,-11.81102000
75.02941852,-11.81102000
75.03042332,-7.87401500
75.03142812,-7.87401500
75.03243292,-3.93700800
75.03343772,-3.93700800
75.03444252,-3.93700800
75.03544732,-3.93700800
75.03645212,-7.87401500
75.03745692,-7.87401500
75.03846172,-7.87401500
75.03946652,-7.87401500
75.04047132,-11.81102000
75.04147612,-11.81102000
75.04248092,-7.87401500
75.04348572,-3.93700800
75.04449052,-11.81102000
75.04549532,-7.87401500
75.04650012,-11.81102000
75.04750492,-7.87401500
75.04850972,-3.93700800
75.04951452,0.00000000
75.05051932,-7.87401500
75.05152412,-3.93700800
75.05252892,-7.87401500
75.05353372,-11.81102000
75.05453852,-11.81102000
75.05554332,-7.87401500
75.05654812,-11.81102000
75.05755292,-7.87401500
75.05855772,-3.93700800
75.05956252,-7.87401500
75.06056732,-3.93700800
75.06157212,-7.87401500
75.06257692,-3.93700800
75.06358172,-3.93700800
75.06458652,-3.93700800
75.06559132,-3.93700800
75.06659612,-7.87401500
75.06760092,0.00000000
75.06860572,-11.81102000
75.06961052,-19.68504000
75.07061532,-11.81102000
75.07162012,-7.87401500
75.07262492,-11.81102000
75.07362972,-11.81102000
75.07463452,0.00000000
75.07563932,-3.93700800
75.07664412,-3.93700800
75.07764892,-7.87401500
75.07865372,-7.87401500
75.07965852,-3.93700800
75.08066332,-7.87401500
75.08166812,-7.87401500
75.08267292,-3.93700800
75.08367772,-7.87401500
75.08468252,-3.93700800
75.08568732,-3.93700800
75.08669212,-11.81102000
75.08769692,-11.81102000
75.08870172,-7.87401500
75.08970652,-11.81102000
75.09071132,3.93700800
75.09171612,0.00000000
75.09272092,-7.87401500
75.09372572,-3.93700800
75.09473052,-3.93700800
75.09573532,-3.93700800
75.09674012,0.00000000
75.09774492,0.00000000
75.09874972,-3.93700800
75.09975452,-3.93700800
75.10075932,-3.93700800
75.10176412,-3.93700800
75.10276892,-3.93700800
75.10377372,-3.93700800
75.10477852,-7.87401500
75.10578332,-3.93700800
75.10678812,-11.81102000
75.10779292,-3.93700800
75.10879772,-7.87401500
75.10980252,-15.74803000
75.11080732,-3.93700800
75.11181212,-7.87401500
75.11281692,-7.87401500
75.11382172,-3.93700800
75.11482652,-3.93700800
75.11583132,-3.93700800
75.11683612,0.00000000
75.11784092,-3.93700800
75.11884572,-3.93700800
75.11985052,-3.93700800
75.12085532,-7.87401500
75.12186012,-7.87401500
75.12286492,0.00000000
75.12386972,-7.87401500
75.12487452,-3.93700800
75.12587932,0.00000000
75.12688412,-7.87401500
75.12788892,-3.93700800
75.12889372,3.93700800
75.12989852,-3.93700800
75.13090332,-3.93700800
75.13190812,-3.93700800
75.13291292,-3.93700800
75.13391772,-3.93700800
75.13492252,-3.93700800
75.13592732,-3.93700800
75.13693212,-3.93700800
75.13793692,-11.81102000
75.13894172,-7.87401500
75.13994652,-3.93700800
75.14095132,0.00000000
75.14195612,0.00000000
75.14296092,-7.87401500
75.14396572,-3.93700800
75.14497052,0.00000000
75.14597532,-3.93700800
75.14698012,-3.93700800
75.14798492,-11.81102000
75.14898972,-11.81102000
75.14999452,-7.87401500
75.15099932,-7.87401500
75.15200412,-3.93700800
75.15300892,-3.93700800
75.15401372,-7.87401500
75.15501852,-7.87401500
75.15602332,-3.93700800
75.15702811,0.00000000
75.15803291,0.00000000
75.15903771,0.00000000
75.16004251,-3.93700800
75.16104731,0.00000000
75.16205211,0.00000000
75.16305691,-3.93700800
75.16406171,0.00000000
75.16506651,0.00000000
75.16607131,0.00000000
75.16707611,-3.93700800
75.16808091,0.00000000
75.16908571,-3.93700800
75.17009051,-3.93700800
75.17109531,-3.93700800
75.17210011,-3.93700800
75.17310491,0.00000000
75.17410971,0.00000000
75.17511451,-3.93700800
75.17611931,0.00000000
75.17712411,0.00000000
75.17812891,-3.93700800
75.17913371,-3.93700800
75.18013851,0.00000000
75.18114331,0.00000000
75.18214811,-3.93700800
75.18315291,-3.93700800
75.18415771,0.00000000
75.18516251,0.00000000
75.18616731,7.87401500
75.18717211,-3.93700800
75.18817691,11.81102000
75.18918171,-7.87401500
75.19018651,-3.93700800
75.19119131,-3.93700800
75.19219611,-7.87401500
75.19320091,-3.93700800
75.19420571,3.93700800
75.19521051,-3.93700800
75.19621531,-3.93700800
75.19722011,-3.93700800
75.19822491,0.00000000
75.19922971,0.00000000
75.20023451,0.00000000
75.20123931,-3.93700800
75.20224411,-3.93700800
75.20324891,-3.93700800
75.20425371,0.00000000
75.20525851,3.93700800
75.20626331,-3.93700800
75.20726811,3.93700800
75.20827291,0.00000000
75.20927771,0.00000000
75.21028251,-3.93700800
75.21128731,-3.93700800
75.21229211,0.00000000
75.21329691,0.00000000
75.21430171,0.00000000
75.21530651,0.00000000
75.21631131,-3.93700800
75.21731611,0.00000000
75.21832091,3.93700800
75.21932571,0.00000000
75.22033051,-3.93700800
75.22133531,3.93700800
75.22234011,3.93700800
75.22334491,0.00000000
75.22434971,0.00000000
75.22535451,3.93700800
75.22635931,-3.93700800
75.22736411,-3.93700800
75.22836891,-7.87401500
75.22937371,-3.93700800
75.23037851,-3.93700800
75.23138331,-3.93700800
75.23238811,0.00000000
75.23339291,-3.93700800
75.23439771,-3.93700800
75.23540251,3.93700800
75.23640731,-3.93700800
75.23741211,0.00000000
75.23841691,0.00000000
75.23942171,-3.93700800
75.24042651,0.00000000
75.24143131,0.00000000
75.24243611,-3.93700800
75.24344091,0.00000000
75.24444571,-3.93700800
75.24545051,0.00000000
75.24645531,0.00000000
75.24746011,0.00000000
75.24846491,3.93700800
75.24946971,-3.93700800
75.25047451,0.00000000
75.25147931,0.00000000
75.25248411,0.00000000
75.25348891,0.00000000
75.25449371,-3.93700800
75.25549851,0.00000000
75.25650331,0.00000000
75.25750811,3.93700800
75.25851291,3.93700800
75.25951771,0.00000000
75.26052251,3.93700800
75.26152731,0.00000000
75.26253211,0.00000000
75.26353691,3.93700800
75.26454171,7.87401500
75.26554651,3.93700800
75.26655131,3.93700800
75.26755611,0.00000000
75.26856091,-7.87401500
75.26956571,-3.93700800
75.27057051,0.00000000
75.27157531,0.00000000
75.27258011,0.00000000
75.27358491,3.93700800
75.27458971,0.00000000
75.27559451,-3.93700800
75.27659931,3.93700800
75.27760411,7.87401500
75.27860891,3.93700800
75.27961371,3.93700800
75.28061851,3.93700800
75.28162331,3.93700800
75.28262811,0.00000000
75.28363291,0.00000000
75.28463771,-3.93700800
75.28564251,3.93700800
75.28664731,3.93700800
75.28765211,3.93700800
75.28865691,7.87401500
75.28966171,7.87401500
75.29066651,3.93700800
75.29167131,0.00000000
75.29267611,0.00000000
75.29368091,3.93700800
75.29468571,7.87401500
75.29569051,7.87401500
75.29669531,3.93700800
75.29770011,3.93700800
75.29870491,0.00000000
75.29970971,3.93700800
75.30071451,0.00000000
75.30171931,23.62205000
75.30272411,7.87401500
75.30372891,7.87401500
75.30473371,0.00000000
75.30573851,7.87401500
75.30674331,0.00000000
75.30774811,3.93700800
75.30875291,3.93700800
75.30975771,3.93700800
75.31076251,-3.93700800
75.31176731,3.93700800
75.31277211,3.93700800
75.31377691,0.00000000
75.31478171,3.93700800
75.31578651,0.00000000
75.31679131,0.00000000
75.31779611,0.00000000
75.31880091,0.00000000
75.31980571,3.93700800
75.32081051,7.87401500
75.32181531,7.87401500
75.32282011,3.93700800
75.32382491,7.87401500
75.32482971,7.87401500
75.32583451,3.93700800
75.32683931,3.93700800
75.32784411,3.93700800
75.32884891,7.87401500
75.32985371,3.93700800
75.33085851,3.93700800
75.33186331,0.00000000
75.33286811,0.00000000
75.33387291,7.87401500
75.33487771,3.93700800
75.33588251,7.87401500
75.33688731,11.81102000
75.33789211,3.93700800
75.33889691,3.93700800
75.33990171,7.87401500
75.34090651,3.93700800
75.34191131,7.87401500
75.34291611,0.00000000
75.34392091,3.93700800
75.34492571,7.87401500
75.34593051,3.93700800
75.34693531,3.93700800
75.34794011,3.93700800
75.34894491,0.00000000
75.34994971,3.93700800
75.35095451,7.87401500
75.35195931,-3.93700800
75.35296411,3.93700800
75.35396891,0.00000000
75.35497371,0.00000000
75.35597851,3.93700800
75.35698331,0.00000000
75.35798811,7.87401500
75.35899291,3.93700800
75.35999771,3.93700800
75.36100251,0.00000000
75.36200731,7.87401500
75.36301211,3.93700800
75.36401691,3.93700800
75.36502171,0.00000000
75.36602651,3.93700800
75.36703131,3.93700800
75.36803611,3.93700800
75.36904091,7.87401500
75.37004571,3.93700800
75.37105051,3.93700800
75.37205531,3.93700800
75.37306011,7.87401500
75.37406491,3.93700800
75.37506971,7.87401500
75.37607451,7.87401500
75.37707931,7.87401500
75.37808411,7.87401500
75.37908891,11.81102000
75.38009371,11.81102000
75.38109851,-3.93700800
75.38210331,3.93700800
75.38310811,0.00000000
75.38411291,3.93700800
75.38511771,7.87401500
75.38612251,3.93700800
75.38712731,7.87401500
75.38813211,7.87401500
75.38913691,3.93700800
75.39014171,7.87401500
75.39114651,7.87401500
75.39215131,11.81102000
75.39315611,7.87401500
75.39416091,0.00000000
75.39516571,0.00000000
75.39617051,-7.87401500
75.39717531,-3.93700800
75.39818011,3.93700800
75.39918491,23.62205000
75.40018971,7.87401500
75.40119451,7.87401500
75.40219931,7.87401500
75.40320411,7.87401500
75.40420891,7.87401500
75.40521371,3.93700800
75.40621851,7.87401500
75.40722331,7.87401500
75.40822811,7.87401500
75.40923291,0.00000000
75.41023771,11.81102000
75.41124251,3.93700800
75.41224731,7.87401500
75.41325211,7.87401500
75.41425691,3.93700800
75.41526171,3.93700800
75.41626651,7.87401500
75.41727131,7.87401500
75.41827611,3.93700800
75.41928091,3.93700800
75.42028571,3.93700800
75.42129051,3.93700800
75.42229531,7.87401500
75.42330011,7.87401500
75.42430491,7.87401500
75.42530971,7.87401500
75.42631451,7.87401500
75.42731931,3.93700800
75.42832411,3.93700800
75.42932891,3.93700800
75.43033371,7.87401500
75.43133851,7.87401500
75.43234331,7.87401500
75.43334811,3.93700800
75.43435291,3.93700800
75.43535771,0.00000000
75.43636251,7.87401500
75.43736731,0.00000000
75.43837211,11.81102000
75.43937691,7.87401500
75.44038171,3.93700800
75.44138651,7.87401500
75.44239131,7.87401500
75.44339611,7.87401500
75.44440091,7.87401500
75.44540571,3.93700800
75.44641051,7.87401500
75.44741531,7.87401500
75.44842011,7.87401500
75.44942491,7.87401500
75.45042971,11.81102000
75.45143451,7.87401500
75.45243931,7.87401500
75.45344411,7.87401500
75.45444891,11.81102000
75.45545371,15.74803000
75.45645851,7.87401500
75.45746331,7.87401500
75.45846811,3.93700800
75.45947291,7.87401500
75.46047771,7.87401500
75.46148251,3.93700800
75.46248731,7.87401500
75.46349211,3.93700800
75.46449691,7.87401500
75.46550171,7.87401500
75.46650651,7.87401500
75.46751131,11.81102000
75.46851611,7.87401500
75.46952091,7.87401500
75.47052571,7.87401500
75.47153051,0.00000000
75.47253531,0.00000000
75.47354011,0.00000000
75.47454491,3.93700800
75.47554971,7.87401500
75.47655451,3.93700800
75.47755931,7.87401500
75.47856411,7.87401500
75.47956891,3.93700800
75.48057371,3.93700800
75.48157851,11.81102000
75.48258331,7.87401500
75.48358811,7.87401500
75.48459291,3.93700800
75.48559770,7.87401500
75.48660250,7.87401500
75.48760730,3.93700800
75.48861210,11.81102000
75.48961690,11.81102000
75.49062170,7.87401500
75.49162650,7.87401500
75.49263130,7.87401500
75.49363610,-7.87401500
75.49464090,3.93700800
75.49564570,7.87401500
75.49665050,15.74803000
75.49765530,3.93700800
75.49866010,7.87401500
75.49966490,3.93700800
75.50066970,11.81102000
75.50167450,7.87401500
75.50267930,7.87401500
75.50368410,7.87401500
75.50468890,11.81102000
75.50569370,7.87401500
75.50669850,7.87401500
75.50770330,11.81102000
75.50870810,3.93700800
75.50971290,3.93700800
75.51071770,0.00000000
75.51172250,3.93700800
75.51272730,0.00000000
75.51373210,7.87401500
75.51473690,7.87401500
75.51574170,7.87401500
75.51674650,7.87401500
75.51775130,11.81102000
75.51875610,3.93700800
75.51976090,7.87401500
75.52076570,7.87401500
75.52177050,11.81102000
75.52277530,3.93700800
75.52378010,11.81102000
75.52478490,7.87401500
75.52578970,3.93700800
75.52679450,3.93700800
75.52779930,0.00000000
75.52880410,7.87401500
75.52980890,11.81102000
75.53081370,7.87401500
75.53181850,11.81102000
75.53282330,11.81102000
75.53382810,7.87401500
75.53483290,7.87401500
75.53583770,7.87401500
75.53684250,11.81102000
75.53784730,11.81102000
75.53885210,11.81102000
75.53985690,11.81102000
75.54086170,7.87401500
75.54186650,11.81102000
75.54287130,11.81102000
75.54387610,7.87401500
75.54488090,3.93700800
75.54588570,3.93700800
75.54689050,7.87401500
75.54789530,3.93700800
75.54890010,7.87401500
75.54990490,7.87401500
75.55090970,7.87401500
75.55191450,7.87401500
75.55291930,15.74803000
75.55392410,11.81102000
75.55492890,11.81102000
75.55593370,7.87401500
75.55693850,11.81102000
75.55794330,11.81102000
75.55894810,11.81102000
75.55995290,3.93700800
75.56095770,3.93700800
75.56196250,15.74803000
75.56296730,11.81102000
75.56397210,7.87401500
75.56497690,11.81102000
75.56598170,7.87401500
75.56698650,7.87401500
75.56799130,7.87401500
75.56899610,11.81102000
75.57000090,7.87401500
75.57100570,7.87401500
75.57201050,3.93700800
75.57301530,11.81102000
75.57402010,7.87401500
75.57502490,7.87401500
75.57602970,3.93700800
75.57703450,7.87401500
75.57803930,11.81102000
75.57904410,7.87401500
75.58004890,11.81102000
75.58105370,11.81102000
75.58205850,11.81102000
75.58306330,3.93700800
75.58406810,3.93700800
75.58507290,7.87401500
75.58607770,11.81102000
75.58708250,7.87401500
75.58808730,7.87401500
75.58909210,7.87401500
75.59009690,7.87401500
75.59110170,0.00000000
75.59210650,7.87401500
75.59311130,7.87401500
75.59411610,15.74803000
75.59512090,11.81102000
75.59612570,7.87401500
75.59713050,11.81102000
75.59813530,7.87401500
75.59914010,7.87401500
75.60014490,11.81102000
75.60114970,15.74803000
75.60215450,11.81102000
75.60315930,7.87401500
75.60416410,11.81102000
75.60516890,11.81102000
75.60617370,7.87401500
75.60717850,11.81102000
75.60818330,7.87401500
75.60918810,7.87401500
75.61019290,3.93700800
75.61119770,11.81102000
75.61220250,7.87401500
75.61320730,11.81102000
75.61421210,15.74803000
75.61521690,11.81102000
75.61622170,7.87401500
75.61722650,7.87401500
75.61823130,7.87401500
75.61923610,7.87401500
75.62024090,0.00000000
75.62124570,3.93700800
75.62225050,7.87401500
75.62325530,7.87401500
75.62426010,0.00000000
75.62526490,7.87401500
75.62626970,11.81102000
75.62727450,7.87401500
75.62827930,7.87401500
75.62928410,11.81102000
75.63028890,11.81102000
75.63129370,11.81102000
75.63229850,11.81102000
75.63330330,7.87401500
75.63430810,7.87401500
75.63531290,7.87401500
75.63631770,3.93700800
75.63732250,3.93700800
75.63832730,7.87401500
75.63933210,11.81102000
75.64033690,7.87401500
75.64134170,3.93700800
75.64234650,3.93700800
75.64335130,11.81102000
75.64435610,7.87401500
75.64536090,7.87401500
75.64636570,7.87401500
75.64737050,7.87401500
75.64837530,7.87401500
75.64938010,7.87401500
75.65038490,7.87401500
75.65138970,7.87401500
75.65239450,7.87401500
75.65339930,7.87401500
75.65440410,11.81102000
75.65540890,7.87401500
75.65641370,7.87401500
75.65741850,0.00000000
75.65842330,3.93700800
75.65942810,3.93700800
75.66043290,11.81102000
75.66143770,7.87401500
75.66244250,7.87401500
75.66344730,11.81102000
75.66445210,7.87401500
75.66545690,11.81102000
75.66646170,11.81102000
75.66746650,11.81102000
75.66847130,11.81102000
75.66947610,7.87401500
75.67048090,7.87401500
75.67148570,7.87401500
75.67249050,3.93700800
75.67349530,3.93700800
75.67450010,7.87401500
75.67550490,11.81102000
75.67650970,7.87401500
75.67751450,7.87401500
75.67851930,7.87401500
75.67952410,7.87401500
75.68052890,7.87401500
75.68153370,11.81102000
75.68253850,11.81102000
75.68354330,7.87401500
75.68454810,15.74803000
75.68555290,11.81102000
75.68655770,15.74803000
75.68756250,15.74803000
75.68856730,11.81102000
75.68957210,15.74803000
75.69057690,7.87401500
75.69158170,31.49606000
75.69258650,23.62205000
75.69359130,27.55905000
75.69459610,27.55905000
75.69560090,31.49606000
75.69660570,39.37008000
75.69761050,39.37008000
75.69861530,39.37008000
75.69962010,39.37008000
75.70062490,43.30709000
75.70162970,43.30709000
75.70263450,43.30709000
75.70363930,47.24409000
75.70464410,43.30709000
75.70564890,39.37008000
75.70665370,43.30709000
75.70765850,39.37008000
75.70866330,43.30709000
75.70966810,47.24409000
75.71067290,47.24409000
75.71167770,47.24409000
75.71268250,47.24409000
75.71368730,43.30709000
75.71469210,43.30709000
75.71569690,39.37008000
75.71670170,39.37008000
75.71770650,43.30709000
75.71871130,39.37008000
75.71971610,47.24409000
75.72072090,39.37008000
75.72172570,31.49606000
75.72273050,35.43307000
75.72373530,31.49606000
75.72474010,35.43307000
75.72574490,35.43307000
75.72674970,39.37008000
75.72775450,39.37008000
75.72875930,39.37008000
75.72976410,43.30709000
75.73076890,47.24409000
75.73177370,47.24409000
75.73277850,43.30709000
75.73378330,51.18110000
75.73478810,51.18110000
75.73579290,47.24409000
75.73679770,43.30709000
75.73780250,43.30709000
75.73880730,47.24409000
75.73981210,47.24409000
75.74081690,55.11811000
75.74182170,51.18110000
75.74282650,55.11811000
75.74383130,55.11811000
75.74483610,55.11811000
75.74584090,59.05511000
75.74684570,59.05511000
75.74785050,55.11811000
75.74885530,59.05511000
75.74986010,59.05511000
75.75086490,59.05511000
75.75186970,62.99212000
75.75287450,59.05511000
75.75387930,55.11811000
75.75488410,55.11811000
75.75588890,62.99212000
75.75689370,62.99212000
75.75789850,59.05511000
75.75890330,59.05511000
75.75990810,59.05511000
75.76091290,62.99212000
75.76191770,59.05511000
75.76292250,62.99212000
75.76392730,62.99212000
75.76493210,59.05511000
75.76593690,66.92913000
75.76694170,59.05511000
75.76794650,62.99212000
75.76895130,66.92913000
75.76995610,62.99212000
75.77096090,59.05511000
75.77196570,62.99212000
75.77297050,62.99212000
75.77397530,66.92913000
75.77498010,62.99212000
75.77598490,59.05511000
75.77698970,62.99212000
75.77799450,62.99212000
75.77899930,62.99212000
75.78000410,66.92913000
75.78100890,62.99212000
75.78201370,62.99212000
75.78301850,66.92913000
75.78402330,66.92913000
75.78502810,70.86613000
75.78603290,62.99212000
75.78703770,59.05511000
75.78804250,66.92913000
75.78904730,62.99212000
75.79005210,66.92913000
75.79105690,74.80315000
75.79206170,66.92913000
75.79306650,74.80315000
75.79407130,74.80315000
75.79507610,70.86613000
75.79608090,78.74015000
75.79708570,74.80315000
75.79809050,66.92913000
75.79909530,62.99212000
75.80010010,66.92913000
75.80110490,70.86613000
75.80210970,70.86613000
75.80311450,70.86613000
75.80411930,70.86613000
75.80512410,78.74015000
75.80612890,78.74015000
75.80713370,78.74015000
75.80813850,78.74015000
75.80914330,78.74015000
75.81014810,78.74015000
75.81115290,82.67715000
75.81215770,82.67715000
75.81316250,78.74015000
75.81416729,74.80315000
75.81517209,78.74015000
75.81617689,78.74015000
75.81718169,78.74015000
75.81818649,70.86613000
75.81919129,78.74015000
75.82019609,74.80315000
75.82120089,78.74015000
75.82220569,78.74015000
75.82321049,78.74015000
75.82421529,78.74015000
75.82522009,78.74015000
75.82622489,78.74015000
75.82722969,78.74015000
75.82823449,74.80315000
75.82923929,74.80315000
75.83024409,78.74015000
75.83124889,78.74015000
75.83225369,78.74015000
75.83325849,82.67715000
75.83426329,78.74015000
75.83526809,78.74015000
75.83627289,74.80315000
75.83727769,74.80315000
75.83828249,78.74015000
75.83928729,82.67715000
75.84029209,82.67715000
75.84129689,70.86613000
75.84230169,74.80315000
75.84330649,78.74015000
75.84431129,82.67715000
75.84531609,86.61417000
75.84632089,86.61417000
75.84732569,86.61417000
75.84833049,86.61417000
75.84933529,86.61417000
75.85034009,90.55118000
75.85134489,82.67715000
75.85234969,82.67715000
75.85335449,86.61417000
75.85435929,90.55118000
75.85536409,90.55118000
75.85636889,94.48818000
75.85737369,94.48818000
75.85837849,90.55118000
75.85938329,86.61417000
75.86038809,90.55118000
75.86139289,90.55118000
75.86239769,86.61417000
75.86340249,90.55118000
75.86440729,94.48818000
75.86541209,90.55118000
75.86641689,90.55118000
75.86742169,90.55118000
75.86842649,90.55118000
75.86943129,86.61417000
75.87043609,94.48818000
75.87144089,90.55118000
75.87244569,94.48818000
75.87345049,90.55118000
75.87445529,94.48818000
75.87546009,94.48818000
75.87646489,94.48818000
75.87746969,90.55118000
75.87847449,90.55118000
75.87947929,94.48818000
75.88048409,90.55118000
75.88148889,90.55118000
75.88249369,94.48818000
75.88349849,90.55118000
75.88450329,90.55118000
75.88550809,94.48818000
75.88651289,94.48818000
75.88751769,102.36220000
75.88852249,98.42519000
75.88952729,98.42519000
75.89053209,98.42519000
75.89153689,98.42519000
75.89254169,102.36220000
75.89354649,94.48818000
75.89455129,98.42519000
75.89555609,98.42519000
75.89656089,98.42519000
75.89756569,98.42519000
75.89857049,98.42519000
75.89957529,90.55118000
75.90058009,94.48818000
75.90158489,94.48818000
75.90258969,114.17320000
75.90359449,98.42519000
75.90459929,102.36220000
75.90560409,102.36220000
75.90660889,98.42519000
75.90761369,102.36220000
75.90861849,94.48818000
75.90962329,102.36220000
75.91062809,106.29920000
75.91163289,102.36220000
75.91263769,102.36220000
75.91364249,102.36220000
75.91464729,102.36220000
75.91565209,102.36220000
75.91665689,102.36220000
75.91766169,98.42519000
75.91866649,86.61417000
75.91967129,90.55118000
75.92067609,98.42519000
75.92168089,98.42519000
75.92268569,106.29920000
75.92369049,106.29920000
75.92469529,106.29920000
75.92570009,110.23620000
75.92670489,110.23620000
75.92770969,106.29920000
75.92871449,110.23620000
75.92971929,110.23620000
75.93072409,110.23620000
75.93172889,106.29920000
75.93273369,102.36220000
75.93373849,106.29920000
75.93474329,102.36220000
75.93574809,106.29920000
75.93675289,110.23620000
75.93775769,106.29920000
75.93876249,106.29920000
75.93976729,106.29920000
75.94077209,102.36220000
75.94177689,106.29920000
75.94278169,106.29920000
75.94378649,102.36220000
75.94479129,110.23620000
75.94579609,106.29920000
75.94680089,110.23620000
75.94780569,110.23620000
75.94881049,110.23620000
75.94981529,106.29920000
75.95082009,110.23620000
75.95182489,110.23620000
75.95282969,110.23620000
75.95383449,110.23620000
75.95483929,110.23620000
75.95584409,110.23620000
75.95684889,122.04720000
75.95785369,106.29920000
75.95885849,106.29920000
75.95986329,106.29920000
75.96086809,114.17320000
75.96187289,114.17320000
75.96287769,114.17320000
75.96388249,114.17320000
75.96488729,114.17320000
75.96589209,110.23620000
75.96689689,114.17320000
75.96790169,110.23620000
75.96890649,114.17320000
75.96991129,118.11020000
75.97091609,118.11020000
75.97192089,122.04720000
75.97292569,118.11020000
75.97393049,118.11020000
75.97493529,114.17320000
75.97594009,122.04720000
75.97694489,118.11020000
75.97794969,118.11020000
75.97895449,118.11020000
75.97995929,122.04720000
75.98096409,118.11020000
75.98196889,118.11020000
75.98297369,114.17320000
75.98397849,118.11020000
75.98498329,122.04720000
75.98598809,122.04720000
75.98699289,122.04720000
75.98799769,122.04720000
75.98900249,122.04720000
75.99000729,122.04720000
75.99101209,125.98420000
75.99201689,118.11020000
75.99302169,122.04720000
75.99402649,133.85830000
75.99503129,118.11020000
75.99603609,118.11020000
75.99704089,106.29920000
75.99804569,122.04720000
75.99905049,122.04720000
76.00005529,133.85830000
76.00106009,129.92120000
76.00206489,125.98420000
76.00306969,122.04720000
76.00407449,125.98420000
76.00507929,129.92120000
76.00608409,129.92120000
76.00708889,129.92120000
76.00809369,125.98420000
76.00909849,129.92120000
76.01010329,129.92120000
76.01110809,125.98420000
76.01211289,133.85830000
76.01311769,125.98420000
76.01412249,122.04720000
76.01512729,129.92120000
76.01613209,122.04720000
76.01713689,129.92120000
76.01814169,129.92120000
76.01914649,129.92120000
76.02015129,125.98420000
76.02115609,133.85830000
76.02216089,129.92120000
76.02316569,133.85830000
76.02417049,125.98420000
76.02517529,125.98420000
76.02618009,125.98420000
76.02718489,125.98420000
76.02818969,129.92120000
76.02919449,129.92120000
76.03019929,125.98420000
76.03120409,129.92120000
76.03220889,129.92120000
76.03321369,129.92120000
76.03421849,122.04720000
76.03522329,125.98420000
76.03622809,129.92120000
76.03723289,129.92120000
76.03823769,129.92120000
76.03924249,133.85830000
76.04024729,133.85830000
76.04125209,133.85830000
76.04225689,137.79530000
76.04326169,137.79530000
76.04426649,133.85830000
76.04527129,133.85830000
76.04627609,129.92120000
76.04728089,133.85830000
76.04828569,141.73230000
76.04929049,137.79530000
76.05029529,137.79530000
76.05130009,133.85830000
76.05230489,133.85830000
76.05330969,133.85830000
76.05431449,141.73230000
76.05531929,133.85830000
76.05632409,133.85830000
76.05732889,133.85830000
76.05833369,141.73230000
76.05933849,137.79530000
76.06034329,133.85830000
76.06134809,137.79530000
76.06235289,137.79530000
76.06335769,137.79530000
76.06436249,133.85830000
76.06536729,141.73230000
76.06637209,141.73230000
76.06737689,137.79530000
76.06838169,133.85830000
76.06938649,137.79530000
76.07039129,133.85830000
76.07139609,137.79530000
76.07240089,137.79530000
76.07340569,133.85830000
76.07441049,129.92120000
76.07541529,133.85830000
76.07642009,137.79530000
76.07742489,137.79530000
76.07842969,133.85830000
76.07943449,133.85830000
76.08043929,133.85830000
76.08144409,141.73230000
76.08244889,141.73230000
76.08345369,141.73230000
76.08445849,141.73230000
76.08546329,145.66930000
76.08646809,145.66930000
76.08747289,149.60630000
76.08847769,149.60630000
76.08948249,153.54330000
76.09048729,149.60630000
76.09149209,149.60630000
76.09249689,149.60630000
76.09350169,149.60630000
76.09450649,137.79530000
76.09551129,153.54330000
76.09651609,145.66930000
76.09752089,165.35430000
76.09852569,153.54330000
76.09953049,157.48030000
76.10053529,157.48030000
76.10154009,157.48030000
76.10254489,153.54330000
76.10354969,153.54330000
76.10455449,153.54330000
76.10555929,153.54330000
76.10656409,153.54330000
76.10756889,153.54330000
76.10857369,161.41730000
76.10957849,157.48030000
76.11058329,157.48030000
76.11158809,149.60630000
76.11259289,145.66930000
76.11359769,149.60630000
76.11460249,149.60630000
76.11560729,153.54330000
76.11661209,153.54330000
76.11761689,149.60630000
76.11862169,153.54330000
76.11962649,153.54330000
76.12063129,157.48030000
76.12163609,157.48030000
76.12264089,157.48030000
76.12364569,157.48030000
76.12465049,153.54330000
76.12565529,153.54330000
76.12666009,157.48030000
76.12766489,153.54330000
76.12866969,153.54330000
76.12967449,153.54330000
76.13067929,157.48030000
76.13168409,157.48030000
76.13268889,157.48030000
76.13369369,153.54330000
76.13469849,157.48030000
76.13570329,161.41730000
76.13670809,157.48030000
76.13771289,161.41730000
76.13871769,157.48030000
76.13972249,157.48030000
76.14072729,161.41730000
76.14173209,165.35430000
76.14273689,161.41730000
76.14374168,153.54330000
76.14474648,157.48030000
76.14575128,161.41730000
76.14675608,165.35430000
76.14776088,161.41730000
76.14876568,157.48030000
76.14977048,161.41730000
76.15077528,165.35430000
76.15178008,161.41730000
76.15278488,157.48030000
76.15378968,161.41730000
76.15479448,165.35430000
76.15579928,165.35430000
76.15680408,165.35430000
76.15780888,169.29130000
76.15881368,161.41730000
76.15981848,161.41730000
76.16082328,161.41730000
76.16182808,161.41730000
76.16283288,161.41730000
76.16383768,165.35430000
76.16484248,157.48030000
76.16584728,165.35430000
76.16685208,161.41730000
76.16785688,161.41730000
76.16886168,161.41730000
76.16986648,165.35430000
76.17087128,161.41730000
76.17187608,161.41730000
76.17288088,161.41730000
76.17388568,161.41730000
76.17489048,157.48030000
76.17589528,157.48030000
76.17690008,161.41730000
76.17790488,157.48030000
76.17890968,161.41730000
76.17991448,165.35430000
76.18091928,165.35430000
76.18192408,165.35430000
76.18292888,165.35430000
76.18393368,165.35430000
76.18493848,161.41730000
76.18594328,161.41730000
76.18694808,161.41730000
76.18795288,165.35430000
76.18895768,169.29130000
76.18996248,169.29130000
76.19096728,173.22830000
76.19197208,157.48030000
76.19297688,165.35430000
76.19398168,165.35430000
76.19498648,169.29130000
76.19599128,169.29130000
76.19699608,173.22830000
76.19800088,169.29130000
76.19900568,177.16530000
76.20001048,169.29130000
76.20101528,177.16530000
76.20202008,177.16530000
76.20302488,177.16530000
76.20402968,177.16530000
76.20503448,177.16530000
76.20603928,173.22830000
76.20704408,169.29130000
76.20804888,169.29130000
76.20905368,173.22830000
76.21005848,169.29130000
76.21106328,165.35430000
76.21206808,173.22830000
76.21307288,173.22830000
76.21407768,173.22830000
76.21508248,173.22830000
76.21608728,173.22830000
76.21709208,173.22830000
76.21809688,177.16530000
76.21910168,173.22830000
76.22010648,173.22830000
76.22111128,169.29130000
76.22211608,173.22830000
76.22312088,173.22830000
76.22412568,173.22830000
76.22513048,169.29130000
76.22613528,173.22830000
76.22714008,169.29130000
76.22814488,177.16530000
76.22914968,185.03940000
76.23015448,177.16530000
76.23115928,181.10240000
76.23216408,177.16530000
76.23316888,173.22830000
76.23417368,173.22830000
76.23517848,173.22830000
76.23618328,177.16530000
76.23718808,185.03940000
76.23819288,177.16530000
76.23919768,177.16530000
76.24020248,185.03940000
76.24120728,181.10240000
76.24221208,181.10240000
76.24321688,181.10240000
76.24422168,185.03940000
76.24522648,181.10240000
76.24623128,181.10240000
76.24723608,181.10240000
76.24824088,188.97640000
76.24924568,177.16530000
76.25025048,185.03940000
76.25125528,185.03940000
76.25226008,181.10240000
76.25326488,185.03940000
76.25426968,185.03940000
76.25527448,181.10240000
76.25627928,181.10240000
76.25728408,185.03940000
76.25828888,181.10240000
76.25929368,181.10240000
76.26029848,185.03940000
76.26130328,185.03940000
76.26230808,188.97640000
76.26331288,181.10240000
76.26431768,185.03940000
76.26532248,188.97640000
76.26632728,181.10240000
76.26733208,181.10240000
76.26833688,181.10240000
76.26934168,185.03940000
76.27034648,185.03940000
76.27135128,181.10240000
76.27235608,181.10240000
76.27336088,173.22830000
76.27436568,173.22830000
76.27537048,181.10240000
76.27637528,177.16530000
76.27738008,181.10240000
76.27838488,188.97640000
76.27938968,185.03940000
76.28039448,181.10240000
76.28139928,185.03940000
76.28240408,188.97640000
76.28340888,185.03940000
76.28441368,188.97640000
76.28541848,192.91340000
76.28642328,185.03940000
76.28742808,185.03940000
76.28843288,188.97640000
76.28943768,181.10240000
76.29044248,188.97640000
76.29144728,185.03940000
76.29245208,192.91340000
76.29345688,188.97640000
76.29446168,188.97640000
76.29546648,185.03940000
76.29647128,188.97640000
76.29747608,188.97640000
76.29848088,188.97640000
76.29948568,185.03940000
76.30049048,188.97640000
76.30149528,192.91340000
76.30250008,188.97640000
76.30350488,188.97640000
76.30450968,196.85040000
76.30551448,188.97640000
76.30651928,185.03940000
76.30752408,188.97640000
76.30852888,192.91340000
76.30953368,192.91340000
76.31053848,192.91340000
76.31154328,196.85040000
76.31254808,181.10240000
76.31355288,181.10240000
76.31455768,185.03940000
76.31556248,181.10240000
76.31656728,192.91340000
76.31757208,188.97640000
76.31857688,188.97640000
76.31958168,192.91340000
76.32058648,192.91340000
76.32159128,192.91340000
76.32259608,185.03940000
76.32360088,192.91340000
76.32460568,188.97640000
76.32561048,192.91340000
76.32661528,192.91340000
76.32762008,196.85040000
76.32862488,192.91340000
76.32962968,188.97640000
76.33063448,192.91340000
76.33163928,192.91340000
76.33264408,192.91340000
76.33364888,192.91340000
76.33465368,188.97640000
76.33565848,188.97640000
76.33666328,192.91340000
76.33766808,188.97640000
76.33867288,188.97640000
76.33967768,185.03940000
76.34068248,188.97640000
76.34168728,192.91340000
76.34269208,200.78740000
76.34369688,192.91340000
76.34470168,192.91340000
76.34570648,196.85040000
76.34671128,192.91340000
76.34771608,192.91340000
76.34872088,200.78740000
76.34972568,196.85040000
76.35073048,188.97640000
76.35173528,192.91340000
76.35274008,192.91340000
76.35374488,192.91340000
76.35474968,188.97640000
76.35575448,196.85040000
76.35675928,196.85040000
76.35776408,196.85040000
76.35876888,200.78740000
76.35977368,196.85040000
76.36077848,196.85040000
76.36178328,200.78740000
76.36278808,200.78740000
76.36379288,196.85040000
76.36479768,200.78740000
76.36580248,204.72440000
76.36680728,196.85040000
76.36781208,200.78740000
76.36881688,196.85040000
76.36982168,200.78740000
76.37082648,192.91340000
76.37183128,192.91340000
76.37283608,192.91340000
76.37384088,196.85040000
76.37484568,196.85040000
76.37585048,196.85040000
76.37685528,200.78740000
76.37786008,204.72440000
76.37886488,200.78740000
76.37986968,200.78740000
76.38087448,196.85040000
76.38187928,200.78740000
76.38288408,196.85040000
76.38388888,200.78740000
76.38489368,200.78740000
76.38589848,192.91340000
76.38690328,192.91340000
76.38790808,200.78740000
76.38891288,196.85040000
76.38991768,192.91340000
76.39092248,192.91340000
76.39192728,196.85040000
76.39293208,196.85040000
76.39393688,196.85040000
76.39494168,196.85040000
76.39594648,196.85040000
76.39695128,196.85040000
76.39795608,204.72440000
76.39896088,200.78740000
76.39996568,200.78740000
76.40097048,200.78740000
76.40197528,192.91340000
76.40298008,188.97640000
76.40398488,196.85040000
76.40498968,196.85040000
76.40599448,216.53540000
76.40699928,196.85040000
76.40800408,200.78740000
76.40900888,196.85040000
76.41001368,200.78740000
76.41101848,200.78740000
76.41202328,200.78740000
76.41302808,200.78740000
76.41403288,200.78740000
76.41503768,200.78740000
76.41604248,196.85040000
76.41704728,204.72440000
76.41805208,200.78740000
76.41905688,200.78740000
76.42006168,196.85040000
76.42106648,200.78740000
76.42207128,200.78740000
76.42307608,192.91340000
76.42408088,192.91340000
76.42508568,196.85040000
76.42609048,196.85040000
76.42709528,196.85040000
76.42810008,196.85040000
76.42910488,200.78740000
76.43010968,204.72440000
76.43111448,208.66140000
76.43211928,204.72440000
76.43312408,208.66140000
76.43412888,208.66140000
76.43513368,208.66140000
76.43613848,196.85040000
76.43714328,204.72440000
76.43814808,200.78740000
76.43915288,204.72440000
76.44015768,204.72440000
76.44116248,204.72440000
76.44216728,204.72440000
76.44317208,204.72440000
76.44417688,208.66140000
76.44518168,212.59840000
76.44618648,204.72440000
76.44719128,208.66140000
76.44819608,196.85040000
76.44920088,196.85040000
76.45020568,200.78740000
76.45121048,204.72440000
76.45221528,204.72440000
76.45322008,200.78740000
76.45422488,204.72440000
76.45522968,208.66140000
76.45623448,208.66140000
76.45723928,208.66140000
76.45824408,208.66140000
76.45924888,208.66140000
76.46025368,208.66140000
76.46125848,208.66140000
76.46226328,204.72440000
76.46326808,208.66140000
76.46427288,200.78740000
76.46527768,204.72440000
76.46628248,204.72440000
76.46728728,208.66140000
76.46829208,208.66140000
76.46929688,200.78740000
76.47030168,204.72440000
76.47130648,200.78740000
76.47231127,204.72440000
76.47331607,208.66140000
76.47432087,208.66140000
76.47532567,204.72440000
76.47633047,200.78740000
76.47733527,204.72440000
76.47834007,204.72440000
76.47934487,204.72440000
76.48034967,204.72440000
76.48135447,208.66140000
76.48235927,212.59840000
76.48336407,212.59840000
76.48436887,208.66140000
76.48537367,208.66140000
76.48637847,204.72440000
76.48738327,208.66140000
76.48838807,216.53540000
76.48939287,216.53540000
76.49039767,208.66140000
76.49140247,208.66140000
76.49240727,212.59840000
76.49341207,212.59840000
76.49441687,212.59840000
76.49542167,212.59840000
76.49642647,208.66140000
76.49743127,208.66140000
76.49843607,212.59840000
76.49944087,208.66140000
76.50044567,204.72440000
76.50145047,204.72440000
76.50245527,208.66140000
76.50346007,228.34640000
76.50446487,208.66140000
76.50546967,208.66140000
76.50647447,212.59840000
76.50747927,216.53540000
76.50848407,204.72440000
76.50948887,212.59840000
76.51049367,212.59840000
76.51149847,216.53540000
76.51250327,212.59840000
76.51350807,208.66140000
76.51451287,208.66140000
76.51551767,204.72440000
76.51652247,204.72440000
76.51752727,200.78740000
76.51853207,200.78740000
76.51953687,204.72440000
76.52054167,204.72440000
76.52154647,212.59840000
76.52255127,208.66140000
76.52355607,208.66140000
76.52456087,208.66140000
76.52556567,208.66140000
76.52657047,208.66140000
76.52757527,204.72440000
76.52858007,208.66140000
76.52958487,204.72440000
76.53058967,208.66140000
76.53159447,208.66140000
76.53259927,208.66140000
76.53360407,204.72440000
76.53460887,204.72440000
76.53561367,204.72440000
76.53661847,204.72440000
76.53762327,208.66140000
76.53862807,208.66140000
76.53963287,204.72440000
76.54063767,212.59840000
76.54164247,212.59840000
76.54264727,212.59840000
76.54365207,208.66140000
76.54465687,208.66140000
76.54566167,208.66140000
76.54666647,220.47240000
76.54767127,212.59840000
76.54867607,216.53540000
76.54968087,212.59840000
76.55068567,208.66140000
76.55169047,212.59840000
76.55269527,220.47240000
76.55370007,216.53540000
76.55470487,216.53540000
76.55570967,216.53540000
76.55671447,212.59840000
76.55771927,216.53540000
76.55872407,216.53540000
76.55972887,220.47240000
76.56073367,216.53540000
76.56173847,220.47240000
76.56274327,220.47240000
76.56374807,228.34640000
76.56475287,228.34640000
76.56575767,216.53540000
76.56676247,216.53540000
76.56776727,220.47240000
76.56877207,224.40940000
76.56977687,220.47240000
76.57078167,220.47240000
76.57178647,220.47240000
76.57279127,220.47240000
76.57379607,224.40940000
76.57480087,224.40940000
76.57580567,216.53540000
76.57681047,220.47240000
76.57781527,220.47240000
76.57882007,220.47240000
76.57982487,216.53540000
76.58082967,220.47240000
76.58183447,220.47240000
76.58283927,212.59840000
76.58384407,212.59840000
76.58484887,220.47240000
76.58585367,216.53540000
76.58685847,216.53540000
76.58786327,216.53540000
76.58886807,216.53540000
76.58987287,212.59840000
76.59087767,212.59840000
76.59188247,208.66140000
76.59288727,208.66140000
76.59389207,216.53540000
76.59489687,208.66140000
76.59590167,216.53540000
76.59690647,216.53540000
76.59791127,204.72440000
76.59891607,212.59840000
76.59992087,208.66140000
76.60092567,224.40940000
76.60193047,216.53540000
76.60293527,216.53540000
76.60394007,212.59840000
76.60494487,216.53540000
76.60594967,220.47240000
76.60695447,212.59840000
76.60795927,220.47240000
76.60896407,212.59840000
76.60996887,216.53540000
76.61097367,216.53540000
76.61197847,216.53540000
76.61298327,216.53540000
76.61398807,216.53540000
76.61499287,216.53540000
76.61599767,216.53540000
76.61700247,212.59840000
76.61800727,216.53540000
76.61901207,216.53540000
76.62001687,216.53540000
76.62102167,208.66140000
76.62202647,208.66140000
76.62303127,208.66140000
76.62403607,212.59840000
76.62504087,216.53540000
76.62604567,220.47240000
76.62705047,216.53540000
76.62805527,216.53540000
76.62906007,216.53540000
76.63006487,216.53540000
76.63106967,208.66140000
76.63207447,212.59840000
76.63307927,212.59840000
76.63408407,216.53540000
76.63508887,216.53540000
76.63609367,208.66140000
76.63709847,216.53540000
76.63810327,208.66140000
76.63910807,212.59840000
76.64011287,212.59840000
76.64111767,212.59840000
76.64212247,212.59840000
76.64312727,208.66140000
76.64413207,216.53540000
76.64513687,212.59840000
76.64614167,212.59840000
76.64714647,208.66140000
76.64815127,216.53540000
76.64915607,212.59840000
76.65016087,216.53540000
76.65116567,216.53540000
76.65217047,212.59840000
76.65317527,216.53540000
76.65418007,228.34640000
76.65518487,212.59840000
76.65618967,216.53540000
76.65719447,212.59840000
76.65819927,216.53540000
76.65920407,216.53540000
76.66020887,216.53540000
76.66121367,228.34640000
76.66221847,220.47240000
76.66322327,216.53540000
76.66422807,212.59840000
76.66523287,216.53540000
76.66623767,216.53540000
76.66724247,212.59840000
76.66824727,212.59840000
76.66925207,216.53540000
76.67025687,212.59840000
76.67126167,212.59840000
76.67226647,212.59840000
76.67327127,212.59840000
76.67427607,212.59840000
76.67528087,216.53540000
76.67628567,208.66140000
76.67729047,208.66140000
76.67829527,212.59840000
76.67930007,212.59840000
76.68030487,208.66140000
76.68130967,212.59840000
76.68231447,212.59840000
76.68331927,208.66140000
76.68432407,216.53540000
76.68532887,216.53540000
76.68633367,216.53540000
76.68733847,212.59840000
76.68834327,216.53540000
76.68934807,216.53540000
76.69035287,212.59840000
76.69135767,216.53540000
76.69236247,212.59840000
76.69336727,208.66140000
76.69437207,212.59840000
76.69537687,204.72440000
76.69638167,212.59840000
76.69738647,216.53540000
76.69839127,224.40940000
76.69939607,220.47240000
76.70040087,220.47240000
76.70140567,220.47240000
76.70241047,220.47240000
76.70341527,216.53540000
76.70442007,216.53540000
76.70542487,220.47240000
76.70642967,220.47240000
76.70743447,220.47240000
76.70843927,220.47240000
76.70944407,216.53540000
76.71044887,216.53540000
76.71145367,220.47240000
76.71245847,208.66140000
76.71346327,212.59840000
76.71446807,216.53540000
76.71547287,216.53540000
76.71647767,220.47240000
76.71748247,216.53540000
76.71848727,216.53540000
76.71949207,212.59840000
76.72049687,212.59840000
76.72150167,216.53540000
76.72250647,216.53540000
76.72351127,216.53540000
76.72451607,212.59840000
76.72552087,216.53540000
76.72652567,216.53540000
76.72753047,212.59840000
76.72853527,212.59840000
76.72954007,216.53540000
76.73054487,212.59840000
76.73154967,208.66140000
76.73255447,208.66140000
76.73355927,208.66140000
76.73456407,208.66140000
76.73556887,220.47240000
76.73657367,212.59840000
76.73757847,216.53540000
76.73858327,216.53540000
76.73958807,220.47240000
76.74059287,212.59840000
76.74159767,216.53540000
76.74260247,216.53540000
76.74360727,216.53540000
76.74461207,216.53540000
76.74561687,212.59840000
76.74662167,212.59840000
76.74762647,216.53540000
76.74863127,216.53540000
76.74963607,216.53540000
76.75064087,220.47240000
76.75164567,216.53540000
76.75265047,212.59840000
76.75365527,216.53540000
76.75466007,216.53540000
76.75566487,220.47240000
76.75666967,216.53540000
76.75767447,212.59840000
76.75867927,216.53540000
76.75968407,212.59840000
76.76068887,216.53540000
76.76169367,208.66140000
76.76269847,220.47240000
76.76370327,212.59840000
76.76470807,216.53540000
76.76571287,216.53540000
76.76671767,220.47240000
76.76772247,216.53540000
76.76872727,216.53540000
76.76973207,212.59840000
76.77073687,216.53540000
76.77174167,208.66140000
76.77274647,212.59840000
76.77375127,208.66140000
76.77475607,212.59840000
76.77576087,212.59840000
76.77676567,212.59840000
76.77777047,208.66140000
76.77877527,212.59840000
76.77978007,208.66140000
76.78078487,216.53540000
76.78178967,208.66140000
76.78279447,216.53540000
76.78379927,208.66140000
76.78480407,212.59840000
76.78580887,204.72440000
76.78681367,208.66140000
76.78781847,208.66140000
76.78882327,208.66140000
76.78982807,208.66140000
76.79083287,208.66140000
76.79183767,212.59840000
76.79284247,208.66140000
76.79384727,200.78740000
76.79485207,208.66140000
76.79585687,208.66140000
76.79686167,208.66140000
76.79786647,208.66140000
76.79887127,208.66140000
76.79987607,208.66140000
76.80088086,208.66140000
76.80188566,208.66140000
76.80289046,208.66140000
76.80389526,208.66140000
76.80490006,212.59840000
76.80590486,212.59840000
76.80690966,208.66140000
76.80791446,212.59840000
76.80891926,204.72440000
76.80992406,208.66140000
76.81092886,204.72440000
76.81193366,204.72440000
76.81293846,204.72440000
76.81394326,212.59840000
76.81494806,212.59840000
76.81595286,212.59840000
76.81695766,212.59840000
76.81796246,212.59840000
76.81896726,208.66140000
76.81997206,208.66140000
76.82097686,208.66140000
76.82198166,204.72440000
76.82298646,208.66140000
76.82399126,208.66140000
76.82499606,204.72440000
76.82600086,200.78740000
76.82700566,204.72440000
76.82801046,208.66140000
76.82901526,200.78740000
76.83002006,212.59840000
76.83102486,204.72440000
76.83202966,204.72440000
76.83303446,204.72440000
76.83403926,204.72440000
76.83504406,204.72440000
76.83604886,204.72440000
76.83705366,208.66140000
76.83805846,204.72440000
76.83906326,204.72440000
76.84006806,208.66140000
76.84107286,208.66140000
76.84207766,200.78740000
76.84308246,200.78740000
76.84408726,204.72440000
76.84509206,204.72440000
76.84609686,200.78740000
76.84710166,204.72440000
76.84810646,200.78740000
76.84911126,208.66140000
76.85011606,204.72440000
76.85112086,208.66140000
76.85212566,208.66140000
76.85313046,208.66140000
76.85413526,212.59840000
76.85514006,208.66140000
76.85614486,204.72440000
76.85714966,204.72440000
76.85815446,208.66140000
76.85915926,204.72440000
76.86016406,208.66140000
76.86116886,208.66140000
76.86217366,212.59840000
76.86317846,204.72440000
76.86418326,216.53540000
76.86518806,208.66140000
76.86619286,208.66140000
76.86719766,208.66140000
76.86820246,208.66140000
76.86920726,208.66140000
76.87021206,204.72440000
76.87121686,208.66140000
76.87222166,208.66140000
76.87322646,212.59840000
76.87423126,208.66140000
76.87523606,208.66140000
76.87624086,204.72440000
76.87724566,212.59840000
76.87825046,204.72440000
76.87925526,208.66140000
76.88026006,204.72440000
76.88126486,204.72440000
76.88226966,204.72440000
76.88327446,208.66140000
76.88427926,212.59840000
76.88528406,208.66140000
76.88628886,212.59840000
76.88729366,216.53540000
76.88829846,212.59840000
76.88930326,208.66140000
76.89030806,208.66140000
76.89131286,204.72440000
76.89231766,208.66140000
76.89332246,216.53540000
76.89432726,212.59840000
76.89533206,208.66140000
76.89633686,200.78740000
76.89734166,208.66140000
76.89834646,204.72440000
76.89935126,208.66140000
76.90035606,208.66140000
76.90136086,216.53540000
76.90236566,212.59840000
76.90337046,204.72440000
76.90437526,204.72440000
76.90538006,204.72440000
76.90638486,200.78740000
76.90738966,200.78740000
76.90839446,200.78740000
76.90939926,212.59840000
76.91040406,208.66140000
76.91140886,200.78740000
76.91241366,204.72440000
76.91341846,200.78740000
76.91442326,204.72440000
76.91542806,204.72440000
76.91643286,204.72440000
76.91743766,196.85040000
76.91844246,200.78740000
76.91944726,200.78740000
76.92045206,204.72440000
76.92145686,204.72440000
76.92246166,204.72440000
76.92346646,204.72440000
76.92447126,200.78740000
76.92547606,212.59840000
76.92648086,204.72440000
76.92748566,208.66140000
76.92849046,208.66140000
76.92949526,204.72440000
76.93050006,208.66140000
76.93150486,208.66140000
76.93250966,204.72440000
76.93351446,204.72440000
76.93451926,208.66140000
76.93552406,204.72440000
76.93652886,208.66140000
76.93753366,204.72440000
76.93853846,204.72440000
76.93954326,200.78740000
76.94054806,204.72440000
76.94155286,204.72440000
76.94255766,208.66140000
76.94356246,200.78740000
76.94456726,204.72440000
76.94557206,204.72440000
76.94657686,204.72440000
76.94758166,204.72440000
76.94858646,200.78740000
76.94959126,200.78740000
76.95059606,200.78740000
76.95160086,196.85040000
76.95260566,204.72440000
76.95361046,200.78740000
76.95461526,204.72440000
76.95562006,196.85040000
76.95662486,188.97640000
76.95762966,192.91340000
76.95863446,196.85040000
76.95963926,204.72440000
76.96064406,200.78740000
76.96164886,204.72440000
76.96265366,200.78740000
76.96365846,200.78740000
76.96466326,204.72440000
76.96566806,204.72440000
76.96667286,208.66140000
76.96767766,204.72440000
76.96868246,200.78740000
76.96968726,212.59840000
76.97069206,200.78740000
76.97169686,200.78740000
76.97270166,196.85040000
76.97370646,200.78740000
76.97471126,200.78740000
76.97571606,200.78740000
76.97672086,204.72440000
76.97772566,200.78740000
76.97873046,200.78740000
76.97973526,200.78740000
76.98074006,204.72440000
76.98174486,200.78740000
76.98274966,200.78740000
76.98375446,200.78740000
76.98475926,200.78740000
76.98576406,200.78740000
76.98676886,196.85040000
76.98777366,200.78740000
76.98877846,196.85040000
76.98978326,200.78740000
76.99078806,204.72440000
76.99179286,196.85040000
76.99279766,196.85040000
76.99380246,196.85040000
76.99480726,204.72440000
76.99581206,200.78740000
76.99681686,200.78740000
76.99782166,204.72440000
76.99882646,204.72440000
76.99983126,200.78740000
77.00083606,208.66140000
77.00184086,208.66140000
77.00284566,204.72440000
77.00385046,200.78740000
77.00485526,204.72440000
77.00586006,200.78740000
77.00686486,220.47240000
77.00786966,208.66140000
77.00887446,204.72440000
77.00987926,208.66140000
77.01088406,208.66140000
77.01188886,200.78740000
77.01289366,204.72440000
77.01389846,208.66140000
77.01490326,204.72440000
77.01590806,204.72440000
77.01691286,208.66140000
77.01791766,204.72440000
77.01892246,208.66140000
77.01992726,208.66140000
77.02093206,200.78740000
77.02193686,200.78740000
77.02294166,204.72440000
77.02394646,204.72440000
77.02495126,204.72440000
77.02595606,200.78740000
77.02696086,204.72440000
77.02796566,204.72440000
77.02897046,204.72440000
77.02997526,200.78740000
77.03098006,208.66140000
77.03198486,204.72440000
77.03298966,204.72440000
77.03399446,204.72440000
77.03499926,204.72440000
77.03600406,208.66140000
77.03700886,208.66140000
77.03801366,204.72440000
77.03901846,208.66140000
77.04002326,208.66140000
77.04102806,208.66140000
77.04203286,204.72440000
77.04303766,208.66140000
77.04404246,212.59840000
77.04504726,208.66140000
77.04605206,204.72440000
77.04705686,212.59840000
77.04806166,208.66140000
77.04906646,208.66140000
77.05007126,208.66140000
77.05107606,204.72440000
77.05208086,208.66140000
77.05308566,204.72440000
77.05409046,204.72440000
77.05509526,208.66140000
77.05610006,216.53540000
77.05710486,208.66140000
77.05810966,204.72440000
77.05911446,208.66140000
77.06011926,208.66140000
77.06112406,204.72440000
77.06212886,212.59840000
77.06313366,208.66140000
77.06413846,204.72440000
77.06514326,208.66140000
77.06614806,208.66140000
77.06715286,208.66140000
77.06815766,204.72440000
77.06916246,200.78740000
77.07016726,200.78740000
77.07117206,200.78740000
77.07217686,204.72440000
77.07318166,204.72440000
77.07418646,212.59840000
77.07519126,212.59840000
77.07619606,216.53540000
77.07720086,212.59840000
77.07820566,212.59840000
77.07921046,212.59840000
77.08021526,212.59840000
77.08122006,212.59840000
77.08222486,208.66140000
77.08322966,216.53540000
77.08423446,208.66140000
77.08523926,208.66140000
77.08624406,204.72440000
77.08724886,204.72440000
77.08825366,208.66140000
77.08925846,208.66140000
77.09026326,212.59840000
77.09126806,212.59840000
77.09227286,212.59840000
77.09327766,212.59840000
77.09428246,208.66140000
77.09528726,208.66140000
77.09629206,204.72440000
77.09729686,212.59840000
77.09830166,204.72440000
77.09930646,204.72440000
77.10031126,208.66140000
77.10131606,188.97640000
77.10232086,204.72440000
77.10332566,208.66140000
77.10433046,224.40940000
77.10533526,208.66140000
77.10634006,204.72440000
77.10734486,220.47240000
77.10834966,208.66140000
77.10935446,208.66140000
77.11035926,196.85040000
77.11136406,200.78740000
77.11236886,200.78740000
77.11337366,200.78740000
77.11437846,204.72440000
77.11538326,204.72440000
77.11638806,204.72440000
77.11739286,212.59840000
77.11839766,204.72440000
77.11940246,204.72440000
77.12040726,208.66140000
77.12141206,204.72440000
77.12241686,208.66140000
77.12342166,208.66140000
77.12442646,204.72440000
77.12543126,212.59840000
77.12643606,204.72440000
77.12744086,204.72440000
77.12844566,208.66140000
77.12945046,208.66140000
77.13045525,204.72440000
77.13146005,204.72440000
77.13246485,212.59840000
77.13346965,208.66140000
77.13447445,204.72440000
77.13547925,204.72440000
77.13648405,204.72440000
77.13748885,212.59840000
77.13849365,204.72440000
77.13949845,208.66140000
77.14050325,208.66140000
77.14150805,204.72440000
77.14251285,212.59840000
77.14351765,208.66140000
77.14452245,208.66140000
77.14552725,216.53540000
77.14653205,204.72440000
77.14753685,204.72440000
77.14854165,208.66140000
77.14954645,204.72440000
77.15055125,196.85040000
77.15155605,196.85040000
77.15256085,204.72440000
77.15356565,200.78740000
77.15457045,204.72440000
77.15557525,204.72440000
77.15658005,208.66140000
77.15758485,204.72440000
77.15858965,208.66140000
77.15959445,208.66140000
77.16059925,204.72440000
77.16160405,208.66140000
77.16260885,204.72440000
77.16361365,204.72440000
77.16461845,204.72440000
77.16562325,204.72440000
77.16662805,204.72440000
77.16763285,200.78740000
77.16863765,204.72440000
77.16964245,204.72440000
77.17064725,204.72440000
77.17165205,204.72440000
77.17265685,200.78740000
77.17366165,204.72440000
77.17466645,204.72440000
77.17567125,200.78740000
77.17667605,204.72440000
77.17768085,208.66140000
77.17868565,204.72440000
77.17969045,200.78740000
77.18069525,204.72440000
77.18170005,204.72440000
77.18270485,204.72440000
77.18370965,200.78740000
77.18471445,196.85040000
77.18571925,204.72440000
77.18672405,208.66140000
77.18772885,200.78740000
77.18873365,188.97640000
77.18973845,200.78740000
77.19074325,200.78740000
77.19174805,204.72440000
77.19275285,208.66140000
77.19375765,204.72440000
77.19476245,204.72440000
77.19576725,212.59840000
77.19677205,212.59840000
77.19777685,212.59840000
77.19878165,204.72440000
77.19978645,208.66140000
77.20079125,212.59840000
77.20179605,220.47240000
77.20280085,208.66140000
77.20380565,220.47240000
77.20481045,216.53540000
77.20581525,212.59840000
77.20682005,216.53540000
77.20782485,216.53540000
77.20882965,220.47240000
77.20983445,212.59840000
77.21083925,212.59840000
77.21184405,212.59840000
77.21284885,220.47240000
77.21385365,212.59840000
77.21485845,216.53540000
77.21586325,216.53540000
77.21686805,212.59840000
77.21787285,212.59840000
77.21887765,216.53540000
77.21988245,212.59840000
77.22088725,212.59840000
77.22189205,204.72440000
77.22289685,208.66140000
77.22390165,212.59840000
77.22490645,212.59840000
77.22591125,208.66140000
77.22691605,200.78740000
77.22792085,200.78740000
77.22892565,200.78740000
77.22993045,208.66140000
77.23093525,204.72440000
77.23194005,204.72440000
77.23294485,204.72440000
77.23394965,204.72440000
77.23495445,204.72440000
77.23595925,204.72440000
77.23696405,204.72440000
77.23796885,204.72440000
77.23897365,204.72440000
77.23997845,208.66140000
77.24098325,204.72440000
77.24198805,208.66140000
77.24299285,200.78740000
77.24399765,208.66140000
77.24500245,204.72440000
77.24600725,208.66140000
77.24701205,196.85040000
77.24801685,204.72440000
77.24902165,196.85040000
77.25002645,204.72440000
77.25103125,216.53540000
77.25203605,204.72440000
77.25304085,204.72440000
77.25404565,208.66140000
77.25505045,208.66140000
77.25605525,208.66140000
77.25706005,212.59840000
77.25806485,204.72440000
77.25906965,204.72440000
77.26007445,208.66140000
77.26107925,208.66140000
77.26208405,208.66140000
77.26308885,208.66140000
77.26409365,208.66140000
77.26509845,220.47240000
77.26610325,200.78740000
77.26710805,200.78740000
77.26811285,208.66140000
77.26911765,208.66140000
77.27012245,208.66140000
77.27112725,208.66140000
77.27213205,212.59840000
77.27313685,212.59840000
77.27414165,204.72440000
77.27514645,204.72440000
77.27615125,208.66140000
77.27715605,200.78740000
77.27816085,204.72440000
77.27916565,204.72440000
77.28017045,200.78740000
77.28117525,196.85040000
77.28218005,200.78740000
77.28318485,196.85040000
77.28418965,196.85040000
77.28519445,200.78740000
77.28619925,200.78740000
77.28720405,200.78740000
77.28820885,200.78740000
77.28921365,196.85040000
77.29021845,200.78740000
77.29122325,200.78740000
77.29222805,196.85040000
77.29323285,196.85040000
77.29423765,200.78740000
77.29524245,196.85040000
77.29624725,185.03940000
77.29725205,192.91340000
77.29825685,200.78740000
77.29926165,192.91340000
77.30026645,200.78740000
77.30127125,200.78740000
77.30227605,188.97640000
77.30328085,196.85040000
77.30428565,200.78740000
77.30529045,192.91340000
77.30629525,188.97640000
77.30730005,196.85040000
77.30830485,188.97640000
77.30930965,196.85040000
77.31031445,196.85040000
77.31131925,196.85040000
77.31232405,200.78740000
77.31332885,192.91340000
77.31433365,196.85040000
77.31533845,192.91340000
77.31634325,200.78740000
77.31734805,196.85040000
77.31835285,196.85040000
77.31935765,196.85040000
77.32036245,200.78740000
77.32136725,192.91340000
77.32237205,200.78740000
77.32337685,196.85040000
77.32438165,192.91340000
77.32538645,196.85040000
77.32639125,200.78740000
77.32739605,196.85040000
77.32840085,196.85040000
77.32940565,196.85040000
77.33041045,188.97640000
77.33141525,196.85040000
77.33242005,196.85040000
77.33342485,196.85040000
77.33442965,196.85040000
77.33543445,192.91340000
77.33643925,196.85040000
77.33744405,188.97640000
77.33844885,196.85040000
77.33945365,192.91340000
77.34045845,200.78740000
77.34146325,196.85040000
77.34246805,192.91340000
77.34347285,188.97640000
77.34447765,192.91340000
77.34548245,188.97640000
77.34648725,188.97640000
77.34749205,188.97640000
77.34849685,192.91340000
77.34950165,192.91340000
77.35050645,192.91340000
77.35151125,192.91340000
77.35251605,196.85040000
77.35352085,200.78740000
77.35452565,192.91340000
77.35553045,192.91340000
77.35653525,196.85040000
77.35754005,196.85040000
77.35854485,196.85040000
77.35954965,188.97640000
77.36055445,196.85040000
77.36155925,188.97640000
77.36256405,188.97640000
77.36356885,188.97640000
77.36457365,192.91340000
77.36557845,192.91340000
77.36658325,196.85040000
77.36758805,192.91340000
77.36859285,192.91340000
77.36959765,192.91340000
77.37060245,192.91340000
77.37160725,188.97640000
77.37261205,192.91340000
77.37361685,196.85040000
77.37462165,192.91340000
77.37562645,192.91340000
77.37663125,188.97640000
77.37763605,192.91340000
77.37864085,188.97640000
77.37964565,192.91340000
77.38065045,196.85040000
77.38165525,192.91340000
77.38266005,196.85040000
77.38366485,185.03940000
77.38466965,188.97640000
77.38567445,188.97640000
77.38667925,196.85040000
77.38768405,196.85040000
77.38868885,196.85040000
77.38969365,204.72440000
77.39069845,196.85040000
77.39170325,196.85040000
77.39270805,192.91340000
77.39371285,196.85040000
77.39471765,192.91340000
77.39572245,192.91340000
77.39672725,196.85040000
77.39773205,188.97640000
77.39873685,196.85040000
77.39974165,200.78740000
77.40074645,196.85040000
77.40175125,196.85040000
77.40275605,196.85040000
77.40376085,196.85040000
77.40476565,196.85040000
77.40577045,196.85040000
77.40677525,200.78740000
77.40778005,192.91340000
77.40878485,192.91340000
77.40978965,192.91340000
77.41079445,196.85040000
77.41179925,192.91340000
77.41280405,196.85040000
77.41380885,200.78740000
77.41481365,196.85040000
77.41581845,196.85040000
77.41682325,196.85040000
77.41782805,200.78740000
77.41883285,196.85040000
77.41983765,200.78740000
77.42084245,192.91340000
77.42184725,185.03940000
77.42285205,192.91340000
77.42385685,192.91340000
77.42486165,192.91340000
77.42586645,196.85040000
77.42687125,192.91340000
77.42787605,200.78740000
77.42888085,196.85040000
77.42988565,200.78740000
77.43089045,196.85040000
77.43189525,204.72440000
77.43290005,200.78740000
77.43390485,196.85040000
77.43490965,200.78740000
77.43591445,200.78740000
77.43691925,192.91340000
77.43792405,200.78740000
77.43892885,196.85040000
77.43993365,196.85040000
77.44093845,196.85040000
77.44194325,200.78740000
77.44294805,192.91340000
77.44395285,192.91340000
77.44495765,196.85040000
77.44596245,200.78740000
77.44696725,196.85040000
77.44797205,200.78740000
77.44897685,200.78740000
77.44998165,196.85040000
77.45098645,200.78740000
77.45199125,196.85040000
77.45299605,200.78740000
77.45400085,196.85040000
77.45500565,200.78740000
77.45601045,200.78740000
77.45701525,204.72440000
77.45802005,200.78740000
77.45902484,196.85040000
77.46002964,188.97640000
77.46103444,192.91340000
77.46203924,192.91340000
77.46304404,192.91340000
77.46404884,192.91340000
77.46505364,196.85040000
77.46605844,196.85040000
77.46706324,200.78740000
77.46806804,204.72440000
77.46907284,196.85040000
77.47007764,192.91340000
77.47108244,196.85040000
77.47208724,196.85040000
77.47309204,200.78740000
77.47409684,192.91340000
77.47510164,188.97640000
77.47610644,192.91340000
77.47711124,192.91340000
77.47811604,196.85040000
77.47912084,200.78740000
77.48012564,192.91340000
77.48113044,192.91340000
77.48213524,196.85040000
77.48314004,192.91340000
77.48414484,196.85040000
77.48514964,196.85040000
77.48615444,192.91340000
77.48715924,200.78740000
77.48816404,196.85040000
77.48916884,196.85040000
77.49017364,196.85040000
77.49117844,192.91340000
77.49218324,196.85040000
77.49318804,196.85040000
77.49419284,196.85040000
77.49519764,192.91340000
77.49620244,196.85040000
77.49720724,200.78740000
77.49821204,192.91340000
77.49921684,181.10240000
77.50022164,192.91340000
77.50122644,192.91340000
77.50223124,188.97640000
77.50323604,196.85040000
77.50424084,196.85040000
77.50524564,200.78740000
77.50625044,196.85040000
77.50725524,188.97640000
77.50826004,196.85040000
77.50926484,192.91340000
77.51026964,212.59840000
77.51127444,200.78740000
77.51227924,196.85040000
77.51328404,192.91340000
77.51428884,196.85040000
77.51529364,192.91340000
77.51629844,192.91340000
77.51730324,196.85040000
77.51830804,192.91340000
77.51931284,192.91340000
77.52031764,188.97640000
77.52132244,192.91340000
77.52232724,196.85040000
77.52333204,196.85040000
77.52433684,188.97640000
77.52534164,188.97640000
77.52634644,196.85040000
77.52735124,192.91340000
77.52835604,192.91340000
77.52936084,196.85040000
77.53036564,188.97640000
77.53137044,200.78740000
77.53237524,192.91340000
77.53338004,196.85040000
77.53438484,188.97640000
77.53538964,192.91340000
77.53639444,192.91340000
77.53739924,200.78740000
77.53840404,188.97640000
77.53940884,192.91340000
77.54041364,185.03940000
77.54141844,188.97640000
77.54242324,192.91340000
77.54342804,196.85040000
77.54443284,192.91340000
77.54543764,196.85040000
77.54644244,196.85040000
77.54744724,192.91340000
77.54845204,192.91340000
77.54945684,196.85040000
77.55046164,196.85040000
77.55146644,196.85040000
77.55247124,192.91340000
77.55347604,196.85040000
77.55448084,192.91340000
77.55548564,192.91340000
77.55649044,192.91340000
77.55749524,192.91340000
77.55850004,192.91340000
77.55950484,192.91340000
77.56050964,196.85040000
77.56151444,192.91340000
77.56251924,192.91340000
77.56352404,196.85040000
77.56452884,196.85040000
77.56553364,200.78740000
77.56653844,200.78740000
77.56754324,196.85040000
77.56854804,200.78740000
77.56955284,196.85040000
77.57055764,192.91340000
77.57156244,200.78740000
77.57256724,196.85040000
77.57357204,196.85040000
77.57457684,192.91340000
77.57558164,192.91340000
77.57658644,200.78740000
77.57759124,185.03940000
77.57859604,192.91340000
77.57960084,192.91340000
77.58060564,196.85040000
77.58161044,196.85040000
77.58261524,196.85040000
77.58362004,196.85040000
77.58462484,200.78740000
77.58562964,200.78740000
77.58663444,192.91340000
77.58763924,204.72440000
77.58864404,196.85040000
77.58964884,192.91340000
77.59065364,200.78740000
77.59165844,192.91340000
77.59266324,196.85040000
77.59366804,196.85040000
77.59467284,200.78740000
77.59567764,196.85040000
77.59668244,192.91340000
77.59768724,192.91340000
77.59869204,196.85040000
77.59969684,192.91340000
77.60070164,196.85040000
77.60170644,200.78740000
77.60271124,200.78740000
77.60371604,196.85040000
77.60472084,181.10240000
77.60572564,196.85040000
77.60673044,192.91340000
77.60773524,208.66140000
77.60874004,196.85040000
77.60974484,200.78740000
77.61074964,196.85040000
77.61175444,196.85040000
77.61275924,196.85040000
77.61376404,192.91340000
77.61476884,196.85040000
77.61577364,196.85040000
77.61677844,196.85040000
77.61778324,192.91340000
77.61878804,196.85040000
77.61979284,200.78740000
77.62079764,200.78740000
77.62180244,196.85040000
77.62280724,196.85040000
77.62381204,192.91340000
77.62481684,196.85040000
77.62582164,200.78740000
77.62682644,196.85040000
77.62783124,204.72440000
77.62883604,200.78740000
77.62984084,192.91340000
77.63084564,196.85040000
77.63185044,196.85040000
77.63285524,196.85040000
77.63386004,200.78740000
77.63486484,196.85040000
77.63586964,196.85040000
77.63687444,196.85040000
77.63787924,192.91340000
77.63888404,196.85040000
77.63988884,192.91340000
77.64089364,196.85040000
77.64189844,200.78740000
77.64290324,188.97640000
77.64390804,196.85040000
77.64491284,196.85040000
77.64591764,192.91340000
77.64692244,196.85040000
77.64792724,196.85040000
77.64893204,192.91340000
77.64993684,196.85040000
77.65094164,188.97640000
77.65194644,192.91340000
77.65295124,188.97640000
77.65395604,188.97640000
77.65496084,188.97640000
77.65596564,196.85040000
77.65697044,196.85040000
77.65797524,200.78740000
77.65898004,196.85040000
77.65998484,196.85040000
77.66098964,200.78740000
77.66199444,196.85040000
77.66299924,192.91340000
77.66400404,192.91340000
77.66500884,192.91340000
77.66601364,192.91340000
77.66701844,200.78740000
77.66802324,192.91340000
77.66902804,192.91340000
77.67003284,192.91340000
77.67103764,192.91340000
77.67204244,192.91340000
77.67304724,196.85040000
77.67405204,192.91340000
77.67505684,192.91340000
77.67606164,196.85040000
77.67706644,192.91340000
77.67807124,192.91340000
77.67907604,196.85040000
77.68008084,192.91340000
77.68108564,196.85040000
77.68209044,196.85040000
77.68309524,196.85040000
77.68410004,192.91340000
77.68510484,196.85040000
77.68610964,185.03940000
77.68711444,188.97640000
77.68811924,192.91340000
77.68912404,192.91340000
77.69012884,185.03940000
77.69113364,192.91340000
77.69213844,188.97640000
77.69314324,196.85040000
77.69414804,192.91340000
77.69515284,192.91340000
77.69615764,200.78740000
77.69716244,196.85040000
77.69816724,200.78740000
77.69917204,196.85040000
77.70017684,192.91340000
77.70118164,192.91340000
77.70218644,188.97640000
77.70319124,188.97640000
77.70419604,192.91340000
77.70520084,196.85040000
77.70620564,192.91340000
77.70721044,192.91340000
77.70821524,188.97640000
77.70922004,188.97640000
77.71022484,192.91340000
77.71122964,196.85040000
77.71223444,196.85040000
77.71323924,188.97640000
77.71424404,192.91340000
77.71524884,188.97640000
77.71625364,188.97640000
77.71725844,192.91340000
77.71826324,188.97640000
77.71926804,192.91340000
77.72027284,185.03940000
77.72127764,192.91340000
77.72228244,188.97640000
77.72328724,192.91340000
77.72429204,188.97640000
77.72529684,192.91340000
77.72630164,188.97640000
77.72730644,188.97640000
77.72831124,181.10240000
77.72931604,188.97640000
77.73032084,196.85040000
77.73132564,181.10240000
77.73233044,188.97640000
77.73333524,192.91340000
77.73434004,192.91340000
77.73534484,192.91340000
77.73634964,192.91340000
77.73735444,188.97640000
77.73835924,188.97640000
77.73936404,196.85040000
77.74036884,192.91340000
77.74137364,192.91340000
77.74237844,196.85040000
77.74338324,196.85040000
77.74438804,196.85040000
77.74539284,192.91340000
77.74639764,196.85040000
77.74740244,188.97640000
77.74840724,196.85040000
77.74941204,192.91340000
77.75041684,196.85040000
77.75142164,188.97640000
77.75242644,188.97640000
77.75343124,188.97640000
77.75443604,196.85040000
77.75544084,200.78740000
77.75644564,192.91340000
77.75745044,192.91340000
77.75845524,192.91340000
77.75946004,188.97640000
77.76046484,192.91340000
77.76146964,196.85040000
77.76247444,192.91340000
77.76347924,188.97640000
77.76448404,192.91340000
77.76548884,192.91340000
77.76649364,192.91340000
77.76749844,196.85040000
77.76850324,185.03940000
77.76950804,181.10240000
77.77051284,181.10240000
77.77151764,192.91340000
77.77252244,192.91340000
77.77352724,192.91340000
77.77453204,196.85040000
77.77553684,192.91340000
77.77654164,192.91340000
77.77754644,188.97640000
77.77855124,188.97640000
77.77955604,188.97640000
77.78056084,192.91340000
77.78156564,192.91340000
77.78257044,188.97640000
77.78357524,192.91340000
77.78458004,185.03940000
77.78558484,192.91340000
77.78658964,188.97640000
77.78759443,188.97640000
77.78859923,185.03940000
77.78960403,192.91340000
77.79060883,192.91340000
77.79161363,185.03940000
77.79261843,192.91340000
77.79362323,192.91340000
77.79462803,192.91340000
77.79563283,188.97640000
77.79663763,192.91340000
77.79764243,192.91340000
77.79864723,188.97640000
77.79965203,185.03940000
77.80065683,188.97640000
77.80166163,185.03940000
77.80266643,188.97640000
77.80367123,188.97640000
77.80467603,188.97640000
77.80568083,181.10240000
77.80668563,181.10240000
77.80769043,185.03940000
77.80869523,185.03940000
77.80970003,188.97640000
77.81070483,188.97640000
77.81170963,188.97640000
77.81271443,188.97640000
77.81371923,192.91340000
77.81472403,192.91340000
77.81572883,188.97640000
77.81673363,185.03940000
77.81773843,185.03940000
77.81874323,188.97640000
77.81974803,188.97640000
77.82075283,188.97640000
77.82175763,188.97640000
77.82276243,188.97640000
77.82376723,188.97640000
77.82477203,188.97640000
77.82577683,188.97640000
77.82678163,188.97640000
77.82778643,188.97640000
77.82879123,188.97640000
77.82979603,185.03940000
77.83080083,185.03940000
77.83180563,181.10240000
77.83281043,181.10240000
77.83381523,185.03940000
77.83482003,181.10240000
77.83582483,188.97640000
77.83682963,181.10240000
77.83783443,185.03940000
77.83883923,181.10240000
77.83984403,188.97640000
77.84084883,185.03940000
77.84185363,185.03940000
77.84285843,181.10240000
77.84386323,177.16530000
77.84486803,181.10240000
77.84587283,181.10240000
77.84687763,177.16530000
77.84788243,181.10240000
77.84888723,177.16530000
77.84989203,173.22830000
77.85089683,188.97640000
77.85190163,185.03940000
77.85290643,188.97640000
77.85391123,192.91340000
77.85491603,181.10240000
77.85592083,185.03940000
77.85692563,177.16530000
77.85793043,185.03940000
77.85893523,185.03940000
77.85994003,181.10240000
77.86094483,181.10240000
77.86194963,185.03940000
77.86295443,181.10240000
77.86395923,185.03940000
77.86496403,177.16530000
77.86596883,181.10240000
77.86697363,173.22830000
77.86797843,188.97640000
77.86898323,185.03940000
77.86998803,185.03940000
77.87099283,181.10240000
77.87199763,181.10240000
77.87300243,185.03940000
77.87400723,181.10240000
77.87501203,181.10240000
77.87601683,185.03940000
77.87702163,181.10240000
77.87802643,181.10240000
77.87903123,177.16530000
77.88003603,181.10240000
77.88104083,177.16530000
77.88204563,181.10240000
77.88305043,177.16530000
77.88405523,173.22830000
77.88506003,177.16530000
77.88606483,181.10240000
77.88706963,177.16530000
77.88807443,185.03940000
77.88907923,181.10240000
77.89008403,181.10240000
77.89108883,188.97640000
77.89209363,181.10240000
77.89309843,181.10240000
77.89410323,188.97640000
77.89510803,181.10240000
77.89611283,185.03940000
77.89711763,177.16530000
77.89812243,173.22830000
77.89912723,181.10240000
77.90013203,173.22830000
77.90113683,185.03940000
77.90214163,181.10240000
77.90314643,177.16530000
77.90415123,177.16530000
77.90515603,181.10240000
77.90616083,177.16530000
77.90716563,185.03940000
77.90817043,181.10240000
77.90917523,185.03940000
77.91018003,181.10240000
77.91118483,181.10240000
77.91218963,181.10240000
77.91319443,169.29130000
77.91419923,181.10240000
77.91520403,181.10240000
77.91620883,181.10240000
77.91721363,181.10240000
77.91821843,181.10240000
77.91922323,185.03940000
77.92022803,177.16530000
77.92123283,181.10240000
77.92223763,177.16530000
77.92324243,177.16530000
77.92424723,181.10240000
77.92525203,177.16530000
77.92625683,185.03940000
77.92726163,177.16530000
77.92826643,181.10240000
77.92927123,185.03940000
77.93027603,185.03940000
77.93128083,177.16530000
77.93228563,177.16530000
77.93329043,181.10240000
77.93429523,188.97640000
77.93530003,185.03940000
77.93630483,181.10240000
77.93730963,188.97640000
77.93831443,185.03940000
77.93931923,185.03940000
77.94032403,185.03940000
77.94132883,181.10240000
77.94233363,181.10240000
77.94333843,181.10240000
77.94434323,173.22830000
77.94534803,185.03940000
77.94635283,177.16530000
77.94735763,181.10240000
77.94836243,177.16530000
77.94936723,188.97640000
77.95037203,185.03940000
77.95137683,181.10240000
77.95238163,181.10240000
77.95338643,181.10240000
77.95439123,181.10240000
77.95539603,177.16530000
77.95640083,181.10240000
77.95740563,185.03940000
77.95841043,181.10240000
77.95941523,177.16530000
77.96042003,177.16530000
77.96142483,173.22830000
77.96242963,177.16530000
77.96343443,173.22830000
77.96443923,177.16530000
77.96544403,181.10240000
77.96644883,181.10240000
77.96745363,185.03940000
77.96845843,181.10240000
77.96946323,181.10240000
77.97046803,177.16530000
77.97147283,185.03940000
77.97247763,181.10240000
77.97348243,177.16530000
77.97448723,177.16530000
77.97549203,181.10240000
77.97649683,177.16530000
77.97750163,181.10240000
77.97850643,177.16530000
77.97951123,177.16530000
77.98051603,177.16530000
77.98152083,177.16530000
77.98252563,185.03940000
77.98353043,177.16530000
77.98453523,177.16530000
77.98554003,177.16530000
77.98654483,181.10240000
77.98754963,185.03940000
77.98855443,181.10240000
77.98955923,177.16530000
77.99056403,185.03940000
77.99156883,181.10240000
77.99257363,177.16530000
77.99357843,181.10240000
77.99458323,177.16530000
77.99558803,181.10240000
77.99659283,177.16530000
77.99759763,177.16530000
77.99860243,177.16530000
77.99960723,173.22830000
78.00061203,177.16530000
78.00161683,173.22830000
78.00262163,181.10240000
78.00362643,181.10240000
78.00463123,181.10240000
78.00563603,181.10240000
78.00664083,181.10240000
78.00764563,181.10240000
78.00865043,177.16530000
78.00965523,185.03940000
78.01066003,173.22830000
78.01166483,177.16530000
78.01266963,177.16530000
78.01367443,200.78740000
78.01467923,181.10240000
78.01568403,181.10240000
78.01668883,185.03940000
78.01769363,181.10240000
78.01869843,177.16530000
78.01970323,181.10240000
78.02070803,181.10240000
78.02171283,177.16530000
78.02271763,181.10240000
78.02372243,177.16530000
78.02472723,177.16530000
78.02573203,177.16530000
78.02673683,177.16530000
78.02774163,173.22830000
78.02874643,177.16530000
78.02975123,177.16530000
78.03075603,177.16530000
78.03176083,177.16530000
78.03276563,177.16530000
78.03377043,177.16530000
78.03477523,177.16530000
78.03578003,181.10240000
78.03678483,173.22830000
78.03778963,169.29130000
78.03879443,177.16530000
78.03979923,177.16530000
78.04080403,177.16530000
78.04180883,185.03940000
78.04281363,177.16530000
78.04381843,173.22830000
78.04482323,177.16530000
78.04582803,173.22830000
78.04683283,181.10240000
78.04783763,181.10240000
78.04884243,181.10240000
78.04984723,177.16530000
78.05085203,177.16530000
78.05185683,181.10240000
78.05286163,177.16530000
78.05386643,177.16530000
78.05487123,181.10240000
78.05587603,181.10240000
78.05688083,177.16530000
78.05788563,181.10240000
78.05889043,177.16530000
78.05989523,169.29130000
78.06090003,173.22830000
78.06190483,173.22830000
78.06290963,177.16530000
78.06391443,181.10240000
78.06491923,181.10240000
78.06592403,173.22830000
78.06692883,185.03940000
78.06793363,177.16530000
78.06893843,177.16530000
78.06994323,177.16530000
78.07094803,177.16530000
78.07195283,173.22830000
78.07295763,173.22830000
78.07396243,177.16530000
78.07496723,165.35430000
78.07597203,169.29130000
78.07697683,169.29130000
78.07798163,169.29130000
78.07898643,177.16530000
78.07999123,177.16530000
78.08099603,181.10240000
78.08200083,181.10240000
78.08300563,181.10240000
78.08401043,177.16530000
78.08501523,181.10240000
78.08602003,173.22830000
78.08702483,177.16530000
78.08802963,177.16530000
78.08903443,181.10240000
78.09003923,181.10240000
78.09104403,173.22830000
78.09204883,181.10240000
78.09305363,165.35430000
78.09405843,173.22830000
78.09506323,173.22830000
78.09606803,173.22830000
78.09707283,173.22830000
78.09807763,177.16530000
78.09908243,173.22830000
78.10008723,177.16530000
78.10109203,181.10240000
78.10209683,173.22830000
78.10310163,177.16530000
78.10410643,181.10240000
78.10511123,177.16530000
78.10611603,181.10240000
78.10712083,181.10240000
78.10812563,161.41730000
78.10913043,177.16530000
78.11013523,169.29130000
78.11114003,192.91340000
78.11214483,181.10240000
78.11314963,169.29130000
78.11415443,169.29130000
78.11515923,173.22830000
78.11616403,173.22830000
78.11716882,177.16530000
78.11817362,173.22830000
78.11917842,173.22830000
78.12018322,177.16530000
78.12118802,177.16530000
78.12219282,181.10240000
78.12319762,181.10240000
78.12420242,177.16530000
78.12520722,173.22830000
78.12621202,173.22830000
78.12721682,173.22830000
78.12822162,177.16530000
78.12922642,181.10240000
78.13023122,173.22830000
78.13123602,173.22830000
78.13224082,181.10240000
78.13324562,177.16530000
78.13425042,173.22830000
78.13525522,177.16530000
78.13626002,173.22830000
78.13726482,177.16530000
78.13826962,177.16530000
78.13927442,177.16530000
78.14027922,177.16530000
78.14128402,169.29130000
78.14228882,173.22830000
78.14329362,169.29130000
78.14429842,173.22830000
78.14530322,177.16530000
78.14630802,173.22830000
78.14731282,173.22830000
78.14831762,173.22830000
78.14932242,173.22830000
78.15032722,177.16530000
78.15133202,177.16530000
78.15233682,165.35430000
78.15334162,169.29130000
78.15434642,173.22830000
78.15535122,169.29130000
78.15635602,165.35430000
78.15736082,173.22830000
78.15836562,169.29130000
78.15937042,173.22830000
78.16037522,177.16530000
78.16138002,177.16530000
78.16238482,173.22830000
78.16338962,165.35430000
78.16439442,177.16530000
78.16539922,177.16530000
78.16640402,173.22830000
78.16740882,177.16530000
78.16841362,177.16530000
78.16941842,173.22830000
78.17042322,177.16530000
78.17142802,173.22830000
78.17243282,173.22830000
78.17343762,177.16530000
78.17444242,173.22830000
78.17544722,173.22830000
78.17645202,173.22830000
78.17745682,177.16530000
78.17846162,177.16530000
78.17946642,173.22830000
78.18047122,173.22830000
78.18147602,173.22830000
78.18248082,177.16530000
78.18348562,177.16530000
78.18449042,173.22830000
78.18549522,177.16530000
78.18650002,177.16530000
78.18750482,169.29130000
78.18850962,169.29130000
78.18951442,177.16530000
78.19051922,149.60630000
78.19152402,165.35430000
78.19252882,169.29130000
78.19353362,177.16530000
78.19453842,173.22830000
78.19554322,173.22830000
78.19654802,177.16530000
78.19755282,173.22830000
78.19855762,173.22830000
78.19956242,181.10240000
78.20056722,173.22830000
78.20157202,173.22830000
78.20257682,177.16530000
78.20358162,177.16530000
78.20458642,173.22830000
78.20559122,169.29130000
78.20659602,169.29130000
78.20760082,169.29130000
78.20860562,173.22830000
78.20961042,177.16530000
78.21061522,177.16530000
78.21162002,173.22830000
78.21262482,169.29130000
78.21362962,177.16530000
78.21463442,173.22830000
78.21563922,173.22830000
78.21664402,173.22830000
78.21764882,169.29130000
78.21865362,177.16530000
78.21965842,173.22830000
78.22066322,177.16530000
78.22166802,173.22830000
78.22267282,165.35430000
78.22367762,169.29130000
78.22468242,177.16530000
78.22568722,177.16530000
78.22669202,177.16530000
78.22769682,169.29130000
78.22870162,169.29130000
78.22970642,169.29130000
78.23071122,165.35430000
78.23171602,177.16530000
78.23272082,173.22830000
78.23372562,177.16530000
78.23473042,177.16530000
78.23573522,173.22830000
78.23674002,173.22830000
78.23774482,177.16530000
78.23874962,177.16530000
78.23975442,169.29130000
78.24075922,169.29130000
78.24176402,181.10240000
78.24276882,173.22830000
78.24377362,173.22830000
78.24477842,181.10240000
78.24578322,173.22830000
78.24678802,173.22830000
78.24779282,173.22830000
78.24879762,169.29130000
78.24980242,177.16530000
78.25080722,173.22830000
78.25181202,173.22830000
78.25281682,177.16530000
78.25382162,173.22830000
78.25482642,169.29130000
78.25583122,173.22830000
78.25683602,169.29130000
78.25784082,173.22830000
78.25884562,169.29130000
78.25985042,173.22830000
78.26085522,177.16530000
78.26186002,173.22830000
78.26286482,173.22830000
78.26386962,173.22830000
78.26487442,173.22830000
78.26587922,169.29130000
78.26688402,169.29130000
78.26788882,165.35430000
78.26889362,169.29130000
78.26989842,173.22830000
78.27090322,165.35430000
78.27190802,169.29130000
78.27291282,173.22830000
78.27391762,177.16530000
78.27492242,169.29130000
78.27592722,169.29130000
78.27693202,173.22830000
78.27793682,169.29130000
78.27894162,173.22830000
78.27994642,173.22830000
78.28095122,173.22830000
78.28195602,173.22830000
78.28296082,173.22830000
78.28396562,173.22830000
78.28497042,177.16530000
78.28597522,173.22830000
78.28698002,173.22830000
78.28798482,169.29130000
78.28898962,169.29130000
78.28999442,169.29130000
78.29099922,177.16530000
78.29200402,173.22830000
78.29300882,173.22830000
78.29401362,165.35430000
78.29501842,173.22830000
78.29602322,177.16530000
78.29702802,173.22830000
78.29803282,177.16530000
78.29903762,177.16530000
78.30004242,169.29130000
78.30104722,169.29130000
78.30205202,177.16530000
78.30305682,169.29130000
78.30406162,173.22830000
78.30506642,169.29130000
78.30607122,169.29130000
78.30707602,173.22830000
78.30808082,173.22830000
78.30908562,177.16530000
78.31009042,173.22830000
78.31109522,177.16530000
78.31210002,177.16530000
78.31310482,177.16530000
78.31410962,177.16530000
78.31511442,177.16530000
78.31611922,173.22830000
78.31712402,177.16530000
78.31812882,173.22830000
78.31913362,173.22830000
78.32013842,173.22830000
78.32114322,169.29130000
78.32214802,173.22830000
78.32315282,173.22830000
78.32415762,177.16530000
78.32516242,177.16530000
78.32616722,177.16530000
78.32717202,177.16530000
78.32817682,173.22830000
78.32918162,177.16530000
78.33018642,173.22830000
78.33119122,177.16530000
78.33219602,173.22830000
78.33320082,177.16530000
78.33420562,169.29130000
78.33521042,173.22830000
78.33621522,169.29130000
78.33722002,173.22830000
78.33822482,173.22830000
78.33922962,177.16530000
78.34023442,173.22830000
78.34123922,161.41730000
78.34224402,165.35430000
78.34324882,173.22830000
78.34425362,173.22830000
78.34525842,169.29130000
78.34626322,173.22830000
78.34726802,173.22830000
78.34827282,173.22830000
78.34927762,177.16530000
78.35028242,177.16530000
78.35128722,173.22830000
78.35229202,173.22830000
78.35329682,169.29130000
78.35430162,173.22830000
78.35530642,177.16530000
78.35631122,169.29130000
78.35731602,169.29130000
78.35832082,169.29130000
78.35932562,173.22830000
78.36033042,181.10240000
78.36133522,177.16530000
78.36234002,173.22830000
78.36334482,173.22830000
78.36434962,173.22830000
78.36535442,173.22830000
78.36635922,173.22830000
78.36736402,173.22830000
78.36836882,173.22830000
78.36937362,169.29130000
78.37037842,173.22830000
78.37138322,177.16530000
78.37238802,181.10240000
78.37339282,173.22830000
78.37439762,169.29130000
78.37540242,173.22830000
78.37640722,173.22830000
78.37741202,169.29130000
78.37841682,177.16530000
78.37942162,161.41730000
78.38042642,157.48030000
78.38143122,169.29130000
78.38243602,169.29130000
78.38344082,173.22830000
78.38444562,173.22830000
78.38545042,169.29130000
78.38645522,173.22830000
78.38746002,173.22830000
78.38846482,173.22830000
78.38946962,181.10240000
78.39047442,169.29130000
78.39147922,165.35430000
78.39248402,173.22830000
78.39348882,169.29130000
78.39449362,169.29130000
78.39549842,173.22830000
78.39650322,169.29130000
78.39750802,169.29130000
78.39851282,173.22830000
78.39951762,173.22830000
78.40052242,165.35430000
78.40152722,169.29130000
78.40253202,165.35430000
78.40353682,173.22830000
78.40454162,169.29130000
78.40554642,173.22830000
78.40655122,169.29130000
78.40755602,173.22830000
78.40856082,169.29130000
78.40956562,169.29130000
78.41057042,173.22830000
78.41157522,169.29130000
78.41258002,173.22830000
78.41358482,169.29130000
78.41458962,177.16530000
78.41559442,173.22830000
78.41659922,161.41730000
78.41760402,165.35430000
78.41860882,165.35430000
78.41961362,165.35430000
78.42061842,173.22830000
78.42162322,173.22830000
78.42262802,173.22830000
78.42363282,173.22830000
78.42463762,173.22830000
78.42564242,169.29130000
78.42664722,173.22830000
78.42765202,177.16530000
78.42865682,173.22830000
78.42966162,177.16530000
78.43066642,173.22830000
78.43167122,169.29130000
78.43267602,173.22830000
78.43368082,165.35430000
78.43468562,165.35430000
78.43569042,169.29130000
78.43669522,173.22830000
78.43770002,169.29130000
78.43870482,169.29130000
78.43970962,173.22830000
78.44071442,169.29130000
78.44171922,169.29130000
78.44272402,173.22830000
78.44372882,169.29130000
78.44473362,169.29130000
78.44573841,165.35430000
78.44674321,177.16530000
78.44774801,173.22830000
78.44875281,169.29130000
78.44975761,165.35430000
78.45076241,169.29130000
78.45176721,169.29130000
78.45277201,169.29130000
78.45377681,177.16530000
78.45478161,173.22830000
78.45578641,161.41730000
78.45679121,169.29130000
78.45779601,165.35430000
78.45880081,165.35430000
78.45980561,165.35430000
78.46081041,173.22830000
78.46181521,173.22830000
78.46282001,177.16530000
78.46382481,177.16530000
78.46482961,177.16530000
78.46583441,173.22830000
78.46683921,169.29130000
78.46784401,173.22830000
78.46884881,173.22830000
78.46985361,173.22830000
78.47085841,169.29130000
78.47186321,169.29130000
78.47286801,181.10240000
78.47387281,173.22830000
78.47487761,173.22830000
78.47588241,169.29130000
78.47688721,173.22830000
78.47789201,173.22830000
78.47889681,173.22830000
78.47990161,173.22830000
78.48090641,173.22830000
78.48191121,173.22830000
78.48291601,165.35430000
78.48392081,173.22830000
78.48492561,173.22830000
78.48593041,173.22830000
78.48693521,173.22830000
78.48794001,177.16530000
78.48894481,173.22830000
78.48994961,169.29130000
78.49095441,177.16530000
78.49195921,177.16530000
78.49296401,165.35430000
78.49396881,169.29130000
78.49497361,169.29130000
78.49597841,169.29130000
78.49698321,169.29130000
78.49798801,173.22830000
78.49899281,169.29130000
78.49999761,169.29130000
78.50100241,173.22830000
78.50200721,177.16530000
78.50301201,173.22830000
78.50401681,177.16530000
78.50502161,173.22830000
78.50602641,173.22830000
78.50703121,173.22830000
78.50803601,173.22830000
78.50904081,177.16530000
78.51004561,173.22830000
78.51105041,169.29130000
78.51205521,173.22830000
78.51306001,177.16530000
78.51406481,161.41730000
78.51506961,173.22830000
78.51607441,173.22830000
78.51707921,188.97640000
78.51808401,173.22830000
78.51908881,173.22830000
78.52009361,181.10240000
78.52109841,173.22830000
78.52210321,173.22830000
78.52310801,177.16530000
78.52411281,173.22830000
78.52511761,173.22830000
78.52612241,173.22830000
78.52712721,181.10240000
78.52813201,169.29130000
78.52913681,169.29130000
78.53014161,165.35430000
78.53114641,165.35430000
78.53215121,161.41730000
78.53315601,169.29130000
78.53416081,169.29130000
78.53516561,177.16530000
78.53617041,173.22830000
78.53717521,173.22830000
78.53818001,173.22830000
78.53918481,177.16530000
78.54018961,173.22830000
78.54119441,177.16530000
78.54219921,177.16530000
78.54320401,177.16530000
78.54420881,173.22830000
78.54521361,173.22830000
78.54621841,177.16530000
78.54722321,173.22830000
78.54822801,169.29130000
78.54923281,169.29130000
78.55023761,173.22830000
78.55124241,173.22830000
78.55224721,169.29130000
78.55325201,173.22830000
78.55425681,165.35430000
78.55526161,169.29130000
78.55626641,169.29130000
78.55727121,173.22830000
78.55827601,173.22830000
78.55928081,173.22830000
78.56028561,169.29130000
78.56129041,173.22830000
78.56229521,169.29130000
78.56330001,169.29130000
78.56430481,165.35430000
78.56530961,169.29130000
78.56631441,173.22830000
78.56731921,169.29130000
78.56832401,169.29130000
78.56932881,165.35430000
78.57033361,165.35430000
78.57133841,165.35430000
78.57234321,165.35430000
78.57334801,173.22830000
78.57435281,173.22830000
78.57535761,169.29130000
78.57636241,169.29130000
78.57736721,177.16530000
78.57837201,173.22830000
78.57937681,169.29130000
78.58038161,165.35430000
78.58138641,165.35430000
78.58239121,169.29130000
78.58339601,169.29130000
78.58440081,169.29130000
78.58540561,173.22830000
78.58641041,169.29130000
78.58741521,173.22830000
78.58842001,169.29130000
78.58942481,173.22830000
78.59042961,169.29130000
78.59143441,169.29130000
78.59243921,169.29130000
78.59344401,169.29130000
78.59444881,169.29130000
78.59545361,165.35430000
78.59645841,173.22830000
78.59746321,165.35430000
78.59846801,169.29130000
78.59947281,169.29130000
78.60047761,169.29130000
78.60148241,173.22830000
78.60248721,173.22830000
78.60349201,165.35430000
78.60449681,169.29130000
78.60550161,157.48030000
78.60650641,165.35430000
78.60751121,165.35430000
78.60851601,169.29130000
78.60952081,165.35430000
78.61052561,165.35430000
78.61153041,157.48030000
78.61253521,165.35430000
78.61354001,169.29130000
78.61454481,188.97640000
78.61554961,173.22830000
78.61655441,173.22830000
78.61755921,169.29130000
78.61856401,165.35430000
78.61956881,169.29130000
78.62057361,165.35430000
78.62157841,169.29130000
78.62258321,173.22830000
78.62358801,169.29130000
78.62459281,165.35430000
78.62559761,169.29130000
78.62660241,169.29130000
78.62760721,173.22830000
78.62861201,165.35430000
78.62961681,165.35430000
78.63062161,161.41730000
78.63162641,169.29130000
78.63263121,169.29130000
78.63363601,169.29130000
78.63464081,165.35430000
78.63564561,173.22830000
78.63665041,165.35430000
78.63765521,165.35430000
78.63866001,169.29130000
78.63966481,169.29130000
78.64066961,177.16530000
78.64167441,169.29130000
78.64267921,165.35430000
78.64368401,161.41730000
78.64468881,157.48030000
78.64569361,157.48030000
78.64669841,161.41730000
78.64770321,165.35430000
78.64870801,165.35430000
78.64971281,173.22830000
78.65071761,169.29130000
78.65172241,165.35430000
78.65272721,173.22830000
78.65373201,169.29130000
78.65473681,165.35430000
78.65574161,165.35430000
78.65674641,169.29130000
78.65775121,161.41730000
78.65875601,165.35430000
78.65976081,169.29130000
78.66076561,165.35430000
78.66177041,161.41730000
78.66277521,169.29130000
78.66378001,165.35430000
78.66478481,165.35430000
78.66578961,165.35430000
78.66679441,169.29130000
78.66779921,169.29130000
78.66880401,173.22830000
78.66980881,165.35430000
78.67081361,165.35430000
78.67181841,169.29130000
78.67282321,169.29130000
78.67382801,177.16530000
78.67483281,173.22830000
78.67583761,169.29130000
78.67684241,165.35430000
78.67784721,165.35430000
78.67885201,169.29130000
78.67985681,169.29130000
78.68086161,165.35430000
78.68186641,161.41730000
78.68287121,161.41730000
78.68387601,161.41730000
78.68488081,169.29130000
78.68588561,169.29130000
78.68689041,173.22830000
78.68789521,169.29130000
78.68890001,169.29130000
78.68990481,165.35430000
78.69090961,173.22830000
78.69191441,169.29130000
78.69291921,173.22830000
78.69392401,165.35430000
78.69492881,169.29130000
78.69593361,165.35430000
78.69693841,169.29130000
78.69794321,169.29130000
78.69894801,169.29130000
78.69995281,165.35430000
78.70095761,165.35430000
78.70196241,169.29130000
78.70296721,169.29130000
78.70397201,169.29130000
78.70497681,169.29130000
78.70598161,173.22830000
78.70698641,169.29130000
78.70799121,169.29130000
78.70899601,161.41730000
78.71000081,165.35430000
78.71100561,165.35430000
78.71201041,169.29130000
78.71301521,169.29130000
78.71402001,169.29130000
78.71502481,169.29130000
78.71602961,165.35430000
78.71703441,169.29130000
78.71803921,165.35430000
78.71904401,153.54330000
78.72004881,161.41730000
78.72105361,165.35430000
78.72205841,165.35430000
78.72306321,169.29130000
78.72406801,165.35430000
78.72507281,169.29130000
78.72607761,165.35430000
78.72708241,169.29130000
78.72808721,165.35430000
78.72909201,169.29130000
78.73009681,169.29130000
78.73110161,165.35430000
78.73210641,165.35430000
78.73311121,169.29130000
78.73411601,165.35430000
78.73512081,173.22830000
78.73612561,169.29130000
78.73713041,169.29130000
78.73813521,169.29130000
78.73914001,165.35430000
78.74014481,169.29130000
78.74114961,169.29130000
78.74215441,165.35430000
78.74315921,165.35430000
78.74416401,165.35430000
78.74516881,173.22830000
78.74617361,169.29130000
78.74717841,165.35430000
78.74818321,173.22830000
78.74918801,169.29130000
78.75019281,165.35430000
78.75119761,169.29130000
78.75220241,169.29130000
78.75320721,173.22830000
78.75421201,169.29130000
78.75521681,169.29130000
78.75622161,157.48030000
78.75722641,165.35430000
78.75823121,157.48030000
78.75923601,161.41730000
78.76024081,157.48030000
78.76124561,169.29130000
78.76225041,169.29130000
78.76325521,165.35430000
78.76426001,169.29130000
78.76526481,173.22830000
78.76626961,165.35430000
78.76727441,165.35430000
78.76827921,169.29130000
78.76928401,165.35430000
78.77028881,161.41730000
78.77129361,165.35430000
78.77229841,165.35430000
78.77330321,161.41730000
78.77430800,165.35430000
78.77531280,161.41730000
78.77631760,161.41730000
78.77732240,165.35430000
78.77832720,169.29130000
78.77933200,165.35430000
78.78033680,165.35430000
78.78134160,161.41730000
78.78234640,165.35430000
78.78335120,169.29130000
78.78435600,165.35430000
78.78536080,161.41730000
78.78636560,169.29130000
78.78737040,161.41730000
78.78837520,165.35430000
78.78938000,165.35430000
78.79038480,169.29130000
78.79138960,161.41730000
78.79239440,157.48030000
78.79339920,161.41730000
78.79440400,165.35430000
78.79540880,157.48030000
78.79641360,161.41730000
78.79741840,165.35430000
78.79842320,161.41730000
78.79942800,165.35430000
78.80043280,169.29130000
78.80143760,169.29130000
78.80244240,169.29130000
78.80344720,165.35430000
78.80445200,169.29130000
78.80545680,165.35430000
78.80646160,165.35430000
78.80746640,165.35430000
78.80847120,161.41730000
78.80947600,173.22830000
78.81048080,161.41730000
78.81148560,157.48030000
78.81249040,165.35430000
78.81349520,165.35430000
78.81450000,165.35430000
78.81550480,169.29130000
78.81650960,161.41730000
78.81751440,161.41730000
78.81851920,165.35430000
78.81952400,165.35430000
78.82052880,157.48030000
78.82153360,161.41730000
78.82253840,157.48030000
78.82354320,153.54330000
78.82454800,161.41730000
78.82555280,157.48030000
78.82655760,157.48030000
78.82756240,161.41730000
78.82856720,157.48030000
78.82957200,161.41730000
78.83057680,161.41730000
78.83158160,153.54330000
78.83258640,153.54330000
78.83359120,157.48030000
78.83459600,157.48030000
78.83560080,161.41730000
78.83660560,161.41730000
78.83761040,161.41730000
78.83861520,161.41730000
78.83962000,153.54330000
78.84062480,157.48030000
78.84162960,161.41730000
78.84263440,161.41730000
78.84363920,161.41730000
78.84464400,165.35430000
78.84564880,161.41730000
78.84665360,161.41730000
78.84765840,161.41730000
78.84866320,161.41730000
78.84966800,161.41730000
78.85067280,161.41730000
78.85167760,161.41730000
78.85268240,161.41730000
78.85368720,161.41730000
78.85469200,161.41730000
78.85569680,149.60630000
78.85670160,157.48030000
78.85770640,161.41730000
78.85871120,161.41730000
78.85971600,157.48030000
78.86072080,161.41730000
78.86172560,157.48030000
78.86273040,157.48030000
78.86373520,161.41730000
78.86474000,161.41730000
78.86574480,157.48030000
78.86674960,161.41730000
78.86775440,157.48030000
78.86875920,153.54330000
78.86976400,153.54330000
78.87076880,157.48030000
78.87177360,153.54330000
78.87277840,153.54330000
78.87378320,161.41730000
78.87478800,161.41730000
78.87579280,161.41730000
78.87679760,161.41730000
78.87780240,165.35430000
78.87880720,157.48030000
78.87981200,161.41730000
78.88081680,165.35430000
78.88182160,157.48030000
78.88282640,165.35430000
78.88383120,161.41730000
78.88483600,161.41730000
78.88584080,161.41730000
78.88684560,157.48030000
78.88785040,161.41730000
78.88885520,153.54330000
78.88986000,157.48030000
78.89086480,161.41730000
78.89186960,157.48030000
78.89287440,161.41730000
78.89387920,161.41730000
78.89488400,161.41730000
78.89588880,157.48030000
78.89689360,153.54330000
78.89789840,157.48030000
78.89890320,157.48030000
78.89990800,149.60630000
78.90091280,153.54330000
78.90191760,153.54330000
78.90292240,153.54330000
78.90392720,153.54330000
78.90493200,153.54330000
78.90593680,153.54330000
78.90694160,161.41730000
78.90794640,145.66930000
78.90895120,153.54330000
78.90995600,153.54330000
78.91096080,153.54330000
78.91196560,157.48030000
78.91297040,149.60630000
78.91397520,153.54330000
78.91498000,161.41730000
78.91598480,153.54330000
78.91698960,161.41730000
78.91799440,157.48030000
78.91899920,157.48030000
78.92000400,149.60630000
78.92100880,157.48030000
78.92201360,153.54330000
78.92301840,157.48030000
78.92402320,161.41730000
78.92502800,157.48030000
78.92603280,153.54330000
78.92703760,153.54330000
78.92804240,157.48030000
78.92904720,157.48030000
78.93005200,157.48030000
78.93105680,161.41730000
78.93206160,157.48030000
78.93306640,157.48030000
78.93407120,161.41730000
78.93507600,153.54330000
78.93608080,157.48030000
78.93708560,157.48030000
78.93809040,153.54330000
78.93909520,157.48030000
78.94010000,149.60630000
78.94110480,153.54330000
78.94210960,157.48030000
78.94311440,149.60630000
78.94411920,149.60630000
78.94512400,145.66930000
78.94612880,145.66930000
78.94713360,149.60630000
78.94813840,149.60630000
78.94914320,153.54330000
78.95014800,153.54330000
78.95115280,157.48030000
78.95215760,153.54330000
78.95316240,149.60630000
78.95416720,149.60630000
78.95517200,145.66930000
78.95617680,157.48030000
78.95718160,157.48030000
78.95818640,153.54330000
78.95919120,149.60630000
78.96019600,153.54330000
78.96120080,149.60630000
78.96220560,149.60630000
78.96321040,153.54330000
78.96421520,153.54330000
78.96522000,145.66930000
78.96622480,153.54330000
78.96722960,153.54330000
78.96823440,149.60630000
78.96923920,149.60630000
78.97024400,145.66930000
78.97124880,153.54330000
78.97225360,149.60630000
78.97325840,153.54330000
78.97426320,149.60630000
78.97526800,149.60630000
78.97627280,145.66930000
78.97727760,149.60630000
78.97828240,153.54330000
78.97928720,153.54330000
78.98029200,153.54330000
78.98129680,141.73230000
78.98230160,141.73230000
78.98330640,141.73230000
78.98431120,145.66930000
78.98531600,145.66930000
78.98632080,145.66930000
78.98732560,145.66930000
78.98833040,145.66930000
78.98933520,153.54330000
78.99034000,149.60630000
78.99134480,145.66930000
78.99234960,149.60630000
78.99335440,149.60630000
78.99435920,149.60630000
78.99536400,149.60630000
78.99636880,145.66930000
78.99737360,145.66930000
78.99837840,149.60630000
78.99938320,149.60630000
79.00038800,149.60630000
79.00139280,141.73230000
79.00239760,145.66930000
79.00340240,145.66930000
79.00440720,145.66930000
79.00541200,149.60630000
79.00641680,149.60630000
79.00742160,153.54330000
79.00842640,149.60630000
79.00943120,145.66930000
79.01043600,149.60630000
79.01144080,149.60630000
79.01244560,145.66930000
79.01345040,145.66930000
79.01445520,145.66930000
79.01546000,145.66930000
79.01646480,145.66930000
79.01746960,133.85830000
79.01847440,141.73230000
79.01947920,141.73230000
79.02048400,157.48030000
79.02148880,145.66930000
79.02249360,141.73230000
79.02349840,141.73230000
79.02450320,145.66930000
79.02550800,145.66930000
79.02651280,149.60630000
79.02751760,145.66930000
79.02852240,145.66930000
79.02952720,145.66930000
79.03053200,145.66930000
79.03153680,145.66930000
79.03254160,145.66930000
79.03354640,141.73230000
79.03455120,141.73230000
79.03555600,141.73230000
79.03656080,137.79530000
79.03756560,141.73230000
79.03857040,141.73230000
79.03957520,145.66930000
79.04058000,141.73230000
79.04158480,145.66930000
79.04258960,141.73230000
79.04359440,141.73230000
79.04459920,141.73230000
79.04560400,137.79530000
79.04660880,145.66930000
79.04761360,141.73230000
79.04861840,137.79530000
79.04962320,137.79530000
79.05062800,133.85830000
79.05163280,133.85830000
79.05263760,137.79530000
79.05364240,141.73230000
79.05464720,137.79530000
79.05565200,129.92120000
79.05665680,125.98420000
79.05766160,133.85830000
79.05866640,133.85830000
79.05967120,137.79530000
79.06067600,133.85830000
79.06168080,141.73230000
79.06268560,137.79530000
79.06369040,137.79530000
79.06469520,137.79530000
79.06570000,141.73230000
79.06670480,137.79530000
79.06770960,137.79530000
79.06871440,133.85830000
79.06971920,133.85830000
79.07072400,141.73230000
79.07172880,137.79530000
79.07273360,137.79530000
79.07373840,137.79530000
79.07474320,133.85830000
79.07574800,137.79530000
79.07675280,137.79530000
79.07775760,137.79530000
79.07876240,133.85830000
79.07976720,133.85830000
79.08077200,137.79530000
79.08177680,133.85830000
79.08278160,133.85830000
79.08378640,129.92120000
79.08479120,129.92120000
79.08579600,133.85830000
79.08680080,133.85830000
79.08780560,133.85830000
79.08881040,133.85830000
79.08981520,137.79530000
79.09082000,137.79530000
79.09182480,133.85830000
79.09282960,129.92120000
79.09383440,129.92120000
79.09483920,129.92120000
79.09584400,133.85830000
79.09684880,129.92120000
79.09785360,137.79530000
79.09885840,137.79530000
79.09986320,129.92120000
79.10086800,129.92120000
79.10187280,141.73230000
79.10287760,125.98420000
79.10388239,133.85830000
79.10488719,137.79530000
79.10589199,133.85830000
79.10689679,129.92120000
79.10790159,133.85830000
79.10890639,129.92120000
79.10991119,129.92120000
79.11091599,137.79530000
79.11192079,133.85830000
79.11292559,129.92120000
79.11393039,133.85830000
79.11493519,114.17320000
79.11593999,125.98420000
79.11694479,125.98420000
79.11794959,149.60630000
79.11895439,133.85830000
79.11995919,129.92120000
79.12096399,133.85830000
79.12196879,129.92120000
79.12297359,129.92120000
79.12397839,129.92120000
79.12498319,137.79530000
79.12598799,129.92120000
79.12699279,133.85830000
79.12799759,133.85830000
79.12900239,122.04720000
79.13000719,125.98420000
79.13101199,129.92120000
79.13201679,125.98420000
79.13302159,125.98420000
79.13402639,129.92120000
79.13503119,129.92120000
79.13603599,125.98420000
79.13704079,137.79530000
79.13804559,129.92120000
79.13905039,129.92120000
79.14005519,129.92120000
79.14105999,125.98420000
79.14206479,125.98420000
79.14306959,129.92120000
79.14407439,125.98420000
79.14507919,122.04720000
79.14608399,125.98420000
79.14708879,125.98420000
79.14809359,118.11020000
79.14909839,122.04720000
79.15010319,122.04720000
79.15110799,122.04720000
79.15211279,125.98420000
79.15311759,122.04720000
79.15412239,118.11020000
79.15512719,118.11020000
79.15613199,122.04720000
79.15713679,122.04720000
79.15814159,122.04720000
79.15914639,125.98420000
79.16015119,122.04720000
79.16115599,118.11020000
79.16216079,125.98420000
79.16316559,118.11020000
79.16417039,102.36220000
79.16517519,110.23620000
79.16617999,110.23620000
79.16718479,118.11020000
79.16818959,122.04720000
79.16919439,122.04720000
79.17019919,122.04720000
79.17120399,118.11020000
79.17220879,125.98420000
79.17321359,122.04720000
79.17421839,118.11020000
79.17522319,122.04720000
79.17622799,122.04720000
79.17723279,122.04720000
79.17823759,122.04720000
79.17924239,118.11020000
79.18024719,122.04720000
79.18125199,118.11020000
79.18225679,122.04720000
79.18326159,118.11020000
79.18426639,118.11020000
79.18527119,118.11020000
79.18627599,118.11020000
79.18728079,122.04720000
79.18828559,114.17320000
79.18929039,114.17320000
79.19029519,118.11020000
79.19129999,118.11020000
79.19230479,118.11020000
79.19330959,110.23620000
79.19431439,118.11020000
79.19531919,110.23620000
79.19632399,114.17320000
79.19732879,114.17320000
79.19833359,122.04720000
79.19933839,118.11020000
79.20034319,118.11020000
79.20134799,114.17320000
79.20235279,122.04720000
79.20335759,118.11020000
79.20436239,110.23620000
79.20536719,114.17320000
79.20637199,118.11020000
79.20737679,118.11020000
79.20838159,122.04720000
79.20938639,118.11020000
79.21039119,118.11020000
79.21139599,122.04720000
79.21240079,114.17320000
79.21340559,114.17320000
79.21441039,118.11020000
79.21541519,122.04720000
79.21641999,118.11020000
79.21742479,118.11020000
79.21842959,118.11020000
79.21943439,118.11020000
79.22043919,118.11020000
79.22144399,114.17320000
79.22244879,118.11020000
79.22345359,114.17320000
79.22445839,114.17320000
79.22546319,118.11020000
79.22646799,114.17320000
79.22747279,114.17320000
79.22847759,118.11020000
79.22948239,110.23620000
79.23048719,106.29920000
79.23149199,114.17320000
79.23249679,114.17320000
79.23350159,114.17320000
79.23450639,114.17320000
79.23551119,110.23620000
79.23651599,110.23620000
79.23752079,114.17320000
79.23852559,114.17320000
79.23953039,114.17320000
79.24053519,102.36220000
79.24153999,110.23620000
79.24254479,110.23620000
79.24354959,106.29920000
79.24455439,110.23620000
79.24555919,110.23620000
79.24656399,114.17320000
79.24756879,110.23620000
79.24857359,118.11020000
79.24957839,118.11020000
79.25058319,114.17320000
79.25158799,114.17320000
79.25259279,118.11020000
79.25359759,110.23620000
79.25460239,114.17320000
79.25560719,118.11020000
79.25661199,110.23620000
79.25761679,118.11020000
79.25862159,114.17320000
79.25962639,118.11020000
79.26063119,114.17320000
79.26163599,110.23620000
79.26264079,114.17320000
79.26364559,114.17320000
79.26465039,114.17320000
79.26565519,118.11020000
79.26665999,118.11020000
79.26766479,114.17320000
79.26866959,118.11020000
79.26967439,118.11020000
79.27067919,110.23620000
79.27168399,118.11020000
79.27268879,118.11020000
79.27369359,114.17320000
79.27469839,114.17320000
79.27570319,114.17320000
79.27670799,114.17320000
79.27771279,102.36220000
79.27871759,102.36220000
79.27972239,98.42519000
79.28072719,102.36220000
79.28173199,106.29920000
79.28273679,110.23620000
79.28374159,106.29920000
79.28474639,106.29920000
79.28575119,110.23620000
79.28675599,106.29920000
79.28776079,106.29920000
79.28876559,102.36220000
79.28977039,102.36220000
79.29077519,102.36220000
79.29177999,102.36220000
79.29278479,98.42519000
79.29378959,98.42519000
79.29479439,90.55118000
79.29579919,94.48818000
79.29680399,90.55118000
79.29780879,102.36220000
79.29881359,94.48818000
79.29981839,94.48818000
79.30082319,98.42519000
79.30182799,94.48818000
79.30283279,94.48818000
79.30383759,98.42519000
79.30484239,94.48818000
79.30584719,94.48818000
79.30685199,98.42519000
79.30785679,94.48818000
79.30886159,94.48818000
79.30986639,94.48818000
79.31087119,102.36220000
79.31187599,98.42519000
79.31288079,98.42519000
79.31388559,102.36220000
79.31489039,102.36220000
79.31589519,94.48818000
79.31689999,106.29920000
79.31790479,102.36220000
79.31890959,102.36220000
79.31991439,102.36220000
79.32091919,102.36220000
79.32192399,106.29920000
79.32292879,110.23620000
79.32393359,106.29920000
79.32493839,110.23620000
79.32594319,110.23620000
79.32694799,106.29920000
79.32795279,102.36220000
79.32895759,98.42519000
79.32996239,106.29920000
79.33096719,110.23620000
79.33197199,102.36220000
79.33297679,102.36220000
79.33398159,106.29920000
79.33498639,102.36220000
79.33599119,102.36220000
79.33699599,102.36220000
79.33800079,98.42519000
79.33900559,98.42519000
79.34001039,98.42519000
79.34101519,94.48818000
79.34201999,98.42519000
79.34302479,94.48818000
79.34402959,94.48818000
79.34503439,90.55118000
79.34603919,94.48818000
79.34704399,98.42519000
79.34804879,94.48818000
79.34905359,94.48818000
79.35005839,94.48818000
79.35106319,90.55118000
79.35206799,106.29920000
79.35307279,90.55118000
79.35407759,86.61417000
79.35508239,90.55118000
79.35608719,94.48818000
79.35709199,98.42519000
79.35809679,98.42519000
79.35910159,94.48818000
79.36010639,98.42519000
79.36111119,94.48818000
79.36211599,102.36220000
79.36312079,98.42519000
79.36412559,98.42519000
79.36513039,106.29920000
79.36613519,94.48818000
79.36713999,98.42519000
79.36814479,102.36220000
79.36914959,102.36220000
79.37015439,98.42519000
79.37115919,102.36220000
79.37216399,102.36220000
79.37316879,106.29920000
79.37417359,98.42519000
79.37517839,94.48818000
79.37618319,94.48818000
79.37718799,98.42519000
79.37819279,106.29920000
79.37919759,102.36220000
79.38020239,98.42519000
79.38120719,102.36220000
79.38221199,94.48818000
79.38321679,98.42519000
79.38422159,98.42519000
79.38522639,102.36220000
79.38623119,94.48818000
79.38723599,98.42519000
79.38824079,94.48818000
79.38924559,78.74015000
79.39025039,94.48818000
79.39125519,90.55118000
79.39225999,90.55118000
79.39326479,90.55118000
79.39426959,94.48818000
79.39527439,94.48818000
79.39627919,98.42519000
79.39728399,102.36220000
79.39828879,98.42519000
79.39929359,98.42519000
79.40029839,98.42519000
79.40130319,94.48818000
79.40230799,94.48818000
79.40331279,94.48818000
79.40431759,90.55118000
79.40532239,98.42519000
79.40632719,94.48818000
79.40733199,94.48818000
79.40833679,90.55118000
79.40934159,90.55118000
79.41034639,98.42519000
79.41135119,94.48818000
79.41235599,98.42519000
79.41336079,98.42519000
79.41436559,94.48818000
79.41537039,90.55118000
79.41637519,102.36220000
79.41737999,90.55118000
79.41838479,90.55118000
79.41938959,98.42519000
79.42039439,94.48818000
79.42139919,94.48818000
79.42240399,90.55118000
79.42340879,86.61417000
79.42441359,90.55118000
79.42541839,86.61417000
79.42642319,86.61417000
79.42742799,86.61417000
79.42843279,90.55118000
79.42943759,94.48818000
79.43044239,86.61417000
79.43144719,90.55118000
79.43245198,94.48818000
79.43345678,94.48818000
79.43446158,94.48818000
79.43546638,90.55118000
79.43647118,94.48818000
79.43747598,94.48818000
79.43848078,98.42519000
79.43948558,94.48818000
79.44049038,90.55118000
79.44149518,90.55118000
79.44249998,90.55118000
79.44350478,90.55118000
79.44450958,94.48818000
79.44551438,90.55118000
79.44651918,86.61417000
79.44752398,94.48818000
79.44852878,94.48818000
79.44953358,90.55118000
79.45053838,98.42519000
79.45154318,90.55118000
79.45254798,90.55118000
79.45355278,90.55118000
79.45455758,90.55118000
79.45556238,90.55118000
79.45656718,86.61417000
79.45757198,86.61417000
79.45857678,86.61417000
79.45958158,90.55118000
79.46058638,90.55118000
79.46159118,86.61417000
79.46259598,90.55118000
79.46360078,86.61417000
79.46460558,90.55118000
79.46561038,82.67715000
79.46661518,90.55118000
79.46761998,86.61417000
79.46862478,90.55118000
79.46962958,86.61417000
79.47063438,94.48818000
79.47163918,94.48818000
79.47264398,90.55118000
79.47364878,86.61417000
79.47465358,86.61417000
79.47565838,86.61417000
79.47666318,90.55118000
79.47766798,94.48818000
79.47867278,86.61417000
79.47967758,90.55118000
79.48068238,90.55118000
79.48168718,86.61417000
79.48269198,86.61417000
79.48369678,86.61417000
79.48470158,86.61417000
79.48570638,86.61417000
79.48671118,86.61417000
79.48771598,90.55118000
79.48872078,86.61417000
79.48972558,86.61417000
79.49073038,86.61417000
79.49173518,86.61417000
79.49273998,86.61417000
79.49374478,86.61417000
79.49474958,82.67715000
79.49575438,86.61417000
79.49675918,86.61417000
79.49776398,82.67715000
79.49876878,82.67715000
79.49977358,98.42519000
79.50077838,94.48818000
79.50178318,74.80315000
79.50278798,82.67715000
79.50379278,82.67715000
79.50479758,82.67715000
79.50580238,82.67715000
79.50680718,86.61417000
79.50781198,90.55118000
79.50881678,90.55118000
79.50982158,90.55118000
79.51082638,90.55118000
79.51183118,90.55118000
79.51283598,90.55118000
79.51384078,90.55118000
79.51484558,90.55118000
79.51585038,94.48818000
79.51685518,86.61417000
79.51785998,94.48818000
79.51886478,86.61417000
79.51986958,86.61417000
79.52087438,74.80315000
79.52187918,82.67715000
79.52288398,86.61417000
79.52388878,94.48818000
79.52489358,86.61417000
79.52589838,86.61417000
79.52690318,90.55118000
79.52790798,86.61417000
79.52891278,86.61417000
79.52991758,86.61417000
79.53092238,86.61417000
79.53192718,82.67715000
79.53293198,82.67715000
79.53393678,90.55118000
79.53494158,82.67715000
79.53594638,86.61417000
79.53695118,86.61417000
79.53795598,74.80315000
79.53896078,74.80315000
79.53996558,78.74015000
79.54097038,82.67715000
79.54197518,82.67715000
79.54297998,82.67715000
79.54398478,86.61417000
79.54498958,86.61417000
79.54599438,86.61417000
79.54699918,86.61417000
79.54800398,86.61417000
79.54900878,90.55118000
79.55001358,90.55118000
79.55101838,86.61417000
79.55202318,82.67715000
79.55302798,86.61417000
79.55403278,74.80315000
79.55503758,82.67715000
79.55604238,82.67715000
79.55704718,82.67715000
79.55805198,78.74015000
79.55905678,82.67715000
79.56006158,86.61417000
79.56106638,82.67715000
79.56207118,82.67715000
79.56307598,90.55118000
79.56408078,78.74015000
79.56508558,82.67715000
79.56609038,82.67715000
79.56709518,86.61417000
79.56809998,82.67715000
79.56910478,82.67715000
79.57010958,78.74015000
79.57111438,78.74015000
79.57211918,78.74015000
79.57312398,86.61417000
79.57412878,82.67715000
79.57513358,66.92913000
79.57613838,78.74015000
79.57714318,74.80315000
79.57814798,74.80315000
79.57915278,82.67715000
79.58015758,78.74015000
79.58116238,82.67715000
79.58216718,82.67715000
79.58317198,86.61417000
79.58417678,78.74015000
79.58518158,78.74015000
79.58618638,78.74015000
79.58719118,78.74015000
79.58819598,82.67715000
79.58920078,82.67715000
79.59020558,78.74015000
79.59121038,78.74015000
79.59221518,78.74015000
79.59321998,78.74015000
79.59422478,78.74015000
79.59522958,78.74015000
79.59623438,74.80315000
79.59723918,82.67715000
79.59824398,82.67715000
79.59924878,82.67715000
79.60025358,86.61417000
79.60125838,86.61417000
79.60226318,74.80315000
79.60326798,78.74015000
79.60427278,78.74015000
79.60527758,78.74015000
79.60628238,82.67715000
79.60728718,82.67715000
79.60829198,78.74015000
79.60929678,86.61417000
79.61030158,74.80315000
79.61130638,82.67715000
79.61231118,70.86613000
79.61331598,78.74015000
79.61432078,74.80315000
79.61532558,74.80315000
79.61633038,74.80315000
79.61733518,74.80315000
79.61833998,66.92913000
79.61934478,78.74015000
79.62034958,70.86613000
79.62135438,90.55118000
79.62235918,78.74015000
79.62336398,78.74015000
79.62436878,74.80315000
79.62537358,74.80315000
79.62637838,78.74015000
79.62738318,78.74015000
79.62838798,74.80315000
79.62939278,70.86613000
79.63039758,74.80315000
79.63140238,78.74015000
79.63240718,78.74015000
79.63341198,74.80315000
79.63441678,70.86613000
79.63542158,70.86613000
79.63642638,70.86613000
79.63743118,70.86613000
79.63843598,74.80315000
79.63944078,74.80315000
79.64044558,74.80315000
79.64145038,74.80315000
79.64245518,74.80315000
79.64345998,70.86613000
79.64446478,74.80315000
79.64546958,70.86613000
79.64647438,74.80315000
79.64747918,74.80315000
79.64848398,66.92913000
79.64948878,62.99212000
79.65049358,70.86613000
79.65149838,59.05511000
79.65250318,62.99212000
79.65350798,66.92913000
79.65451278,78.74015000
79.65551758,66.92913000
79.65652238,66.92913000
79.65752718,70.86613000
79.65853198,70.86613000
79.65953678,66.92913000
79.66054158,74.80315000
79.66154638,70.86613000
79.66255118,66.92913000
79.66355598,70.86613000
79.66456078,70.86613000
79.66556558,70.86613000
79.66657038,74.80315000
79.66757518,70.86613000
79.66857998,62.99212000
79.66958478,66.92913000
79.67058958,70.86613000
79.67159438,74.80315000
79.67259918,66.92913000
79.67360398,74.80315000
79.67460878,70.86613000
79.67561358,66.92913000
79.67661838,70.86613000
79.67762318,62.99212000
79.67862798,70.86613000
79.67963278,70.86613000
79.68063758,66.92913000
79.68164238,70.86613000
79.68264718,70.86613000
79.68365198,66.92913000
79.68465678,62.99212000
79.68566158,66.92913000
79.68666638,62.99212000
79.68767118,66.92913000
79.68867598,62.99212000
79.68968078,66.92913000
79.69068558,70.86613000
79.69169038,59.05511000
79.69269518,66.92913000
79.69369998,66.92913000
79.69470478,66.92913000
79.69570958,66.92913000
79.69671438,66.92913000
79.69771918,66.92913000
79.69872398,66.92913000
79.69972878,62.99212000
79.70073358,59.05511000
79.70173838,62.99212000
79.70274318,66.92913000
79.70374798,66.92913000
79.70475278,62.99212000
79.70575758,62.99212000
79.70676238,62.99212000
79.70776718,62.99212000
79.70877198,66.92913000
79.70977678,62.99212000
79.71078158,62.99212000
79.71178638,62.99212000
79.71279118,66.92913000
79.71379598,66.92913000
79.71480078,62.99212000
79.71580558,59.05511000
79.71681038,62.99212000
79.71781518,59.05511000
79.71881998,74.80315000
79.71982478,62.99212000
79.72082958,62.99212000
79.72183438,62.99212000
79.72283918,66.92913000
79.72384398,55.11811000
79.72484878,59.05511000
79.72585358,55.11811000
79.72685838,62.99212000
79.72786318,59.05511000
79.72886798,62.99212000
79.72987278,62.99212000
79.73087758,70.86613000
79.73188238,59.05511000
79.73288718,62.99212000
79.73389198,66.92913000
79.73489678,66.92913000
79.73590158,62.99212000
79.73690638,66.92913000
79.73791118,62.99212000
79.73891598,62.99212000
79.73992078,59.05511000
79.74092558,62.99212000
79.74193038,62.99212000
79.74293518,62.99212000
79.74393998,62.99212000
79.74494478,66.92913000
79.74594958,62.99212000
79.74695438,66.92913000
79.74795918,59.05511000
79.74896398,62.99212000
79.74996878,59.05511000
79.75097358,59.05511000
79.75197838,66.92913000
79.75298318,62.99212000
79.75398798,62.99212000
79.75499278,66.92913000
79.75599758,62.99212000
79.75700238,62.99212000
79.75800718,62.99212000
79.75901198,62.99212000
79.76001678,62.99212000
79.76102157,59.05511000
79.76202637,59.05511000
79.76303117,55.11811000
79.76403597,47.24409000
79.76504077,51.18110000
79.76604557,55.11811000
79.76705037,62.99212000
79.76805517,62.99212000
79.76905997,62.99212000
79.77006477,62.99212000
79.77106957,62.99212000
79.77207437,66.92913000
79.77307917,62.99212000
79.77408397,59.05511000
79.77508877,62.99212000
79.77609357,62.99212000
79.77709837,59.05511000
79.77810317,55.11811000
79.77910797,59.05511000
79.78011277,62.99212000
79.78111757,51.18110000
79.78212237,55.11811000
79.78312717,55.11811000
79.78413197,59.05511000
79.78513677,59.05511000
79.78614157,55.11811000
79.78714637,55.11811000
79.78815117,59.05511000
79.78915597,59.05511000
79.79016077,59.05511000
79.79116557,62.99212000
79.79217037,55.11811000
79.79317517,55.11811000
79.79417997,59.05511000
79.79518477,66.92913000
79.79618957,62.99212000
79.79719437,59.05511000
79.79819917,39.37008000
79.79920397,47.24409000
79.80020877,55.11811000
79.80121357,55.11811000
79.80221837,55.11811000
79.80322317,59.05511000
79.80422797,62.99212000
79.80523277,59.05511000
79.80623757,59.05511000
79.80724237,59.05511000
79.80824717,59.05511000
79.80925197,62.99212000
79.81025677,59.05511000
79.81126157,59.05511000
79.81226637,59.05511000
79.81327117,51.18110000
79.81427597,55.11811000
79.81528077,59.05511000
79.81628557,62.99212000
79.81729037,55.11811000
79.81829517,55.11811000
79.81929997,55.11811000
79.82030477,55.11811000
79.82130957,55.11811000
79.82231437,59.05511000
79.82331917,51.18110000
79.82432397,59.05511000
79.82532877,55.11811000
79.82633357,55.11811000
79.82733837,55.11811000
79.82834317,59.05511000
79.82934797,51.18110000
79.83035277,51.18110000
79.83135757,51.18110000
79.83236237,51.18110000
79.83336717,55.11811000
79.83437197,55.11811000
79.83537677,51.18110000
79.83638157,47.24409000
79.83738637,51.18110000
79.83839117,51.18110000
79.83939597,55.11811000
79.84040077,51.18110000
79.84140557,62.99212000
79.84241037,55.11811000
79.84341517,59.05511000
79.84441997,55.11811000
79.84542477,62.99212000
79.84642957,51.18110000
79.84743437,55.11811000
79.84843917,51.18110000
79.84944397,51.18110000
79.85044877,59.05511000
79.85145357,55.11811000
79.85245837,55.11811000
79.85346317,51.18110000
79.85446797,51.18110000
79.85547277,55.11811000
79.85647757,55.11811000
79.85748237,55.11811000
79.85848717,55.11811000
79.85949197,51.18110000
79.86049677,55.11811000
79.86150157,55.11811000
79.86250637,51.18110000
79.86351117,51.18110000
79.86451597,51.18110000
79.86552077,55.11811000
79.86652557,51.18110000
79.86753037,59.05511000
79.86853517,47.24409000
79.86953997,55.11811000
79.87054477,51.18110000
79.87154957,55.11811000
79.87255437,43.30709000
79.87355917,43.30709000
79.87456397,51.18110000
79.87556877,51.18110000
79.87657357,51.18110000
79.87757837,55.11811000
79.87858317,51.18110000
79.87958797,55.11811000
79.88059277,51.18110000
79.88159757,51.18110000
79.88260237,51.18110000
79.88360717,55.11811000
79.88461197,55.11811000
79.88561677,51.18110000
79.88662157,51.18110000
79.88762637,55.11811000
79.88863117,47.24409000
79.88963597,51.18110000
79.89064077,47.24409000
79.89164557,55.11811000
79.89265037,47.24409000
79.89365517,47.24409000
79.89465997,47.24409000
79.89566477,47.24409000
79.89666957,47.24409000
79.89767437,47.24409000
79.89867917,51.18110000
79.89968397,47.24409000
79.90068877,51.18110000
79.90169357,47.24409000
79.90269837,47.24409000
79.90370317,47.24409000
79.90470797,47.24409000
79.90571277,47.24409000
79.90671757,43.30709000
79.90772237,47.24409000
79.90872717,47.24409000
79.90973197,47.24409000
79.91073677,35.43307000
79.91174157,35.43307000
79.91274637,43.30709000
79.91375117,51.18110000
79.91475597,43.30709000
79.91576077,47.24409000
79.91676557,51.18110000
79.91777037,47.24409000
79.91877517,47.24409000
79.91977997,47.24409000
79.92078477,51.18110000
79.92178957,43.30709000
79.92279437,55.11811000
79.92379917,43.30709000
79.92480397,55.11811000
79.92580877,47.24409000
79.92681357,43.30709000
79.92781837,47.24409000
79.92882317,47.24409000
79.92982797,51.18110000
79.93083277,51.18110000
79.93183757,47.24409000
79.93284237,47.24409000
79.93384717,47.24409000
79.93485197,51.18110000
79.93585677,51.18110000
79.93686157,51.18110000
79.93786637,51.18110000
79.93887117,43.30709000
79.93987597,43.30709000
79.94088077,47.24409000
79.94188557,47.24409000
79.94289037,47.24409000
79.94389517,43.30709000
79.94489997,47.24409000
79.94590477,47.24409000
79.94690957,43.30709000
79.94791437,35.43307000
79.94891917,47.24409000
79.94992397,43.30709000
79.95092877,43.30709000
79.95193357,43.30709000
79.95293837,43.30709000
79.95394317,47.24409000
79.95494797,47.24409000
79.95595277,47.24409000
79.95695757,47.24409000
79.95796237,43.30709000
79.95896717,47.24409000
79.95997197,43.30709000
79.96097677,47.24409000
79.96198157,43.30709000
79.96298637,51.18110000
79.96399117,47.24409000
79.96499597,39.37008000
79.96600077,47.24409000
79.96700557,47.24409000
79.96801037,47.24409000
79.96901517,43.30709000
79.97001997,47.24409000
79.97102477,47.24409000
79.97202957,47.24409000
79.97303437,43.30709000
79.97403917,43.30709000
79.97504397,47.24409000
79.97604877,43.30709000
79.97705357,47.24409000
79.97805837,39.37008000
79.97906317,51.18110000
79.98006797,47.24409000
79.98107277,43.30709000
79.98207757,43.30709000
79.98308237,47.24409000
79.98408717,43.30709000
79.98509197,35.43307000
79.98609677,39.37008000
79.98710157,43.30709000
79.98810637,43.30709000
79.98911117,47.24409000
79.99011597,47.24409000
79.99112077,47.24409000
79.99212557,43.30709000
79.99313037,39.37008000
79.99413517,47.24409000
79.99513997,47.24409000
79.99614477,47.24409000
79.99714957,47.24409000
79.99815437,43.30709000
79.99915917,47.24409000
80.00016397,43.30709000
80.00116877,43.30709000
80.00217357,43.30709000
80.00317837,43.30709000
80.00418317,43.30709000
80.00518797,43.30709000
80.00619277,43.30709000
80.00719757,47.24409000
80.00820237,43.30709000
80.00920717,35.43307000
80.01021197,39.37008000
80.01121677,43.30709000
80.01222157,43.30709000
80.01322637,43.30709000
80.01423117,39.37008000
80.01523597,39.37008000
80.01624077,39.37008000
80.01724557,43.30709000
80.01825037,39.37008000
80.01925517,43.30709000
80.02025997,47.24409000
80.02126477,35.43307000
80.02226957,51.18110000
80.02327437,35.43307000
80.02427917,23.62205000
80.02528397,31.49606000
80.02628877,43.30709000
80.02729357,55.11811000
80.02829837,39.37008000
80.02930317,43.30709000
80.03030797,43.30709000
80.03131277,43.30709000
80.03231757,39.37008000
80.03332237,43.30709000
80.03432717,39.37008000
80.03533197,43.30709000
80.03633677,35.43307000
80.03734157,47.24409000
80.03834637,39.37008000
80.03935117,39.37008000
80.04035597,43.30709000
80.04136077,39.37008000
80.04236557,39.37008000
80.04337037,39.37008000
80.04437517,35.43307000
80.04537997,43.30709000
80.04638477,43.30709000
80.04738957,43.30709000
80.04839437,39.37008000
80.04939917,39.37008000
80.05040397,43.30709000
80.05140877,39.37008000
80.05241357,39.37008000
80.05341837,39.37008000
80.05442317,39.37008000
80.05542797,39.37008000
80.05643277,43.30709000
80.05743757,31.49606000
80.05844237,35.43307000
80.05944717,35.43307000
80.06045197,39.37008000
80.06145677,35.43307000
80.06246157,35.43307000
80.06346637,35.43307000
80.06447117,39.37008000
80.06547597,47.24409000
80.06648077,39.37008000
80.06748557,43.30709000
80.06849037,43.30709000
80.06949517,43.30709000
80.07049997,39.37008000
80.07150477,43.30709000
80.07250957,39.37008000
80.07351437,39.37008000
80.07451917,31.49606000
80.07552397,39.37008000
80.07652877,39.37008000
80.07753357,35.43307000
80.07853837,39.37008000
80.07954317,35.43307000
80.08054797,39.37008000
80.08155277,39.37008000
80.08255757,39.37008000
80.08356237,43.30709000
80.08456717,39.37008000
80.08557197,39.37008000
80.08657677,35.43307000
80.08758157,35.43307000
80.08858637,35.43307000
80.08959117,35.43307000
80.09059596,35.43307000
80.09160076,35.43307000
80.09260556,39.37008000
80.09361036,43.30709000
80.09461516,35.43307000
80.09561996,39.37008000
80.09662476,23.62205000
80.09762956,35.43307000
80.09863436,35.43307000
80.09963916,35.43307000
80.10064396,35.43307000
80.10164876,39.37008000
80.10265356,39.37008000
80.10365836,51.18110000
80.10466316,43.30709000
80.10566796,35.43307000
80.10667276,43.30709000
80.10767756,39.37008000
80.10868236,35.43307000
80.10968716,39.37008000
80.11069196,39.37008000
80.11169676,39.37008000
80.11270156,39.37008000
80.11370636,39.37008000
80.11471116,39.37008000
80.11571596,35.43307000
80.11672076,39.37008000
80.11772556,35.43307000
80.11873036,39.37008000
80.11973516,39.37008000
80.12073996,39.37008000
80.12174476,27.55905000
80.12274956,35.43307000
80.12375436,39.37008000
80.12475916,55.11811000
80.12576396,39.37008000
80.12676876,39.37008000
80.12777356,35.43307000
80.12877836,39.37008000
80.12978316,35.43307000
80.13078796,35.43307000
80.13179276,39.37008000
80.13279756,43.30709000
80.13380236,35.43307000
80.13480716,23.62205000
80.13581196,31.49606000
80.13681676,35.43307000
80.13782156,31.49606000
80.13882636,39.37008000
80.13983116,35.43307000
80.14083596,31.49606000
80.14184076,39.37008000
80.14284556,35.43307000
80.14385036,43.30709000
80.14485516,43.30709000
80.14585996,35.43307000
80.14686476,35.43307000
80.14786956,35.43307000
80.14887436,39.37008000
80.14987916,35.43307000
80.15088396,35.43307000
80.15188876,39.37008000
80.15289356,31.49606000
80.15389836,39.37008000
80.15490316,31.49606000
80.15590796,31.49606000
80.15691276,31.49606000
80.15791756,39.37008000
80.15892236,35.43307000
80.15992716,35.43307000
80.16093196,39.37008000
80.16193676,35.43307000
80.16294156,35.43307000
80.16394636,35.43307000
80.16495116,39.37008000
80.16595596,35.43307000
80.16696076,35.43307000
80.16796556,35.43307000
80.16897036,31.49606000
80.16997516,39.37008000
80.17097996,35.43307000
80.17198476,19.68504000
80.17298956,27.55905000
80.17399436,27.55905000
80.17499916,27.55905000
80.17600396,27.55905000
80.17700876,39.37008000
80.17801356,43.30709000
80.17901836,31.49606000
80.18002316,39.37008000
80.18102796,39.37008000
80.18203276,31.49606000
80.18303756,39.37008000
80.18404236,43.30709000
80.18504716,39.37008000
80.18605196,35.43307000
80.18705676,31.49606000
80.18806156,31.49606000
80.18906636,31.49606000
80.19007116,35.43307000
80.19107596,31.49606000
80.19208076,39.37008000
80.19308556,35.43307000
80.19409036,35.43307000
80.19509516,35.43307000
80.19609996,35.43307000
80.19710476,39.37008000
80.19810956,39.37008000
80.19911436,39.37008000
80.20011916,39.37008000
80.20112396,35.43307000
80.20212876,31.49606000
80.20313356,39.37008000
80.20413836,31.49606000
80.20514316,35.43307000
80.20614796,31.49606000
80.20715276,35.43307000
80.20815756,35.43307000
80.20916236,31.49606000
80.21016716,31.49606000
80.21117196,31.49606000
80.21217676,31.49606000
80.21318156,31.49606000
80.21418636,35.43307000
80.21519116,35.43307000
80.21619596,35.43307000
80.21720076,39.37008000
80.21820556,35.43307000
80.21921036,23.62205000
80.22021516,35.43307000
80.22121996,27.55905000
80.22222476,51.18110000
80.22322956,31.49606000
80.22423436,31.49606000
80.22523916,39.37008000
80.22624396,31.49606000
80.22724876,35.43307000
80.22825356,35.43307000
80.22925836,35.43307000
80.23026316,31.49606000
80.23126796,35.43307000
80.23227276,35.43307000
80.23327756,35.43307000
80.23428236,31.49606000
80.23528716,35.43307000
80.23629196,27.55905000
80.23729676,27.55905000
80.23830156,35.43307000
80.23930636,27.55905000
80.24031116,31.49606000
80.24131596,31.49606000
80.24232076,35.43307000
80.24332556,35.43307000
80.24433036,31.49606000
80.24533516,31.49606000
80.24633996,31.49606000
80.24734476,31.49606000
80.24834956,23.62205000
80.24935436,23.62205000
80.25035916,31.49606000
80.25136396,31.49606000
80.25236876,35.43307000
80.25337356,27.55905000
80.25437836,39.37008000
80.25538316,35.43307000
80.25638796,35.43307000
80.25739276,39.37008000
80.25839756,31.49606000
80.25940236,35.43307000
80.26040716,39.37008000
80.26141196,39.37008000
80.26241676,35.43307000
80.26342156,31.49606000
80.26442636,31.49606000
80.26543116,31.49606000
80.26643596,35.43307000
80.26744076,35.43307000
80.26844556,23.62205000
80.26945036,23.62205000
80.27045516,27.55905000
80.27145996,35.43307000
80.27246476,31.49606000
80.27346956,35.43307000
80.27447436,31.49606000
80.27547916,31.49606000
80.27648396,31.49606000
80.27748876,27.55905000
80.27849356,35.43307000
80.27949836,35.43307000
80.28050316,27.55905000
80.28150796,27.55905000
80.28251276,31.49606000
80.28351756,27.55905000
80.28452236,15.74803000
80.28552716,23.62205000
80.28653196,23.62205000
80.28753676,27.55905000
80.28854156,23.62205000
80.28954636,27.55905000
80.29055116,27.55905000
80.29155596,31.49606000
80.29256076,31.49606000
80.29356556,35.43307000
80.29457036,27.55905000
80.29557516,35.43307000
80.29657996,35.43307000
80.29758476,27.55905000
80.29858956,31.49606000
80.29959436,27.55905000
80.30059916,27.55905000
80.30160396,23.62205000
80.30260876,27.55905000
80.30361356,27.55905000
80.30461836,27.55905000
80.30562316,31.49606000
80.30662796,27.55905000
80.30763276,31.49606000
80.30863756,31.49606000
80.30964236,27.55905000
80.31064716,31.49606000
80.31165196,35.43307000
80.31265676,35.43307000
80.31366156,27.55905000
80.31466636,27.55905000
80.31567116,31.49606000
80.31667596,27.55905000
80.31768076,27.55905000
80.31868556,31.49606000
80.31969036,35.43307000
80.32069516,31.49606000
80.32169996,19.68504000
80.32270476,19.68504000
80.32370956,31.49606000
80.32471436,31.49606000
80.32571916,31.49606000
80.32672396,31.49606000
80.32772876,39.37008000
80.32873356,31.49606000
80.32973836,35.43307000
80.33074316,27.55905000
80.33174796,35.43307000
80.33275276,35.43307000
80.33375756,27.55905000
80.33476236,27.55905000
80.33576716,35.43307000
80.33677196,27.55905000
80.33777676,35.43307000
80.33878156,27.55905000
80.33978636,27.55905000
80.34079116,31.49606000
80.34179596,23.62205000
80.34280076,31.49606000
80.34380556,31.49606000
80.34481036,31.49606000
80.34581516,23.62205000
80.34681996,31.49606000
80.34782476,31.49606000
80.34882956,23.62205000
80.34983436,23.62205000
80.35083916,27.55905000
80.35184396,19.68504000
80.35284876,19.68504000
80.35385356,31.49606000
80.35485836,23.62205000
80.35586316,31.49606000
80.35686796,31.49606000
80.35787276,23.62205000
80.35887756,27.55905000
80.35988236,31.49606000
80.36088716,23.62205000
80.36189196,27.55905000
80.36289676,27.55905000
80.36390156,27.55905000
80.36490636,27.55905000
80.36591116,31.49606000
80.36691596,27.55905000
80.36792076,27.55905000
80.36892556,27.55905000
80.36993036,31.49606000
80.37093516,35.43307000
80.37193996,27.55905000
80.37294476,35.43307000
80.37394956,31.49606000
80.37495436,31.49606000
80.37595916,31.49606000
80.37696396,23.62205000
80.37796876,31.49606000
80.37897356,31.49606000
80.37997836,31.49606000
80.38098316,31.49606000
80.38198796,27.55905000
80.38299276,27.55905000
80.38399756,27.55905000
80.38500236,31.49606000
80.38600716,27.55905000
80.38701196,23.62205000
80.38801676,31.49606000
80.38902156,31.49606000
80.39002636,23.62205000
80.39103116,27.55905000
80.39203596,27.55905000
80.39304076,27.55905000
80.39404556,35.43307000
80.39505036,27.55905000
80.39605516,27.55905000
80.39705996,19.68504000
80.39806476,19.68504000
80.39906956,19.68504000
80.40007436,23.62205000
80.40107916,27.55905000
80.40208396,23.62205000
80.40308876,27.55905000
80.40409356,23.62205000
80.40509836,27.55905000
80.40610316,27.55905000
80.40710796,27.55905000
80.40811276,27.55905000
80.40911756,27.55905000
80.41012236,27.55905000
80.41112716,27.55905000
80.41213196,23.62205000
80.41313676,23.62205000
80.41414156,23.62205000
80.41514636,23.62205000
80.41615116,23.62205000
80.41715596,19.68504000
80.41816076,23.62205000
80.41916555,27.55905000
80.42017035,27.55905000
80.42117515,27.55905000
80.42217995,27.55905000
80.42318475,23.62205000
80.42418955,23.62205000
80.42519435,23.62205000
80.42619915,23.62205000
80.42720395,27.55905000
80.42820875,23.62205000
80.42921355,27.55905000
80.43021835,27.55905000
80.43122315,23.62205000
80.43222795,23.62205000
80.43323275,27.55905000
80.43423755,19.68504000
80.43524235,19.68504000
80.43624715,27.55905000
80.43725195,27.55905000
80.43825675,23.62205000
80.43926155,27.55905000
80.44026635,27.55905000
80.44127115,23.62205000
80.44227595,31.49606000
80.44328075,23.62205000
80.44428555,27.55905000
80.44529035,27.55905000
80.44629515,23.62205000
80.44729995,19.68504000
80.44830475,27.55905000
80.44930955,27.55905000
80.45031435,31.49606000
80.45131915,27.55905000
80.45232395,23.62205000
80.45332875,27.55905000
80.45433355,23.62205000
80.45533835,23.62205000
80.45634315,27.55905000
80.45734795,23.62205000
80.45835275,27.55905000
80.45935755,23.62205000
80.46036235,23.62205000
80.46136715,31.49606000
80.46237195,27.55905000
80.46337675,19.68504000
80.46438155,27.55905000
80.46538635,19.68504000
80.46639115,27.55905000
80.46739595,27.55905000
80.46840075,23.62205000
80.46940555,23.62205000
80.47041035,23.62205000
80.47141515,23.62205000
80.47241995,19.68504000
80.47342475,15.74803000
80.47442955,23.62205000
80.47543435,19.68504000
80.47643915,19.68504000
80.47744395,19.68504000
80.47844875,27.55905000
80.47945355,27.55905000
80.48045835,31.49606000
80.48146315,23.62205000
80.48246795,27.55905000
80.48347275,19.68504000
80.48447755,27.55905000
80.48548235,27.55905000
80.48648715,23.62205000
80.48749195,23.62205000
80.48849675,27.55905000
80.48950155,23.62205000
80.49050635,23.62205000
80.49151115,23.62205000
80.49251595,23.62205000
80.49352075,27.55905000
80.49452555,23.62205000
80.49553035,27.55905000
80.49653515,23.62205000
80.49753995,23.62205000
80.49854475,23.62205000
80.49954955,27.55905000
80.50055435,19.68504000
80.50155915,23.62205000
80.50256395,19.68504000
80.50356875,23.62205000
80.50457355,27.55905000
80.50557835,27.55905000
80.50658315,31.49606000
80.50758795,27.55905000
80.50859275,23.62205000
80.50959755,23.62205000
80.51060235,15.74803000
80.51160715,19.68504000
80.51261195,15.74803000
80.51361675,15.74803000
80.51462155,27.55905000
80.51562635,27.55905000
80.51663115,27.55905000
80.51763595,27.55905000
80.51864075,19.68504000
80.51964555,23.62205000
80.52065035,19.68504000
80.52165515,27.55905000
80.52265995,23.62205000
80.52366475,19.68504000
80.52466955,23.62205000
80.52567435,23.62205000
80.52667915,15.74803000
80.52768395,23.62205000
80.52868875,15.74803000
80.52969355,15.74803000
80.53069835,35.43307000
80.53170315,19.68504000
80.53270795,23.62205000
80.53371275,19.68504000
80.53471755,19.68504000
80.53572235,23.62205000
80.53672715,19.68504000
80.53773195,23.62205000
80.53873675,23.62205000
80.53974155,23.62205000
80.54074635,19.68504000
80.54175115,27.55905000
80.54275595,23.62205000
80.54376075,19.68504000
80.54476555,19.68504000
80.54577035,19.68504000
80.54677515,19.68504000
80.54777995,15.74803000
80.54878475,19.68504000
80.54978955,19.68504000
80.55079435,15.74803000
80.55179915,23.62205000
80.55280395,19.68504000
80.55380875,23.62205000
80.55481355,23.62205000
80.55581835,23.62205000
80.55682315,23.62205000
80.55782795,19.68504000
80.55883275,23.62205000
80.55983755,23.62205000
80.56084235,19.68504000
80.56184715,19.68504000
80.56285195,23.62205000
80.56385675,23.62205000
80.56486155,19.68504000
80.56586635,19.68504000
80.56687115,23.62205000
80.56787595,19.68504000
80.56888075,19.68504000
80.56988555,19.68504000
80.57089035,19.68504000
80.57189515,15.74803000
80.57289995,23.62205000
80.57390475,19.68504000
80.57490955,19.68504000
80.57591435,19.68504000
80.57691915,19.68504000
80.57792395,15.74803000
80.57892875,19.68504000
80.57993355,23.62205000
80.58093835,15.74803000
80.58194315,23.62205000
80.58294795,19.68504000
80.58395275,15.74803000
80.58495755,11.81102000
80.58596235,11.81102000
80.58696715,11.81102000
80.58797195,19.68504000
80.58897675,19.68504000
80.58998155,19.68504000
80.59098635,27.55905000
80.59199115,19.68504000
80.59299595,19.68504000
80.59400075,15.74803000
80.59500555,19.68504000
80.59601035,19.68504000
80.59701515,23.62205000
80.59801995,23.62205000
80.59902475,19.68504000
80.60002955,19.68504000
80.60103435,19.68504000
80.60203915,23.62205000
80.60304395,19.68504000
80.60404875,19.68504000
80.60505355,23.62205000
80.60605835,19.68504000
80.60706315,23.62205000
80.60806795,19.68504000
80.60907275,19.68504000
80.61007755,19.68504000
80.61108235,15.74803000
80.61208715,19.68504000
80.61309195,23.62205000
80.61409675,19.68504000
80.61510155,19.68504000
80.61610635,15.74803000
80.61711115,19.68504000
80.61811595,23.62205000
80.61912075,3.93700800
80.62012555,15.74803000
80.62113035,11.81102000
80.62213515,15.74803000
80.62313995,19.68504000
80.62414475,19.68504000
80.62514955,7.87401500
80.62615435,15.74803000
80.62715915,19.68504000
80.62816395,35.43307000
80.62916875,19.68504000
80.63017355,23.62205000
80.63117835,19.68504000
80.63218315,19.68504000
80.63318795,19.68504000
80.63419275,15.74803000
80.63519755,19.68504000
80.63620235,19.68504000
80.63720715,15.74803000
80.63821195,19.68504000
80.63921675,19.68504000
80.64022155,23.62205000
80.64122635,19.68504000
80.64223115,19.68504000
80.64323595,15.74803000
80.64424075,15.74803000
80.64524555,19.68504000
80.64625035,19.68504000
80.64725515,19.68504000
80.64825995,19.68504000
80.64926475,19.68504000
80.65026955,19.68504000
80.65127435,23.62205000
80.65227915,15.74803000
80.65328395,19.68504000
80.65428875,19.68504000
80.65529355,15.74803000
80.65629835,11.81102000
80.65730315,15.74803000
80.65830795,11.81102000
80.65931275,15.74803000
80.66031755,11.81102000
80.66132235,15.74803000
80.66232715,15.74803000
80.66333195,19.68504000
80.66433675,23.62205000
80.66534155,23.62205000
80.66634635,23.62205000
80.66735115,23.62205000
80.66835595,15.74803000
80.66936075,23.62205000
80.67036555,15.74803000
80.67137035,15.74803000
80.67237515,27.55905000
80.67337995,15.74803000
80.67438475,15.74803000
80.67538955,19.68504000
80.67639435,19.68504000
80.67739915,15.74803000
80.67840395,19.68504000
80.67940875,23.62205000
80.68041355,19.68504000
80.68141835,23.62205000
80.68242315,23.62205000
80.68342795,19.68504000
80.68443275,23.62205000
80.68543755,19.68504000
80.68644235,19.68504000
80.68744715,23.62205000
80.68845195,19.68504000
80.68945675,23.62205000
80.69046155,19.68504000
80.69146635,19.68504000
80.69247115,19.68504000
80.69347595,19.68504000
80.69448075,19.68504000
80.69548555,15.74803000
80.69649035,19.68504000
80.69749515,19.68504000
80.69849995,15.74803000
80.69950475,11.81102000
80.70050955,23.62205000
80.70151435,19.68504000
80.70251915,23.62205000
80.70352395,23.62205000
80.70452875,19.68504000
80.70553355,19.68504000
80.70653835,15.74803000
80.70754315,19.68504000
80.70854795,19.68504000
80.70955275,19.68504000
80.71055755,19.68504000
80.71156235,19.68504000
80.71256715,23.62205000
80.71357195,19.68504000
80.71457675,23.62205000
80.71558155,19.68504000
80.71658635,15.74803000
80.71759115,19.68504000
80.71859595,19.68504000
80.71960075,19.68504000
80.72060555,19.68504000
80.72161035,19.68504000
80.72261515,3.93700800
80.72361995,19.68504000
80.72462475,15.74803000
80.72562955,23.62205000
80.72663435,23.62205000
80.72763915,19.68504000
80.72864395,19.68504000
80.72964875,19.68504000
80.73065355,19.68504000
80.73165835,19.68504000
80.73266315,15.74803000
80.73366795,7.87401500
80.73467275,7.87401500
80.73567755,11.81102000
80.73668235,11.81102000
80.73768715,19.68504000
80.73869195,23.62205000
80.73969675,19.68504000
80.74070155,15.74803000
80.74170635,19.68504000
80.74271115,19.68504000
80.74371595,19.68504000
80.74472075,19.68504000
80.74572555,19.68504000
80.74673035,15.74803000
80.74773514,11.81102000
80.74873994,19.68504000
80.74974474,19.68504000
80.75074954,19.68504000
80.75175434,19.68504000
80.75275914,23.62205000
80.75376394,15.74803000
80.75476874,23.62205000
80.75577354,15.74803000
80.75677834,15.74803000
80.75778314,19.68504000
80.75878794,23.62205000
80.75979274,19.68504000
80.76079754,15.74803000
80.76180234,15.74803000
80.76280714,19.68504000
80.76381194,15.74803000
80.76481674,15.74803000
80.76582154,19.68504000
80.76682634,15.74803000
80.76783114,19.68504000
80.76883594,19.68504000
80.76984074,15.74803000
80.77084554,3.93700800
80.77185034,7.87401500
80.77285514,7.87401500
80.77385994,15.74803000
80.77486474,15.74803000
80.77586954,15.74803000
80.77687434,15.74803000
80.77787914,15.74803000
80.77888394,23.62205000
80.77988874,19.68504000
80.78089354,23.62205000
80.78189834,19.68504000
80.78290314,15.74803000
80.78390794,19.68504000
80.78491274,19.68504000
80.78591754,11.81102000
80.78692234,11.81102000
80.78792714,15.74803000
80.78893194,15.74803000
80.78993674,11.81102000
80.79094154,19.68504000
80.79194634,19.68504000
80.79295114,15.74803000
80.79395594,19.68504000
80.79496074,19.68504000
80.79596554,19.68504000
80.79697034,15.74803000
80.79797514,19.68504000
80.79897994,15.74803000
80.79998474,15.74803000
80.80098954,15.74803000
80.80199434,23.62205000
80.80299914,15.74803000
80.80400394,11.81102000
80.80500874,19.68504000
80.80601354,19.68504000
80.80701834,19.68504000
80.80802314,23.62205000
80.80902794,11.81102000
80.81003274,11.81102000
80.81103754,11.81102000
80.81204234,15.74803000
80.81304714,15.74803000
80.81405194,19.68504000
80.81505674,15.74803000
80.81606154,19.68504000
80.81706634,19.68504000
80.81807114,19.68504000
80.81907594,19.68504000
80.82008074,15.74803000
80.82108554,19.68504000
80.82209034,11.81102000
80.82309514,15.74803000
80.82409994,19.68504000
80.82510474,15.74803000
80.82610954,19.68504000
80.82711434,11.81102000
80.82811914,15.74803000
80.82912394,15.74803000
80.83012874,19.68504000
80.83113354,15.74803000
80.83213834,19.68504000
80.83314314,19.68504000
80.83414794,7.87401500
80.83515274,15.74803000
80.83615754,11.81102000
80.83716234,11.81102000
80.83816714,11.81102000
80.83917194,15.74803000
80.84017674,11.81102000
80.84118154,15.74803000
80.84218634,15.74803000
80.84319114,19.68504000
80.84419594,11.81102000
80.84520074,15.74803000
80.84620554,3.93700800
80.84721034,7.87401500
80.84821514,7.87401500
80.84921994,11.81102000
80.85022474,11.81102000
80.85122954,15.74803000
80.85223434,19.68504000
80.85323914,11.81102000
80.85424394,19.68504000
80.85524874,11.81102000
80.85625354,15.74803000
80.85725834,15.74803000
80.85826314,19.68504000
80.85926794,19.68504000
80.86027274,11.81102000
80.86127754,11.81102000
80.86228234,11.81102000
80.86328714,19.68504000
80.86429194,11.81102000
80.86529674,19.68504000
80.86630154,15.74803000
80.86730634,15.74803000
80.86831114,15.74803000
80.86931594,11.81102000
80.87032074,7.87401500
80.87132554,15.74803000
80.87233034,15.74803000
80.87333514,11.81102000
80.87433994,11.81102000
80.87534474,15.74803000
80.87634954,11.81102000
80.87735434,11.81102000
80.87835914,15.74803000
80.87936394,15.74803000
80.88036874,15.74803000
80.88137354,15.74803000
80.88237834,15.74803000
80.88338314,3.93700800
80.88438794,7.87401500
80.88539274,7.87401500
80.88639754,7.87401500
80.88740234,7.87401500
80.88840714,15.74803000
80.88941194,15.74803000
80.89041674,19.68504000
80.89142154,19.68504000
80.89242634,15.74803000
80.89343114,19.68504000
80.89443594,19.68504000
80.89544074,15.74803000
80.89644554,19.68504000
80.89745034,11.81102000
80.89845514,11.81102000
80.89945994,11.81102000
80.90046474,15.74803000
80.90146954,11.81102000
80.90247434,11.81102000
80.90347914,15.74803000
80.90448394,19.68504000
80.90548874,15.74803000
80.90649354,15.74803000
80.90749834,15.74803000
80.90850314,15.74803000
80.90950794,15.74803000
80.91051274,19.68504000
80.91151754,11.81102000
80.91252234,15.74803000
80.91352714,15.74803000
80.91453194,7.87401500
80.91553674,15.74803000
80.91654154,15.74803000
80.91754634,15.74803000
80.91855114,15.74803000
80.91955594,11.81102000
80.92056074,15.74803000
80.92156554,11.81102000
80.92257034,7.87401500
80.92357514,15.74803000
80.92457994,19.68504000
80.92558474,7.87401500
80.92658954,15.74803000
80.92759434,11.81102000
80.92859914,19.68504000
80.92960394,15.74803000
80.93060874,19.68504000
80.93161354,15.74803000
80.93261834,15.74803000
80.93362314,15.74803000
80.93462794,11.81102000
80.93563274,15.74803000
80.93663754,27.55905000
80.93764234,15.74803000
80.93864714,19.68504000
80.93965194,11.81102000
80.94065674,15.74803000
80.94166154,11.81102000
80.94266634,15.74803000
80.94367114,15.74803000
80.94467594,7.87401500
80.94568074,19.68504000
80.94668554,11.81102000
80.94769034,11.81102000
80.94869514,11.81102000
80.94969994,11.81102000
80.95070474,11.81102000
80.95170954,7.87401500
80.95271434,7.87401500
80.95371914,11.81102000
80.95472394,15.74803000
80.95572874,11.81102000
80.95673354,11.81102000
80.95773834,15.74803000
80.95874314,3.93700800
80.95974794,0.00000000
80.96075274,11.81102000
80.96175754,11.81102000
80.96276234,11.81102000
80.96376714,11.81102000
80.96477194,15.74803000
80.96577674,19.68504000
80.96678154,7.87401500
80.96778634,11.81102000
80.96879114,11.81102000
80.96979594,15.74803000
80.97080074,15.74803000
80.97180554,15.74803000
80.97281034,11.81102000
80.97381514,15.74803000
80.97481994,11.81102000
80.97582474,11.81102000
80.97682954,15.74803000
80.97783434,11.81102000
80.97883914,19.68504000
80.97984394,15.74803000
80.98084874,15.74803000
80.98185354,11.81102000
80.98285834,0.00000000
80.98386314,11.81102000
80.98486794,7.87401500
80.98587274,11.81102000
80.98687754,15.74803000
80.98788234,15.74803000
80.98888714,15.74803000
80.98989194,11.81102000
80.99089674,15.74803000
80.99190154,15.74803000
80.99290634,11.81102000
80.99391114,11.81102000
80.99491594,11.81102000
80.99592074,11.81102000
80.99692554,0.00000000
80.99793034,7.87401500
80.99893514,7.87401500
80.99993994,7.87401500
81.00094474,3.93700800
81.00194954,11.81102000
81.00295434,15.74803000
81.00395914,15.74803000
81.00496394,15.74803000
81.00596874,11.81102000
81.00697354,15.74803000
81.00797834,11.81102000
81.00898314,7.87401500
81.00998794,11.81102000
81.01099274,15.74803000
81.01199754,11.81102000
81.01300234,11.81102000
81.01400714,7.87401500
81.01501194,7.87401500
81.01601674,7.87401500
81.01702154,3.93700800
81.01802634,7.87401500
81.01903114,15.74803000
81.02003594,19.68504000
81.02104074,11.81102000
81.02204554,7.87401500
81.02305034,7.87401500
81.02405514,15.74803000
81.02505994,15.74803000
81.02606474,15.74803000
81.02706954,11.81102000
81.02807434,7.87401500
81.02907914,11.81102000
81.03008394,11.81102000
81.03108874,7.87401500
81.03209354,11.81102000
81.03309834,7.87401500
81.03410314,31.49606000
81.03510794,11.81102000
81.03611274,7.87401500
81.03711754,11.81102000
81.03812234,11.81102000
81.03912714,11.81102000
81.04013194,15.74803000
81.04113674,15.74803000
81.04214154,11.81102000
81.04314634,15.74803000
81.04415114,11.81102000
81.04515594,19.68504000
81.04616074,15.74803000
81.04716554,11.81102000
81.04817034,15.74803000
81.04917514,7.87401500
81.05017994,7.87401500
81.05118474,19.68504000
81.05218954,11.81102000
81.05319434,11.81102000
81.05419914,11.81102000
81.05520394,11.81102000
81.05620874,7.87401500
81.05721354,19.68504000
81.05821834,11.81102000
81.05922314,15.74803000
81.06022794,7.87401500
81.06123274,11.81102000
81.06223754,11.81102000
81.06324234,15.74803000
81.06424714,15.74803000
81.06525194,11.81102000
81.06625674,7.87401500
81.06726154,11.81102000
81.06826634,11.81102000
81.06927114,7.87401500
81.07027594,11.81102000
81.07128074,11.81102000
81.07228554,15.74803000
81.07329034,7.87401500
81.07429514,3.93700800
81.07529994,7.87401500
81.07630474,15.74803000
81.07730953,7.87401500
81.07831433,7.87401500
81.07931913,7.87401500
81.08032393,11.81102000
81.08132873,7.87401500
81.08233353,11.81102000
81.08333833,15.74803000
81.08434313,11.81102000
81.08534793,11.81102000
81.08635273,11.81102000
81.08735753,11.81102000
81.08836233,11.81102000
81.08936713,11.81102000
81.09037193,7.87401500
81.09137673,11.81102000
81.09238153,11.81102000
81.09338633,11.81102000
81.09439113,11.81102000
81.09539593,15.74803000
81.09640073,7.87401500
81.09740553,7.87401500
81.09841033,7.87401500
81.09941513,19.68504000
81.10041993,11.81102000
81.10142473,7.87401500
81.10242953,11.81102000
81.10343433,11.81102000
81.10443913,7.87401500
81.10544393,7.87401500
81.10644873,15.74803000
81.10745353,11.81102000
81.10845833,11.81102000
81.10946313,11.81102000
81.11046793,0.00000000
81.11147273,3.93700800
81.11247753,3.93700800
81.11348233,3.93700800
81.11448713,3.93700800
81.11549193,11.81102000
81.11649673,7.87401500
81.11750153,11.81102000
81.11850633,15.74803000
81.11951113,11.81102000
81.12051593,7.87401500
81.12152073,15.74803000
81.12252553,3.93700800
81.12353033,11.81102000
81.12453513,7.87401500
81.12553993,15.74803000
81.12654473,11.81102000
81.12754953,7.87401500
81.12855433,0.00000000
81.12955913,11.81102000
81.13056393,7.87401500
81.13156873,19.68504000
81.13257353,15.74803000
81.13357833,11.81102000
81.13458313,11.81102000
81.13558793,7.87401500
81.13659273,11.81102000
81.13759753,11.81102000
81.13860233,11.81102000
81.13960713,7.87401500
81.14061193,11.81102000
81.14161673,11.81102000
81.14262153,19.68504000
81.14362633,7.87401500
81.14463113,11.81102000
81.14563593,7.87401500
81.14664073,3.93700800
81.14764553,11.81102000
81.14865033,7.87401500
81.14965513,3.93700800
81.15065993,7.87401500
81.15166473,7.87401500
81.15266953,7.87401500
81.15367433,11.81102000
81.15467913,15.74803000
81.15568393,11.81102000
81.15668873,11.81102000
81.15769353,19.68504000
81.15869833,15.74803000
81.15970313,11.81102000
81.16070793,11.81102000
81.16171273,3.93700800
81.16271753,3.93700800
81.16372233,11.81102000
81.16472713,11.81102000
81.16573193,11.81102000
81.16673673,11.81102000
81.16774153,3.93700800
81.16874633,11.81102000
81.16975113,11.81102000
81.17075593,11.81102000
81.17176073,11.81102000
81.17276553,11.81102000
81.17377033,7.87401500
81.17477513,7.87401500
81.17577993,7.87401500
81.17678473,11.81102000
81.17778953,7.87401500
81.17879433,3.93700800
81.17979913,7.87401500
81.18080393,7.87401500
81.18180873,15.74803000
81.18281353,3.93700800
81.18381833,7.87401500
81.18482313,11.81102000
81.18582793,15.74803000
81.18683273,11.81102000
81.18783753,3.93700800
81.18884233,3.93700800
81.18984713,7.87401500
81.19085193,7.87401500
81.19185673,7.87401500
81.19286153,15.74803000
81.19386633,11.81102000
81.19487113,3.93700800
81.19587593,7.87401500
81.19688073,7.87401500
81.19788553,11.81102000
81.19889033,15.74803000
81.19989513,11.81102000
81.20089993,11.81102000
81.20190473,11.81102000
81.20290953,7.87401500
81.20391433,11.81102000
81.20491913,7.87401500
81.20592393,15.74803000
81.20692873,11.81102000
81.20793353,11.81102000
81.20893833,11.81102000
81.20994313,7.87401500
81.21094793,7.87401500
81.21195273,3.93700800
81.21295753,7.87401500
81.21396233,11.81102000
81.21496713,7.87401500
81.21597193,11.81102000
81.21697673,7.87401500
81.21798153,11.81102000
81.21898633,7.87401500
81.21999113,11.81102000
81.22099593,7.87401500
81.22200073,7.87401500
81.22300553,11.81102000
81.22401033,7.87401500
81.22501513,0.00000000
81.22601993,-7.87401500
81.22702473,-3.93700800
81.22802953,0.00000000
81.22903433,11.81102000
81.23003913,3.93700800
81.23104393,11.81102000
81.23204873,11.81102000
81.23305353,11.81102000
81.23405833,11.81102000
81.23506313,15.74803000
81.23606793,15.74803000
81.23707273,11.81102000
81.23807753,11.81102000
81.23908233,7.87401500
81.24008713,7.87401500
81.24109193,11.81102000
81.24209673,7.87401500
81.24310153,11.81102000
81.24410633,11.81102000
81.24511113,7.87401500
81.24611593,7.87401500
81.24712073,11.81102000
81.24812553,7.87401500
81.24913033,11.81102000
81.25013513,11.81102000
81.25113993,15.74803000
81.25214473,11.81102000
81.25314953,11.81102000
81.25415433,0.00000000
81.25515913,7.87401500
81.25616393,7.87401500
81.25716873,7.87401500
81.25817353,11.81102000
81.25917833,3.93700800
81.26018313,7.87401500
81.26118793,3.93700800
81.26219273,7.87401500
81.26319753,7.87401500
81.26420233,7.87401500
81.26520713,3.93700800
81.26621193,3.93700800
81.26721673,3.93700800
81.26822153,7.87401500
81.26922633,11.81102000
81.27023113,11.81102000
81.27123593,15.74803000
81.27224073,11.81102000
81.27324553,7.87401500
81.27425033,7.87401500
81.27525513,3.93700800
81.27625993,7.87401500
81.27726473,7.87401500
81.27826953,7.87401500
81.27927433,7.87401500
81.28027913,11.81102000
81.28128393,7.87401500
81.28228873,3.93700800
81.28329353,7.87401500
81.28429833,7.87401500
81.28530313,7.87401500
81.28630793,11.81102000
81.28731273,11.81102000
81.28831753,11.81102000
81.28932233,7.87401500
81.29032713,7.87401500
81.29133193,7.87401500
81.29233673,7.87401500
81.29334153,7.87401500
81.29434633,7.87401500
81.29535113,3.93700800
81.29635593,7.87401500
81.29736073,3.93700800
81.29836553,11.81102000
81.29937033,7.87401500
81.30037513,3.93700800
81.30137993,11.81102000
81.30238473,-7.87401500
81.30338953,3.93700800
81.30439433,0.00000000
81.30539913,3.93700800
81.30640393,3.93700800
81.30740873,7.87401500
81.30841353,3.93700800
81.30941833,11.81102000
81.31042313,7.87401500
81.31142793,11.81102000
81.31243273,7.87401500
81.31343753,7.87401500
81.31444233,11.81102000
81.31544713,7.87401500
81.31645193,7.87401500
81.31745673,11.81102000
81.31846153,7.87401500
81.31946633,7.87401500
81.32047113,3.93700800
81.32147593,7.87401500
81.32248073,11.81102000
81.32348553,7.87401500
81.32449033,7.87401500
81.32549513,0.00000000
81.32649993,15.74803000
81.32750473,11.81102000
81.32850953,7.87401500
81.32951433,7.87401500
81.33051913,11.81102000
81.33152393,11.81102000
81.33252873,7.87401500
81.33353353,7.87401500
81.33453833,11.81102000
81.33554313,7.87401500
81.33654793,11.81102000
81.33755273,11.81102000
81.33855753,11.81102000
81.33956233,7.87401500
81.34056713,3.93700800
81.34157193,3.93700800
81.34257673,7.87401500
81.34358153,7.87401500
81.34458633,3.93700800
81.34559113,7.87401500
81.34659593,11.81102000
81.34760073,7.87401500
81.34860553,11.81102000
81.34961033,7.87401500
81.35061513,11.81102000
81.35161993,11.81102000
81.35262473,7.87401500
81.35362953,7.87401500
81.35463433,3.93700800
81.35563913,0.00000000
81.35664393,0.00000000
81.35764873,3.93700800
81.35865353,0.00000000
81.35965833,7.87401500
81.36066313,7.87401500
81.36166793,11.81102000
81.36267273,7.87401500
81.36367753,7.87401500
81.36468233,3.93700800
81.36568713,7.87401500
81.36669193,7.87401500
81.36769673,3.93700800
81.36870153,11.81102000
81.36970633,3.93700800
81.37071113,3.93700800
81.37171593,7.87401500
81.37272073,0.00000000
81.37372553,7.87401500
81.37473033,7.87401500
81.37573513,7.87401500
81.37673993,7.87401500
81.37774473,3.93700800
81.37874953,7.87401500
81.37975433,-3.93700800
81.38075913,3.93700800
81.38176393,3.93700800
81.38276873,3.93700800
81.38377353,3.93700800
81.38477833,15.74803000
81.38578313,3.93700800
81.38678793,11.81102000
81.38779273,7.87401500
81.38879753,7.87401500
81.38980233,3.93700800
81.39080713,7.87401500
81.39181193,7.87401500
81.39281673,11.81102000
81.39382153,3.93700800
81.39482633,11.81102000
81.39583113,3.93700800
81.39683593,7.87401500
81.39784073,11.81102000
81.39884553,3.93700800
81.39985033,3.93700800
81.40085513,0.00000000
81.40185993,11.81102000
81.40286473,7.87401500
81.40386953,3.93700800
81.40487433,7.87401500
81.40587912,7.87401500
81.40688392,3.93700800
81.40788872,11.81102000
81.40889352,3.93700800
81.40989832,7.87401500
81.41090312,3.93700800
81.41190792,0.00000000
81.41291272,3.93700800
81.41391752,11.81102000
81.41492232,3.93700800
81.41592712,0.00000000
81.41693192,3.93700800
81.41793672,3.93700800
81.41894152,-11.81102000
81.41994632,0.00000000
81.42095112,0.00000000
81.42195592,-3.93700800
81.42296072,0.00000000
81.42396552,7.87401500
81.42497032,3.93700800
81.42597512,7.87401500
81.42697992,7.87401500
81.42798472,7.87401500
81.42898952,7.87401500
81.42999432,11.81102000
81.43099912,7.87401500
81.43200392,7.87401500
81.43300872,3.93700800
81.43401352,7.87401500
81.43501832,7.87401500
81.43602312,7.87401500
81.43702792,0.00000000
81.43803272,3.93700800
81.43903752,3.93700800
81.44004232,23.62205000
81.44104712,7.87401500
81.44205192,11.81102000
81.44305672,3.93700800
81.44406152,3.93700800
81.44506632,15.74803000
81.44607112,7.87401500
81.44707592,7.87401500
81.44808072,11.81102000
81.44908552,7.87401500
81.45009032,3.93700800
81.45109512,7.87401500
81.45209992,3.93700800
81.45310472,3.93700800
81.45410952,3.93700800
81.45511432,0.00000000
81.45611912,3.93700800
81.45712392,-7.87401500
81.45812872,0.00000000
81.45913352,-3.93700800
81.46013832,-3.93700800
81.46114312,3.93700800
81.46214792,0.00000000
81.46315272,0.00000000
81.46415752,3.93700800
81.46516232,7.87401500
81.46616712,7.87401500
81.46717192,3.93700800
81.46817672,7.87401500
81.46918152,3.93700800
81.47018632,-3.93700800
81.47119112,0.00000000
81.47219592,0.00000000
81.47320072,7.87401500
81.47420552,-3.93700800
81.47521032,7.87401500
81.47621512,3.93700800
81.47721992,3.93700800
81.47822472,7.87401500
81.47922952,7.87401500
81.48023432,7.87401500
81.48123912,7.87401500
81.48224392,7.87401500
81.48324872,3.93700800
81.48425352,3.93700800
81.48525832,3.93700800
81.48626312,-3.93700800
81.48726792,0.00000000
81.48827272,7.87401500
81.48927752,3.93700800
81.49028232,11.81102000
81.49128712,3.93700800
81.49229192,3.93700800
81.49329672,3.93700800
81.49430152,7.87401500
81.49530632,3.93700800
81.49631112,-3.93700800
81.49731592,0.00000000
81.49832072,0.00000000
81.49932552,0.00000000
81.50033032,0.00000000
81.50133512,7.87401500
81.50233992,0.00000000
81.50334472,3.93700800
81.50434952,0.00000000
81.50535432,3.93700800
81.50635912,7.87401500
81.50736392,3.93700800
81.50836872,3.93700800
81.50937352,7.87401500
81.51037832,0.00000000
81.51138312,3.93700800
81.51238792,-3.93700800
81.51339272,7.87401500
81.51439752,0.00000000
81.51540232,0.00000000
81.51640712,0.00000000
81.51741192,0.00000000
81.51841672,3.93700800
81.51942152,0.00000000
81.52042632,0.00000000
81.52143112,0.00000000
81.52243592,7.87401500
81.52344072,0.00000000
81.52444552,-3.93700800
81.52545032,3.93700800
81.52645512,0.00000000
81.52745992,0.00000000
81.52846472,0.00000000
81.52946952,3.93700800
81.53047432,3.93700800
81.53147912,3.93700800
81.53248392,3.93700800
81.53348872,3.93700800
81.53449352,-7.87401500
81.53549832,7.87401500
81.53650312,-7.87401500
81.53750792,15.74803000
81.53851272,0.00000000
81.53951752,0.00000000
81.54052232,-3.93700800
81.54152712,3.93700800
81.54253192,7.87401500
81.54353672,3.93700800
81.54454152,0.00000000
81.54554632,7.87401500
81.54655112,7.87401500
81.54755592,3.93700800
81.54856072,3.93700800
81.54956552,3.93700800
81.55057032,3.93700800
81.55157512,-3.93700800
81.55257992,0.00000000
81.55358472,0.00000000
81.55458952,3.93700800
81.55559432,0.00000000
81.55659912,0.00000000
81.55760392,3.93700800
81.55860872,0.00000000
81.55961352,3.93700800
81.56061832,7.87401500
81.56162312,0.00000000
81.56262792,3.93700800
81.56363272,7.87401500
81.56463752,-3.93700800
81.56564232,3.93700800
81.56664712,-3.93700800
81.56765192,-3.93700800
81.56865672,0.00000000
81.56966152,0.00000000
81.57066632,-3.93700800
81.57167112,3.93700800
81.57267592,0.00000000
81.57368072,0.00000000
81.57468552,-3.93700800
81.57569032,-3.93700800
81.57669512,-7.87401500
81.57769992,0.00000000
81.57870472,0.00000000
81.57970952,-3.93700800
81.58071432,0.00000000
81.58171912,0.00000000
81.58272392,3.93700800
81.58372872,0.00000000
81.58473352,0.00000000
81.58573832,0.00000000
81.58674312,3.93700800
81.58774792,0.00000000
81.58875272,0.00000000
81.58975752,-3.93700800
81.59076232,-3.93700800
81.59176712,-3.93700800
81.59277192,0.00000000
81.59377672,0.00000000
81.59478152,-3.93700800
81.59578632,0.00000000
81.59679112,0.00000000
81.59779592,-3.93700800
81.59880072,0.00000000
81.59980552,0.00000000
81.60081032,-7.87401500
81.60181512,-3.93700800
81.60281992,0.00000000
81.60382472,-3.93700800
81.60482952,0.00000000
81.60583432,3.93700800
81.60683912,-3.93700800
81.60784392,-3.93700800
81.60884872,-3.93700800
81.60985352,-3.93700800
81.61085832,0.00000000
81.61186312,-3.93700800
81.61286792,0.00000000
81.61387272,-11.81102000
81.61487752,-11.81102000
81.61588232,-7.87401500
81.61688712,-7.87401500
81.61789192,-11.81102000
81.61889672,-3.93700800
81.61990152,-3.93700800
81.62090632,-3.93700800
81.62191112,-3.93700800
81.62291592,-3.93700800
81.62392072,-3.93700800
81.62492552,-3.93700800
81.62593032,-7.87401500
81.62693512,-7.87401500
81.62793992,-7.87401500
81.62894472,-11.81102000
81.62994952,-7.87401500
81.63095432,-3.93700800
81.63195912,-19.68504000
81.63296392,-7.87401500
81.63396872,-7.87401500
81.63497352,-3.93700800
81.63597832,-7.87401500
81.63698312,-3.93700800
81.63798792,-7.87401500
81.63899272,-7.87401500
81.63999752,-11.81102000
81.64100232,-7.87401500
81.64200712,-3.93700800
81.64301192,-7.87401500
81.64401672,-3.93700800
81.64502152,-7.87401500
81.64602632,-11.81102000
81.64703112,-3.93700800
81.64803592,-3.93700800
81.64904072,-11.81102000
81.65004552,-11.81102000
81.65105032,-11.81102000
81.65205512,-23.62205000
81.65305992,-15.74803000
81.65406472,-11.81102000
81.65506952,-11.81102000
81.65607432,-3.93700800
81.65707912,-3.93700800
81.65808392,-3.93700800
81.65908872,0.00000000
81.66009352,0.00000000
81.66109832,0.00000000
81.66210312,7.87401500
81.66310792,0.00000000
81.66411272,3.93700800
81.66511752,3.93700800
81.66612232,3.93700800
81.66712712,11.81102000
81.66813192,15.74803000
81.66913672,11.81102000
81.67014152,19.68504000
81.67114632,15.74803000
81.67215112,23.62205000
81.67315592,19.68504000
81.67416072,27.55905000
81.67516552,23.62205000
81.67617032,31.49606000
81.67717512,27.55905000
81.67817992,23.62205000
81.67918472,23.62205000
81.68018952,23.62205000
81.68119432,19.68504000
81.68219912,15.74803000
81.68320392,19.68504000
81.68420872,11.81102000
81.68521352,3.93700800
81.68621832,3.93700800
81.68722312,0.00000000
81.68822792,0.00000000
81.68923272,-7.87401500
81.69023752,-3.93700800
81.69124232,-11.81102000
81.69224712,-19.68504000
81.69325192,-19.68504000
81.69425672,-19.68504000
81.69526152,-15.74803000
81.69626632,-19.68504000
81.69727112,-19.68504000
81.69827592,-23.62205000
81.69928072,-19.68504000
81.70028552,-15.74803000
81.70129032,-11.81102000
81.70229512,-15.74803000
81.70329992,-15.74803000
81.70430472,-19.68504000
81.70530952,-19.68504000
81.70631432,-15.74803000
81.70731912,-15.74803000
81.70832392,-3.93700800
81.70932872,-7.87401500
81.71033352,-3.93700800
81.71133832,-3.93700800
81.71234312,0.00000000
81.71334792,7.87401500
81.71435272,-3.93700800
81.71535752,3.93700800
81.71636232,7.87401500
81.71736712,11.81102000
81.71837192,15.74803000
81.71937672,15.74803000
81.72038152,15.74803000
81.72138632,7.87401500
81.72239112,3.93700800
81.72339592,-3.93700800
81.72440072,0.00000000
81.72540552,-3.93700800
81.72641032,0.00000000
81.72741512,-3.93700800
81.72841992,3.93700800
81.72942472,-11.81102000
81.73042952,-3.93700800
81.73143432,-3.93700800
81.73243912,0.00000000
81.73344392,0.00000000
81.73444871,-3.93700800
81.73545351,3.93700800
81.73645831,3.93700800
81.73746311,3.93700800
81.73846791,0.00000000
81.73947271,-3.93700800
81.74047751,0.00000000
81.74148231,0.00000000
81.74248711,0.00000000
81.74349191,0.00000000
81.74449671,0.00000000
81.74550151,3.93700800
81.74650631,0.00000000
81.74751111,0.00000000
81.74851591,0.00000000
81.74952071,3.93700800
81.75052551,3.93700800
81.75153031,0.00000000
81.75253511,3.93700800
81.75353991,0.00000000
81.75454471,0.00000000
81.75554951,0.00000000
81.75655431,3.93700800
81.75755911,3.93700800
81.75856391,3.93700800
81.75956871,0.00000000
81.76057351,0.00000000
81.76157831,0.00000000
81.76258311,0.00000000
81.76358791,0.00000000
81.76459271,0.00000000
81.76559751,0.00000000
81.76660231,3.93700800
81.76760711,0.00000000
81.76861191,-7.87401500
81.76961671,-7.87401500
81.77062151,-3.93700800
81.77162631,0.00000000
81.77263111,-3.93700800
81.77363591,0.00000000
81.77464071,7.87401500
81.77564551,3.93700800
81.77665031,-3.93700800
81.77765511,3.93700800
81.77865991,0.00000000
81.77966471,-3.93700800
81.78066951,-3.93700800
81.78167431,3.93700800
81.78267911,3.93700800
81.78368391,0.00000000
81.78468871,0.00000000
81.78569351,-3.93700800
81.78669831,0.00000000
81.78770311,3.93700800
81.78870791,-3.93700800
81.78971271,3.93700800
81.79071751,3.93700800
81.79172231,0.00000000
81.79272711,0.00000000
81.79373191,0.00000000
81.79473671,3.93700800
81.79574151,3.93700800
81.79674631,0.00000000
81.79775111,0.00000000
81.79875591,0.00000000
81.79976071,7.87401500
81.80076551,0.00000000
81.80177031,0.00000000
81.80277511,3.93700800
81.80377991,0.00000000
81.80478471,3.93700800
81.80578951,3.93700800
81.80679431,7.87401500
81.80779911,-7.87401500
81.80880391,0.00000000
81.80980871,0.00000000
81.81081351,0.00000000
81.81181831,0.00000000
81.81282311,0.00000000
81.81382791,0.00000000
81.81483271,3.93700800
81.81583751,3.93700800
81.81684231,11.81102000
81.81784711,0.00000000
81.81885191,7.87401500
81.81985671,3.93700800
81.82086151,7.87401500
81.82186631,0.00000000
81.82287111,3.93700800
81.82387591,0.00000000
81.82488071,3.93700800
81.82588551,3.93700800
81.82689031,-3.93700800
81.82789511,0.00000000
81.82889991,0.00000000
81.82990471,3.93700800
81.83090951,0.00000000
81.83191431,3.93700800
81.83291911,0.00000000
81.83392391,3.93700800
81.83492871,0.00000000
81.83593351,3.93700800
81.83693831,0.00000000
81.83794311,3.93700800
81.83894791,3.93700800
81.83995271,3.93700800
81.84095751,7.87401500
81.84196231,3.93700800
81.84296711,0.00000000
81.84397191,0.00000000
81.84497671,0.00000000
81.84598151,0.00000000
81.84698631,19.68504000
81.84799111,0.00000000
81.84899591,0.00000000
81.85000071,0.00000000
81.85100551,0.00000000
81.85201031,3.93700800
81.85301511,3.93700800
81.85401991,3.93700800
81.85502471,3.93700800
81.85602951,3.93700800
81.85703431,3.93700800
81.85803911,3.93700800
81.85904391,7.87401500
81.86004871,-3.93700800
81.86105351,-3.93700800
81.86205831,7.87401500
81.86306311,0.00000000
81.86406791,3.93700800
81.86507271,0.00000000
81.86607751,0.00000000
81.86708231,0.00000000
81.86808711,0.00000000
81.86909191,3.93700800
81.87009671,0.00000000
81.87110151,3.93700800
81.87210631,0.00000000
81.87311111,0.00000000
81.87411591,3.93700800
81.87512071,3.93700800
81.87612551,0.00000000
81.87713031,3.93700800
81.87813511,0.00000000
81.87913991,3.93700800
81.88014471,3.93700800
81.88114951,3.93700800
81.88215431,3.93700800
81.88315911,0.00000000
81.88416391,11.81102000
81.88516871,3.93700800
81.88617351,11.81102000
81.88717831,3.93700800
81.88818311,0.00000000
81.88918791,0.00000000
81.89019271,7.87401500
81.89119751,0.00000000
81.89220231,0.00000000
81.89320711,0.00000000
81.89421191,0.00000000
81.89521671,0.00000000
81.89622151,3.93700800
81.89722631,3.93700800
81.89823111,0.00000000
81.89923591,3.93700800
81.90024071,3.93700800
81.90124551,0.00000000
81.90225031,7.87401500
81.90325511,7.87401500
81.90425991,3.93700800
81.90526471,3.93700800
81.90626951,3.93700800
81.90727431,0.00000000
81.90827911,3.93700800
81.90928391,0.00000000
81.91028871,0.00000000
81.91129351,0.00000000
81.91229831,7.87401500
81.91330311,3.93700800
81.91430791,3.93700800
81.91531271,3.93700800
81.91631751,11.81102000
81.91732231,3.93700800
81.91832711,3.93700800
81.91933191,7.87401500
81.92033671,3.93700800
81.92134151,0.00000000
81.92234631,7.87401500
81.92335111,3.93700800
81.92435591,0.00000000
81.92536071,-11.81102000
81.92636551,-7.87401500
81.92737031,0.00000000
81.92837511,3.93700800
81.92937991,3.93700800
81.93038471,3.93700800
81.93138951,3.93700800
81.93239431,3.93700800
81.93339911,3.93700800
81.93440391,0.00000000
81.93540871,7.87401500
81.93641351,3.93700800
81.93741831,7.87401500
81.93842311,3.93700800
81.93942791,7.87401500
81.94043271,0.00000000
81.94143751,0.00000000
81.94244231,3.93700800
81.94344711,23.62205000
81.94445191,3.93700800
81.94545671,3.93700800
81.94646151,0.00000000
81.94746631,3.93700800
81.94847111,3.93700800
81.94947591,3.93700800
81.95048071,7.87401500
81.95148551,3.93700800
81.95249031,3.93700800
81.95349511,3.93700800
81.95449991,3.93700800
81.95550471,3.93700800
81.95650951,7.87401500
81.95751431,0.00000000
81.95851911,0.00000000
81.95952391,0.00000000
81.96052871,3.93700800
81.96153351,3.93700800
81.96253831,3.93700800
81.96354311,7.87401500
81.96454791,-11.81102000
81.96555271,3.93700800
81.96655751,3.93700800
81.96756231,0.00000000
81.96856711,0.00000000
81.96957191,3.93700800
81.97057671,7.87401500
81.97158151,3.93700800
81.97258631,7.87401500
81.97359111,3.93700800
81.97459591,0.00000000
81.97560071,3.93700800
81.97660551,11.81102000
81.97761031,7.87401500
81.97861511,7.87401500
81.97961991,3.93700800
81.98062471,3.93700800
81.98162951,0.00000000
81.98263431,7.87401500
81.98363911,3.93700800
81.98464391,3.93700800
81.98564871,7.87401500
81.98665351,3.93700800
81.98765831,3.93700800
81.98866311,11.81102000
81.98966791,3.93700800
81.99067271,0.00000000
81.99167751,3.93700800
81.99268231,7.87401500
81.99368711,7.87401500
81.99469191,7.87401500
81.99569671,7.87401500
81.99670151,7.87401500
81.99770631,7.87401500
81.99871111,7.87401500
81.99971591,7.87401500
82.00072071,7.87401500
82.00172551,7.87401500
82.00273031,3.93700800
82.00373511,3.93700800
82.00473991,3.93700800
82.00574471,0.00000000
82.00674951,-3.93700800
82.00775431,3.93700800
82.00875911,3.93700800
82.00976391,3.93700800
82.01076871,3.93700800
82.01177351,3.93700800
82.01277831,3.93700800
82.01378311,7.87401500
82.01478791,7.87401500
82.01579271,3.93700800
82.01679751,7.87401500
82.01780231,3.93700800
82.01880711,0.00000000
82.01981191,7.87401500
82.02081671,7.87401500
82.02182151,0.00000000
82.02282631,3.93700800
82.02383111,3.93700800
82.02483591,3.93700800
82.02584071,3.93700800
82.02684551,7.87401500
82.02785031,3.93700800
82.02885511,7.87401500
82.02985991,7.87401500
82.03086471,7.87401500
82.03186951,7.87401500
82.03287431,11.81102000
82.03387911,7.87401500
82.03488391,3.93700800
82.03588871,3.93700800
82.03689351,7.87401500
82.03789831,-3.93700800
82.03890311,3.93700800
82.03990791,3.93700800
82.04091271,27.55905000
82.04191751,3.93700800
82.04292231,3.93700800
82.04392711,3.93700800
82.04493191,3.93700800
82.04593671,7.87401500
82.04694151,7.87401500
82.04794631,3.93700800
82.04895111,7.87401500
82.04995591,11.81102000
82.05096071,7.87401500
82.05196551,7.87401500
82.05297031,11.81102000
82.05397511,7.87401500
82.05497991,3.93700800
82.05598471,7.87401500
82.05698951,7.87401500
82.05799431,7.87401500
82.05899911,7.87401500
82.06000391,3.93700800
82.06100871,3.93700800
82.06201351,7.87401500
82.06301831,3.93700800
82.06402310,3.93700800
82.06502790,11.81102000
82.06603270,3.93700800
82.06703750,7.87401500
82.06804230,3.93700800
82.06904710,7.87401500
82.07005190,3.93700800
82.07105670,0.00000000
82.07206150,3.93700800
82.07306630,0.00000000
82.07407110,3.93700800
82.07507590,3.93700800
82.07608070,3.93700800
82.07708550,7.87401500
82.07809030,3.93700800
82.07909510,7.87401500
82.08009990,7.87401500
82.08110470,-3.93700800
82.08210950,3.93700800
82.08311430,0.00000000
82.08411910,3.93700800
82.08512390,3.93700800
82.08612870,0.00000000
82.08713350,3.93700800
82.08813830,3.93700800
82.08914310,3.93700800
82.09014790,3.93700800
82.09115270,11.81102000
82.09215750,3.93700800
82.09316230,7.87401500
82.09416710,11.81102000
82.09517190,7.87401500
82.09617670,7.87401500
82.09718150,7.87401500
82.09818630,3.93700800
82.09919110,7.87401500
82.10019590,7.87401500
82.10120070,7.87401500
82.10220550,3.93700800
82.10321030,3.93700800
82.10421510,3.93700800
82.10521990,3.93700800
82.10622470,7.87401500
82.10722950,11.81102000
82.10823430,11.81102000
82.10923910,7.87401500
82.11024390,3.93700800
82.11124870,3.93700800
82.11225350,11.81102000
82.11325830,7.87401500
82.11426310,3.93700800
82.11526790,7.87401500
82.11627270,7.87401500
82.11727750,7.87401500
82.11828230,3.93700800
82.11928710,0.00000000
82.12029190,3.93700800
82.12129670,-3.93700800
82.12230150,7.87401500
82.12330630,7.87401500
82.12431110,7.87401500
82.12531590,7.87401500
82.12632070,7.87401500
82.12732550,7.87401500
82.12833030,7.87401500
82.12933510,11.81102000
82.13033990,11.81102000
82.13134470,11.81102000
82.13234950,11.81102000
82.13335430,7.87401500
82.13435910,7.87401500
82.13536390,-7.87401500
82.13636870,3.93700800
82.13737350,3.93700800
82.13837830,3.93700800
82.13938310,7.87401500
82.14038790,11.81102000
82.14139270,7.87401500
82.14239750,7.87401500
82.14340230,7.87401500
82.14440710,3.93700800
82.14541190,3.93700800
82.14641670,7.87401500
82.14742150,3.93700800
82.14842630,3.93700800
82.14943110,3.93700800
82.15043590,7.87401500
82.15144070,7.87401500
82.15244550,7.87401500
82.15345030,0.00000000
82.15445510,3.93700800
82.15545990,11.81102000
82.15646470,0.00000000
82.15746950,0.00000000
82.15847430,3.93700800
82.15947910,15.74803000
82.16048390,0.00000000
82.16148870,11.81102000
82.16249350,3.93700800
82.16349830,7.87401500
82.16450310,11.81102000
82.16550790,11.81102000
82.16651270,7.87401500
82.16751750,7.87401500
82.16852230,7.87401500
82.16952710,7.87401500
82.17053190,7.87401500
82.17153670,7.87401500
82.17254150,11.81102000
82.17354630,7.87401500
82.17455110,7.87401500
82.17555590,3.93700800
82.17656070,3.93700800
82.17756550,3.93700800
82.17857030,7.87401500
82.17957510,7.87401500
82.18057990,7.87401500
82.18158470,11.81102000
82.18258950,7.87401500
82.18359430,7.87401500
82.18459910,3.93700800
82.18560390,0.00000000
82.18660870,3.93700800
82.18761350,7.87401500
82.18861830,3.93700800
82.18962310,7.87401500
82.19062790,7.87401500
82.19163270,3.93700800
82.19263750,7.87401500
82.19364230,11.81102000
82.19464710,7.87401500
82.19565190,7.87401500
82.19665670,0.00000000
82.19766150,0.00000000
82.19866630,3.93700800
82.19967110,3.93700800
82.20067590,3.93700800
82.20168070,3.93700800
82.20268550,3.93700800
82.20369030,11.81102000
82.20469510,7.87401500
82.20569990,7.87401500
82.20670470,11.81102000
82.20770950,11.81102000
82.20871430,15.74803000
82.20971910,7.87401500
82.21072390,7.87401500
82.21172870,15.74803000
82.21273350,7.87401500
82.21373830,7.87401500
82.21474310,11.81102000
82.21574790,7.87401500
82.21675270,15.74803000
82.21775750,3.93700800
82.21876230,11.81102000
82.21976710,11.81102000
82.22077190,7.87401500
82.22177670,7.87401500
82.22278150,7.87401500
82.22378630,3.93700800
82.22479110,3.93700800
82.22579590,7.87401500
82.22680070,7.87401500
82.22780550,7.87401500
82.22881030,7.87401500
82.22981510,11.81102000
82.23081990,7.87401500
82.23182470,7.87401500
82.23282950,3.93700800
82.23383430,3.93700800
82.23483910,3.93700800
82.23584390,7.87401500
82.23684870,3.93700800
82.23785350,3.93700800
82.23885830,3.93700800
82.23986310,0.00000000
82.24086790,3.93700800
82.24187270,7.87401500
82.24287750,11.81102000
82.24388230,3.93700800
82.24488710,7.87401500
82.24589190,15.74803000
82.24689670,7.87401500
82.24790150,7.87401500
82.24890630,11.81102000
82.24991110,7.87401500
82.25091590,3.93700800
82.25192070,3.93700800
82.25292550,11.81102000
82.25393030,11.81102000
82.25493510,7.87401500
82.25593990,7.87401500
82.25694470,7.87401500
82.25794950,7.87401500
82.25895430,7.87401500
82.25995910,3.93700800
82.26096390,11.81102000
82.26196870,7.87401500
82.26297350,7.87401500
82.26397830,7.87401500
82.26498310,3.93700800
82.26598790,0.00000000
82.26699270,0.00000000
82.26799750,7.87401500
82.26900230,11.81102000
82.27000710,7.87401500
82.27101190,11.81102000
82.27201670,7.87401500
82.27302150,7.87401500
82.27402630,7.87401500
82.27503110,3.93700800
82.27603590,-3.93700800
82.27704070,0.00000000
82.27804550,0.00000000
82.27905030,3.93700800
82.28005510,3.93700800
82.28105990,11.81102000
82.28206470,3.93700800
82.28306950,3.93700800
82.28407430,11.81102000
82.28507910,11.81102000
82.28608390,7.87401500
82.28708870,11.81102000
82.28809350,7.87401500
82.28909830,7.87401500
82.29010310,7.87401500
82.29110790,7.87401500
82.29211270,7.87401500
82.29311750,3.93700800
82.29412230,0.00000000
82.29512710,11.81102000
82.29613190,11.81102000
82.29713670,7.87401500
82.29814150,7.87401500
82.29914630,3.93700800
82.30015110,0.00000000
82.30115590,7.87401500
82.30216070,7.87401500
82.30316550,7.87401500
82.30417030,3.93700800
82.30517510,3.93700800
82.30617990,3.93700800
82.30718470,7.87401500
82.30818950,7.87401500
82.30919430,11.81102000
82.31019910,7.87401500
82.31120390,3.93700800
82.31220870,7.87401500
82.31321350,3.93700800
82.31421830,3.93700800
82.31522310,3.93700800
82.31622790,0.00000000
82.31723270,-3.93700800
82.31823750,0.00000000
82.31924230,3.93700800
82.32024710,3.93700800
82.32125190,7.87401500
82.32225670,3.93700800
82.32326150,11.81102000
82.32426630,11.81102000
82.32527110,7.87401500
82.32627590,11.81102000
82.32728070,11.81102000
82.32828550,7.87401500
82.32929030,11.81102000
82.33029510,3.93700800
82.33129990,3.93700800
82.33230470,3.93700800
82.33330950,7.87401500
82.33431430,7.87401500
82.33531910,11.81102000
82.33632390,7.87401500
82.33732870,11.81102000
82.33833350,3.93700800
82.33933830,3.93700800
82.34034310,7.87401500
82.34134790,7.87401500
82.34235270,7.87401500
82.34335750,11.81102000
82.34436230,7.87401500
82.34536710,7.87401500
82.34637190,7.87401500
82.34737670,3.93700800
82.34838150,7.87401500
82.34938630,3.93700800
82.35039110,7.87401500
82.35139590,7.87401500
82.35240070,3.93700800
82.35340550,7.87401500
82.35441030,7.87401500
82.35541510,0.00000000
82.35641990,0.00000000
82.35742470,3.93700800
82.35842950,3.93700800
82.35943430,0.00000000
82.36043910,7.87401500
82.36144390,11.81102000
82.36244870,3.93700800
82.36345350,3.93700800
82.36445830,7.87401500
82.36546310,3.93700800
82.36646790,7.87401500
82.36747270,7.87401500
82.36847750,7.87401500
82.36948230,11.81102000
82.37048710,7.87401500
82.37149190,3.93700800
82.37249670,11.81102000
82.37350150,7.87401500
82.37450630,11.81102000
82.37551110,7.87401500
82.37651590,7.87401500
82.37752070,3.93700800
82.37852550,3.93700800
82.37953030,0.00000000
82.38053510,3.93700800
82.38153990,3.93700800
82.38254470,11.81102000
82.38354950,7.87401500
82.38455430,7.87401500
82.38555910,7.87401500
82.38656390,7.87401500
82.38756870,7.87401500
82.38857350,7.87401500
82.38957830,3.93700800
82.39058310,3.93700800
82.39158790,3.93700800
82.39259269,7.87401500
82.39359749,3.93700800
82.39460229,0.00000000
82.39560709,0.00000000
82.39661189,0.00000000
82.39761669,-3.93700800
82.39862149,7.87401500
82.39962629,7.87401500
82.40063109,3.93700800
82.40163589,3.93700800
82.40264069,7.87401500
82.40364549,3.93700800
82.40465029,7.87401500
82.40565509,7.87401500
82.40665989,11.81102000
82.40766469,7.87401500
82.40866949,7.87401500
82.40967429,7.87401500
82.41067909,7.87401500
82.41168389,7.87401500
82.41268869,3.93700800
82.41369349,7.87401500
82.41469829,11.81102000
82.41570309,7.87401500
82.41670789,3.93700800
82.41771269,7.87401500
82.41871749,3.93700800
82.41972229,7.87401500
82.42072709,7.87401500
82.42173189,7.87401500
82.42273669,7.87401500
82.42374149,3.93700800
82.42474629,11.81102000
82.42575109,3.93700800
82.42675589,11.81102000
82.42776069,3.93700800
82.42876549,0.00000000
82.42977029,0.00000000
82.43077509,7.87401500
82.43177989,7.87401500
82.43278469,11.81102000
82.43378949,7.87401500
82.43479429,7.87401500
82.43579909,0.00000000
82.43680389,0.00000000
82.43780869,3.93700800
82.43881349,7.87401500
82.43981829,3.93700800
82.44082309,11.81102000
82.44182789,3.93700800
82.44283269,3.93700800
82.44383749,0.00000000
82.44484229,3.93700800
82.44584709,7.87401500
82.44685189,27.55905000
82.44785669,7.87401500
82.44886149,11.81102000
82.44986629,7.87401500
82.45087109,3.93700800
82.45187589,11.81102000
82.45288069,7.87401500
82.45388549,3.93700800
82.45489029,3.93700800
82.45589509,7.87401500
82.45689989,7.87401500
82.45790469,11.81102000
82.45890949,7.87401500
82.45991429,7.87401500
82.46091909,3.93700800
82.46192389,3.93700800
82.46292869,3.93700800
82.46393349,7.87401500
82.46493829,7.87401500
82.46594309,3.93700800
82.46694789,7.87401500
82.46795269,7.87401500
82.46895749,7.87401500
82.46996229,7.87401500
82.47096709,11.81102000
82.47197189,7.87401500
82.47297669,11.81102000
82.47398149,0.00000000
82.47498629,-3.93700800
82.47599109,3.93700800
82.47699589,-3.93700800
82.47800069,0.00000000
82.47900549,0.00000000
82.48001029,7.87401500
82.48101509,7.87401500
82.48201989,7.87401500
82.48302469,7.87401500
82.48402949,11.81102000
82.48503429,7.87401500
82.48603909,3.93700800
82.48704389,11.81102000
82.48804869,7.87401500
82.48905349,3.93700800
82.49005829,3.93700800
82.49106309,7.87401500
82.49206789,3.93700800
82.49307269,3.93700800
82.49407749,0.00000000
82.49508229,3.93700800
82.49608709,11.81102000
82.49709189,7.87401500
82.49809669,7.87401500
82.49910149,3.93700800
82.50010629,7.87401500
82.50111109,3.93700800
82.50211589,7.87401500
82.50312069,0.00000000
82.50412549,3.93700800
82.50513029,3.93700800
82.50613509,3.93700800
82.50713989,7.87401500
82.50814469,3.93700800
82.50914949,3.93700800
82.51015429,0.00000000
82.51115909,-3.93700800
82.51216389,7.87401500
82.51316869,7.87401500
82.51417349,0.00000000
82.51517829,0.00000000
82.51618309,0.00000000
82.51718789,-7.87401500
82.51819269,0.00000000
82.51919749,7.87401500
82.52020229,3.93700800
82.52120709,3.93700800
82.52221189,3.93700800
82.52321669,7.87401500
82.52422149,7.87401500
82.52522629,7.87401500
82.52623109,11.81102000
82.52723589,0.00000000
82.52824069,3.93700800
82.52924549,3.93700800
82.53025029,7.87401500
82.53125509,7.87401500
82.53225989,7.87401500
82.53326469,7.87401500
82.53426949,7.87401500
82.53527429,3.93700800
82.53627909,7.87401500
82.53728389,7.87401500
82.53828869,7.87401500
82.53929349,7.87401500
82.54029829,11.81102000
82.54130309,-3.93700800
82.54230789,0.00000000
82.54331269,0.00000000
82.54431749,23.62205000
82.54532229,7.87401500
82.54632709,3.93700800
82.54733189,7.87401500
82.54833669,7.87401500
82.54934149,7.87401500
82.55034629,7.87401500
82.55135109,7.87401500
82.55235589,3.93700800
82.55336069,3.93700800
82.55436549,3.93700800
82.55537029,0.00000000
82.55637509,3.93700800
82.55737989,3.93700800
82.55838469,0.00000000
82.55938949,3.93700800
82.56039429,7.87401500
82.56139909,7.87401500
82.56240389,7.87401500
82.56340869,7.87401500
82.56441349,7.87401500
82.56541829,7.87401500
82.56642309,7.87401500
82.56742789,3.93700800
82.56843269,3.93700800
82.56943749,11.81102000
82.57044229,7.87401500
82.57144709,0.00000000
82.57245189,11.81102000
82.57345669,11.81102000
82.57446149,0.00000000
82.57546629,3.93700800
82.57647109,0.00000000
82.57747589,7.87401500
82.57848069,3.93700800
82.57948549,7.87401500
82.58049029,3.93700800
82.58149509,3.93700800
82.58249989,7.87401500
82.58350469,7.87401500
82.58450949,7.87401500
82.58551429,3.93700800
82.58651909,7.87401500
82.58752389,11.81102000
82.58852869,0.00000000
82.58953349,7.87401500
82.59053829,3.93700800
82.59154309,7.87401500
82.59254789,7.87401500
82.59355269,0.00000000
82.59455749,3.93700800
82.59556229,3.93700800
82.59656709,3.93700800
82.59757189,0.00000000
82.59857669,3.93700800
82.59958149,11.81102000
82.60058629,11.81102000
82.60159109,11.81102000
82.60259589,11.81102000
82.60360069,7.87401500
82.60460549,3.93700800
82.60561029,7.87401500
82.60661509,3.93700800
82.60761989,0.00000000
82.60862469,3.93700800
82.60962949,3.93700800
82.61063429,7.87401500
82.61163909,11.81102000
82.61264389,7.87401500
82.61364869,3.93700800
82.61465349,7.87401500
82.61565829,7.87401500
82.61666309,0.00000000
82.61766789,7.87401500
82.61867269,3.93700800
82.61967749,3.93700800
82.62068229,11.81102000
82.62168709,7.87401500
82.62269189,3.93700800
82.62369669,3.93700800
82.62470149,7.87401500
82.62570629,3.93700800
82.62671109,7.87401500
82.62771589,7.87401500
82.62872069,3.93700800
82.62972549,3.93700800
82.63073029,0.00000000
82.63173509,3.93700800
82.63273989,0.00000000
82.63374469,0.00000000
82.63474949,0.00000000
82.63575429,0.00000000
82.63675909,3.93700800
82.63776389,3.93700800
82.63876869,-7.87401500
82.63977349,0.00000000
82.64077829,3.93700800
82.64178309,11.81102000
82.64278789,7.87401500
82.64379269,7.87401500
82.64479749,3.93700800
82.64580229,7.87401500
82.64680709,3.93700800
82.64781189,7.87401500
82.64881669,7.87401500
82.64982149,7.87401500
82.65082629,7.87401500
82.65183109,3.93700800
82.65283589,7.87401500
82.65384069,7.87401500
82.65484549,3.93700800
82.65585029,3.93700800
82.65685509,7.87401500
82.65785989,0.00000000
82.65886469,3.93700800
82.65986949,3.93700800
82.66087429,3.93700800
82.66187909,7.87401500
82.66288389,7.87401500
82.66388869,7.87401500
82.66489349,7.87401500
82.66589829,7.87401500
82.66690309,3.93700800
82.66790789,3.93700800
82.66891269,11.81102000
82.66991749,3.93700800
82.67092229,0.00000000
82.67192709,0.00000000
82.67293189,-3.93700800
82.67393669,-7.87401500
82.67494149,7.87401500
82.67594629,0.00000000
82.67695109,7.87401500
82.67795589,3.93700800
82.67896069,3.93700800
82.67996549,7.87401500
82.68097029,3.93700800
82.68197509,7.87401500
82.68297989,3.93700800
82.68398469,3.93700800
82.68498949,11.81102000
82.68599429,3.93700800
82.68699909,7.87401500
82.68800389,7.87401500
82.68900869,7.87401500
82.69001349,3.93700800
82.69101829,7.87401500
82.69202309,7.87401500
82.69302789,3.93700800
82.69403269,7.87401500
82.69503749,7.87401500
82.69604229,7.87401500
82.69704709,7.87401500
82.69805189,3.93700800
82.69905669,7.87401500
82.70006149,7.87401500
82.70106629,3.93700800
82.70207109,7.87401500
82.70307589,3.93700800
82.70408069,3.93700800
82.70508549,3.93700800
82.70609029,3.93700800
82.70709509,7.87401500
82.70809989,3.93700800
82.70910469,0.00000000
82.71010949,3.93700800
82.71111429,11.81102000
82.71211909,7.87401500
82.71312389,-3.93700800
82.71412869,0.00000000
82.71513349,3.93700800
82.71613829,3.93700800
82.71714309,3.93700800
82.71814789,7.87401500
82.71915269,7.87401500
82.72015749,7.87401500
82.72116228,7.87401500
82.72216708,11.81102000
82.72317188,7.87401500
82.72417668,11.81102000
82.72518148,7.87401500
82.72618628,11.81102000
82.72719108,7.87401500
82.72819588,7.87401500
82.72920068,7.87401500
82.73020548,3.93700800
82.73121028,7.87401500
82.73221508,0.00000000
82.73321988,3.93700800
82.73422468,7.87401500
82.73522948,7.87401500
82.73623428,0.00000000
82.73723908,7.87401500
82.73824388,7.87401500
82.73924868,11.81102000
82.74025348,7.87401500
82.74125828,7.87401500
82.74226308,3.93700800
82.74326788,7.87401500
82.74427268,3.93700800
82.74527748,7.87401500
82.74628228,3.93700800
82.74728708,7.87401500
82.74829188,7.87401500
82.74929668,3.93700800
82.75030148,7.87401500
82.75130628,3.93700800
82.75231108,-3.93700800
82.75331588,0.00000000
82.75432068,-3.93700800
82.75532548,-3.93700800
82.75633028,3.93700800
82.75733508,0.00000000
82.75833988,3.93700800
82.75934468,7.87401500
82.76034948,7.87401500
82.76135428,7.87401500
82.76235908,3.93700800
82.76336388,3.93700800
82.76436868,11.81102000
82.76537348,7.87401500
82.76637828,3.93700800
82.76738308,3.93700800
82.76838788,3.93700800
82.76939268,3.93700800
82.77039748,7.87401500
82.77140228,3.93700800
82.77240708,7.87401500
82.77341188,3.93700800
82.77441668,3.93700800
82.77542148,7.87401500
82.77642628,7.87401500
82.77743108,7.87401500
82.77843588,7.87401500
82.77944068,7.87401500
82.78044548,7.87401500
82.78145028,7.87401500
82.78245508,11.81102000
82.78345988,7.87401500
82.78446468,3.93700800
82.78546948,3.93700800
82.78647428,3.93700800
82.78747908,3.93700800
82.78848388,11.81102000
82.78948868,7.87401500
82.79049348,3.93700800
82.79149828,3.93700800
82.79250308,3.93700800
82.79350788,3.93700800
82.79451268,0.00000000
82.79551748,3.93700800
82.79652228,0.00000000
82.79752708,3.93700800
82.79853188,11.81102000
82.79953668,7.87401500
82.80054148,7.87401500
82.80154628,7.87401500
82.80255108,3.93700800
82.80355588,3.93700800
82.80456068,11.81102000
82.80556548,11.81102000
82.80657028,7.87401500
82.80757508,11.81102000
82.80857988,7.87401500
82.80958468,7.87401500
82.81058948,7.87401500
82.81159428,11.81102000
82.81259908,3.93700800
82.81360388,11.81102000
82.81460868,7.87401500
82.81561348,11.81102000
82.81661828,3.93700800
82.81762308,15.74803000
82.81862788,3.93700800
82.81963268,7.87401500
82.82063748,11.81102000
82.82164228,7.87401500
82.82264708,7.87401500
82.82365188,7.87401500
82.82465668,3.93700800
82.82566148,7.87401500
82.82666628,7.87401500
82.82767108,7.87401500
82.82867588,7.87401500
82.82968068,15.74803000
82.83068548,7.87401500
82.83169028,7.87401500
82.83269508,19.68504000
82.83369988,3.93700800
82.83470468,-3.93700800
82.83570948,3.93700800
82.83671428,7.87401500
82.83771908,7.87401500
82.83872388,7.87401500
82.83972868,7.87401500
82.84073348,11.81102000
82.84173828,11.81102000
82.84274308,7.87401500
82.84374788,11.81102000
82.84475268,11.81102000
82.84575748,11.81102000
82.84676228,11.81102000
82.84776708,7.87401500
82.84877188,7.87401500
82.84977668,7.87401500
82.85078148,0.00000000
82.85178628,7.87401500
82.85279108,27.55905000
82.85379588,11.81102000
82.85480068,11.81102000
82.85580548,11.81102000
82.85681028,11.81102000
82.85781508,7.87401500
82.85881988,7.87401500
82.85982468,7.87401500
82.86082948,3.93700800
82.86183428,7.87401500
82.86283908,7.87401500
82.86384388,11.81102000
82.86484868,3.93700800
82.86585348,11.81102000
82.86685828,7.87401500
82.86786308,7.87401500
82.86886788,3.93700800
82.86987268,11.81102000
82.87087748,7.87401500
82.87188228,3.93700800
82.87288708,0.00000000
82.87389188,3.93700800
82.87489668,3.93700800
82.87590148,3.93700800
82.87690628,7.87401500
82.87791108,7.87401500
82.87891588,11.81102000
82.87992068,7.87401500
82.88092548,11.81102000
82.88193028,7.87401500
82.88293508,3.93700800
82.88393988,7.87401500
82.88494468,7.87401500
82.88594948,11.81102000
82.88695428,11.81102000
82.88795908,7.87401500
82.88896388,7.87401500
82.88996868,7.87401500
82.89097348,7.87401500
82.89197828,11.81102000
82.89298308,7.87401500
82.89398788,3.93700800
82.89499268,11.81102000
82.89599748,11.81102000
82.89700228,3.93700800
82.89800708,11.81102000
82.89901188,3.93700800
82.90001668,0.00000000
82.90102148,3.93700800
82.90202628,3.93700800
82.90303108,7.87401500
82.90403588,7.87401500
82.90504068,7.87401500
82.90604548,7.87401500
82.90705028,7.87401500
82.90805508,11.81102000
82.90905988,3.93700800
82.91006468,3.93700800
82.91106948,7.87401500
82.91207428,7.87401500
82.91307908,-7.87401500
82.91408388,0.00000000
82.91508868,3.93700800
82.91609348,0.00000000
82.91709828,3.93700800
82.91810308,11.81102000
82.91910788,7.87401500
82.92011268,11.81102000
82.92111748,11.81102000
82.92212228,7.87401500
82.92312708,11.81102000
82.92413188,7.87401500
82.92513668,3.93700800
82.92614148,7.87401500
82.92714628,11.81102000
82.92815108,7.87401500
82.92915588,11.81102000
82.93016068,11.81102000
82.93116548,7.87401500
82.93217028,3.93700800
82.93317508,3.93700800
82.93417988,11.81102000
82.93518468,7.87401500
82.93618948,7.87401500
82.93719428,11.81102000
82.93819908,7.87401500
82.93920388,7.87401500
82.94020868,7.87401500
82.94121348,3.93700800
82.94221828,3.93700800
82.94322308,11.81102000
82.94422788,3.93700800
82.94523268,7.87401500
82.94623748,7.87401500
82.94724228,-3.93700800
82.94824708,3.93700800
82.94925188,7.87401500
82.95025668,23.62205000
82.95126148,7.87401500
82.95226628,7.87401500
82.95327108,0.00000000
82.95427588,7.87401500
82.95528068,3.93700800
82.95628548,7.87401500
82.95729028,3.93700800
82.95829508,11.81102000
82.95929988,3.93700800
82.96030468,11.81102000
82.96130948,7.87401500
82.96231428,7.87401500
82.96331908,11.81102000
82.96432388,7.87401500
82.96532868,7.87401500
82.96633348,7.87401500
82.96733828,11.81102000
82.96834308,7.87401500
82.96934788,11.81102000
82.97035268,7.87401500
82.97135748,11.81102000
82.97236228,11.81102000
82.97336708,3.93700800
82.97437188,7.87401500
82.97537668,11.81102000
82.97638148,7.87401500
82.97738628,7.87401500
82.97839108,7.87401500
82.97939588,11.81102000
82.98040068,7.87401500
82.98140548,3.93700800
82.98241028,3.93700800
82.98341508,7.87401500
82.98441988,7.87401500
82.98542468,11.81102000
82.98642948,7.87401500
82.98743428,7.87401500
82.98843908,11.81102000
82.98944388,7.87401500
82.99044868,7.87401500
82.99145348,7.87401500
82.99245828,11.81102000
82.99346308,7.87401500
82.99446788,3.93700800
82.99547268,3.93700800
82.99647748,3.93700800
82.99748228,3.93700800
82.99848708,3.93700800
82.99949188,7.87401500
83.00049668,7.87401500
83.00150148,7.87401500
83.00250628,7.87401500
83.00351108,11.81102000
83.00451588,7.87401500
83.00552068,7.87401500
83.00652548,7.87401500
83.00753028,7.87401500
83.00853508,3.93700800
83.00953988,7.87401500
83.01054468,7.87401500
83.01154948,7.87401500
83.01255428,3.93700800
83.01355908,7.87401500
83.01456388,3.93700800
83.01556868,7.87401500
83.01657348,11.81102000
83.01757828,7.87401500
83.01858308,7.87401500
83.01958788,7.87401500
83.02059268,7.87401500
83.02159748,11.81102000
83.02260228,3.93700800
83.02360708,7.87401500
83.02461188,11.81102000
83.02561668,7.87401500
83.02662148,7.87401500
83.02762628,3.93700800
83.02863108,3.93700800
83.02963588,7.87401500
83.03064068,3.93700800
83.03164548,7.87401500
83.03265028,7.87401500
83.03365508,0.00000000
83.03465988,0.00000000
83.03566468,7.87401500
83.03666948,7.87401500
83.03767428,3.93700800
83.03867908,7.87401500
83.03968388,7.87401500
83.04068868,7.87401500
83.04169348,7.87401500
83.04269828,11.81102000
83.04370308,11.81102000
83.04470788,-3.93700800
83.04571268,11.81102000
83.04671748,3.93700800
83.04772228,11.81102000
83.04872708,7.87401500
83.04973188,7.87401500
83.05073667,7.87401500
83.05174147,7.87401500
83.05274627,11.81102000
83.05375107,3.93700800
83.05475587,7.87401500
83.05576067,11.81102000
83.05676547,11.81102000
83.05777027,11.81102000
83.05877507,7.87401500
83.05977987,3.93700800
83.06078467,7.87401500
83.06178947,3.93700800
83.06279427,0.00000000
83.06379907,11.81102000
83.06480387,7.87401500
83.06580867,7.87401500
83.06681347,7.87401500
83.06781827,7.87401500
83.06882307,3.93700800
83.06982787,7.87401500
83.07083267,7.87401500
83.07183747,7.87401500
83.07284227,-3.93700800
83.07384707,7.87401500
83.07485187,0.00000000
83.07585667,3.93700800
83.07686147,7.87401500
83.07786627,3.93700800
83.07887107,3.93700800
83.07987587,7.87401500
83.08088067,7.87401500
83.08188547,11.81102000
83.08289027,7.87401500
83.08389507,11.81102000
83.08489987,3.93700800
83.08590467,7.87401500
83.08690947,7.87401500
83.08791427,7.87401500
83.08891907,7.87401500
83.08992387,7.87401500
83.09092867,3.93700800
83.09193347,7.87401500
83.09293827,7.87401500
83.09394307,0.00000000
83.09494787,7.87401500
83.09595267,7.87401500
83.09695747,7.87401500
83.09796227,7.87401500
83.09896707,7.87401500
83.09997187,11.81102000
83.10097667,7.87401500
83.10198147,3.93700800
83.10298627,7.87401500
83.10399107,3.93700800
83.10499587,11.81102000
83.10600067,3.93700800
83.10700547,11.81102000
83.10801027,3.93700800
83.10901507,11.81102000
83.11001987,3.93700800
83.11102467,3.93700800
83.11202947,3.93700800
83.11303427,0.00000000
83.11403907,3.93700800
83.11504387,7.87401500
83.11604867,7.87401500
83.11705347,3.93700800
83.11805827,7.87401500
83.11906307,7.87401500
83.12006787,11.81102000
83.12107267,7.87401500
83.12207747,7.87401500
83.12308227,7.87401500
83.12408707,3.93700800
83.12509187,11.81102000
83.12609667,7.87401500
83.12710147,7.87401500
83.12810627,7.87401500
83.12911107,3.93700800
83.13011587,11.81102000
83.13112067,7.87401500
83.13212547,7.87401500
83.13313027,11.81102000
83.13413507,3.93700800
83.13513987,7.87401500
83.13614467,7.87401500
83.13714947,7.87401500
83.13815427,7.87401500
83.13915907,11.81102000
83.14016387,7.87401500
83.14116867,11.81102000
83.14217347,0.00000000
83.14317827,0.00000000
83.14418307,7.87401500
83.14518787,11.81102000
83.14619267,7.87401500
83.14719747,7.87401500
83.14820227,7.87401500
83.14920707,7.87401500
83.15021187,7.87401500
83.15121667,7.87401500
83.15222147,3.93700800
83.15322627,3.93700800
83.15423107,3.93700800
83.15523587,3.93700800
83.15624067,7.87401500
83.15724547,7.87401500
83.15825027,7.87401500
83.15925507,3.93700800
83.16025987,7.87401500
83.16126467,3.93700800
83.16226947,11.81102000
83.16327427,11.81102000
83.16427907,11.81102000
83.16528387,7.87401500
83.16628867,7.87401500
83.16729347,3.93700800
83.16829827,7.87401500
83.16930307,11.81102000
83.17030787,7.87401500
83.17131267,3.93700800
83.17231747,11.81102000
83.17332227,11.81102000
83.17432707,3.93700800
83.17533187,3.93700800
83.17633667,15.74803000
83.17734147,3.93700800
83.17834627,7.87401500
83.17935107,7.87401500
83.18035587,7.87401500
83.18136067,7.87401500
83.18236547,7.87401500
83.18337027,11.81102000
83.18437507,7.87401500
83.18537987,7.87401500
83.18638467,7.87401500
83.18738947,15.74803000
83.18839427,7.87401500
83.18939907,7.87401500
83.19040387,7.87401500
83.19140867,3.93700800
83.19241347,0.00000000
83.19341827,-3.93700800
83.19442307,3.93700800
83.19542787,3.93700800
83.19643267,7.87401500
83.19743747,7.87401500
83.19844227,11.81102000
83.19944707,7.87401500
83.20045187,11.81102000
83.20145667,7.87401500
83.20246147,11.81102000
83.20346627,11.81102000
83.20447107,11.81102000
83.20547587,11.81102000
83.20648067,3.93700800
83.20748547,3.93700800
83.20849027,3.93700800
83.20949507,7.87401500
83.21049987,11.81102000
83.21150467,7.87401500
83.21250947,7.87401500
83.21351427,7.87401500
83.21451907,7.87401500
83.21552387,3.93700800
83.21652867,7.87401500
83.21753347,7.87401500
83.21853827,7.87401500
83.21954307,3.93700800
83.22054787,3.93700800
83.22155267,11.81102000
83.22255747,7.87401500
83.22356227,3.93700800
83.22456707,7.87401500
83.22557187,7.87401500
83.22657667,7.87401500
83.22758147,7.87401500
83.22858627,7.87401500
83.22959107,3.93700800
83.23059587,3.93700800
83.23160067,7.87401500
83.23260547,15.74803000
83.23361027,0.00000000
83.23461507,7.87401500
83.23561987,3.93700800
83.23662467,0.00000000
83.23762947,7.87401500
83.23863427,3.93700800
83.23963907,3.93700800
83.24064387,11.81102000
83.24164867,7.87401500
83.24265347,11.81102000
83.24365827,7.87401500
83.24466307,11.81102000
83.24566787,7.87401500
83.24667267,0.00000000
83.24767747,11.81102000
83.24868227,3.93700800
83.24968707,7.87401500
83.25069187,7.87401500
83.25169667,11.81102000
83.25270147,7.87401500
83.25370627,3.93700800
83.25471107,7.87401500
83.25571587,7.87401500
83.25672067,7.87401500
83.25772547,3.93700800
83.25873027,-3.93700800
83.25973507,11.81102000
83.26073987,7.87401500
83.26174467,7.87401500
83.26274947,11.81102000
83.26375427,11.81102000
83.26475907,7.87401500
83.26576387,0.00000000
83.26676867,7.87401500
83.26777347,7.87401500
83.26877827,3.93700800
83.26978307,7.87401500
83.27078787,3.93700800
83.27179267,3.93700800
83.27279747,3.93700800
83.27380227,-7.87401500
83.27480707,0.00000000
83.27581187,3.93700800
83.27681667,0.00000000
83.27782147,7.87401500
83.27882627,0.00000000
83.27983107,7.87401500
83.28083587,7.87401500
83.28184067,7.87401500
83.28284547,11.81102000
83.28385027,11.81102000
83.28485507,11.81102000
83.28585987,11.81102000
83.28686467,7.87401500
83.28786947,7.87401500
83.28887427,7.87401500
83.28987907,3.93700800
83.29088387,3.93700800
83.29188867,7.87401500
83.29289347,11.81102000
83.29389827,7.87401500
83.29490307,11.81102000
83.29590787,7.87401500
83.29691267,7.87401500
83.29791747,7.87401500
83.29892227,7.87401500
83.29992707,7.87401500
83.30093187,3.93700800
83.30193667,7.87401500
83.30294147,7.87401500
83.30394627,7.87401500
83.30495107,3.93700800
83.30595587,3.93700800
83.30696067,3.93700800
83.30796547,7.87401500
83.30897027,7.87401500
83.30997507,7.87401500
83.31097987,7.87401500
83.31198467,3.93700800
83.31298947,3.93700800
83.31399427,-3.93700800
83.31499907,3.93700800
83.31600387,3.93700800
83.31700867,7.87401500
83.31801347,7.87401500
83.31901827,11.81102000
83.32002307,3.93700800
83.32102787,7.87401500
83.32203267,3.93700800
83.32303747,7.87401500
83.32404227,7.87401500
83.32504707,7.87401500
83.32605187,11.81102000
83.32705667,7.87401500
83.32806147,7.87401500
83.32906627,7.87401500
83.33007107,3.93700800
83.33107587,7.87401500
83.33208067,7.87401500
83.33308547,11.81102000
83.33409027,11.81102000
83.33509507,7.87401500
83.33609987,7.87401500
83.33710467,3.93700800
83.33810947,0.00000000
83.33911427,7.87401500
83.34011907,7.87401500
83.34112387,11.81102000
83.34212867,3.93700800
83.34313347,7.87401500
83.34413827,7.87401500
83.34514307,7.87401500
83.34614787,7.87401500
83.34715267,7.87401500
83.34815747,11.81102000
83.34916227,7.87401500
83.35016707,3.93700800
83.35117187,3.93700800
83.35217667,7.87401500
83.35318147,3.93700800
83.35418627,0.00000000
83.35519107,-3.93700800
83.35619587,15.74803000
83.35720067,3.93700800
83.35820547,7.87401500
83.35921027,7.87401500
83.36021507,11.81102000
83.36121987,11.81102000
83.36222467,7.87401500
83.36322947,11.81102000
83.36423427,11.81102000
83.36523907,7.87401500
83.36624387,11.81102000
83.36724867,7.87401500
83.36825347,11.81102000
83.36925827,7.87401500
83.37026307,7.87401500
83.37126787,3.93700800
83.37227267,3.93700800
83.37327747,11.81102000
83.37428227,7.87401500
83.37528707,11.81102000
83.37629187,7.87401500
83.37729667,11.81102000
83.37830147,3.93700800
83.37930626,7.87401500
83.38031106,11.81102000
83.38131586,3.93700800
83.38232066,7.87401500
83.38332546,7.87401500
83.38433026,7.87401500
83.38533506,7.87401500
83.38633986,3.93700800
83.38734466,11.81102000
83.38834946,3.93700800
83.38935426,11.81102000
83.39035906,11.81102000
83.39136386,3.93700800
83.39236866,7.87401500
83.39337346,7.87401500
83.39437826,0.00000000
83.39538306,3.93700800
83.39638786,3.93700800
83.39739266,3.93700800
83.39839746,7.87401500
83.39940226,7.87401500
83.40040706,3.93700800
83.40141186,7.87401500
83.40241666,7.87401500
83.40342146,7.87401500
83.40442626,7.87401500
83.40543106,15.74803000
83.40643586,7.87401500
83.40744066,7.87401500
83.40844546,7.87401500
83.40945026,11.81102000
83.41045506,7.87401500
83.41145986,7.87401500
83.41246466,11.81102000
83.41346946,7.87401500
83.41447426,7.87401500
83.41547906,15.74803000
83.41648386,11.81102000
83.41748866,7.87401500
83.41849346,3.93700800
83.41949826,7.87401500
83.42050306,0.00000000
83.42150786,7.87401500
83.42251266,11.81102000
83.42351746,0.00000000
83.42452226,3.93700800
83.42552706,11.81102000
83.42653186,7.87401500
83.42753666,7.87401500
83.42854146,7.87401500
83.42954626,7.87401500
83.43055106,7.87401500
83.43155586,7.87401500
83.43256066,7.87401500
83.43356546,11.81102000
83.43457026,3.93700800
83.43557506,-3.93700800
83.43657986,-3.93700800
83.43758466,3.93700800
83.43858946,7.87401500
83.43959426,7.87401500
83.44059906,11.81102000
83.44160386,7.87401500
83.44260866,7.87401500
83.44361346,11.81102000
83.44461826,11.81102000
83.44562306,3.93700800
83.44662786,11.81102000
83.44763266,7.87401500
83.44863746,7.87401500
83.44964226,3.93700800
83.45064706,0.00000000
83.45165186,3.93700800
83.45265666,7.87401500
83.45366146,23.62205000
83.45466626,7.87401500
83.45567106,7.87401500
83.45667586,11.81102000
83.45768066,7.87401500
83.45868546,7.87401500
83.45969026,7.87401500
83.46069506,7.87401500
83.46169986,7.87401500
83.46270466,11.81102000
83.46370946,7.87401500
83.46471426,3.93700800
83.46571906,7.87401500
83.46672386,7.87401500
83.46772866,3.93700800
83.46873346,7.87401500
83.46973826,7.87401500
83.47074306,11.81102000
83.47174786,7.87401500
83.47275266,7.87401500
83.47375746,7.87401500
83.47476226,3.93700800
83.47576706,0.00000000
83.47677186,7.87401500
83.47777666,7.87401500
83.47878146,11.81102000
83.47978626,11.81102000
83.48079106,7.87401500
83.48179586,7.87401500
83.48280066,15.74803000
83.48380546,7.87401500
83.48481026,7.87401500
83.48581506,7.87401500
83.48681986,15.74803000
83.48782466,11.81102000
83.48882946,7.87401500
83.48983426,11.81102000
83.49083906,11.81102000
83.49184386,3.93700800
83.49284866,11.81102000
83.49385346,7.87401500
83.49485826,11.81102000
83.49586306,7.87401500
83.49686786,7.87401500
83.49787266,7.87401500
83.49887746,11.81102000
83.49988226,7.87401500
83.50088706,7.87401500
83.50189186,3.93700800
83.50289666,11.81102000
83.50390146,11.81102000
83.50490626,11.81102000
83.50591106,11.81102000
83.50691586,7.87401500
83.50792066,7.87401500
83.50892546,11.81102000
83.50993026,7.87401500
83.51093506,7.87401500
83.51193986,7.87401500
83.51294466,7.87401500
83.51394946,7.87401500
83.51495426,3.93700800
83.51595906,0.00000000
83.51696386,-3.93700800
83.51796866,7.87401500
83.51897346,3.93700800
83.51997826,7.87401500
83.52098306,7.87401500
83.52198786,11.81102000
83.52299266,7.87401500
83.52399746,11.81102000
83.52500226,7.87401500
83.52600706,7.87401500
83.52701186,11.81102000
83.52801666,11.81102000
83.52902146,7.87401500
83.53002626,7.87401500
83.53103106,11.81102000
83.53203586,7.87401500
83.53304066,3.93700800
83.53404546,7.87401500
83.53505026,7.87401500
83.53605506,11.81102000
83.53705986,11.81102000
83.53806466,11.81102000
83.53906946,7.87401500
83.54007426,3.93700800
83.54107906,11.81102000
83.54208386,7.87401500
83.54308866,7.87401500
83.54409346,7.87401500
83.54509826,3.93700800
83.54610306,11.81102000
83.54710786,7.87401500
83.54811266,-3.93700800
83.54911746,11.81102000
83.55012226,3.93700800
83.55112706,15.74803000
83.55213186,7.87401500
83.55313666,3.93700800
83.55414146,7.87401500
83.55514626,7.87401500
83.55615106,7.87401500
83.55715586,3.93700800
83.55816066,-3.93700800
83.55916546,3.93700800
83.56017026,3.93700800
83.56117506,7.87401500
83.56217986,11.81102000
83.56318466,11.81102000
83.56418946,7.87401500
83.56519426,3.93700800
83.56619906,3.93700800
83.56720386,7.87401500
83.56820866,11.81102000
83.56921346,11.81102000
83.57021826,3.93700800
83.57122306,7.87401500
83.57222786,7.87401500
83.57323266,7.87401500
83.57423746,7.87401500
83.57524226,7.87401500
83.57624706,7.87401500
83.57725186,11.81102000
83.57825666,3.93700800
83.57926146,7.87401500
83.58026626,11.81102000
83.58127106,3.93700800
83.58227586,3.93700800
83.58328066,3.93700800
83.58428546,11.81102000
83.58529026,7.87401500
83.58629506,3.93700800
83.58729986,7.87401500
83.58830466,7.87401500
83.58930946,7.87401500
83.59031426,7.87401500
83.59131906,7.87401500
83.59232386,7.87401500
83.59332866,11.81102000
83.59433346,11.81102000
83.59533826,0.00000000
83.59634306,0.00000000
83.59734786,3.93700800
83.59835266,0.00000000
83.59935746,0.00000000
83.60036226,7.87401500
83.60136706,7.87401500
83.60237186,11.81102000
83.60337666,11.81102000
83.60438146,7.87401500
83.60538626,7.87401500
83.60639106,11.81102000
83.60739586,11.81102000
83.60840066,7.87401500
83.60940546,7.87401500
83.61041026,7.87401500
83.61141506,7.87401500
83.61241986,3.93700800
83.61342466,7.87401500
83.61442946,11.81102000
83.61543426,7.87401500
83.61643906,7.87401500
83.61744386,7.87401500
83.61844866,7.87401500
83.61945346,3.93700800
83.62045826,7.87401500
83.62146306,11.81102000
83.62246786,11.81102000
83.62347266,7.87401500
83.62447746,7.87401500
83.62548226,11.81102000
83.62648706,7.87401500
83.62749186,7.87401500
83.62849666,11.81102000
83.62950146,11.81102000
83.63050626,3.93700800
83.63151106,7.87401500
83.63251586,-7.87401500
83.63352066,3.93700800
83.63452546,3.93700800
83.63553026,7.87401500
83.63653506,7.87401500
83.63753986,3.93700800
83.63854466,7.87401500
83.63954946,11.81102000
83.64055426,7.87401500
83.64155906,11.81102000
83.64256386,7.87401500
83.64356866,15.74803000
83.64457346,7.87401500
83.64557826,-3.93700800
83.64658306,7.87401500
83.64758786,7.87401500
83.64859266,11.81102000
83.64959746,11.81102000
83.65060226,7.87401500
83.65160706,7.87401500
83.65261186,3.93700800
83.65361666,11.81102000
83.65462146,7.87401500
83.65562626,3.93700800
83.65663106,15.74803000
83.65763586,7.87401500
83.65864066,7.87401500
83.65964546,11.81102000
83.66065026,11.81102000
83.66165506,11.81102000
83.66265986,3.93700800
83.66366466,7.87401500
83.66466946,0.00000000
83.66567426,7.87401500
83.66667906,11.81102000
83.66768386,7.87401500
83.66868866,7.87401500
83.66969346,11.81102000
83.67069826,7.87401500
83.67170306,0.00000000
83.67270786,3.93700800
83.67371266,7.87401500
83.67471746,7.87401500
83.67572226,7.87401500
83.67672706,3.93700800
83.67773186,7.87401500
83.67873666,11.81102000
83.67974146,3.93700800
83.68074626,11.81102000
83.68175106,11.81102000
83.68275586,11.81102000
83.68376066,7.87401500
83.68476546,7.87401500
83.68577026,15.74803000
83.68677506,11.81102000
83.68777986,7.87401500
83.68878466,11.81102000
83.68978946,15.74803000
83.69079426,7.87401500
83.69179906,11.81102000
83.69280386,7.87401500
83.69380866,11.81102000
83.69481346,7.87401500
83.69581826,7.87401500
83.69682306,3.93700800
83.69782786,11.81102000
83.69883266,11.81102000
83.69983746,7.87401500
83.70084226,7.87401500
83.70184706,15.74803000
83.70285186,3.93700800
83.70385666,11.81102000
83.70486146,11.81102000
83.70586626,11.81102000
83.70687106,7.87401500
83.70787585,3.93700800
83.70888065,7.87401500
83.70988545,11.81102000
83.71089025,7.87401500
83.71189505,3.93700800
83.71289985,7.87401500
83.71390465,3.93700800
83.71490945,7.87401500
83.71591425,3.93700800
83.71691905,7.87401500
83.71792385,0.00000000
83.71892865,11.81102000
83.71993345,7.87401500
83.72093825,7.87401500
83.72194305,3.93700800
83.72294785,15.74803000
83.72395265,7.87401500
83.72495745,7.87401500
83.72596225,7.87401500
83.72696705,7.87401500
83.72797185,7.87401500
83.72897665,7.87401500
83.72998145,7.87401500
83.73098625,7.87401500
83.73199105,7.87401500
83.73299585,11.81102000
83.73400065,7.87401500
83.73500545,7.87401500
83.73601025,7.87401500
83.73701505,7.87401500
83.73801985,7.87401500
83.73902465,7.87401500
83.74002945,7.87401500
83.74103425,7.87401500
83.74203905,11.81102000
83.74304385,3.93700800
83.74404865,3.93700800
83.74505345,11.81102000
83.74605825,11.81102000
83.74706305,3.93700800
83.74806785,11.81102000
83.74907265,7.87401500
83.75007745,7.87401500
83.75108225,11.81102000
83.75208705,11.81102000
83.75309185,3.93700800
83.75409665,7.87401500
83.75510145,3.93700800
83.75610625,0.00000000
83.75711105,0.00000000
83.75811585,7.87401500
83.75912065,0.00000000
83.76012545,7.87401500
83.76113025,11.81102000
83.76213505,7.87401500
83.76313985,3.93700800
83.76414465,11.81102000
83.76514945,7.87401500
83.76615425,7.87401500
83.76715905,11.81102000
83.76816385,7.87401500
83.76916865,7.87401500
83.77017345,11.81102000
83.77117825,11.81102000
83.77218305,7.87401500
83.77318785,7.87401500
83.77419265,3.93700800
83.77519745,7.87401500
83.77620225,3.93700800
83.77720705,7.87401500
83.77821185,7.87401500
83.77921665,3.93700800
83.78022145,7.87401500
83.78122625,3.93700800
83.78223105,3.93700800
83.78323585,11.81102000
83.78424065,7.87401500
83.78524545,7.87401500
83.78625025,7.87401500
83.78725505,7.87401500
83.78825985,7.87401500
83.78926465,3.93700800
83.79026945,7.87401500
83.79127425,7.87401500
83.79227905,0.00000000
83.79328385,3.93700800
83.79428865,3.93700800
83.79529345,11.81102000
83.79629825,7.87401500
83.79730305,3.93700800
83.79830785,3.93700800
83.79931265,3.93700800
83.80031745,11.81102000
83.80132225,7.87401500
83.80232705,7.87401500
83.80333185,7.87401500
83.80433665,3.93700800
83.80534145,15.74803000
83.80634625,7.87401500
83.80735105,11.81102000
83.80835585,11.81102000
83.80936065,7.87401500
83.81036545,3.93700800
83.81137025,7.87401500
83.81237505,7.87401500
83.81337985,3.93700800
83.81438465,11.81102000
83.81538945,11.81102000
83.81639425,7.87401500
83.81739905,7.87401500
83.81840385,7.87401500
83.81940865,7.87401500
83.82041345,7.87401500
83.82141825,7.87401500
83.82242305,7.87401500
83.82342785,7.87401500
83.82443265,7.87401500
83.82543745,3.93700800
83.82644225,7.87401500
83.82744705,7.87401500
83.82845185,11.81102000
83.82945665,3.93700800
83.83046145,7.87401500
83.83146625,7.87401500
83.83247105,7.87401500
83.83347585,7.87401500
83.83448065,7.87401500
83.83548545,3.93700800
83.83649025,3.93700800
83.83749505,7.87401500
83.83849985,0.00000000
83.83950465,7.87401500
83.84050945,3.93700800
83.84151425,3.93700800
83.84251905,3.93700800
83.84352385,7.87401500
83.84452865,11.81102000
83.84553345,11.81102000
83.84653825,7.87401500
83.84754305,11.81102000
83.84854785,7.87401500
83.84955265,3.93700800
83.85055745,7.87401500
83.85156225,7.87401500
83.85256705,7.87401500
83.85357185,7.87401500
83.85457665,3.93700800
83.85558145,3.93700800
83.85658625,3.93700800
83.85759105,0.00000000
83.85859585,3.93700800
83.85960065,19.68504000
83.86060545,7.87401500
83.86161025,7.87401500
83.86261505,7.87401500
83.86361985,15.74803000
83.86462465,7.87401500
83.86562945,3.93700800
83.86663425,7.87401500
83.86763905,7.87401500
83.86864385,3.93700800
83.86964865,3.93700800
83.87065345,7.87401500
83.87165825,7.87401500
83.87266305,3.93700800
83.87366785,11.81102000
83.87467265,7.87401500
83.87567745,3.93700800
83.87668225,7.87401500
83.87768705,7.87401500
83.87869185,3.93700800
83.87969665,7.87401500
83.88070145,7.87401500
83.88170625,7.87401500
83.88271105,7.87401500
83.88371585,7.87401500
83.88472065,11.81102000
83.88572545,11.81102000
83.88673025,15.74803000
83.88773505,7.87401500
83.88873985,11.81102000
83.88974465,7.87401500
83.89074945,7.87401500
83.89175425,11.81102000
83.89275905,11.81102000
83.89376385,7.87401500
83.89476865,7.87401500
83.89577345,7.87401500
83.89677825,11.81102000
83.89778305,11.81102000
83.89878785,7.87401500
83.89979265,11.81102000
83.90079745,11.81102000
83.90180225,11.81102000
83.90280705,15.74803000
83.90381185,3.93700800
83.90481665,11.81102000
83.90582145,7.87401500
83.90682625,0.00000000
83.90783105,0.00000000
83.90883585,7.87401500
83.90984065,7.87401500
83.91084545,3.93700800
83.91185025,7.87401500
83.91285505,11.81102000
83.91385985,7.87401500
83.91486465,7.87401500
83.91586945,11.81102000
83.91687425,3.93700800
83.91787905,7.87401500
83.91888385,7.87401500
83.91988865,3.93700800
83.92089345,7.87401500
83.92189825,7.87401500
83.92290305,0.00000000
83.92390785,7.87401500
83.92491265,11.81102000
83.92591745,7.87401500
83.92692225,11.81102000
83.92792705,11.81102000
83.92893185,11.81102000
83.92993665,7.87401500
83.93094145,11.81102000
83.93194625,11.81102000
83.93295105,7.87401500
83.93395585,11.81102000
83.93496065,11.81102000
83.93596545,3.93700800
83.93697025,3.93700800
83.93797505,7.87401500
83.93897985,7.87401500
83.93998465,7.87401500
83.94098945,7.87401500
83.94199425,11.81102000
83.94299905,11.81102000
83.94400385,11.81102000
83.94500865,7.87401500
83.94601345,11.81102000
83.94701825,7.87401500
83.94802305,0.00000000
83.94902785,3.93700800
83.95003265,11.81102000
83.95103745,7.87401500
83.95204225,7.87401500
83.95304705,7.87401500
83.95405185,0.00000000
83.95505665,0.00000000
83.95606145,7.87401500
83.95706625,31.49606000
83.95807105,-7.87401500
83.95907585,3.93700800
83.96008065,7.87401500
83.96108545,7.87401500
83.96209025,7.87401500
83.96309505,11.81102000
83.96409985,7.87401500
83.96510465,11.81102000
83.96610945,11.81102000
83.96711425,11.81102000
83.96811905,11.81102000
83.96912385,11.81102000
83.97012865,11.81102000
83.97113345,3.93700800
83.97213825,3.93700800
83.97314305,3.93700800
83.97414785,11.81102000
83.97515265,11.81102000
83.97615745,7.87401500
83.97716225,7.87401500
83.97816705,7.87401500
83.97917185,7.87401500
83.98017665,11.81102000
83.98118145,7.87401500
83.98218625,7.87401500
83.98319105,7.87401500
83.98419585,3.93700800
83.98520065,11.81102000
83.98620545,7.87401500
83.98721025,3.93700800
83.98821505,7.87401500
83.98921985,3.93700800
83.99022465,7.87401500
83.99122945,3.93700800
83.99223425,7.87401500
83.99323905,7.87401500
83.99424385,11.81102000
83.99524865,3.93700800
83.99625345,11.81102000
83.99725825,3.93700800
83.99826305,0.00000000
83.99926785,0.00000000
84.00027265,3.93700800
84.00127745,7.87401500
84.00228225,7.87401500
84.00328705,7.87401500
84.00429185,7.87401500
84.00529665,3.93700800
84.00630145,15.74803000
84.00730625,11.81102000
84.00831105,11.81102000
84.00931585,11.81102000
84.01032065,11.81102000
84.01132545,7.87401500
84.01233025,15.74803000
84.01333505,7.87401500
84.01433985,11.81102000
84.01534465,15.74803000
84.01634945,7.87401500
84.01735425,7.87401500
84.01835905,11.81102000
84.01936385,7.87401500
84.02036865,7.87401500
84.02137345,3.93700800
84.02237825,7.87401500
84.02338305,11.81102000
84.02438785,7.87401500
84.02539265,11.81102000
84.02639745,11.81102000
84.02740225,7.87401500
84.02840705,7.87401500
84.02941185,7.87401500
84.03041665,7.87401500
84.03142145,11.81102000
84.03242625,11.81102000
84.03343105,11.81102000
84.03443585,7.87401500
84.03544065,7.87401500
84.03644545,7.87401500
84.03745024,11.81102000
84.03845504,3.93700800
84.03945984,-3.93700800
84.04046464,3.93700800
84.04146944,3.93700800
84.04247424,0.00000000
84.04347904,11.81102000
84.04448384,7.87401500
84.04548864,7.87401500
84.04649344,7.87401500
84.04749824,15.74803000
84.04850304,7.87401500
84.04950784,7.87401500
84.05051264,7.87401500
84.05151744,-3.93700800
84.05252224,3.93700800
84.05352704,3.93700800
84.05453184,11.81102000
84.05553664,7.87401500
84.05654144,7.87401500
84.05754624,11.81102000
84.05855104,3.93700800
84.05955584,7.87401500
84.06056064,7.87401500
84.06156544,3.93700800
84.06257024,3.93700800
84.06357504,7.87401500
84.06457984,0.00000000
84.06558464,7.87401500
84.06658944,7.87401500
84.06759424,7.87401500
84.06859904,3.93700800
84.06960384,3.93700800
84.07060864,0.00000000
84.07161344,11.81102000
84.07261824,7.87401500
84.07362304,3.93700800
84.07462784,3.93700800
84.07563264,11.81102000
84.07663744,7.87401500
84.07764224,3.93700800
84.07864704,7.87401500
84.07965184,7.87401500
84.08065664,-7.87401500
84.08166144,3.93700800
84.08266624,7.87401500
84.08367104,0.00000000
84.08467584,0.00000000
84.08568064,0.00000000
84.08668544,7.87401500
84.08769024,7.87401500
84.08869504,7.87401500
84.08969984,11.81102000
84.09070464,3.93700800
84.09170944,7.87401500
84.09271424,7.87401500
84.09371904,11.81102000
84.09472384,11.81102000
84.09572864,7.87401500
84.09673344,11.81102000
84.09773824,7.87401500
84.09874304,15.74803000
84.09974784,7.87401500
84.10075264,3.93700800
84.10175744,7.87401500
84.10276224,3.93700800
84.10376704,7.87401500
84.10477184,7.87401500
84.10577664,7.87401500
84.10678144,11.81102000
84.10778624,7.87401500
84.10879104,7.87401500
84.10979584,7.87401500
84.11080064,3.93700800
84.11180544,7.87401500
84.11281024,7.87401500
84.11381504,3.93700800
84.11481984,7.87401500
84.11582464,7.87401500
84.11682944,3.93700800
84.11783424,7.87401500
84.11883904,0.00000000
84.11984384,15.74803000
84.12084864,7.87401500
84.12185344,3.93700800
84.12285824,0.00000000
84.12386304,3.93700800
84.12486784,3.93700800
84.12587264,3.93700800
84.12687744,3.93700800
84.12788224,11.81102000
84.12888704,11.81102000
84.12989184,7.87401500
84.13089664,11.81102000
84.13190144,7.87401500
84.13290624,7.87401500
84.13391104,3.93700800
84.13491584,7.87401500
84.13592064,3.93700800
84.13692544,7.87401500
84.13793024,7.87401500
84.13893504,11.81102000
84.13993984,7.87401500
84.14094464,7.87401500
84.14194944,11.81102000
84.14295424,3.93700800
84.14395904,7.87401500
84.14496384,7.87401500
84.14596864,7.87401500
84.14697344,7.87401500
84.14797824,7.87401500
84.14898304,0.00000000
84.14998784,3.93700800
84.15099264,0.00000000
84.15199744,11.81102000
84.15300224,7.87401500
84.15400704,7.87401500
84.15501184,7.87401500
84.15601664,3.93700800
84.15702144,7.87401500
84.15802624,11.81102000
84.15903104,7.87401500
84.16003584,11.81102000
84.16104064,7.87401500
84.16204544,7.87401500
84.16305024,3.93700800
84.16405504,0.00000000
84.16505984,3.93700800
84.16606464,3.93700800
84.16706944,7.87401500
84.16807424,7.87401500
84.16907904,7.87401500
84.17008384,11.81102000
84.17108864,7.87401500
84.17209344,11.81102000
84.17309824,11.81102000
84.17410304,11.81102000
84.17510784,3.93700800
84.17611264,11.81102000
84.17711744,7.87401500
84.17812224,7.87401500
84.17912704,11.81102000
84.18013184,11.81102000
84.18113664,11.81102000
84.18214144,7.87401500
84.18314624,3.93700800
84.18415104,7.87401500
84.18515584,7.87401500
84.18616064,7.87401500
84.18716544,7.87401500
84.18817024,7.87401500
84.18917504,11.81102000
84.19017984,3.93700800
84.19118464,7.87401500
84.19218944,7.87401500
84.19319424,7.87401500
84.19419904,11.81102000
84.19520384,11.81102000
84.19620864,7.87401500
84.19721344,3.93700800
84.19821824,7.87401500
84.19922304,3.93700800
84.20022784,7.87401500
84.20123264,11.81102000
84.20223744,7.87401500
84.20324224,0.00000000
84.20424704,7.87401500
84.20525184,3.93700800
84.20625664,7.87401500
84.20726144,3.93700800
84.20826624,7.87401500
84.20927104,7.87401500
84.21027584,11.81102000
84.21128064,7.87401500
84.21228544,7.87401500
84.21329024,11.81102000
84.21429504,3.93700800
84.21529984,3.93700800
84.21630464,7.87401500
84.21730944,11.81102000
84.21831424,7.87401500
84.21931904,11.81102000
84.22032384,7.87401500
84.22132864,11.81102000
84.22233344,11.81102000
84.22333824,7.87401500
84.22434304,3.93700800
84.22534784,11.81102000
84.22635264,11.81102000
84.22735744,11.81102000
84.22836224,11.81102000
84.22936704,7.87401500
84.23037184,7.87401500
84.23137664,7.87401500
84.23238144,7.87401500
84.23338624,7.87401500
84.23439104,15.74803000
84.23539584,7.87401500
84.23640064,7.87401500
84.23740544,7.87401500
84.23841024,15.74803000
84.23941504,3.93700800
84.24041984,15.74803000
84.24142464,19.68504000
84.24242944,7.87401500
84.24343424,15.74803000
84.24443904,23.62205000
84.24544384,3.93700800
84.24644864,7.87401500
84.24745344,3.93700800
84.24845824,3.93700800
84.24946304,11.81102000
84.25046784,7.87401500
84.25147264,3.93700800
84.25247744,11.81102000
84.25348224,11.81102000
84.25448704,11.81102000
84.25549184,11.81102000
84.25649664,7.87401500
84.25750144,7.87401500
84.25850624,11.81102000
84.25951104,7.87401500
84.26051584,7.87401500
84.26152064,7.87401500
84.26252544,7.87401500
84.26353024,7.87401500
84.26453504,3.93700800
84.26553984,3.93700800
84.26654464,11.81102000
84.26754944,3.93700800
84.26855424,7.87401500
84.26955904,11.81102000
84.27056384,7.87401500
84.27156864,11.81102000
84.27257344,11.81102000
84.27357824,11.81102000
84.27458304,7.87401500
84.27558784,11.81102000
84.27659264,7.87401500
84.27759744,7.87401500
84.27860224,7.87401500
84.27960704,11.81102000
84.28061184,3.93700800
84.28161664,3.93700800
84.28262144,11.81102000
84.28362624,7.87401500
84.28463104,11.81102000
84.28563584,11.81102000
84.28664064,7.87401500
84.28764544,3.93700800
84.28865024,7.87401500
84.28965504,3.93700800
84.29065984,7.87401500
84.29166464,11.81102000
84.29266944,11.81102000
84.29367424,7.87401500
84.29467904,11.81102000
84.29568384,11.81102000
84.29668864,11.81102000
84.29769344,7.87401500
84.29869824,11.81102000
84.29970304,11.81102000
84.30070784,7.87401500
84.30171264,7.87401500
84.30271744,11.81102000
84.30372224,11.81102000
84.30472704,7.87401500
84.30573184,0.00000000
84.30673664,11.81102000
84.30774144,11.81102000
84.30874624,7.87401500
84.30975104,7.87401500
84.31075584,7.87401500
84.31176064,7.87401500
84.31276544,3.93700800
84.31377024,11.81102000
84.31477504,7.87401500
84.31577984,7.87401500
84.31678464,3.93700800
84.31778944,7.87401500
84.31879424,7.87401500
84.31979904,7.87401500
84.32080384,7.87401500
84.32180864,7.87401500
84.32281344,7.87401500
84.32381824,11.81102000
84.32482304,11.81102000
84.32582784,7.87401500
84.32683264,7.87401500
84.32783744,7.87401500
84.32884224,0.00000000
84.32984704,3.93700800
84.33085184,3.93700800
84.33185664,7.87401500
84.33286144,7.87401500
84.33386624,7.87401500
84.33487104,11.81102000
84.33587584,11.81102000
84.33688064,7.87401500
84.33788544,11.81102000
84.33889024,3.93700800
84.33989504,7.87401500
84.34089984,15.74803000
84.34190464,3.93700800
84.34290944,11.81102000
84.34391424,7.87401500
84.34491904,3.93700800
84.34592384,7.87401500
84.34692864,11.81102000
84.34793344,11.81102000
84.34893824,11.81102000
84.34994304,11.81102000
84.35094784,7.87401500
84.35195264,7.87401500
84.35295744,7.87401500
84.35396224,7.87401500
84.35496704,3.93700800
84.35597184,15.74803000
84.35697664,11.81102000
84.35798144,7.87401500
84.35898624,19.68504000
84.35999104,7.87401500
84.36099584,7.87401500
84.36200064,7.87401500
84.36300544,27.55905000
84.36401024,11.81102000
84.36501504,11.81102000
84.36601983,11.81102000
84.36702463,7.87401500
84.36802943,-3.93700800
84.36903423,3.93700800
84.37003903,7.87401500
84.37104383,3.93700800
84.37204863,11.81102000
84.37305343,3.93700800
84.37405823,7.87401500
84.37506303,11.81102000
84.37606783,11.81102000
84.37707263,7.87401500
84.37807743,3.93700800
84.37908223,3.93700800
84.38008703,11.81102000
84.38109183,11.81102000
84.38209663,7.87401500
84.38310143,7.87401500
84.38410623,15.74803000
84.38511103,7.87401500
84.38611583,7.87401500
84.38712063,11.81102000
84.38812543,7.87401500
84.38913023,7.87401500
84.39013503,7.87401500
84.39113983,11.81102000
84.39214463,7.87401500
84.39314943,7.87401500
84.39415423,7.87401500
84.39515903,3.93700800
84.39616383,7.87401500
84.39716863,15.74803000
84.39817343,15.74803000
84.39917823,11.81102000
84.40018303,11.81102000
84.40118783,11.81102000
84.40219263,11.81102000
84.40319743,7.87401500
84.40420223,7.87401500
84.40520703,7.87401500
84.40621183,11.81102000
84.40721663,7.87401500
84.40822143,7.87401500
84.40922623,3.93700800
84.41023103,-3.93700800
84.41123583,0.00000000
84.41224063,7.87401500
84.41324543,7.87401500
84.41425023,7.87401500
84.41525503,7.87401500
84.41625983,11.81102000
84.41726463,3.93700800
84.41826943,7.87401500
84.41927423,11.81102000
84.42027903,11.81102000
84.42128383,7.87401500
84.42228863,7.87401500
84.42329343,11.81102000
84.42429823,11.81102000
84.42530303,11.81102000
84.42630783,7.87401500
84.42731263,7.87401500
84.42831743,3.93700800
84.42932223,11.81102000
84.43032703,7.87401500
84.43133183,3.93700800
84.43233663,11.81102000
84.43334143,7.87401500
84.43434623,3.93700800
84.43535103,15.74803000
84.43635583,7.87401500
84.43736063,7.87401500
84.43836543,7.87401500
84.43937023,7.87401500
84.44037503,7.87401500
84.44137983,3.93700800
84.44238463,11.81102000
84.44338943,7.87401500
84.44439423,7.87401500
84.44539903,7.87401500
84.44640383,7.87401500
84.44740863,3.93700800
84.44841343,11.81102000
84.44941823,3.93700800
84.45042303,-3.93700800
84.45142783,7.87401500
84.45243263,3.93700800
84.45343743,7.87401500
84.45444223,7.87401500
84.45544703,11.81102000
84.45645183,7.87401500
84.45745663,-3.93700800
84.45846143,7.87401500
84.45946623,7.87401500
84.46047103,27.55905000
84.46147583,11.81102000
84.46248063,7.87401500
84.46348543,7.87401500
84.46449023,11.81102000
84.46549503,7.87401500
84.46649983,11.81102000
84.46750463,7.87401500
84.46850943,7.87401500
84.46951423,11.81102000
84.47051903,7.87401500
84.47152383,11.81102000
84.47252863,7.87401500
84.47353343,7.87401500
84.47453823,7.87401500
84.47554303,3.93700800
84.47654783,7.87401500
84.47755263,11.81102000
84.47855743,11.81102000
84.47956223,7.87401500
84.48056703,11.81102000
84.48157183,7.87401500
84.48257663,7.87401500
84.48358143,7.87401500
84.48458623,7.87401500
84.48559103,11.81102000
84.48659583,11.81102000
84.48760063,7.87401500
84.48860543,7.87401500
84.48961023,7.87401500
84.49061503,0.00000000
84.49161983,-7.87401500
84.49262463,3.93700800
84.49362943,3.93700800
84.49463423,7.87401500
84.49563903,11.81102000
84.49664383,19.68504000
84.49764863,11.81102000
84.49865343,11.81102000
84.49965823,15.74803000
84.50066303,11.81102000
84.50166783,11.81102000
84.50267263,7.87401500
84.50367743,11.81102000
84.50468223,7.87401500
84.50568703,11.81102000
84.50669183,7.87401500
84.50769663,3.93700800
84.50870143,11.81102000
84.50970623,11.81102000
84.51071103,11.81102000
84.51171583,7.87401500
84.51272063,11.81102000
84.51372543,11.81102000
84.51473023,11.81102000
84.51573503,11.81102000
84.51673983,7.87401500
84.51774463,7.87401500
84.51874943,11.81102000
84.51975423,11.81102000
84.52075903,7.87401500
84.52176383,11.81102000
84.52276863,7.87401500
84.52377343,7.87401500
84.52477823,7.87401500
84.52578303,11.81102000
84.52678783,7.87401500
84.52779263,11.81102000
84.52879743,15.74803000
84.52980223,3.93700800
84.53080703,11.81102000
84.53181183,11.81102000
84.53281663,15.74803000
84.53382143,3.93700800
84.53482623,7.87401500
84.53583103,7.87401500
84.53683583,11.81102000
84.53784063,11.81102000
84.53884543,15.74803000
84.53985023,7.87401500
84.54085503,7.87401500
84.54185983,7.87401500
84.54286463,11.81102000
84.54386943,11.81102000
84.54487423,7.87401500
84.54587903,7.87401500
84.54688383,3.93700800
84.54788863,3.93700800
84.54889343,11.81102000
84.54989823,15.74803000
84.55090303,7.87401500
84.55190783,7.87401500
84.55291263,11.81102000
84.55391743,11.81102000
84.55492223,-3.93700800
84.55592703,7.87401500
84.55693183,11.81102000
84.55793663,19.68504000
84.55894143,11.81102000
84.55994623,11.81102000
84.56095103,11.81102000
84.56195583,11.81102000
84.56296063,11.81102000
84.56396543,11.81102000
84.56497023,11.81102000
84.56597503,11.81102000
84.56697983,11.81102000
84.56798463,7.87401500
84.56898943,11.81102000
84.56999423,11.81102000
84.57099903,7.87401500
84.57200383,3.93700800
84.57300863,7.87401500
84.57401343,0.00000000
84.57501823,0.00000000
84.57602303,7.87401500
84.57702783,11.81102000
84.57803263,11.81102000
84.57903743,7.87401500
84.58004223,7.87401500
84.58104703,7.87401500
84.58205183,3.93700800
84.58305663,7.87401500
84.58406143,7.87401500
84.58506623,7.87401500
84.58607103,15.74803000
84.58707583,11.81102000
84.58808063,3.93700800
84.58908543,7.87401500
84.59009023,7.87401500
84.59109503,7.87401500
84.59209983,3.93700800
84.59310463,3.93700800
84.59410943,11.81102000
84.59511423,3.93700800
84.59611903,11.81102000
84.59712383,15.74803000
84.59812863,7.87401500
84.59913343,7.87401500
84.60013823,3.93700800
84.60114303,7.87401500
84.60214783,11.81102000
84.60315263,11.81102000
84.60415743,3.93700800
84.60516223,7.87401500
84.60616703,3.93700800
84.60717183,11.81102000
84.60817663,7.87401500
84.60918143,11.81102000
84.61018623,11.81102000
84.61119103,7.87401500
84.61219583,3.93700800
84.61320063,7.87401500
84.61420543,7.87401500
84.61521023,11.81102000
84.61621503,7.87401500
84.61721983,7.87401500
84.61822463,7.87401500
84.61922943,3.93700800
84.62023423,3.93700800
84.62123903,3.93700800
84.62224383,7.87401500
84.62324863,11.81102000
84.62425343,11.81102000
84.62525823,7.87401500
84.62626303,11.81102000
84.62726783,7.87401500
84.62827263,15.74803000
84.62927743,11.81102000
84.63028223,11.81102000
84.63128703,11.81102000
84.63229183,7.87401500
84.63329663,11.81102000
84.63430143,7.87401500
84.63530623,11.81102000
84.63631103,7.87401500
84.63731583,7.87401500
84.63832063,11.81102000
84.63932543,11.81102000
84.64033023,15.74803000
84.64133503,11.81102000
84.64233983,15.74803000
84.64334463,7.87401500
84.64434943,11.81102000
84.64535423,11.81102000
84.64635903,11.81102000
84.64736383,7.87401500
84.64836863,11.81102000
84.64937343,15.74803000
84.65037823,11.81102000
84.65138303,7.87401500
84.65238783,3.93700800
84.65339263,7.87401500
84.65439743,7.87401500
84.65540223,11.81102000
84.65640703,7.87401500
84.65741183,0.00000000
84.65841663,7.87401500
84.65942143,7.87401500
84.66042623,3.93700800
84.66143103,7.87401500
84.66243583,11.81102000
84.66344063,7.87401500
84.66444543,11.81102000
84.66545023,11.81102000
84.66645503,3.93700800
84.66745983,11.81102000
84.66846463,11.81102000
84.66946943,0.00000000
84.67047423,3.93700800
84.67147903,7.87401500
84.67248383,7.87401500
84.67348863,11.81102000
84.67449343,11.81102000
84.67549823,7.87401500
84.67650303,11.81102000
84.67750783,11.81102000
84.67851263,11.81102000
84.67951743,11.81102000
84.68052223,11.81102000
84.68152703,11.81102000
84.68253183,7.87401500
84.68353663,11.81102000
84.68454143,11.81102000
84.68554623,7.87401500
84.68655103,11.81102000
84.68755583,7.87401500
84.68856063,11.81102000
84.68956543,7.87401500
84.69057023,15.74803000
84.69157503,11.81102000
84.69257983,11.81102000
84.69358463,7.87401500
84.69458942,7.87401500
84.69559422,11.81102000
84.69659902,11.81102000
84.69760382,7.87401500
84.69860862,7.87401500
84.69961342,3.93700800
84.70061822,3.93700800
84.70162302,0.00000000
84.70262782,0.00000000
84.70363262,3.93700800
84.70463742,7.87401500
84.70564222,11.81102000
84.70664702,7.87401500
84.70765182,7.87401500
84.70865662,11.81102000
84.70966142,11.81102000
84.71066622,11.81102000
84.71167102,15.74803000
84.71267582,7.87401500
84.71368062,11.81102000
84.71468542,11.81102000
84.71569022,7.87401500
84.71669502,7.87401500
84.71769982,7.87401500
84.71870462,3.93700800
84.71970942,7.87401500
84.72071422,11.81102000
84.72171902,7.87401500
84.72272382,15.74803000
84.72372862,7.87401500
84.72473342,11.81102000
84.72573822,11.81102000
84.72674302,7.87401500
84.72774782,11.81102000
84.72875262,11.81102000
84.72975742,15.74803000
84.73076222,11.81102000
84.73176702,11.81102000
84.73277182,7.87401500
84.73377662,7.87401500
84.73478142,3.93700800
84.73578622,11.81102000
84.73679102,15.74803000
84.73779582,11.81102000
84.73880062,15.74803000
84.73980542,3.93700800
84.74081022,3.93700800
84.74181502,7.87401500
84.74281982,7.87401500
84.74382462,3.93700800
84.74482942,7.87401500
84.74583422,11.81102000
84.74683902,7.87401500
84.74784382,11.81102000
84.74884862,11.81102000
84.74985342,7.87401500
84.75085822,7.87401500
84.75186302,11.81102000
84.75286782,15.74803000
84.75387262,11.81102000
84.75487742,15.74803000
84.75588222,3.93700800
84.75688702,15.74803000
84.75789182,11.81102000
84.75889662,11.81102000
84.75990142,7.87401500
84.76090622,7.87401500
84.76191102,7.87401500
84.76291582,11.81102000
84.76392062,15.74803000
84.76492542,7.87401500
84.76593022,7.87401500
84.76693502,15.74803000
84.76793982,3.93700800
84.76894462,7.87401500
84.76994942,11.81102000
84.77095422,11.81102000
84.77195902,7.87401500
84.77296382,11.81102000
84.77396862,11.81102000
84.77497342,11.81102000
84.77597822,11.81102000
84.77698302,7.87401500
84.77798782,11.81102000
84.77899262,11.81102000
84.77999742,7.87401500
84.78100222,3.93700800
84.78200702,7.87401500
84.78301182,0.00000000
84.78401662,7.87401500
84.78502142,3.93700800
84.78602622,11.81102000
84.78703102,11.81102000
84.78803582,11.81102000
84.78904062,11.81102000
84.79004542,11.81102000
84.79105022,7.87401500
84.79205502,11.81102000
84.79305982,11.81102000
84.79406462,11.81102000
84.79506942,19.68504000
84.79607422,7.87401500
84.79707902,15.74803000
84.79808382,7.87401500
84.79908862,7.87401500
84.80009342,7.87401500
84.80109822,7.87401500
84.80210302,7.87401500
84.80310782,11.81102000
84.80411262,7.87401500
84.80511742,11.81102000
84.80612222,15.74803000
84.80712702,7.87401500
84.80813182,15.74803000
84.80913662,11.81102000
84.81014142,11.81102000
84.81114622,11.81102000
84.81215102,15.74803000
84.81315582,11.81102000
84.81416062,11.81102000
84.81516542,3.93700800
84.81617022,7.87401500
84.81717502,7.87401500
84.81817982,11.81102000
84.81918462,11.81102000
84.82018942,3.93700800
84.82119422,11.81102000
84.82219902,11.81102000
84.82320382,-3.93700800
84.82420862,3.93700800
84.82521342,3.93700800
84.82621822,3.93700800
84.82722302,7.87401500
84.82822782,7.87401500
84.82923262,11.81102000
84.83023742,11.81102000
84.83124222,11.81102000
84.83224702,3.93700800
84.83325182,7.87401500
84.83425662,11.81102000
84.83526142,7.87401500
84.83626622,7.87401500
84.83727102,15.74803000
84.83827582,11.81102000
84.83928062,11.81102000
84.84028542,11.81102000
84.84129022,11.81102000
84.84229502,11.81102000
84.84329982,11.81102000
84.84430462,7.87401500
84.84530942,11.81102000
84.84631422,11.81102000
84.84731902,11.81102000
84.84832382,3.93700800
84.84932862,7.87401500
84.85033342,11.81102000
84.85133822,11.81102000
84.85234302,11.81102000
84.85334782,11.81102000
84.85435262,15.74803000
84.85535742,11.81102000
84.85636222,11.81102000
84.85736702,11.81102000
84.85837182,11.81102000
84.85937662,15.74803000
84.86038142,7.87401500
84.86138622,7.87401500
84.86239102,7.87401500
84.86339582,7.87401500
84.86440062,3.93700800
84.86540542,-3.93700800
84.86641022,19.68504000
84.86741502,3.93700800
84.86841982,11.81102000
84.86942462,11.81102000
84.87042942,11.81102000
84.87143422,11.81102000
84.87243902,7.87401500
84.87344382,7.87401500
84.87444862,7.87401500
84.87545342,15.74803000
84.87645822,11.81102000
84.87746302,7.87401500
84.87846782,11.81102000
84.87947262,15.74803000
84.88047742,7.87401500
84.88148222,11.81102000
84.88248702,11.81102000
84.88349182,11.81102000
84.88449662,11.81102000
84.88550142,15.74803000
84.88650622,7.87401500
84.88751102,11.81102000
84.88851582,15.74803000
84.88952062,11.81102000
84.89052542,11.81102000
84.89153022,11.81102000
84.89253502,11.81102000
84.89353982,15.74803000
84.89454462,11.81102000
84.89554942,11.81102000
84.89655422,3.93700800
84.89755902,7.87401500
84.89856382,7.87401500
84.89956862,15.74803000
84.90057342,7.87401500
84.90157822,7.87401500
84.90258302,11.81102000
84.90358782,3.93700800
84.90459262,7.87401500
84.90559742,3.93700800
84.90660222,7.87401500
84.90760702,11.81102000
84.90861182,11.81102000
84.90961662,7.87401500
84.91062142,15.74803000
84.91162622,11.81102000
84.91263102,7.87401500
84.91363582,11.81102000
84.91464062,7.87401500
84.91564542,15.74803000
84.91665022,11.81102000
84.91765502,15.74803000
84.91865982,11.81102000
84.91966462,15.74803000
84.92066942,19.68504000
84.92167422,11.81102000
84.92267902,11.81102000
84.92368382,11.81102000
84.92468862,19.68504000
84.92569342,15.74803000
84.92669822,7.87401500
84.92770302,15.74803000
84.92870782,11.81102000
84.92971262,7.87401500
84.93071742,11.81102000
84.93172222,11.81102000
84.93272702,11.81102000
84.93373182,15.74803000
84.93473662,7.87401500
84.93574142,7.87401500
84.93674622,11.81102000
84.93775102,15.74803000
84.93875582,7.87401500
84.93976062,11.81102000
84.94076542,7.87401500
84.94177022,11.81102000
84.94277502,15.74803000
84.94377982,11.81102000
84.94478462,7.87401500
84.94578942,0.00000000
84.94679422,3.93700800
84.94779902,7.87401500
84.94880382,11.81102000
84.94980862,15.74803000
84.95081342,11.81102000
84.95181822,11.81102000
84.95282302,19.68504000
84.95382782,11.81102000
84.95483262,11.81102000
84.95583742,11.81102000
84.95684222,11.81102000
84.95784702,11.81102000
84.95885182,11.81102000
84.95985662,11.81102000
84.96086142,0.00000000
84.96186622,7.87401500
84.96287102,7.87401500
84.96387582,27.55905000
84.96488062,11.81102000
84.96588542,11.81102000
84.96689022,15.74803000
84.96789502,11.81102000
84.96889982,15.74803000
84.96990462,11.81102000
84.97090942,11.81102000
84.97191422,11.81102000
84.97291902,7.87401500
84.97392382,11.81102000
84.97492862,11.81102000
84.97593342,7.87401500
84.97693822,7.87401500
84.97794302,7.87401500
84.97894782,7.87401500
84.97995262,7.87401500
84.98095742,11.81102000
84.98196222,11.81102000
84.98296702,11.81102000
84.98397182,7.87401500
84.98497662,15.74803000
84.98598142,7.87401500
84.98698622,11.81102000
84.98799102,3.93700800
84.98899582,3.93700800
84.99000062,3.93700800
84.99100542,11.81102000
84.99201022,7.87401500
84.99301502,11.81102000
84.99401982,7.87401500
84.99502462,7.87401500
84.99602942,11.81102000
84.99703422,15.74803000
84.99803902,11.81102000
84.99904382,7.87401500
85.00004862,11.81102000
85.00105342,15.74803000
85.00205822,15.74803000
85.00306302,7.87401500
85.00406782,11.81102000
85.00507262,7.87401500
85.00607742,11.81102000
85.00708222,11.81102000
85.00808702,7.87401500
85.00909182,11.81102000
85.01009662,7.87401500
85.01110142,0.00000000
85.01210622,7.87401500
85.01311102,11.81102000
85.01411582,15.74803000
85.01512062,3.93700800
85.01612542,7.87401500
85.01713022,7.87401500
85.01813502,7.87401500
85.01913982,11.81102000
85.02014462,15.74803000
85.02114942,7.87401500
85.02215422,11.81102000
85.02315902,7.87401500
85.02416381,11.81102000
85.02516861,15.74803000
85.02617341,11.81102000
85.02717821,7.87401500
85.02818301,0.00000000
85.02918781,0.00000000
85.03019261,15.74803000
85.03119741,3.93700800
85.03220221,11.81102000
85.03320701,7.87401500
85.03421181,7.87401500
85.03521661,11.81102000
85.03622141,7.87401500
85.03722621,7.87401500
85.03823101,11.81102000
85.03923581,15.74803000
85.04024061,11.81102000
85.04124541,15.74803000
85.04225021,7.87401500
85.04325501,3.93700800
85.04425981,11.81102000
85.04526461,15.74803000
85.04626941,15.74803000
85.04727421,19.68504000
85.04827901,15.74803000
85.04928381,11.81102000
85.05028861,15.74803000
85.05129341,15.74803000
85.05229821,11.81102000
85.05330301,7.87401500
85.05430781,15.74803000
85.05531261,15.74803000
85.05631741,11.81102000
85.05732221,11.81102000
85.05832701,0.00000000
85.05933181,3.93700800
85.06033661,7.87401500
85.06134141,19.68504000
85.06234621,7.87401500
85.06335101,11.81102000
85.06435581,11.81102000
85.06536061,7.87401500
85.06636541,7.87401500
85.06737021,7.87401500
85.06837501,7.87401500
85.06937981,3.93700800
85.07038461,3.93700800
85.07138941,7.87401500
85.07239421,3.93700800
85.07339901,7.87401500
85.07440381,7.87401500
85.07540861,7.87401500
85.07641341,7.87401500
85.07741821,11.81102000
85.07842301,11.81102000
85.07942781,11.81102000
85.08043261,7.87401500
85.08143741,11.81102000
85.08244221,15.74803000
85.08344701,7.87401500
85.08445181,15.74803000
85.08545661,7.87401500
85.08646141,7.87401500
85.08746621,15.74803000
85.08847101,11.81102000
85.08947581,11.81102000
85.09048061,11.81102000
85.09148541,11.81102000
85.09249021,7.87401500
85.09349501,3.93700800
85.09449981,11.81102000
85.09550461,11.81102000
85.09650941,7.87401500
85.09751421,11.81102000
85.09851901,11.81102000
85.09952381,7.87401500
85.10052861,7.87401500
85.10153341,11.81102000
85.10253821,11.81102000
85.10354301,11.81102000
85.10454781,11.81102000
85.10555261,11.81102000
85.10655741,11.81102000
85.10756221,7.87401500
85.10856701,11.81102000
85.10957181,3.93700800
85.11057661,7.87401500
85.11158141,7.87401500
85.11258621,7.87401500
85.11359101,11.81102000
85.11459581,7.87401500
85.11560061,7.87401500
85.11660541,7.87401500
85.11761021,7.87401500
85.11861501,11.81102000
85.11961981,11.81102000
85.12062461,15.74803000
85.12162941,7.87401500
85.12263421,7.87401500
85.12363901,7.87401500
85.12464381,7.87401500
85.12564861,7.87401500
85.12665341,11.81102000
85.12765821,7.87401500
85.12866301,11.81102000
85.12966781,11.81102000
85.13067261,7.87401500
85.13167741,11.81102000
85.13268221,15.74803000
85.13368701,11.81102000
85.13469181,7.87401500
85.13569661,7.87401500
85.13670141,11.81102000
85.13770621,7.87401500
85.13871101,11.81102000
85.13971581,15.74803000
85.14072061,3.93700800
85.14172541,7.87401500
85.14273021,11.81102000
85.14373501,7.87401500
85.14473981,11.81102000
85.14574461,3.93700800
85.14674941,11.81102000
85.14775421,3.93700800
85.14875901,11.81102000
85.14976381,11.81102000
85.15076861,7.87401500
85.15177341,7.87401500
85.15277821,11.81102000
85.15378301,7.87401500
85.15478781,11.81102000
85.15579261,3.93700800
85.15679741,7.87401500
85.15780221,3.93700800
85.15880701,15.74803000
85.15981181,11.81102000
85.16081661,11.81102000
85.16182141,11.81102000
85.16282621,11.81102000
85.16383101,7.87401500
85.16483581,11.81102000
85.16584061,11.81102000
85.16684541,7.87401500
85.16785021,11.81102000
85.16885501,7.87401500
85.16985981,0.00000000
85.17086461,11.81102000
85.17186941,11.81102000
85.17287421,3.93700800
85.17387901,7.87401500
85.17488381,7.87401500
85.17588861,7.87401500
85.17689341,11.81102000
85.17789821,11.81102000
85.17890301,15.74803000
85.17990781,7.87401500
85.18091261,7.87401500
85.18191741,11.81102000
85.18292221,3.93700800
85.18392701,11.81102000
85.18493181,11.81102000
85.18593661,7.87401500
85.18694141,7.87401500
85.18794621,7.87401500
85.18895101,0.00000000
85.18995581,7.87401500
85.19096061,7.87401500
85.19196541,11.81102000
85.19297021,7.87401500
85.19397501,11.81102000
85.19497981,7.87401500
85.19598461,7.87401500
85.19698941,11.81102000
85.19799421,7.87401500
85.19899901,11.81102000
85.20000381,15.74803000
85.20100861,11.81102000
85.20201341,11.81102000
85.20301821,11.81102000
85.20402301,11.81102000
85.20502781,3.93700800
85.20603261,7.87401500
85.20703741,7.87401500
85.20804221,15.74803000
85.20904701,15.74803000
85.21005181,7.87401500
85.21105661,11.81102000
85.21206141,15.74803000
85.21306621,11.81102000
85.21407101,11.81102000
85.21507581,7.87401500
85.21608061,15.74803000
85.21708541,11.81102000
85.21809021,11.81102000
85.21909501,11.81102000
85.22009981,7.87401500
85.22110461,7.87401500
85.22210941,7.87401500
85.22311421,7.87401500
85.22411901,11.81102000
85.22512381,7.87401500
85.22612861,11.81102000
85.22713341,7.87401500
85.22813821,7.87401500
85.22914301,15.74803000
85.23014781,3.93700800
85.23115261,7.87401500
85.23215741,7.87401500
85.23316221,7.87401500
85.23416701,7.87401500
85.23517181,7.87401500
85.23617661,7.87401500
85.23718141,11.81102000
85.23818621,7.87401500
85.23919101,7.87401500
85.24019581,11.81102000
85.24120061,11.81102000
85.24220541,7.87401500
85.24321021,15.74803000
85.24421501,11.81102000
85.24521981,11.81102000
85.24622461,11.81102000
85.24722941,15.74803000
85.24823421,15.74803000
85.24923901,11.81102000
85.25024381,11.81102000
85.25124861,15.74803000
85.25225341,15.74803000
85.25325821,3.93700800
85.25426301,11.81102000
85.25526781,7.87401500
85.25627261,15.74803000
85.25727741,7.87401500
85.25828221,11.81102000
85.25928701,11.81102000
85.26029181,3.93700800
85.26129661,11.81102000
85.26230141,7.87401500
85.26330621,3.93700800
85.26431101,11.81102000
85.26531581,11.81102000
85.26632061,7.87401500
85.26732541,15.74803000
85.26833021,3.93700800
85.26933501,7.87401500
85.27033981,3.93700800
85.27134461,7.87401500
85.27234941,0.00000000
85.27335421,3.93700800
85.27435901,7.87401500
85.27536381,3.93700800
85.27636861,11.81102000
85.27737341,7.87401500
85.27837821,7.87401500
85.27938301,11.81102000
85.28038781,11.81102000
85.28139261,7.87401500
85.28239741,7.87401500
85.28340221,11.81102000
85.28440701,11.81102000
85.28541181,7.87401500
85.28641661,11.81102000
85.28742141,7.87401500
85.28842621,11.81102000
85.28943101,11.81102000
85.29043581,11.81102000
85.29144061,11.81102000
85.29244541,7.87401500
85.29345021,7.87401500
85.29445501,11.81102000
85.29545981,11.81102000
85.29646461,7.87401500
85.29746941,7.87401500
85.29847421,11.81102000
85.29947901,11.81102000
85.30048381,7.87401500
85.30148861,11.81102000
85.30249341,3.93700800
85.30349821,7.87401500
85.30450301,7.87401500
85.30550781,7.87401500
85.30651261,7.87401500
85.30751741,11.81102000
85.30852221,11.81102000
85.30952701,11.81102000
85.31053181,7.87401500
85.31153661,7.87401500
85.31254141,3.93700800
85.31354621,3.93700800
85.31455101,7.87401500
85.31555581,11.81102000
85.31656061,11.81102000
85.31756541,0.00000000
85.31857021,3.93700800
85.31957501,3.93700800
85.32057981,7.87401500
85.32158461,11.81102000
85.32258941,7.87401500
85.32359421,7.87401500
85.32459901,15.74803000
85.32560381,11.81102000
85.32660861,11.81102000
85.32761341,11.81102000
85.32861821,11.81102000
85.32962301,11.81102000
85.33062781,11.81102000
85.33163261,11.81102000
85.33263741,7.87401500
85.33364221,11.81102000
85.33464701,7.87401500
85.33565181,7.87401500
85.33665661,11.81102000
85.33766141,11.81102000
85.33866621,11.81102000
85.33967101,7.87401500
85.34067581,7.87401500
85.34168061,11.81102000
85.34268541,11.81102000
85.34369021,11.81102000
85.34469501,15.74803000
85.34569981,7.87401500
85.34670461,11.81102000
85.34770941,11.81102000
85.34871421,11.81102000
85.34971901,15.74803000
85.35072381,7.87401500
85.35172861,3.93700800
85.35273340,0.00000000
85.35373820,0.00000000
85.35474300,3.93700800
85.35574780,7.87401500
85.35675260,11.81102000
85.35775740,7.87401500
85.35876220,7.87401500
85.35976700,11.81102000
85.36077180,11.81102000
85.36177660,7.87401500
85.36278140,11.81102000
85.36378620,11.81102000
85.36479100,7.87401500
85.36579580,11.81102000
85.36680060,3.93700800
85.36780540,7.87401500
85.36881020,7.87401500
85.36981500,27.55905000
85.37081980,11.81102000
85.37182460,11.81102000
85.37282940,15.74803000
85.37383420,11.81102000
85.37483900,7.87401500
85.37584380,7.87401500
85.37684860,7.87401500
85.37785340,11.81102000
85.37885820,11.81102000
85.37986300,3.93700800
85.38086780,7.87401500
85.38187260,7.87401500
85.38287740,11.81102000
85.38388220,7.87401500
85.38488700,7.87401500
85.38589180,7.87401500
85.38689660,11.81102000
85.38790140,11.81102000
85.38890620,11.81102000
85.38991100,7.87401500
85.39091580,7.87401500
85.39192060,11.81102000
85.39292540,-3.93700800
85.39393020,3.93700800
85.39493500,7.87401500
85.39593980,7.87401500
85.39694460,7.87401500
85.39794940,7.87401500
85.39895420,15.74803000
85.39995900,3.93700800
85.40096380,7.87401500
85.40196860,7.87401500
85.40297340,11.81102000
85.40397820,15.74803000
85.40498300,11.81102000
85.40598780,11.81102000
85.40699260,11.81102000
85.40799740,11.81102000
85.40900220,15.74803000
85.41000700,7.87401500
85.41101180,15.74803000
85.41201660,11.81102000
85.41302140,11.81102000
85.41402620,15.74803000
85.41503100,7.87401500
85.41603580,7.87401500
85.41704060,7.87401500
85.41804540,3.93700800
85.41905020,11.81102000
85.42005500,11.81102000
85.42105980,3.93700800
85.42206460,7.87401500
85.42306940,7.87401500
85.42407420,11.81102000
85.42507900,7.87401500
85.42608380,7.87401500
85.42708860,11.81102000
85.42809340,7.87401500
85.42909820,7.87401500
85.43010300,11.81102000
85.43110780,15.74803000
85.43211260,0.00000000
85.43311740,7.87401500
85.43412220,0.00000000
85.43512700,7.87401500
85.43613180,7.87401500
85.43713660,7.87401500
85.43814140,7.87401500
85.43914620,7.87401500
85.44015100,7.87401500
85.44115580,7.87401500
85.44216060,15.74803000
85.44316540,15.74803000
85.44417020,11.81102000
85.44517500,3.93700800
85.44617980,11.81102000
85.44718460,7.87401500
85.44818940,7.87401500
85.44919420,7.87401500
85.45019900,7.87401500
85.45120380,7.87401500
85.45220860,15.74803000
85.45321340,7.87401500
85.45421820,15.74803000
85.45522300,3.93700800
85.45622780,11.81102000
85.45723260,11.81102000
85.45823740,7.87401500
85.45924220,11.81102000
85.46024700,7.87401500
85.46125180,3.93700800
85.46225660,11.81102000
85.46326140,11.81102000
85.46426620,0.00000000
85.46527100,7.87401500
85.46627580,3.93700800
85.46728060,23.62205000
85.46828540,11.81102000
85.46929020,7.87401500
85.47029500,15.74803000
85.47129980,11.81102000
85.47230460,11.81102000
85.47330940,3.93700800
85.47431420,11.81102000
85.47531900,7.87401500
85.47632380,3.93700800
85.47732860,7.87401500
85.47833340,7.87401500
85.47933820,7.87401500
85.48034300,7.87401500
85.48134780,7.87401500
85.48235260,7.87401500
85.48335740,7.87401500
85.48436220,11.81102000
85.48536700,11.81102000
85.48637180,11.81102000
85.48737660,7.87401500
85.48838140,7.87401500
85.48938620,11.81102000
85.49039100,15.74803000
85.49139580,11.81102000
85.49240060,11.81102000
85.49340540,11.81102000
85.49441020,7.87401500
85.49541500,7.87401500
85.49641980,15.74803000
85.49742460,7.87401500
85.49842940,3.93700800
85.49943420,7.87401500
85.50043900,11.81102000
85.50144380,7.87401500
85.50244860,11.81102000
85.50345340,11.81102000
85.50445820,7.87401500
85.50546300,11.81102000
85.50646780,7.87401500
85.50747260,7.87401500
85.50847740,7.87401500
85.50948220,11.81102000
85.51048700,7.87401500
85.51149180,11.81102000
85.51249660,3.93700800
85.51350140,0.00000000
85.51450620,7.87401500
85.51551100,-3.93700800
85.51651580,7.87401500
85.51752060,3.93700800
85.51852540,11.81102000
85.51953020,7.87401500
85.52053500,7.87401500
85.52153980,15.74803000
85.52254460,11.81102000
85.52354940,15.74803000
85.52455420,11.81102000
85.52555900,11.81102000
85.52656380,11.81102000
85.52756860,15.74803000
85.52857340,15.74803000
85.52957820,7.87401500
85.53058300,3.93700800
85.53158780,7.87401500
85.53259260,15.74803000
85.53359740,11.81102000
85.53460220,7.87401500
85.53560700,15.74803000
85.53661180,11.81102000
85.53761660,7.87401500
85.53862140,11.81102000
85.53962620,7.87401500
85.54063100,7.87401500
85.54163580,7.87401500
85.54264060,7.87401500
85.54364540,11.81102000
85.54465020,7.87401500
85.54565500,15.74803000
85.54665980,7.87401500
85.54766460,7.87401500
85.54866940,11.81102000
85.54967420,7.87401500
85.55067900,11.81102000
85.55168380,11.81102000
85.55268860,11.81102000
85.55369340,11.81102000
85.55469820,7.87401500
85.55570300,11.81102000
85.55670780,11.81102000
85.55771260,3.93700800
85.55871740,11.81102000
85.55972220,7.87401500
85.56072700,7.87401500
85.56173180,0.00000000
85.56273660,7.87401500
85.56374140,7.87401500
85.56474620,19.68504000
85.56575100,7.87401500
85.56675580,11.81102000
85.56776060,11.81102000
85.56876540,7.87401500
85.56977020,11.81102000
85.57077500,7.87401500
85.57177980,11.81102000
85.57278460,11.81102000
85.57378940,11.81102000
85.57479420,11.81102000
85.57579900,11.81102000
85.57680380,11.81102000
85.57780860,11.81102000
85.57881340,7.87401500
85.57981820,7.87401500
85.58082300,7.87401500
85.58182780,11.81102000
85.58283260,7.87401500
85.58383740,7.87401500
85.58484220,7.87401500
85.58584700,11.81102000
85.58685180,7.87401500
85.58785660,11.81102000
85.58886140,7.87401500
85.58986620,7.87401500
85.59087100,11.81102000
85.59187580,15.74803000
85.59288060,7.87401500
85.59388540,15.74803000
85.59489020,7.87401500
85.59589500,0.00000000
85.59689980,7.87401500
85.59790460,15.74803000
85.59890940,7.87401500
85.59991420,7.87401500
85.60091900,7.87401500
85.60192380,15.74803000
85.60292860,11.81102000
85.60393340,15.74803000
85.60493820,11.81102000
85.60594300,7.87401500
85.60694780,7.87401500
85.60795260,11.81102000
85.60895740,11.81102000
85.60996220,11.81102000
85.61096700,3.93700800
85.61197180,3.93700800
85.61297660,7.87401500
85.61398140,7.87401500
85.61498620,11.81102000
85.61599100,11.81102000
85.61699580,11.81102000
85.61800060,7.87401500
85.61900540,7.87401500
85.62001020,11.81102000
85.62101500,11.81102000
85.62201980,7.87401500
85.62302460,7.87401500
85.62402940,3.93700800
85.62503420,0.00000000
85.62603900,0.00000000
85.62704380,-3.93700800
85.62804860,-7.87401500
85.62905340,-7.87401500
85.63005820,-7.87401500
85.63106300,-3.93700800
85.63206780,-11.81102000
85.63307260,-11.81102000
85.63407740,-15.74803000
85.63508220,-15.74803000
85.63608700,-23.62205000
85.63709180,-27.55905000
85.63809660,-27.55905000
85.63910140,-27.55905000
85.64010620,-31.49606000
85.64111100,-27.55905000
85.64211580,-27.55905000
85.64312060,-27.55905000
85.64412540,-35.43307000
85.64513020,-31.49606000
85.64613500,-31.49606000
85.64713980,-31.49606000
85.64814460,-31.49606000
85.64914940,-31.49606000
85.65015420,-39.37008000
85.65115900,-31.49606000
85.65216380,-31.49606000
85.65316860,-31.49606000
85.65417340,-31.49606000
85.65517820,-31.49606000
85.65618300,-27.55905000
85.65718780,-27.55905000
85.65819260,-27.55905000
85.65919740,-31.49606000
85.66020220,-27.55905000
85.66120700,-23.62205000
85.66221180,-23.62205000
85.66321660,-23.62205000
85.66422140,-19.68504000
85.66522620,-27.55905000
85.66623100,-23.62205000
85.66723580,-23.62205000
85.66824060,-27.55905000
85.66924540,-23.62205000
85.67025020,-23.62205000
85.67125500,-23.62205000
85.67225980,-27.55905000
85.67326460,-27.55905000
85.67426940,-31.49606000
85.67527420,-27.55905000
85.67627900,-31.49606000
85.67728380,-35.43307000
85.67828860,-39.37008000
85.67929340,-43.30709000
85.68029820,-35.43307000
85.68130299,-35.43307000
85.68230779,-35.43307000
85.68331259,-39.37008000
85.68431739,-39.37008000
85.68532219,-39.37008000
85.68632699,-35.43307000
85.68733179,-39.37008000
85.68833659,-39.37008000
85.68934139,-47.24409000
85.69034619,-47.24409000
85.69135099,-47.24409000
85.69235579,-51.18110000
85.69336059,-47.24409000
85.69436539,-51.18110000
85.69537019,-51.18110000
85.69637499,-43.30709000
85.69737979,-51.18110000
85.69838459,-47.24409000
85.69938939,-47.24409000
85.70039419,-47.24409000
85.70139899,-43.30709000
85.70240379,-47.24409000
85.70340859,-47.24409000
85.70441339,-47.24409000
85.70541819,-47.24409000
85.70642299,-43.30709000
85.70742779,-43.30709000
85.70843259,-47.24409000
85.70943739,-55.11811000
85.71044219,-51.18110000
85.71144699,-43.30709000
85.71245179,-47.24409000
85.71345659,-47.24409000
85.71446139,-47.24409000
85.71546619,-51.18110000
85.71647099,-51.18110000
85.71747579,-51.18110000
85.71848059,-51.18110000
85.71948539,-51.18110000
85.72049019,-51.18110000
85.72149499,-47.24409000
85.72249979,-51.18110000
85.72350459,-51.18110000
85.72450939,-51.18110000
85.72551419,-51.18110000
85.72651899,-55.11811000
85.72752379,-55.11811000
85.72852859,-55.11811000
85.72953339,-55.11811000
85.73053819,-51.18110000
85.73154299,-51.18110000
85.73254779,-59.05511000
85.73355259,-55.11811000
85.73455739,-59.05511000
85.73556219,-62.99212000
85.73656699,-59.05511000
85.73757179,-62.99212000
85.73857659,-59.05511000
85.73958139,-55.11811000
85.74058619,-62.99212000
85.74159099,-62.99212000
85.74259579,-66.92913000
85.74360059,-55.11811000
85.74460539,-59.05511000
85.74561019,-59.05511000
85.74661499,-59.05511000
85.74761979,-66.92913000
85.74862459,-62.99212000
85.74962939,-59.05511000
85.75063419,-59.05511000
85.75163899,-59.05511000
85.75264379,-62.99212000
85.75364859,-59.05511000
85.75465339,-55.11811000
85.75565819,-62.99212000
85.75666299,-62.99212000
85.75766779,-55.11811000
85.75867259,-66.92913000
85.75967739,-62.99212000
85.76068219,-66.92913000
85.76168699,-59.05511000
85.76269179,-62.99212000
85.76369659,-62.99212000
85.76470139,-59.05511000
85.76570619,-59.05511000
85.76671099,-62.99212000
85.76771579,-62.99212000
85.76872059,-62.99212000
85.76972539,-62.99212000
85.77073019,-62.99212000
85.77173499,-62.99212000
85.77273979,-70.86613000
85.77374459,-66.92913000
85.77474939,-70.86613000
85.77575419,-59.05511000
85.77675899,-66.92913000
85.77776379,-66.92913000
85.77876859,-70.86613000
85.77977339,-70.86613000
85.78077819,-74.80315000
85.78178299,-66.92913000
85.78278779,-70.86613000
85.78379259,-66.92913000
85.78479739,-70.86613000
85.78580219,-74.80315000
85.78680699,-70.86613000
85.78781179,-74.80315000
85.78881659,-70.86613000
85.78982139,-70.86613000
85.79082619,-78.74015000
85.79183099,-74.80315000
85.79283579,-70.86613000
85.79384059,-74.80315000
85.79484539,-70.86613000
85.79585019,-74.80315000
85.79685499,-70.86613000
85.79785979,-82.67715000
85.79886459,-78.74015000
85.79986939,-70.86613000
85.80087419,-78.74015000
85.80187899,-78.74015000
85.80288379,-74.80315000
85.80388859,-70.86613000
85.80489339,-70.86613000
85.80589819,-78.74015000
85.80690299,-74.80315000
85.80790779,-78.74015000
85.80891259,-70.86613000
85.80991739,-74.80315000
85.81092219,-74.80315000
85.81192699,-74.80315000
85.81293179,-78.74015000
85.81393659,-74.80315000
85.81494139,-78.74015000
85.81594619,-74.80315000
85.81695099,-74.80315000
85.81795579,-78.74015000
85.81896059,-78.74015000
85.81996539,-82.67715000
85.82097019,-82.67715000
85.82197499,-82.67715000
85.82297979,-82.67715000
85.82398459,-78.74015000
85.82498939,-78.74015000
85.82599419,-78.74015000
85.82699899,-82.67715000
85.82800379,-82.67715000
85.82900859,-78.74015000
85.83001339,-74.80315000
85.83101819,-78.74015000
85.83202299,-86.61417000
85.83302779,-82.67715000
85.83403259,-78.74015000
85.83503739,-82.67715000
85.83604219,-82.67715000
85.83704699,-86.61417000
85.83805179,-82.67715000
85.83905659,-90.55118000
85.84006139,-90.55118000
85.84106619,-86.61417000
85.84207099,-86.61417000
85.84307579,-86.61417000
85.84408059,-82.67715000
85.84508539,-90.55118000
85.84609019,-86.61417000
85.84709499,-86.61417000
85.84809979,-86.61417000
85.84910459,-86.61417000
85.85010939,-86.61417000
85.85111419,-86.61417000
85.85211899,-86.61417000
85.85312379,-86.61417000
85.85412859,-82.67715000
85.85513339,-90.55118000
85.85613819,-90.55118000
85.85714299,-86.61417000
85.85814779,-94.48818000
85.85915259,-90.55118000
85.86015739,-90.55118000
85.86116219,-90.55118000
85.86216699,-90.55118000
85.86317179,-90.55118000
85.86417659,-90.55118000
85.86518139,-90.55118000
85.86618619,-90.55118000
85.86719099,-86.61417000
85.86819579,-90.55118000
85.86920059,-86.61417000
85.87020539,-102.36220000
85.87121019,-94.48818000
85.87221499,-94.48818000
85.87321979,-74.80315000
85.87422459,-90.55118000
85.87522939,-90.55118000
85.87623419,-90.55118000
85.87723899,-98.42519000
85.87824379,-94.48818000
85.87924859,-94.48818000
85.88025339,-98.42519000
85.88125819,-98.42519000
85.88226299,-98.42519000
85.88326779,-94.48818000
85.88427259,-94.48818000
85.88527739,-94.48818000
85.88628219,-94.48818000
85.88728699,-98.42519000
85.88829179,-98.42519000
85.88929659,-94.48818000
85.89030139,-98.42519000
85.89130619,-94.48818000
85.89231099,-94.48818000
85.89331579,-94.48818000
85.89432059,-94.48818000
85.89532539,-98.42519000
85.89633019,-94.48818000
85.89733499,-94.48818000
85.89833979,-98.42519000
85.89934459,-98.42519000
85.90034939,-94.48818000
85.90135419,-94.48818000
85.90235899,-98.42519000
85.90336379,-102.36220000
85.90436859,-102.36220000
85.90537339,-98.42519000
85.90637819,-98.42519000
85.90738299,-98.42519000
85.90838779,-94.48818000
85.90939259,-102.36220000
85.91039739,-102.36220000
85.91140219,-98.42519000
85.91240699,-90.55118000
85.91341179,-98.42519000
85.91441659,-98.42519000
85.91542139,-98.42519000
85.91642619,-98.42519000
85.91743099,-94.48818000
85.91843579,-94.48818000
85.91944059,-102.36220000
85.92044539,-102.36220000
85.92145019,-106.29920000
85.92245499,-102.36220000
85.92345979,-94.48818000
85.92446459,-98.42519000
85.92546939,-102.36220000
85.92647419,-98.42519000
85.92747899,-98.42519000
85.92848379,-98.42519000
85.92948859,-102.36220000
85.93049339,-94.48818000
85.93149819,-102.36220000
85.93250299,-98.42519000
85.93350779,-102.36220000
85.93451259,-98.42519000
85.93551739,-106.29920000
85.93652219,-106.29920000
85.93752699,-114.17320000
85.93853179,-102.36220000
85.93953659,-98.42519000
85.94054139,-106.29920000
85.94154619,-106.29920000
85.94255099,-106.29920000
85.94355579,-102.36220000
85.94456059,-102.36220000
85.94556539,-102.36220000
85.94657019,-106.29920000
85.94757499,-106.29920000
85.94857979,-106.29920000
85.94958459,-110.23620000
85.95058939,-106.29920000
85.95159419,-102.36220000
85.95259899,-106.29920000
85.95360379,-110.23620000
85.95460859,-102.36220000
85.95561339,-106.29920000
85.95661819,-106.29920000
85.95762299,-110.23620000
85.95862779,-110.23620000
85.95963259,-114.17320000
85.96063739,-110.23620000
85.96164219,-110.23620000
85.96264699,-106.29920000
85.96365179,-110.23620000
85.96465659,-102.36220000
85.96566139,-114.17320000
85.96666619,-106.29920000
85.96767099,-118.11020000
85.96867579,-114.17320000
85.96968059,-114.17320000
85.97068539,-106.29920000
85.97169019,-110.23620000
85.97269499,-110.23620000
85.97369979,-110.23620000
85.97470459,-106.29920000
85.97570939,-110.23620000
85.97671419,-110.23620000
85.97771899,-110.23620000
85.97872379,-110.23620000
85.97972859,-114.17320000
85.98073339,-114.17320000
85.98173819,-110.23620000
85.98274299,-114.17320000
85.98374779,-114.17320000
85.98475259,-118.11020000
85.98575739,-114.17320000
85.98676219,-110.23620000
85.98776699,-110.23620000
85.98877179,-110.23620000
85.98977659,-110.23620000
85.99078139,-110.23620000
85.99178619,-114.17320000
85.99279099,-110.23620000
85.99379579,-114.17320000
85.99480059,-110.23620000
85.99580539,-110.23620000
85.99681019,-110.23620000
85.99781499,-114.17320000
85.99881979,-114.17320000
85.99982459,-114.17320000
86.00082939,-125.98420000
86.00183419,-122.04720000
86.00283899,-114.17320000
86.00384379,-110.23620000
86.00484859,-118.11020000
86.00585339,-110.23620000
86.00685819,-118.11020000
86.00786299,-114.17320000
86.00886779,-118.11020000
86.00987259,-118.11020000
86.01087738,-118.11020000
86.01188218,-118.11020000
86.01288698,-118.11020000
86.01389178,-122.04720000
86.01489658,-114.17320000
86.01590138,-118.11020000
86.01690618,-122.04720000
86.01791098,-122.04720000
86.01891578,-122.04720000
86.01992058,-114.17320000
86.02092538,-125.98420000
86.02193018,-118.11020000
86.02293498,-118.11020000
86.02393978,-122.04720000
86.02494458,-122.04720000
86.02594938,-118.11020000
86.02695418,-118.11020000
86.02795898,-122.04720000
86.02896378,-118.11020000
86.02996858,-122.04720000
86.03097338,-118.11020000
86.03197818,-118.11020000
86.03298298,-122.04720000
86.03398778,-118.11020000
86.03499258,-122.04720000
86.03599738,-118.11020000
86.03700218,-122.04720000
86.03800698,-118.11020000
86.03901178,-122.04720000
86.04001658,-129.92120000
86.04102138,-122.04720000
86.04202618,-125.98420000
86.04303098,-122.04720000
86.04403578,-122.04720000
86.04504058,-122.04720000
86.04604538,-118.11020000
86.04705018,-118.11020000
86.04805498,-118.11020000
86.04905978,-118.11020000
86.05006458,-122.04720000
86.05106938,-122.04720000
86.05207418,-125.98420000
86.05307898,-122.04720000
86.05408378,-122.04720000
86.05508858,-122.04720000
86.05609338,-122.04720000
86.05709818,-122.04720000
86.05810298,-122.04720000
86.05910778,-122.04720000
86.06011258,-122.04720000
86.06111738,-118.11020000
86.06212218,-122.04720000
86.06312698,-125.98420000
86.06413178,-122.04720000
86.06513658,-129.92120000
86.06614138,-125.98420000
86.06714618,-122.04720000
86.06815098,-122.04720000
86.06915578,-122.04720000
86.07016058,-122.04720000
86.07116538,-122.04720000
86.07217018,-122.04720000
86.07317498,-118.11020000
86.07417978,-122.04720000
86.07518458,-125.98420000
86.07618938,-122.04720000
86.07719418,-125.98420000
86.07819898,-125.98420000
86.07920378,-125.98420000
86.08020858,-133.85830000
86.08121338,-125.98420000
86.08221818,-129.92120000
86.08322298,-129.92120000
86.08422778,-125.98420000
86.08523258,-125.98420000
86.08623738,-118.11020000
86.08724218,-125.98420000
86.08824698,-129.92120000
86.08925178,-125.98420000
86.09025658,-133.85830000
86.09126138,-133.85830000
86.09226618,-129.92120000
86.09327098,-125.98420000
86.09427578,-129.92120000
86.09528058,-129.92120000
86.09628538,-129.92120000
86.09729018,-129.92120000
86.09829498,-141.73230000
86.09929978,-137.79530000
86.10030458,-133.85830000
86.10130938,-133.85830000
86.10231418,-137.79530000
86.10331898,-137.79530000
86.10432378,-137.79530000
86.10532858,-133.85830000
86.10633338,-133.85830000
86.10733818,-133.85830000
86.10834298,-137.79530000
86.10934778,-133.85830000
86.11035258,-137.79530000
86.11135738,-137.79530000
86.11236218,-133.85830000
86.11336698,-133.85830000
86.11437178,-133.85830000
86.11537658,-133.85830000
86.11638138,-137.79530000
86.11738618,-133.85830000
86.11839098,-137.79530000
86.11939578,-137.79530000
86.12040058,-137.79530000
86.12140538,-133.85830000
86.12241018,-129.92120000
86.12341498,-133.85830000
86.12441978,-129.92120000
86.12542458,-125.98420000
86.12642938,-129.92120000
86.12743418,-129.92120000
86.12843898,-129.92120000
86.12944378,-129.92120000
86.13044858,-141.73230000
86.13145338,-133.85830000
86.13245818,-133.85830000
86.13346298,-133.85830000
86.13446778,-133.85830000
86.13547258,-137.79530000
86.13647738,-133.85830000
86.13748218,-137.79530000
86.13848698,-137.79530000
86.13949178,-137.79530000
86.14049658,-137.79530000
86.14150138,-133.85830000
86.14250618,-141.73230000
86.14351098,-141.73230000
86.14451578,-137.79530000
86.14552058,-141.73230000
86.14652538,-137.79530000
86.14753018,-137.79530000
86.14853498,-141.73230000
86.14953978,-141.73230000
86.15054458,-137.79530000
86.15154938,-137.79530000
86.15255418,-141.73230000
86.15355898,-141.73230000
86.15456378,-137.79530000
86.15556858,-141.73230000
86.15657338,-137.79530000
86.15757818,-137.79530000
86.15858298,-145.66930000
86.15958778,-141.73230000
86.16059258,-137.79530000
86.16159738,-137.79530000
86.16260218,-141.73230000
86.16360698,-145.66930000
86.16461178,-145.66930000
86.16561658,-137.79530000
86.16662138,-141.73230000
86.16762618,-133.85830000
86.16863098,-137.79530000
86.16963578,-129.92120000
86.17064058,-141.73230000
86.17164538,-133.85830000
86.17265018,-137.79530000
86.17365498,-133.85830000
86.17465978,-137.79530000
86.17566458,-137.79530000
86.17666938,-137.79530000
86.17767418,-137.79530000
86.17867898,-141.73230000
86.17968378,-137.79530000
86.18068858,-141.73230000
86.18169338,-145.66930000
86.18269818,-137.79530000
86.18370298,-137.79530000
86.18470778,-141.73230000
86.18571258,-137.79530000
86.18671738,-137.79530000
86.18772218,-141.73230000
86.18872698,-141.73230000
86.18973178,-145.66930000
86.19073658,-145.66930000
86.19174138,-141.73230000
86.19274618,-145.66930000
86.19375098,-141.73230000
86.19475578,-145.66930000
86.19576058,-141.73230000
86.19676538,-141.73230000
86.19777018,-149.60630000
86.19877498,-149.60630000
86.19977978,-133.85830000
86.20078458,-149.60630000
86.20178938,-145.66930000
86.20279418,-145.66930000
86.20379898,-145.66930000
86.20480378,-145.66930000
86.20580858,-145.66930000
86.20681338,-145.66930000
86.20781818,-137.79530000
86.20882298,-141.73230000
86.20982778,-145.66930000
86.21083258,-141.73230000
86.21183738,-145.66930000
86.21284218,-145.66930000
86.21384698,-145.66930000
86.21485178,-141.73230000
86.21585658,-141.73230000
86.21686138,-145.66930000
86.21786618,-149.60630000
86.21887098,-145.66930000
86.21987578,-141.73230000
86.22088058,-141.73230000
86.22188538,-149.60630000
86.22289018,-141.73230000
86.22389498,-145.66930000
86.22489978,-145.66930000
86.22590458,-141.73230000
86.22690938,-145.66930000
86.22791418,-149.60630000
86.22891898,-149.60630000
86.22992378,-145.66930000
86.23092858,-145.66930000
86.23193338,-141.73230000
86.23293818,-145.66930000
86.23394298,-145.66930000
86.23494778,-149.60630000
86.23595258,-149.60630000
86.23695738,-153.54330000
86.23796218,-149.60630000
86.23896698,-145.66930000
86.23997178,-149.60630000
86.24097658,-149.60630000
86.24198138,-157.48030000
86.24298618,-157.48030000
86.24399098,-153.54330000
86.24499578,-153.54330000
86.24600058,-149.60630000
86.24700538,-149.60630000
86.24801018,-149.60630000
86.24901498,-149.60630000
86.25001978,-149.60630000
86.25102458,-153.54330000
86.25202938,-149.60630000
86.25303418,-145.66930000
86.25403898,-153.54330000
86.25504378,-149.60630000
86.25604858,-145.66930000
86.25705338,-153.54330000
86.25805818,-161.41730000
86.25906298,-145.66930000
86.26006778,-149.60630000
86.26107258,-157.48030000
86.26207738,-153.54330000
86.26308218,-149.60630000
86.26408698,-157.48030000
86.26509178,-149.60630000
86.26609658,-153.54330000
86.26710138,-153.54330000
86.26810618,-153.54330000
86.26911098,-149.60630000
86.27011578,-149.60630000
86.27112058,-149.60630000
86.27212538,-149.60630000
86.27313018,-153.54330000
86.27413498,-149.60630000
86.27513978,-149.60630000
86.27614458,-157.48030000
86.27714938,-153.54330000
86.27815418,-153.54330000
86.27915898,-141.73230000
86.28016378,-161.41730000
86.28116858,-153.54330000
86.28217338,-157.48030000
86.28317818,-153.54330000
86.28418298,-149.60630000
86.28518778,-149.60630000
86.28619258,-153.54330000
86.28719738,-145.66930000
86.28820218,-149.60630000
86.28920698,-145.66930000
86.29021178,-149.60630000
86.29121658,-153.54330000
86.29222138,-153.54330000
86.29322618,-157.48030000
86.29423098,-153.54330000
86.29523578,-157.48030000
86.29624058,-153.54330000
86.29724538,-153.54330000
86.29825018,-157.48030000
86.29925498,-157.48030000
86.30025978,-157.48030000
86.30126458,-157.48030000
86.30226938,-157.48030000
86.30327418,-161.41730000
86.30427898,-161.41730000
86.30528378,-161.41730000
86.30628858,-153.54330000
86.30729338,-157.48030000
86.30829818,-165.35430000
86.30930298,-157.48030000
86.31030778,-161.41730000
86.31131258,-165.35430000
86.31231738,-149.60630000
86.31332218,-165.35430000
86.31432698,-161.41730000
86.31533178,-157.48030000
86.31633658,-161.41730000
86.31734138,-161.41730000
86.31834618,-161.41730000
86.31935098,-153.54330000
86.32035578,-161.41730000
86.32136058,-165.35430000
86.32236538,-157.48030000
86.32337018,-161.41730000
86.32437498,-157.48030000
86.32537978,-165.35430000
86.32638458,-165.35430000
86.32738938,-161.41730000
86.32839418,-165.35430000
86.32939898,-165.35430000
86.33040378,-161.41730000
86.33140858,-161.41730000
86.33241338,-161.41730000
86.33341818,-161.41730000
86.33442298,-161.41730000
86.33542778,-161.41730000
86.33643258,-157.48030000
86.33743738,-165.35430000
86.33844218,-161.41730000
86.33944697,-161.41730000
86.34045177,-165.35430000
86.34145657,-161.41730000
86.34246137,-165.35430000
86.34346617,-165.35430000
86.34447097,-165.35430000
86.34547577,-165.35430000
86.34648057,-161.41730000
86.34748537,-161.41730000
86.34849017,-161.41730000
86.34949497,-157.48030000
86.35049977,-165.35430000
86.35150457,-169.29130000
86.35250937,-161.41730000
86.35351417,-161.41730000
86.35451897,-161.41730000
86.35552377,-165.35430000
86.35652857,-165.35430000
86.35753337,-165.35430000
86.35853817,-169.29130000
86.35954297,-173.22830000
86.36054777,-169.29130000
86.36155257,-161.41730000
86.36255737,-169.29130000
86.36356217,-165.35430000
86.36456697,-169.29130000
86.36557177,-161.41730000
86.36657657,-169.29130000
86.36758137,-165.35430000
86.36858617,-169.29130000
86.36959097,-161.41730000
86.37059577,-169.29130000
86.37160057,-161.41730000
86.37260537,-165.35430000
86.37361017,-177.16530000
86.37461497,-169.29130000
86.37561977,-165.35430000
86.37662457,-157.48030000
86.37762937,-165.35430000
86.37863417,-169.29130000
86.37963897,-173.22830000
86.38064377,-173.22830000
86.38164857,-177.16530000
86.38265337,-173.22830000
86.38365817,-165.35430000
86.38466297,-173.22830000
86.38566777,-165.35430000
86.38667257,-169.29130000
86.38767737,-173.22830000
86.38868217,-173.22830000
86.38968697,-165.35430000
86.39069177,-177.16530000
86.39169657,-173.22830000
86.39270137,-177.16530000
86.39370617,-169.29130000
86.39471097,-181.10240000
86.39571577,-169.29130000
86.39672057,-173.22830000
86.39772537,-173.22830000
86.39873017,-181.10240000
86.39973497,-177.16530000
86.40073977,-181.10240000
86.40174457,-185.03940000
86.40274937,-169.29130000
86.40375417,-173.22830000
86.40475897,-173.22830000
86.40576377,-177.16530000
86.40676857,-177.16530000
86.40777337,-177.16530000
86.40877817,-177.16530000
86.40978297,-173.22830000
86.41078777,-165.35430000
86.41179257,-173.22830000
86.41279737,-177.16530000
86.41380217,-173.22830000
86.41480697,-177.16530000
86.41581177,-173.22830000
86.41681657,-177.16530000
86.41782137,-177.16530000
86.41882617,-173.22830000
86.41983097,-177.16530000
86.42083577,-173.22830000
86.42184057,-173.22830000
86.42284537,-177.16530000
86.42385017,-173.22830000
86.42485497,-177.16530000
86.42585977,-173.22830000
86.42686457,-177.16530000
86.42786937,-169.29130000
86.42887417,-177.16530000
86.42987897,-173.22830000
86.43088377,-169.29130000
86.43188857,-177.16530000
86.43289337,-177.16530000
86.43389817,-177.16530000
86.43490297,-173.22830000
86.43590777,-173.22830000
86.43691257,-169.29130000
86.43791737,-173.22830000
86.43892217,-177.16530000
86.43992697,-177.16530000
86.44093177,-177.16530000
86.44193657,-177.16530000
86.44294137,-173.22830000
86.44394617,-177.16530000
86.44495097,-173.22830000
86.44595577,-173.22830000
86.44696057,-181.10240000
86.44796537,-177.16530000
86.44897017,-177.16530000
86.44997497,-173.22830000
86.45097977,-173.22830000
86.45198457,-181.10240000
86.45298937,-177.16530000
86.45399417,-177.16530000
86.45499897,-181.10240000
86.45600377,-185.03940000
86.45700857,-185.03940000
86.45801337,-177.16530000
86.45901817,-181.10240000
86.46002297,-177.16530000
86.46102777,-181.10240000
86.46203257,-181.10240000
86.46303737,-181.10240000
86.46404217,-185.03940000
86.46504697,-181.10240000
86.46605177,-181.10240000
86.46705657,-181.10240000
86.46806137,-181.10240000
86.46906617,-181.10240000
86.47007097,-177.16530000
86.47107577,-196.85040000
86.47208057,-177.16530000
86.47308537,-177.16530000
86.47409017,-173.22830000
86.47509497,-177.16530000
86.47609977,-177.16530000
86.47710457,-177.16530000
86.47810937,-185.03940000
86.47911417,-185.03940000
86.48011897,-188.97640000
86.48112377,-185.03940000
86.48212857,-185.03940000
86.48313337,-177.16530000
86.48413817,-177.16530000
86.48514297,-177.16530000
86.48614777,-177.16530000
86.48715257,-173.22830000
86.48815737,-181.10240000
86.48916217,-177.16530000
86.49016697,-177.16530000
86.49117177,-177.16530000
86.49217657,-177.16530000
86.49318137,-185.03940000
86.49418617,-181.10240000
86.49519097,-185.03940000
86.49619577,-181.10240000
86.49720057,-181.10240000
86.49820537,-181.10240000
86.49921017,-185.03940000
86.50021497,-181.10240000
86.50121977,-185.03940000
86.50222457,-185.03940000
86.50322937,-177.16530000
86.50423417,-188.97640000
86.50523897,-185.03940000
86.50624377,-188.97640000
86.50724857,-185.03940000
86.50825337,-181.10240000
86.50925817,-185.03940000
86.51026297,-188.97640000
86.51126777,-185.03940000
86.51227257,-188.97640000
86.51327737,-185.03940000
86.51428217,-185.03940000
86.51528697,-181.10240000
86.51629177,-185.03940000
86.51729657,-181.10240000
86.51830137,-192.91340000
86.51930617,-192.91340000
86.52031097,-196.85040000
86.52131577,-188.97640000
86.52232057,-192.91340000
86.52332537,-188.97640000
86.52433017,-185.03940000
86.52533497,-188.97640000
86.52633977,-185.03940000
86.52734457,-188.97640000
86.52834937,-185.03940000
86.52935417,-185.03940000
86.53035897,-185.03940000
86.53136377,-185.03940000
86.53236857,-188.97640000
86.53337337,-185.03940000
86.53437817,-188.97640000
86.53538297,-188.97640000
86.53638777,-188.97640000
86.53739257,-188.97640000
86.53839737,-188.97640000
86.53940217,-185.03940000
86.54040697,-188.97640000
86.54141177,-188.97640000
86.54241657,-185.03940000
86.54342137,-185.03940000
86.54442617,-188.97640000
86.54543097,-188.97640000
86.54643577,-192.91340000
86.54744057,-188.97640000
86.54844537,-188.97640000
86.54945017,-188.97640000
86.55045497,-185.03940000
86.55145977,-192.91340000
86.55246457,-185.03940000
86.55346937,-188.97640000
86.55447417,-192.91340000
86.55547897,-188.97640000
86.55648377,-185.03940000
86.55748857,-192.91340000
86.55849337,-204.72440000
86.55949817,-192.91340000
86.56050297,-196.85040000
86.56150777,-188.97640000
86.56251257,-188.97640000
86.56351737,-188.97640000
86.56452217,-188.97640000
86.56552697,-185.03940000
86.56653177,-188.97640000
86.56753657,-192.91340000
86.56854137,-185.03940000
86.56954617,-192.91340000
86.57055097,-196.85040000
86.57155577,-192.91340000
86.57256057,-192.91340000
86.57356537,-196.85040000
86.57457017,-185.03940000
86.57557497,-192.91340000
86.57657977,-188.97640000
86.57758457,-192.91340000
86.57858937,-192.91340000
86.57959417,-192.91340000
86.58059897,-192.91340000
86.58160377,-192.91340000
86.58260857,-192.91340000
86.58361337,-196.85040000
86.58461817,-188.97640000
86.58562297,-196.85040000
86.58662777,-192.91340000
86.58763257,-192.91340000
86.58863737,-188.97640000
86.58964217,-192.91340000
86.59064697,-188.97640000
86.59165177,-192.91340000
86.59265657,-192.91340000
86.59366137,-188.97640000
86.59466617,-192.91340000
86.59567097,-196.85040000
86.59667577,-185.03940000
86.59768057,-196.85040000
86.59868537,-196.85040000
86.59969017,-192.91340000
86.60069497,-188.97640000
86.60169977,-188.97640000
86.60270457,-192.91340000
86.60370937,-188.97640000
86.60471417,-188.97640000
86.60571897,-188.97640000
86.60672377,-188.97640000
86.60772857,-188.97640000
86.60873337,-192.91340000
86.60973817,-185.03940000
86.61074297,-188.97640000
86.61174777,-188.97640000
86.61275257,-192.91340000
86.61375737,-188.97640000
86.61476217,-192.91340000
86.61576697,-192.91340000
86.61677177,-185.03940000
86.61777657,-196.85040000
86.61878137,-192.91340000
86.61978617,-192.91340000
86.62079097,-192.91340000
86.62179577,-192.91340000
86.62280057,-196.85040000
86.62380537,-192.91340000
86.62481017,-196.85040000
86.62581497,-196.85040000
86.62681977,-196.85040000
86.62782457,-192.91340000
86.62882937,-192.91340000
86.62983417,-192.91340000
86.63083897,-188.97640000
86.63184377,-192.91340000
86.63284857,-196.85040000
86.63385337,-200.78740000
86.63485817,-204.72440000
86.63586297,-200.78740000
86.63686777,-192.91340000
86.63787257,-196.85040000
86.63887737,-188.97640000
86.63988217,-188.97640000
86.64088697,-196.85040000
86.64189177,-188.97640000
86.64289657,-192.91340000
86.64390137,-192.91340000
86.64490617,-188.97640000
86.64591097,-188.97640000
86.64691577,-192.91340000
86.64792057,-192.91340000
86.64892537,-188.97640000
86.64993017,-196.85040000
86.65093497,-196.85040000
86.65193977,-188.97640000
86.65294457,-192.91340000
86.65394937,-192.91340000
86.65495417,-192.91340000
86.65595897,-188.97640000
86.65696377,-196.85040000
86.65796857,-192.91340000
86.65897337,-192.91340000
86.65997817,-188.97640000
86.66098297,-188.97640000
86.66198777,-192.91340000
86.66299257,-196.85040000
86.66399737,-192.91340000
86.66500217,-192.91340000
86.66600697,-196.85040000
86.66701177,-192.91340000
86.66801656,-188.97640000
86.66902136,-185.03940000
86.67002616,-188.97640000
86.67103096,-196.85040000
86.67203576,-192.91340000
86.67304056,-192.91340000
86.67404536,-188.97640000
86.67505016,-196.85040000
86.67605496,-192.91340000
86.67705976,-192.91340000
86.67806456,-188.97640000
86.67906936,-185.03940000
86.68007416,-185.03940000
86.68107896,-188.97640000
86.68208376,-192.91340000
86.68308856,-192.91340000
86.68409336,-192.91340000
86.68509816,-200.78740000
86.68610296,-200.78740000
86.68710776,-188.97640000
86.68811256,-196.85040000
86.68911736,-196.85040000
86.69012216,-196.85040000
86.69112696,-196.85040000
86.69213176,-200.78740000
86.69313656,-188.97640000
86.69414136,-192.91340000
86.69514616,-192.91340000
86.69615096,-192.91340000
86.69715576,-196.85040000
86.69816056,-192.91340000
86.69916536,-200.78740000
86.70017016,-196.85040000
86.70117496,-196.85040000
86.70217976,-192.91340000
86.70318456,-192.91340000
86.70418936,-188.97640000
86.70519416,-196.85040000
86.70619896,-196.85040000
86.70720376,-196.85040000
86.70820856,-192.91340000
86.70921336,-192.91340000
86.71021816,-192.91340000
86.71122296,-192.91340000
86.71222776,-192.91340000
86.71323256,-196.85040000
86.71423736,-200.78740000
86.71524216,-200.78740000
86.71624696,-196.85040000
86.71725176,-196.85040000
86.71825656,-188.97640000
86.71926136,-185.03940000
86.72026616,-188.97640000
86.72127096,-192.91340000
86.72227576,-192.91340000
86.72328056,-192.91340000
86.72428536,-188.97640000
86.72529016,-192.91340000
86.72629496,-185.03940000
86.72729976,-196.85040000
86.72830456,-196.85040000
86.72930936,-185.03940000
86.73031416,-192.91340000
86.73131896,-196.85040000
86.73232376,-188.97640000
86.73332856,-192.91340000
86.73433336,-192.91340000
86.73533816,-196.85040000
86.73634296,-196.85040000
86.73734776,-196.85040000
86.73835256,-192.91340000
86.73935736,-188.97640000
86.74036216,-196.85040000
86.74136696,-192.91340000
86.74237176,-192.91340000
86.74337656,-192.91340000
86.74438136,-192.91340000
86.74538616,-192.91340000
86.74639096,-192.91340000
86.74739576,-196.85040000
86.74840056,-196.85040000
86.74940536,-196.85040000
86.75041016,-192.91340000
86.75141496,-188.97640000
86.75241976,-188.97640000
86.75342456,-196.85040000
86.75442936,-188.97640000
86.75543416,-192.91340000
86.75643896,-196.85040000
86.75744376,-192.91340000
86.75844856,-188.97640000
86.75945336,-192.91340000
86.76045816,-185.03940000
86.76146296,-188.97640000
86.76246776,-188.97640000
86.76347256,-192.91340000
86.76447736,-192.91340000
86.76548216,-192.91340000
86.76648696,-188.97640000
86.76749176,-185.03940000
86.76849656,-192.91340000
86.76950136,-188.97640000
86.77050616,-188.97640000
86.77151096,-192.91340000
86.77251576,-188.97640000
86.77352056,-188.97640000
86.77452536,-192.91340000
86.77553016,-192.91340000
86.77653496,-196.85040000
86.77753976,-188.97640000
86.77854456,-188.97640000
86.77954936,-196.85040000
86.78055416,-192.91340000
86.78155896,-196.85040000
86.78256376,-173.22830000
86.78356856,-188.97640000
86.78457336,-188.97640000
86.78557816,-192.91340000
86.78658296,-185.03940000
86.78758776,-192.91340000
86.78859256,-196.85040000
86.78959736,-185.03940000
86.79060216,-188.97640000
86.79160696,-188.97640000
86.79261176,-204.72440000
86.79361656,-188.97640000
86.79462136,-188.97640000
86.79562616,-188.97640000
86.79663096,-188.97640000
86.79763576,-192.91340000
86.79864056,-188.97640000
86.79964536,-181.10240000
86.80065016,-185.03940000
86.80165496,-192.91340000
86.80265976,-185.03940000
86.80366456,-188.97640000
86.80466936,-188.97640000
86.80567416,-185.03940000
86.80667896,-185.03940000
86.80768376,-188.97640000
86.80868856,-188.97640000
86.80969336,-188.97640000
86.81069816,-192.91340000
86.81170296,-188.97640000
86.81270776,-196.85040000
86.81371256,-192.91340000
86.81471736,-192.91340000
86.81572216,-192.91340000
86.81672696,-192.91340000
86.81773176,-188.97640000
86.81873656,-188.97640000
86.81974136,-188.97640000
86.82074616,-196.85040000
86.82175096,-188.97640000
86.82275576,-188.97640000
86.82376056,-192.91340000
86.82476536,-192.91340000
86.82577016,-192.91340000
86.82677496,-192.91340000
86.82777976,-188.97640000
86.82878456,-192.91340000
86.82978936,-192.91340000
86.83079416,-200.78740000
86.83179896,-200.78740000
86.83280376,-188.97640000
86.83380856,-192.91340000
86.83481336,-196.85040000
86.83581816,-192.91340000
86.83682296,-192.91340000
86.83782776,-188.97640000
86.83883256,-192.91340000
86.83983736,-188.97640000
86.84084216,-185.03940000
86.84184696,-188.97640000
86.84285176,-185.03940000
86.84385656,-192.91340000
86.84486136,-188.97640000
86.84586616,-192.91340000
86.84687096,-196.85040000
86.84787576,-192.91340000
86.84888056,-188.97640000
86.84988536,-192.91340000
86.85089016,-188.97640000
86.85189496,-192.91340000
86.85289976,-188.97640000
86.85390456,-188.97640000
86.85490936,-188.97640000
86.85591416,-192.91340000
86.85691896,-188.97640000
86.85792376,-192.91340000
86.85892856,-188.97640000
86.85993336,-188.97640000
86.86093816,-196.85040000
86.86194296,-188.97640000
86.86294776,-188.97640000
86.86395256,-192.91340000
86.86495736,-188.97640000
86.86596216,-188.97640000
86.86696696,-185.03940000
86.86797176,-188.97640000
86.86897656,-188.97640000
86.86998136,-181.10240000
86.87098616,-188.97640000
86.87199096,-192.91340000
86.87299576,-185.03940000
86.87400056,-188.97640000
86.87500536,-185.03940000
86.87601016,-188.97640000
86.87701496,-200.78740000
86.87801976,-188.97640000
86.87902456,-188.97640000
86.88002936,-173.22830000
86.88103416,-185.03940000
86.88203896,-185.03940000
86.88304376,-177.16530000
86.88404856,-185.03940000
86.88505336,-188.97640000
86.88605816,-188.97640000
86.88706296,-185.03940000
86.88806776,-192.91340000
86.88907256,-185.03940000
86.89007736,-185.03940000
86.89108216,-185.03940000
86.89208696,-188.97640000
86.89309176,-188.97640000
86.89409656,-188.97640000
86.89510136,-185.03940000
86.89610616,-192.91340000
86.89711096,-188.97640000
86.89811576,-185.03940000
86.89912056,-181.10240000
86.90012536,-188.97640000
86.90113016,-188.97640000
86.90213496,-185.03940000
86.90313976,-188.97640000
86.90414456,-185.03940000
86.90514936,-185.03940000
86.90615416,-181.10240000
86.90715896,-181.10240000
86.90816376,-185.03940000
86.90916856,-177.16530000
86.91017336,-192.91340000
86.91117816,-181.10240000
86.91218296,-188.97640000
86.91318776,-181.10240000
86.91419256,-185.03940000
86.91519736,-181.10240000
86.91620216,-181.10240000
86.91720696,-185.03940000
86.91821176,-177.16530000
86.91921656,-185.03940000
86.92022136,-177.16530000
86.92122616,-181.10240000
86.92223096,-181.10240000
86.92323576,-177.16530000
86.92424056,-177.16530000
86.92524536,-181.10240000
86.92625016,-185.03940000
86.92725496,-185.03940000
86.92825976,-185.03940000
86.92926456,-177.16530000
86.93026936,-181.10240000
86.93127416,-185.03940000
86.93227896,-181.10240000
86.93328376,-181.10240000
86.93428856,-181.10240000
86.93529336,-177.16530000
86.93629816,-181.10240000
86.93730296,-185.03940000
86.93830776,-181.10240000
86.93931256,-185.03940000
86.94031736,-181.10240000
86.94132216,-181.10240000
86.94232696,-181.10240000
86.94333176,-185.03940000
86.94433656,-185.03940000
86.94534136,-185.03940000
86.94634616,-173.22830000
86.94735096,-181.10240000
86.94835576,-177.16530000
86.94936056,-196.85040000
86.95036536,-188.97640000
86.95137016,-185.03940000
86.95237496,-185.03940000
86.95337976,-177.16530000
86.95438456,-181.10240000
86.95538936,-185.03940000
86.95639416,-177.16530000
86.95739896,-181.10240000
86.95840376,-177.16530000
86.95940856,-185.03940000
86.96041336,-177.16530000
86.96141816,-177.16530000
86.96242296,-181.10240000
86.96342776,-181.10240000
86.96443256,-185.03940000
86.96543736,-185.03940000
86.96644216,-185.03940000
86.96744696,-181.10240000
86.96845176,-181.10240000
86.96945656,-181.10240000
86.97046136,-185.03940000
86.97146616,-185.03940000
86.97247096,-188.97640000
86.97347576,-177.16530000
86.97448056,-188.97640000
86.97548536,-188.97640000
86.97649016,-185.03940000
86.97749496,-181.10240000
86.97849976,-188.97640000
86.97950456,-185.03940000
86.98050936,-185.03940000
86.98151416,-185.03940000
86.98251896,-185.03940000
86.98352376,-185.03940000
86.98452856,-177.16530000
86.98553336,-181.10240000
86.98653816,-181.10240000
86.98754296,-177.16530000
86.98854776,-185.03940000
86.98955256,-181.10240000
86.99055736,-192.91340000
86.99156216,-188.97640000
86.99256696,-181.10240000
86.99357176,-185.03940000
86.99457656,-177.16530000
86.99558136,-181.10240000
86.99658616,-185.03940000
86.99759095,-177.16530000
86.99859575,-181.10240000
86.99960055,-177.16530000
87.00060535,-188.97640000
87.00161015,-177.16530000
87.00261495,-188.97640000
87.00361975,-177.16530000
87.00462455,-185.03940000
87.00562935,-181.10240000
87.00663415,-185.03940000
87.00763895,-188.97640000
87.00864375,-185.03940000
87.00964855,-188.97640000
87.01065335,-185.03940000
87.01165815,-185.03940000
87.01266295,-185.03940000
87.01366775,-185.03940000
87.01467255,-185.03940000
87.01567735,-188.97640000
87.01668215,-188.97640000
87.01768695,-185.03940000
87.01869175,-192.91340000
87.01969655,-185.03940000
87.02070135,-185.03940000
87.02170615,-181.10240000
87.02271095,-185.03940000
87.02371575,-192.91340000
87.02472055,-188.97640000
87.02572535,-188.97640000
87.02673015,-185.03940000
87.02773495,-185.03940000
87.02873975,-192.91340000
87.02974455,-188.97640000
87.03074935,-188.97640000
87.03175415,-188.97640000
87.03275895,-181.10240000
87.03376375,-181.10240000
87.03476855,-185.03940000
87.03577335,-177.16530000
87.03677815,-185.03940000
87.03778295,-181.10240000
87.03878775,-181.10240000
87.03979255,-185.03940000
87.04079735,-185.03940000
87.04180215,-188.97640000
87.04280695,-185.03940000
87.04381175,-188.97640000
87.04481655,-181.10240000
87.04582135,-188.97640000
87.04682615,-185.03940000
87.04783095,-185.03940000
87.04883575,-181.10240000
87.04984055,-188.97640000
87.05084535,-185.03940000
87.05185015,-185.03940000
87.05285495,-185.03940000
87.05385975,-181.10240000
87.05486455,-185.03940000
87.05586935,-185.03940000
87.05687415,-185.03940000
87.05787895,-185.03940000
87.05888375,-185.03940000
87.05988855,-181.10240000
87.06089335,-181.10240000
87.06189815,-181.10240000
87.06290295,-188.97640000
87.06390775,-177.16530000
87.06491255,-185.03940000
87.06591735,-185.03940000
87.06692215,-185.03940000
87.06792695,-185.03940000
87.06893175,-188.97640000
87.06993655,-185.03940000
87.07094135,-185.03940000
87.07194615,-188.97640000
87.07295095,-185.03940000
87.07395575,-185.03940000
87.07496055,-181.10240000
87.07596535,-181.10240000
87.07697015,-188.97640000
87.07797495,-185.03940000
87.07897975,-181.10240000
87.07998455,-185.03940000
87.08098935,-181.10240000
87.08199415,-185.03940000
87.08299895,-185.03940000
87.08400375,-185.03940000
87.08500855,-185.03940000
87.08601335,-181.10240000
87.08701815,-185.03940000
87.08802295,-185.03940000
87.08902775,-188.97640000
87.09003255,-188.97640000
87.09103735,-181.10240000
87.09204215,-181.10240000
87.09304695,-185.03940000
87.09405175,-185.03940000
87.09505655,-177.16530000
87.09606135,-185.03940000
87.09706615,-177.16530000
87.09807095,-177.16530000
87.09907575,-177.16530000
87.10008055,-185.03940000
87.10108535,-177.16530000
87.10209015,-181.10240000
87.10309495,-181.10240000
87.10409975,-185.03940000
87.10510455,-181.10240000
87.10610935,-192.91340000
87.10711415,-192.91340000
87.10811895,-181.10240000
87.10912375,-181.10240000
87.11012855,-181.10240000
87.11113335,-181.10240000
87.11213815,-177.16530000
87.11314295,-177.16530000
87.11414775,-181.10240000
87.11515255,-177.16530000
87.11615735,-177.16530000
87.11716215,-181.10240000
87.11816695,-181.10240000
87.11917175,-177.16530000
87.12017655,-177.16530000
87.12118135,-177.16530000
87.12218615,-177.16530000
87.12319095,-177.16530000
87.12419575,-177.16530000
87.12520055,-181.10240000
87.12620535,-177.16530000
87.12721015,-177.16530000
87.12821495,-181.10240000
87.12921975,-177.16530000
87.13022455,-181.10240000
87.13122935,-181.10240000
87.13223415,-181.10240000
87.13323895,-181.10240000
87.13424375,-177.16530000
87.13524855,-177.16530000
87.13625335,-173.22830000
87.13725815,-177.16530000
87.13826295,-181.10240000
87.13926775,-181.10240000
87.14027255,-177.16530000
87.14127735,-181.10240000
87.14228215,-181.10240000
87.14328695,-177.16530000
87.14429175,-177.16530000
87.14529655,-177.16530000
87.14630135,-165.35430000
87.14730615,-188.97640000
87.14831095,-173.22830000
87.14931575,-181.10240000
87.15032055,-173.22830000
87.15132535,-181.10240000
87.15233015,-177.16530000
87.15333495,-173.22830000
87.15433975,-177.16530000
87.15534455,-177.16530000
87.15634935,-181.10240000
87.15735415,-177.16530000
87.15835895,-177.16530000
87.15936375,-177.16530000
87.16036855,-177.16530000
87.16137335,-173.22830000
87.16237815,-173.22830000
87.16338295,-177.16530000
87.16438775,-173.22830000
87.16539255,-177.16530000
87.16639735,-173.22830000
87.16740215,-173.22830000
87.16840695,-181.10240000
87.16941175,-181.10240000
87.17041655,-177.16530000
87.17142135,-181.10240000
87.17242615,-173.22830000
87.17343095,-177.16530000
87.17443575,-181.10240000
87.17544055,-177.16530000
87.17644535,-177.16530000
87.17745015,-177.16530000
87.17845495,-177.16530000
87.17945975,-181.10240000
87.18046455,-177.16530000
87.18146935,-181.10240000
87.18247415,-177.16530000
87.18347895,-177.16530000
87.18448375,-181.10240000
87.18548855,-188.97640000
87.18649335,-185.03940000
87.18749815,-185.03940000
87.18850295,-188.97640000
87.18950775,-185.03940000
87.19051255,-181.10240000
87.19151735,-181.10240000
87.19252215,-177.16530000
87.19352695,-173.22830000
87.19453175,-181.10240000
87.19553655,-173.22830000
87.19654135,-177.16530000
87.19754615,-173.22830000
87.19855095,-177.16530000
87.19955575,-177.16530000
87.20056055,-177.16530000
87.20156535,-177.16530000
87.20257015,-181.10240000
87.20357495,-181.10240000
87.20457975,-181.10240000
87.20558455,-177.16530000
87.20658935,-181.10240000
87.20759415,-181.10240000
87.20859895,-181.10240000
87.20960375,-181.10240000
87.21060855,-181.10240000
87.21161335,-181.10240000
87.21261815,-181.10240000
87.21362295,-177.16530000
87.21462775,-181.10240000
87.21563255,-181.10240000
87.21663735,-181.10240000
87.21764215,-181.10240000
87.21864695,-188.97640000
87.21965175,-185.03940000
87.22065655,-185.03940000
87.22166135,-169.29130000
87.22266615,-177.16530000
87.22367095,-177.16530000
87.22467575,-173.22830000
87.22568055,-177.16530000
87.22668535,-181.10240000
87.22769015,-181.10240000
87.22869495,-185.03940000
87.22969975,-177.16530000
87.23070455,-181.10240000
87.23170935,-181.10240000
87.23271415,-177.16530000
87.23371895,-177.16530000
87.23472375,-181.10240000
87.23572855,-173.22830000
87.23673335,-177.16530000
87.23773815,-173.22830000
87.23874295,-177.16530000
87.23974775,-173.22830000
87.24075255,-173.22830000
87.24175735,-181.10240000
87.24276215,-173.22830000
87.24376695,-177.16530000
87.24477175,-177.16530000
87.24577655,-173.22830000
87.24678135,-177.16530000
87.24778615,-177.16530000
87.24879095,-173.22830000
87.24979575,-173.22830000
87.25080055,-177.16530000
87.25180535,-177.16530000
87.25281015,-177.16530000
87.25381495,-177.16530000
87.25481975,-173.22830000
87.25582455,-173.22830000
87.25682935,-177.16530000
87.25783415,-173.22830000
87.25883895,-177.16530000
87.25984375,-173.22830000
87.26084855,-177.16530000
87.26185335,-169.29130000
87.26285815,-181.10240000
87.26386295,-177.16530000
87.26486775,-173.22830000
87.26587255,-173.22830000
87.26687735,-173.22830000
87.26788215,-173.22830000
87.26888695,-173.22830000
87.26989175,-169.29130000
87.27089655,-169.29130000
87.27190135,-169.29130000
87.27290615,-169.29130000
87.27391095,-161.41730000
87.27491575,-165.35430000
87.27592055,-169.29130000
87.27692535,-165.35430000
87.27793015,-169.29130000
87.27893495,-165.35430000
87.27993975,-165.35430000
87.28094455,-161.41730000
87.28194935,-165.35430000
87.28295415,-173.22830000
87.28395895,-173.22830000
87.28496375,-169.29130000
87.28596855,-149.60630000
87.28697335,-157.48030000
87.28797815,-157.48030000
87.28898295,-157.48030000
87.28998775,-161.41730000
87.29099255,-161.41730000
87.29199735,-165.35430000
87.29300215,-157.48030000
87.29400695,-161.41730000
87.29501175,-161.41730000
87.29601655,-157.48030000
87.29702135,-161.41730000
87.29802615,-153.54330000
87.29903095,-157.48030000
87.30003575,-161.41730000
87.30104055,-153.54330000
87.30204535,-173.22830000
87.30305015,-161.41730000
87.30405495,-157.48030000
87.30505975,-161.41730000
87.30606455,-161.41730000
87.30706935,-157.48030000
87.30807415,-157.48030000
87.30907895,-153.54330000
87.31008375,-157.48030000
87.31108855,-157.48030000
87.31209335,-157.48030000
87.31309815,-149.60630000
87.31410295,-153.54330000
87.31510775,-157.48030000
87.31611255,-157.48030000
87.31711735,-157.48030000
87.31812215,-161.41730000
87.31912695,-157.48030000
87.32013175,-153.54330000
87.32113655,-153.54330000
87.32214135,-153.54330000
87.32314615,-153.54330000
87.32415095,-153.54330000
87.32515575,-157.48030000
87.32616054,-157.48030000
87.32716534,-153.54330000
87.32817014,-153.54330000
87.32917494,-153.54330000
87.33017974,-157.48030000
87.33118454,-153.54330000
87.33218934,-157.48030000
87.33319414,-157.48030000
87.33419894,-161.41730000
87.33520374,-153.54330000
87.33620854,-157.48030000
87.33721334,-157.48030000
87.33821814,-157.48030000
87.33922294,-153.54330000
87.34022774,-149.60630000
87.34123254,-149.60630000
87.34223734,-157.48030000
87.34324214,-165.35430000
87.34424694,-161.41730000
87.34525174,-157.48030000
87.34625654,-157.48030000
87.34726134,-149.60630000
87.34826614,-157.48030000
87.34927094,-161.41730000
87.35027574,-157.48030000
87.35128054,-149.60630000
87.35228534,-149.60630000
87.35329014,-153.54330000
87.35429494,-149.60630000
87.35529974,-153.54330000
87.35630454,-161.41730000
87.35730934,-145.66930000
87.35831414,-157.48030000
87.35931894,-149.60630000
87.36032374,-153.54330000
87.36132854,-153.54330000
87.36233334,-149.60630000
87.36333814,-153.54330000
87.36434294,-157.48030000
87.36534774,-161.41730000
87.36635254,-157.48030000
87.36735734,-153.54330000
87.36836214,-153.54330000
87.36936694,-157.48030000
87.37037174,-157.48030000
87.37137654,-153.54330000
87.37238134,-153.54330000
87.37338614,-153.54330000
87.37439094,-153.54330000
87.37539574,-157.48030000
87.37640054,-157.48030000
87.37740534,-153.54330000
87.37841014,-153.54330000
87.37941494,-153.54330000
87.38041974,-161.41730000
87.38142454,-169.29130000
87.38242934,-157.48030000
87.38343414,-145.66930000
87.38443894,-161.41730000
87.38544374,-157.48030000
87.38644854,-161.41730000
87.38745334,-157.48030000
87.38845814,-157.48030000
87.38946294,-149.60630000
87.39046774,-157.48030000
87.39147254,-153.54330000
87.39247734,-157.48030000
87.39348214,-157.48030000
87.39448694,-157.48030000
87.39549174,-157.48030000
87.39649654,-157.48030000
87.39750134,-157.48030000
87.39850614,-153.54330000
87.39951094,-157.48030000
87.40051574,-157.48030000
87.40152054,-161.41730000
87.40252534,-161.41730000
87.40353014,-161.41730000
87.40453494,-157.48030000
87.40553974,-153.54330000
87.40654454,-161.41730000
87.40754934,-161.41730000
87.40855414,-153.54330000
87.40955894,-161.41730000
87.41056374,-157.48030000
87.41156854,-153.54330000
87.41257334,-161.41730000
87.41357814,-161.41730000
87.41458294,-161.41730000
87.41558774,-157.48030000
87.41659254,-149.60630000
87.41759734,-153.54330000
87.41860214,-153.54330000
87.41960694,-161.41730000
87.42061174,-161.41730000
87.42161654,-161.41730000
87.42262134,-161.41730000
87.42362614,-153.54330000
87.42463094,-149.60630000
87.42563574,-157.48030000
87.42664054,-149.60630000
87.42764534,-157.48030000
87.42865014,-149.60630000
87.42965494,-161.41730000
87.43065974,-157.48030000
87.43166454,-157.48030000
87.43266934,-153.54330000
87.43367414,-153.54330000
87.43467894,-157.48030000
87.43568374,-149.60630000
87.43668854,-153.54330000
87.43769334,-153.54330000
87.43869814,-153.54330000
87.43970294,-149.60630000
87.44070774,-157.48030000
87.44171254,-157.48030000
87.44271734,-153.54330000
87.44372214,-153.54330000
87.44472694,-153.54330000
87.44573174,-153.54330000
87.44673654,-157.48030000
87.44774134,-161.41730000
87.44874614,-149.60630000
87.44975094,-153.54330000
87.45075574,-157.48030000
87.45176054,-149.60630000
87.45276534,-153.54330000
87.45377014,-149.60630000
87.45477494,-153.54330000
87.45577974,-153.54330000
87.45678454,-145.66930000
87.45778934,-145.66930000
87.45879414,-153.54330000
87.45979894,-153.54330000
87.46080374,-153.54330000
87.46180854,-153.54330000
87.46281334,-149.60630000
87.46381814,-157.48030000
87.46482294,-145.66930000
87.46582774,-141.73230000
87.46683254,-153.54330000
87.46783734,-149.60630000
87.46884214,-145.66930000
87.46984694,-149.60630000
87.47085174,-157.48030000
87.47185654,-145.66930000
87.47286134,-153.54330000
87.47386614,-145.66930000
87.47487094,-149.60630000
87.47587574,-145.66930000
87.47688054,-145.66930000
87.47788534,-157.48030000
87.47889014,-153.54330000
87.47989494,-157.48030000
87.48089974,-137.79530000
87.48190454,-149.60630000
87.48290934,-149.60630000
87.48391414,-145.66930000
87.48491894,-149.60630000
87.48592374,-149.60630000
87.48692854,-149.60630000
87.48793334,-149.60630000
87.48893814,-145.66930000
87.48994294,-145.66930000
87.49094774,-149.60630000
87.49195254,-145.66930000
87.49295734,-141.73230000
87.49396214,-145.66930000
87.49496694,-153.54330000
87.49597174,-145.66930000
87.49697654,-157.48030000
87.49798134,-149.60630000
87.49898614,-145.66930000
87.49999094,-149.60630000
87.50099574,-145.66930000
87.50200054,-145.66930000
87.50300534,-141.73230000
87.50401014,-145.66930000
87.50501494,-141.73230000
87.50601974,-141.73230000
87.50702454,-145.66930000
87.50802934,-145.66930000
87.50903414,-141.73230000
87.51003894,-145.66930000
87.51104374,-153.54330000
87.51204854,-149.60630000
87.51305334,-149.60630000
87.51405814,-149.60630000
87.51506294,-141.73230000
87.51606774,-145.66930000
87.51707254,-145.66930000
87.51807734,-145.66930000
87.51908214,-137.79530000
87.52008694,-145.66930000
87.52109174,-145.66930000
87.52209654,-145.66930000
87.52310134,-145.66930000
87.52410614,-137.79530000
87.52511094,-145.66930000
87.52611574,-145.66930000
87.52712054,-153.54330000
87.52812534,-149.60630000
87.52913014,-145.66930000
87.53013494,-141.73230000
87.53113974,-145.66930000
87.53214454,-145.66930000
87.53314934,-149.60630000
87.53415414,-145.66930000
87.53515894,-145.66930000
87.53616374,-149.60630000
87.53716854,-153.54330000
87.53817334,-145.66930000
87.53917814,-149.60630000
87.54018294,-153.54330000
87.54118774,-149.60630000
87.54219254,-141.73230000
87.54319734,-145.66930000
87.54420214,-141.73230000
87.54520694,-149.60630000
87.54621174,-141.73230000
87.54721654,-145.66930000
87.54822134,-141.73230000
87.54922614,-145.66930000
87.55023094,-145.66930000
87.55123574,-141.73230000
87.55224054,-149.60630000
87.55324534,-149.60630000
87.55425014,-149.60630000
87.55525494,-141.73230000
87.55625974,-145.66930000
87.55726454,-141.73230000
87.55826934,-149.60630000
87.55927414,-153.54330000
87.56027894,-149.60630000
87.56128374,-149.60630000
87.56228854,-149.60630000
87.56329334,-149.60630000
87.56429814,-153.54330000
87.56530294,-149.60630000
87.56630774,-149.60630000
87.56731254,-145.66930000
87.56831734,-149.60630000
87.56932214,-149.60630000
87.57032694,-141.73230000
87.57133174,-153.54330000
87.57233654,-153.54330000
87.57334134,-149.60630000
87.57434614,-149.60630000
87.57535094,-165.35430000
87.57635574,-157.48030000
87.57736054,-157.48030000
87.57836534,-153.54330000
87.57937014,-149.60630000
87.58037494,-153.54330000
87.58137974,-157.48030000
87.58238454,-149.60630000
87.58338934,-153.54330000
87.58439414,-149.60630000
87.58539894,-145.66930000
87.58640374,-153.54330000
87.58740854,-153.54330000
87.58841334,-153.54330000
87.58941814,-145.66930000
87.59042294,-149.60630000
87.59142774,-149.60630000
87.59243254,-157.48030000
87.59343734,-153.54330000
87.59444214,-153.54330000
87.59544694,-145.66930000
87.59645174,-153.54330000
87.59745654,-153.54330000
87.59846134,-153.54330000
87.59946614,-153.54330000
87.60047094,-149.60630000
87.60147574,-153.54330000
87.60248054,-153.54330000
87.60348534,-149.60630000
87.60449014,-145.66930000
87.60549494,-149.60630000
87.60649974,-149.60630000
87.60750454,-145.66930000
87.60850934,-157.48030000
87.60951414,-153.54330000
87.61051894,-149.60630000
87.61152374,-157.48030000
87.61252854,-149.60630000
87.61353334,-157.48030000
87.61453814,-161.41730000
87.61554294,-149.60630000
87.61654774,-157.48030000
87.61755254,-149.60630000
87.61855734,-145.66930000
87.61956214,-145.66930000
87.62056694,-141.73230000
87.62157174,-141.73230000
87.62257654,-145.66930000
87.62358134,-149.60630000
87.62458614,-149.60630000
87.62559094,-145.66930000
87.62659574,-153.54330000
87.62760054,-145.66930000
87.62860534,-149.60630000
87.62961014,-149.60630000
87.63061494,-149.60630000
87.63161974,-149.60630000
87.63262454,-149.60630000
87.63362934,-145.66930000
87.63463414,-149.60630000
87.63563894,-145.66930000
87.63664374,-153.54330000
87.63764854,-141.73230000
87.63865334,-149.60630000
87.63965814,-149.60630000
87.64066294,-153.54330000
87.64166774,-149.60630000
87.64267254,-153.54330000
87.64367734,-149.60630000
87.64468214,-149.60630000
87.64568694,-149.60630000
87.64669174,-149.60630000
87.64769654,-149.60630000
87.64870134,-149.60630000
87.64970614,-153.54330000
87.65071094,-145.66930000
87.65171574,-145.66930000
87.65272054,-133.85830000
87.65372534,-153.54330000
87.65473014,-153.54330000
87.65573493,-149.60630000
87.65673973,-149.60630000
87.65774453,-133.85830000
87.65874933,-149.60630000
87.65975413,-145.66930000
87.66075893,-141.73230000
87.66176373,-141.73230000
87.66276853,-141.73230000
87.66377333,-145.66930000
87.66477813,-141.73230000
87.66578293,-149.60630000
87.66678773,-145.66930000
87.66779253,-145.66930000
87.66879733,-141.73230000
87.66980213,-145.66930000
87.67080693,-145.66930000
87.67181173,-145.66930000
87.67281653,-149.60630000
87.67382133,-145.66930000
87.67482613,-149.60630000
87.67583093,-145.66930000
87.67683573,-145.66930000
87.67784053,-149.60630000
87.67884533,-149.60630000
87.67985013,-149.60630000
87.68085493,-145.66930000
87.68185973,-145.66930000
87.68286453,-145.66930000
87.68386933,-145.66930000
87.68487413,-149.60630000
87.68587893,-149.60630000
87.68688373,-145.66930000
87.68788853,-149.60630000
87.68889333,-149.60630000
87.68989813,-153.54330000
87.69090293,-153.54330000
87.69190773,-149.60630000
87.69291253,-149.60630000
87.69391733,-145.66930000
87.69492213,-149.60630000
87.69592693,-149.60630000
87.69693173,-149.60630000
87.69793653,-149.60630000
87.69894133,-149.60630000
87.69994613,-145.66930000
87.70095093,-145.66930000
87.70195573,-141.73230000
87.70296053,-145.66930000
87.70396533,-149.60630000
87.70497013,-145.66930000
87.70597493,-149.60630000
87.70697973,-149.60630000
87.70798453,-149.60630000
87.70898933,-145.66930000
87.70999413,-153.54330000
87.71099893,-145.66930000
87.71200373,-149.60630000
87.71300853,-145.66930000
87.71401333,-145.66930000
87.71501813,-149.60630000
87.71602293,-145.66930000
87.71702773,-153.54330000
87.71803253,-145.66930000
87.71903733,-141.73230000
87.72004213,-145.66930000
87.72104693,-149.60630000
87.72205173,-149.60630000
87.72305653,-153.54330000
87.72406133,-149.60630000
87.72506613,-141.73230000
87.72607093,-145.66930000
87.72707573,-145.66930000
87.72808053,-145.66930000
87.72908533,-145.66930000
87.73009013,-161.41730000
87.73109493,-157.48030000
87.73209973,-149.60630000
87.73310453,-149.60630000
87.73410933,-145.66930000
87.73511413,-153.54330000
87.73611893,-149.60630000
87.73712373,-149.60630000
87.73812853,-149.60630000
87.73913333,-153.54330000
87.74013813,-145.66930000
87.74114293,-145.66930000
87.74214773,-145.66930000
87.74315253,-153.54330000
87.74415733,-145.66930000
87.74516213,-149.60630000
87.74616693,-149.60630000
87.74717173,-157.48030000
87.74817653,-149.60630000
87.74918133,-149.60630000
87.75018613,-149.60630000
87.75119093,-145.66930000
87.75219573,-149.60630000
87.75320053,-145.66930000
87.75420533,-149.60630000
87.75521013,-153.54330000
87.75621493,-149.60630000
87.75721973,-149.60630000
87.75822453,-145.66930000
87.75922933,-153.54330000
87.76023413,-141.73230000
87.76123893,-149.60630000
87.76224373,-149.60630000
87.76324853,-149.60630000
87.76425333,-153.54330000
87.76525813,-145.66930000
87.76626293,-149.60630000
87.76726773,-149.60630000
87.76827253,-149.60630000
87.76927733,-145.66930000
87.77028213,-157.48030000
87.77128693,-157.48030000
87.77229173,-157.48030000
87.77329653,-153.54330000
87.77430133,-149.60630000
87.77530613,-145.66930000
87.77631093,-149.60630000
87.77731573,-153.54330000
87.77832053,-145.66930000
87.77932533,-145.66930000
87.78033013,-145.66930000
87.78133493,-149.60630000
87.78233973,-153.54330000
87.78334453,-149.60630000
87.78434933,-149.60630000
87.78535413,-145.66930000
87.78635893,-157.48030000
87.78736373,-153.54330000
87.78836853,-157.48030000
87.78937333,-145.66930000
87.79037813,-145.66930000
87.79138293,-145.66930000
87.79238773,-149.60630000
87.79339253,-149.60630000
87.79439733,-145.66930000
87.79540213,-145.66930000
87.79640693,-145.66930000
87.79741173,-149.60630000
87.79841653,-145.66930000
87.79942133,-145.66930000
87.80042613,-149.60630000
87.80143093,-149.60630000
87.80243573,-145.66930000
87.80344053,-157.48030000
87.80444533,-153.54330000
87.80545013,-149.60630000
87.80645493,-153.54330000
87.80745973,-149.60630000
87.80846453,-157.48030000
87.80946933,-157.48030000
87.81047413,-153.54330000
87.81147893,-149.60630000
87.81248373,-153.54330000
87.81348853,-141.73230000
87.81449333,-145.66930000
87.81549813,-149.60630000
87.81650293,-149.60630000
87.81750773,-149.60630000
87.81851253,-149.60630000
87.81951733,-149.60630000
87.82052213,-149.60630000
87.82152693,-153.54330000
87.82253173,-145.66930000
87.82353653,-145.66930000
87.82454133,-153.54330000
87.82554613,-145.66930000
87.82655093,-149.60630000
87.82755573,-149.60630000
87.82856053,-149.60630000
87.82956533,-149.60630000
87.83057013,-149.60630000
87.83157493,-149.60630000
87.83257973,-145.66930000
87.83358453,-141.73230000
87.83458933,-153.54330000
87.83559413,-149.60630000
87.83659893,-145.66930000
87.83760373,-149.60630000
87.83860853,-145.66930000
87.83961333,-149.60630000
87.84061813,-149.60630000
87.84162293,-149.60630000
87.84262773,-149.60630000
87.84363253,-149.60630000
87.84463733,-153.54330000
87.84564213,-153.54330000
87.84664693,-157.48030000
87.84765173,-153.54330000
87.84865653,-153.54330000
87.84966133,-149.60630000
87.85066613,-153.54330000
87.85167093,-153.54330000
87.85267573,-153.54330000
87.85368053,-149.60630000
87.85468533,-141.73230000
87.85569013,-145.66930000
87.85669493,-149.60630000
87.85769973,-145.66930000
87.85870453,-153.54330000
87.85970933,-149.60630000
87.86071413,-149.60630000
87.86171893,-145.66930000
87.86272373,-157.48030000
87.86372853,-145.66930000
87.86473333,-149.60630000
87.86573813,-145.66930000
87.86674293,-145.66930000
87.86774773,-153.54330000
87.86875253,-153.54330000
87.86975733,-153.54330000
87.87076213,-153.54330000
87.87176693,-145.66930000
87.87277173,-145.66930000
87.87377653,-141.73230000
87.87478133,-145.66930000
87.87578613,-149.60630000
87.87679093,-145.66930000
87.87779573,-141.73230000
87.87880053,-145.66930000
87.87980533,-145.66930000
87.88081013,-153.54330000
87.88181493,-149.60630000
87.88281973,-153.54330000
87.88382453,-157.48030000
87.88482933,-149.60630000
87.88583413,-157.48030000
87.88683893,-141.73230000
87.88784373,-149.60630000
87.88884853,-153.54330000
87.88985333,-153.54330000
87.89085813,-153.54330000
87.89186293,-149.60630000
87.89286773,-149.60630000
87.89387253,-145.66930000
87.89487733,-153.54330000
87.89588213,-145.66930000
87.89688693,-145.66930000
87.89789173,-149.60630000
87.89889653,-149.60630000
87.89990133,-145.66930000
87.90090613,-153.54330000
87.90191093,-145.66930000
87.90291573,-157.48030000
87.90392053,-141.73230000
87.90492533,-149.60630000
87.90593013,-141.73230000
87.90693493,-149.60630000
87.90793973,-145.66930000
87.90894453,-145.66930000
87.90994933,-149.60630000
87.91095413,-149.60630000
87.91195893,-149.60630000
87.91296373,-145.66930000
87.91396853,-145.66930000
87.91497333,-141.73230000
87.91597813,-149.60630000
87.91698293,-149.60630000
87.91798773,-145.66930000
87.91899253,-153.54330000
87.91999733,-141.73230000
87.92100213,-149.60630000
87.92200693,-145.66930000
87.92301173,-149.60630000
87.92401653,-145.66930000
87.92502133,-149.60630000
87.92602613,-161.41730000
87.92703093,-145.66930000
87.92803573,-149.60630000
87.92904053,-153.54330000
87.93004533,-145.66930000
87.93105013,-137.79530000
87.93205493,-149.60630000
87.93305973,-141.73230000
87.93406453,-149.60630000
87.93506933,-145.66930000
87.93607413,-145.66930000
87.93707893,-145.66930000
87.93808373,-149.60630000
87.93908853,-145.66930000
87.94009333,-149.60630000
87.94109813,-149.60630000
87.94210293,-141.73230000
87.94310773,-149.60630000
87.94411253,-149.60630000
87.94511733,-149.60630000
87.94612213,-145.66930000
87.94712693,-145.66930000
87.94813173,-149.60630000
87.94913653,-149.60630000
87.95014133,-149.60630000
87.95114613,-149.60630000
87.95215093,-149.60630000
87.95315573,-145.66930000
87.95416053,-149.60630000
87.95516533,-145.66930000
87.95617013,-149.60630000
87.95717493,-145.66930000
87.95817973,-149.60630000
87.95918453,-141.73230000
87.96018933,-145.66930000
87.96119413,-145.66930000
87.96219893,-145.66930000
87.96320373,-149.60630000
87.96420853,-149.60630000
87.96521333,-149.60630000
87.96621813,-153.54330000
87.96722293,-153.54330000
87.96822773,-149.60630000
87.96923253,-149.60630000
87.97023733,-141.73230000
87.97124213,-145.66930000
87.97224693,-141.73230000
87.97325173,-145.66930000
87.97425653,-141.73230000
87.97526133,-145.66930000
87.97626613,-145.66930000
87.97727093,-145.66930000
87.97827573,-149.60630000
87.97928053,-145.66930000
87.98028533,-149.60630000
87.98129013,-153.54330000
87.98229493,-149.60630000
87.98329973,-149.60630000
87.98430452,-141.73230000
87.98530932,-145.66930000
87.98631412,-157.48030000
87.98731892,-145.66930000
87.98832372,-141.73230000
87.98932852,-141.73230000
87.99033332,-145.66930000
87.99133812,-141.73230000
87.99234292,-145.66930000
87.99334772,-145.66930000
87.99435252,-141.73230000
87.99535732,-141.73230000
87.99636212,-141.73230000
87.99736692,-145.66930000
87.99837172,-145.66930000
87.99937652,-145.66930000
88.00038132,-145.66930000
88.00138612,-137.79530000
88.00239092,-145.66930000
88.00339572,-149.60630000
88.00440052,-149.60630000
88.00540532,-149.60630000
88.00641012,-145.66930000
88.00741492,-141.73230000
88.00841972,-141.73230000
88.00942452,-145.66930000
88.01042932,-141.73230000
88.01143412,-137.79530000
88.01243892,-145.66930000
88.01344372,-145.66930000
88.01444852,-145.66930000
88.01545332,-145.66930000
88.01645812,-145.66930000
88.01746292,-141.73230000
88.01846772,-149.60630000
88.01947252,-145.66930000
88.02047732,-149.60630000
88.02148212,-141.73230000
88.02248692,-141.73230000
88.02349172,-141.73230000
88.02449652,-141.73230000
88.02550132,-145.66930000
88.02650612,-145.66930000
88.02751092,-145.66930000
88.02851572,-145.66930000
88.02952052,-141.73230000
88.03052532,-149.60630000
88.03153012,-149.60630000
88.03253492,-145.66930000
88.03353972,-137.79530000
88.03454452,-141.73230000
88.03554932,-145.66930000
88.03655412,-145.66930000
88.03755892,-145.66930000
88.03856372,-141.73230000
88.03956852,-149.60630000
88.04057332,-149.60630000
88.04157812,-149.60630000
88.04258292,-153.54330000
88.04358772,-149.60630000
88.04459252,-145.66930000
88.04559732,-145.66930000
88.04660212,-145.66930000
88.04760692,-145.66930000
88.04861172,-145.66930000
88.04961652,-141.73230000
88.05062132,-145.66930000
88.05162612,-141.73230000
88.05263092,-141.73230000
88.05363572,-149.60630000
88.05464052,-141.73230000
88.05564532,-145.66930000
88.05665012,-145.66930000
88.05765492,-145.66930000
88.05865972,-137.79530000
88.05966452,-145.66930000
88.06066932,-141.73230000
88.06167412,-141.73230000
88.06267892,-145.66930000
88.06368372,-145.66930000
88.06468852,-145.66930000
88.06569332,-145.66930000
88.06669812,-145.66930000
88.06770292,-137.79530000
88.06870772,-145.66930000
88.06971252,-145.66930000
88.07071732,-141.73230000
88.07172212,-145.66930000
88.07272692,-141.73230000
88.07373172,-145.66930000
88.07473652,-141.73230000
88.07574132,-145.66930000
88.07674612,-141.73230000
88.07775092,-149.60630000
88.07875572,-157.48030000
88.07976052,-145.66930000
88.08076532,-145.66930000
88.08177012,-145.66930000
88.08277492,-145.66930000
88.08377972,-141.73230000
88.08478452,-145.66930000
88.08578932,-137.79530000
88.08679412,-141.73230000
88.08779892,-145.66930000
88.08880372,-141.73230000
88.08980852,-141.73230000
88.09081332,-145.66930000
88.09181812,-141.73230000
88.09282292,-145.66930000
88.09382772,-145.66930000
88.09483252,-141.73230000
88.09583732,-145.66930000
88.09684212,-149.60630000
88.09784692,-145.66930000
88.09885172,-141.73230000
88.09985652,-145.66930000
88.10086132,-149.60630000
88.10186612,-141.73230000
88.10287092,-145.66930000
88.10387572,-145.66930000
88.10488052,-153.54330000
88.10588532,-141.73230000
88.10689012,-145.66930000
88.10789492,-145.66930000
88.10889972,-141.73230000
88.10990452,-141.73230000
88.11090932,-141.73230000
88.11191412,-149.60630000
88.11291892,-145.66930000
88.11392372,-145.66930000
88.11492852,-153.54330000
88.11593332,-149.60630000
88.11693812,-145.66930000
88.11794292,-141.73230000
88.11894772,-141.73230000
88.11995252,-141.73230000
88.12095732,-145.66930000
88.12196212,-137.79530000
88.12296692,-133.85830000
88.12397172,-137.79530000
88.12497652,-137.79530000
88.12598132,-137.79530000
88.12698612,-141.73230000
88.12799092,-145.66930000
88.12899572,-145.66930000
88.13000052,-145.66930000
88.13100532,-141.73230000
88.13201012,-145.66930000
88.13301492,-145.66930000
88.13401972,-145.66930000
88.13502452,-141.73230000
88.13602932,-141.73230000
88.13703412,-145.66930000
88.13803892,-137.79530000
88.13904372,-145.66930000
88.14004852,-145.66930000
88.14105332,-137.79530000
88.14205812,-137.79530000
88.14306292,-141.73230000
88.14406772,-141.73230000
88.14507252,-141.73230000
88.14607732,-145.66930000
88.14708212,-137.79530000
88.14808692,-141.73230000
88.14909172,-145.66930000
88.15009652,-145.66930000
88.15110132,-149.60630000
88.15210612,-145.66930000
88.15311092,-145.66930000
88.15411572,-145.66930000
88.15512052,-141.73230000
88.15612532,-145.66930000
88.15713012,-137.79530000
88.15813492,-137.79530000
88.15913972,-141.73230000
88.16014452,-137.79530000
88.16114932,-141.73230000
88.16215412,-141.73230000
88.16315892,-137.79530000
88.16416372,-137.79530000
88.16516852,-145.66930000
88.16617332,-141.73230000
88.16717812,-133.85830000
88.16818292,-141.73230000
88.16918772,-137.79530000
88.17019252,-141.73230000
88.17119732,-141.73230000
88.17220212,-137.79530000
88.17320692,-137.79530000
88.17421172,-137.79530000
88.17521652,-137.79530000
88.17622132,-141.73230000
88.17722612,-137.79530000
88.17823092,-141.73230000
88.17923572,-129.92120000
88.18024052,-137.79530000
88.18124532,-137.79530000
88.18225012,-137.79530000
88.18325492,-137.79530000
88.18425972,-137.79530000
88.18526452,-133.85830000
88.18626932,-137.79530000
88.18727412,-137.79530000
88.18827892,-137.79530000
88.18928372,-145.66930000
88.19028852,-145.66930000
88.19129332,-145.66930000
88.19229812,-145.66930000
88.19330292,-141.73230000
88.19430772,-141.73230000
88.19531252,-145.66930000
88.19631732,-133.85830000
88.19732212,-133.85830000
88.19832692,-133.85830000
88.19933172,-133.85830000
88.20033652,-133.85830000
88.20134132,-137.79530000
88.20234612,-137.79530000
88.20335092,-133.85830000
88.20435572,-137.79530000
88.20536052,-137.79530000
88.20636532,-133.85830000
88.20737012,-137.79530000
88.20837492,-137.79530000
88.20937972,-137.79530000
88.21038452,-141.73230000
88.21138932,-141.73230000
88.21239412,-133.85830000
88.21339892,-137.79530000
88.21440372,-141.73230000
88.21540852,-137.79530000
88.21641332,-137.79530000
88.21741812,-137.79530000
88.21842292,-133.85830000
88.21942772,-137.79530000
88.22043252,-137.79530000
88.22143732,-137.79530000
88.22244212,-133.85830000
88.22344692,-137.79530000
88.22445172,-133.85830000
88.22545652,-141.73230000
88.22646132,-137.79530000
88.22746612,-137.79530000
88.22847092,-137.79530000
88.22947572,-137.79530000
88.23048052,-137.79530000
88.23148532,-137.79530000
88.23249012,-137.79530000
88.23349492,-137.79530000
88.23449972,-133.85830000
88.23550452,-133.85830000
88.23650932,-133.85830000
88.23751412,-133.85830000
88.23851892,-129.92120000
88.23952372,-129.92120000
88.24052852,-133.85830000
88.24153332,-141.73230000
88.24253812,-141.73230000
88.24354292,-133.85830000
88.24454772,-133.85830000
88.24555252,-141.73230000
88.24655732,-137.79530000
88.24756212,-137.79530000
88.24856692,-137.79530000
88.24957172,-133.85830000
88.25057652,-133.85830000
88.25158132,-137.79530000
88.25258612,-137.79530000
88.25359092,-133.85830000
88.25459572,-133.85830000
88.25560052,-133.85830000
88.25660532,-133.85830000
88.25761012,-133.85830000
88.25861492,-141.73230000
88.25961972,-133.85830000
88.26062452,-133.85830000
88.26162932,-129.92120000
88.26263412,-129.92120000
88.26363892,-133.85830000
88.26464372,-141.73230000
88.26564852,-129.92120000
88.26665332,-137.79530000
88.26765812,-133.85830000
88.26866292,-145.66930000
88.26966772,-141.73230000
88.27067252,-137.79530000
88.27167732,-133.85830000
88.27268212,-133.85830000
88.27368692,-133.85830000
88.27469172,-137.79530000
88.27569652,-137.79530000
88.27670132,-133.85830000
88.27770612,-137.79530000
88.27871092,-129.92120000
88.27971572,-137.79530000
88.28072052,-133.85830000
88.28172532,-129.92120000
88.28273012,-129.92120000
88.28373492,-133.85830000
88.28473972,-133.85830000
88.28574452,-129.92120000
88.28674932,-133.85830000
88.28775412,-133.85830000
88.28875892,-133.85830000
88.28976372,-141.73230000
88.29076852,-137.79530000
88.29177332,-137.79530000
88.29277812,-133.85830000
88.29378292,-141.73230000
88.29478772,-129.92120000
88.29579252,-133.85830000
88.29679732,-133.85830000
88.29780212,-129.92120000
88.29880692,-133.85830000
88.29981172,-129.92120000
88.30081652,-129.92120000
88.30182132,-133.85830000
88.30282612,-129.92120000
88.30383092,-125.98420000
88.30483572,-129.92120000
88.30584052,-133.85830000
88.30684532,-145.66930000
88.30785012,-137.79530000
88.30885492,-137.79530000
88.30985972,-133.85830000
88.31086452,-133.85830000
88.31186932,-133.85830000
88.31287411,-133.85830000
88.31387891,-129.92120000
88.31488371,-125.98420000
88.31588851,-122.04720000
88.31689331,-133.85830000
88.31789811,-129.92120000
88.31890291,-129.92120000
88.31990771,-125.98420000
88.32091251,-129.92120000
88.32191731,-125.98420000
88.32292211,-137.79530000
88.32392691,-133.85830000
88.32493171,-133.85830000
88.32593651,-129.92120000
88.32694131,-129.92120000
88.32794611,-125.98420000
88.32895091,-125.98420000
88.32995571,-129.92120000
88.33096051,-129.92120000
88.33196531,-129.92120000
88.33297011,-129.92120000
88.33397491,-129.92120000
88.33497971,-133.85830000
88.33598451,-133.85830000
88.33698931,-129.92120000
88.33799411,-129.92120000
88.33899891,-137.79530000
88.34000371,-129.92120000
88.34100851,-129.92120000
88.34201331,-129.92120000
88.34301811,-129.92120000
88.34402291,-137.79530000
88.34502771,-133.85830000
88.34603251,-133.85830000
88.34703731,-133.85830000
88.34804211,-129.92120000
88.34904691,-129.92120000
88.35005171,-133.85830000
88.35105651,-129.92120000
88.35206131,-125.98420000
88.35306611,-129.92120000
88.35407091,-129.92120000
88.35507571,-125.98420000
88.35608051,-129.92120000
88.35708531,-125.98420000
88.35809011,-129.92120000
88.35909491,-125.98420000
88.36009971,-129.92120000
88.36110451,-133.85830000
88.36210931,-125.98420000
88.36311411,-129.92120000
88.36411891,-129.92120000
88.36512371,-125.98420000
88.36612851,-129.92120000
88.36713331,-125.98420000
88.36813811,-129.92120000
88.36914291,-129.92120000
88.37014771,-122.04720000
88.37115251,-129.92120000
88.37215731,-133.85830000
88.37316211,-133.85830000
88.37416691,-129.92120000
88.37517171,-125.98420000
88.37617651,-129.92120000
88.37718131,-129.92120000
88.37818611,-129.92120000
88.37919091,-129.92120000
88.38019571,-125.98420000
88.38120051,-133.85830000
88.38220531,-125.98420000
88.38321011,-129.92120000
88.38421491,-129.92120000
88.38521971,-129.92120000
88.38622451,-129.92120000
88.38722931,-137.79530000
88.38823411,-125.98420000
88.38923891,-129.92120000
88.39024371,-102.36220000
88.39124851,-125.98420000
88.39225331,-125.98420000
88.39325811,-129.92120000
88.39426291,-125.98420000
88.39526771,-125.98420000
88.39627251,-125.98420000
88.39727731,-129.92120000
88.39828211,-125.98420000
88.39928691,-129.92120000
88.40029171,-129.92120000
88.40129651,-125.98420000
88.40230131,-129.92120000
88.40330611,-125.98420000
88.40431091,-129.92120000
88.40531571,-129.92120000
88.40632051,-129.92120000
88.40732531,-129.92120000
88.40833011,-129.92120000
88.40933491,-129.92120000
88.41033971,-129.92120000
88.41134451,-129.92120000
88.41234931,-125.98420000
88.41335411,-129.92120000
88.41435891,-125.98420000
88.41536371,-125.98420000
88.41636851,-129.92120000
88.41737331,-122.04720000
88.41837811,-122.04720000
88.41938291,-125.98420000
88.42038771,-133.85830000
88.42139251,-133.85830000
88.42239731,-133.85830000
88.42340211,-129.92120000
88.42440691,-129.92120000
88.42541171,-122.04720000
88.42641651,-122.04720000
88.42742131,-122.04720000
88.42842611,-122.04720000
88.42943091,-122.04720000
88.43043571,-122.04720000
88.43144051,-122.04720000
88.43244531,-122.04720000
88.43345011,-125.98420000
88.43445491,-125.98420000
88.43545971,-118.11020000
88.43646451,-129.92120000
88.43746931,-125.98420000
88.43847411,-125.98420000
88.43947891,-129.92120000
88.44048371,-125.98420000
88.44148851,-122.04720000
88.44249331,-129.92120000
88.44349811,-125.98420000
88.44450291,-122.04720000
88.44550771,-129.92120000
88.44651251,-125.98420000
88.44751731,-122.04720000
88.44852211,-122.04720000
88.44952691,-129.92120000
88.45053171,-122.04720000
88.45153651,-122.04720000
88.45254131,-122.04720000
88.45354611,-122.04720000
88.45455091,-125.98420000
88.45555571,-125.98420000
88.45656051,-118.11020000
88.45756531,-125.98420000
88.45857011,-125.98420000
88.45957491,-129.92120000
88.46057971,-125.98420000
88.46158451,-125.98420000
88.46258931,-125.98420000
88.46359411,-125.98420000
88.46459891,-122.04720000
88.46560371,-122.04720000
88.46660851,-122.04720000
88.46761331,-125.98420000
88.46861811,-122.04720000
88.46962291,-125.98420000
88.47062771,-129.92120000
88.47163251,-118.11020000
88.47263731,-125.98420000
88.47364211,-118.11020000
88.47464691,-122.04720000
88.47565171,-125.98420000
88.47665651,-122.04720000
88.47766131,-122.04720000
88.47866611,-125.98420000
88.47967091,-125.98420000
88.48067571,-122.04720000
88.48168051,-125.98420000
88.48268531,-122.04720000
88.48369011,-125.98420000
88.48469491,-129.92120000
88.48569971,-129.92120000
88.48670451,-129.92120000
88.48770931,-114.17320000
88.48871411,-122.04720000
88.48971891,-122.04720000
88.49072371,-125.98420000
88.49172851,-122.04720000
88.49273331,-122.04720000
88.49373811,-129.92120000
88.49474291,-122.04720000
88.49574771,-122.04720000
88.49675251,-125.98420000
88.49775731,-133.85830000
88.49876211,-125.98420000
88.49976691,-125.98420000
88.50077171,-129.92120000
88.50177651,-122.04720000
88.50278131,-122.04720000
88.50378611,-125.98420000
88.50479091,-122.04720000
88.50579571,-122.04720000
88.50680051,-122.04720000
88.50780531,-122.04720000
88.50881011,-122.04720000
88.50981491,-122.04720000
88.51081971,-122.04720000
88.51182451,-122.04720000
88.51282931,-122.04720000
88.51383411,-122.04720000
88.51483891,-118.11020000
88.51584371,-122.04720000
88.51684851,-122.04720000
88.51785331,-125.98420000
88.51885811,-122.04720000
88.51986291,-129.92120000
88.52086771,-114.17320000
88.52187251,-122.04720000
88.52287731,-122.04720000
88.52388211,-122.04720000
88.52488691,-118.11020000
88.52589171,-122.04720000
88.52689651,-122.04720000
88.52790131,-122.04720000
88.52890611,-122.04720000
88.52991091,-118.11020000
88.53091571,-118.11020000
88.53192051,-122.04720000
88.53292531,-125.98420000
88.53393011,-122.04720000
88.53493491,-129.92120000
88.53593971,-129.92120000
88.53694451,-118.11020000
88.53794931,-125.98420000
88.53895411,-125.98420000
88.53995891,-122.04720000
88.54096371,-122.04720000
88.54196851,-118.11020000
88.54297331,-118.11020000
88.54397811,-118.11020000
88.54498291,-122.04720000
88.54598771,-122.04720000
88.54699251,-122.04720000
88.54799731,-118.11020000
88.54900211,-118.11020000
88.55000691,-118.11020000
88.55101171,-125.98420000
88.55201651,-122.04720000
88.55302131,-118.11020000
88.55402611,-118.11020000
88.55503091,-118.11020000
88.55603571,-118.11020000
88.55704051,-118.11020000
88.55804531,-118.11020000
88.55905011,-122.04720000
88.56005491,-118.11020000
88.56105971,-122.04720000
88.56206451,-118.11020000
88.56306931,-114.17320000
88.56407411,-118.11020000
88.56507891,-118.11020000
88.56608371,-118.11020000
88.56708851,-118.11020000
88.56809331,-118.11020000
88.56909811,-118.11020000
88.57010291,-114.17320000
88.57110771,-122.04720000
88.57211251,-118.11020000
88.57311731,-125.98420000
88.57412211,-118.11020000
88.57512691,-122.04720000
88.57613171,-122.04720000
88.57713651,-122.04720000
88.57814131,-118.11020000
88.57914611,-118.11020000
88.58015091,-114.17320000
88.58115571,-114.17320000
88.58216051,-118.11020000
88.58316531,-114.17320000
88.58417011,-118.11020000
88.58517491,-114.17320000
88.58617971,-118.11020000
88.58718451,-114.17320000
88.58818931,-118.11020000
88.58919411,-118.11020000
88.59019891,-118.11020000
88.59120371,-118.11020000
88.59220851,-114.17320000
88.59321331,-114.17320000
88.59421811,-118.11020000
88.59522291,-110.23620000
88.59622771,-118.11020000
88.59723251,-118.11020000
88.59823731,-114.17320000
88.59924211,-118.11020000
88.60024691,-118.11020000
88.60125171,-110.23620000
88.60225651,-122.04720000
88.60326131,-118.11020000
88.60426611,-114.17320000
88.60527091,-114.17320000
88.60627571,-114.17320000
88.60728051,-114.17320000
88.60828531,-114.17320000
88.60929011,-114.17320000
88.61029491,-114.17320000
88.61129971,-118.11020000
88.61230451,-122.04720000
88.61330931,-122.04720000
88.61431411,-118.11020000
88.61531891,-122.04720000
88.61632371,-122.04720000
88.61732851,-118.11020000
88.61833331,-114.17320000
88.61933811,-118.11020000
88.62034291,-114.17320000
88.62134771,-118.11020000
88.62235251,-118.11020000
88.62335731,-114.17320000
88.62436211,-118.11020000
88.62536691,-118.11020000
88.62637171,-114.17320000
88.62737651,-118.11020000
88.62838131,-122.04720000
88.62938611,-114.17320000
88.63039091,-114.17320000
88.63139571,-122.04720000
88.63240051,-122.04720000
88.63340531,-118.11020000
88.63441011,-118.11020000
88.63541491,-122.04720000
88.63641971,-118.11020000
88.63742451,-114.17320000
88.63842931,-118.11020000
88.63943411,-110.23620000
88.64043891,-118.11020000
88.64144371,-114.17320000
88.64244850,-114.17320000
88.64345330,-106.29920000
88.64445810,-118.11020000
88.64546290,-114.17320000
88.64646770,-118.11020000
88.64747250,-125.98420000
88.64847730,-125.98420000
88.64948210,-122.04720000
88.65048690,-118.11020000
88.65149170,-114.17320000
88.65249650,-114.17320000
88.65350130,-114.17320000
88.65450610,-110.23620000
88.65551090,-110.23620000
88.65651570,-110.23620000
88.65752050,-110.23620000
88.65852530,-114.17320000
88.65953010,-114.17320000
88.66053490,-114.17320000
88.66153970,-110.23620000
88.66254450,-106.29920000
88.66354930,-114.17320000
88.66455410,-114.17320000
88.66555890,-114.17320000
88.66656370,-114.17320000
88.66756850,-110.23620000
88.66857330,-110.23620000
88.66957810,-114.17320000
88.67058290,-114.17320000
88.67158770,-110.23620000
88.67259250,-118.11020000
88.67359730,-118.11020000
88.67460210,-114.17320000
88.67560690,-110.23620000
88.67661170,-114.17320000
88.67761650,-106.29920000
88.67862130,-114.17320000
88.67962610,-133.85830000
88.68063090,-122.04720000
88.68163570,-122.04720000
88.68264050,-110.23620000
88.68364530,-114.17320000
88.68465010,-114.17320000
88.68565490,-114.17320000
88.68665970,-114.17320000
88.68766450,-110.23620000
88.68866930,-114.17320000
88.68967410,-114.17320000
88.69067890,-110.23620000
88.69168370,-110.23620000
88.69268850,-110.23620000
88.69369330,-110.23620000
88.69469810,-110.23620000
88.69570290,-118.11020000
88.69670770,-114.17320000
88.69771250,-114.17320000
88.69871730,-114.17320000
88.69972210,-110.23620000
88.70072690,-110.23620000
88.70173170,-110.23620000
88.70273650,-110.23620000
88.70374130,-114.17320000
88.70474610,-114.17320000
88.70575090,-114.17320000
88.70675570,-110.23620000
88.70776050,-114.17320000
88.70876530,-114.17320000
88.70977010,-114.17320000
88.71077490,-114.17320000
88.71177970,-114.17320000
88.71278450,-118.11020000
88.71378930,-118.11020000
88.71479410,-118.11020000
88.71579890,-114.17320000
88.71680370,-114.17320000
88.71780850,-114.17320000
88.71881330,-110.23620000
88.71981810,-106.29920000
88.72082290,-106.29920000
88.72182770,-106.29920000
88.72283250,-110.23620000
88.72383730,-110.23620000
88.72484210,-106.29920000
88.72584690,-106.29920000
88.72685170,-106.29920000
88.72785650,-106.29920000
88.72886130,-114.17320000
88.72986610,-114.17320000
88.73087090,-110.23620000
88.73187570,-110.23620000
88.73288050,-114.17320000
88.73388530,-110.23620000
88.73489010,-110.23620000
88.73589490,-114.17320000
88.73689970,-110.23620000
88.73790450,-110.23620000
88.73890930,-110.23620000
88.73991410,-110.23620000
88.74091890,-110.23620000
88.74192370,-110.23620000
88.74292850,-106.29920000
88.74393330,-110.23620000
88.74493810,-114.17320000
88.74594290,-110.23620000
88.74694770,-118.11020000
88.74795250,-114.17320000
88.74895730,-114.17320000
88.74996210,-114.17320000
88.75096690,-122.04720000
88.75197170,-118.11020000
88.75297650,-114.17320000
88.75398130,-114.17320000
88.75498610,-110.23620000
88.75599090,-106.29920000
88.75699570,-110.23620000
88.75800050,-106.29920000
88.75900530,-106.29920000
88.76001010,-106.29920000
88.76101490,-114.17320000
88.76201970,-114.17320000
88.76302450,-110.23620000
88.76402930,-102.36220000
88.76503410,-110.23620000
88.76603890,-114.17320000
88.76704370,-110.23620000
88.76804850,-110.23620000
88.76905330,-110.23620000
88.77005810,-114.17320000
88.77106290,-106.29920000
88.77206770,-114.17320000
88.77307250,-114.17320000
88.77407730,-110.23620000
88.77508210,-110.23620000
88.77608690,-110.23620000
88.77709170,-114.17320000
88.77809650,-106.29920000
88.77910130,-114.17320000
88.78010610,-106.29920000
88.78111090,-106.29920000
88.78211570,-110.23620000
88.78312050,-110.23620000
88.78412530,-106.29920000
88.78513010,-110.23620000
88.78613490,-114.17320000
88.78713970,-106.29920000
88.78814450,-106.29920000
88.78914930,-114.17320000
88.79015410,-114.17320000
88.79115890,-114.17320000
88.79216370,-110.23620000
88.79316850,-122.04720000
88.79417330,-110.23620000
88.79517810,-110.23620000
88.79618290,-90.55118000
88.79718770,-106.29920000
88.79819250,-106.29920000
88.79919730,-106.29920000
88.80020210,-106.29920000
88.80120690,-110.23620000
88.80221170,-114.17320000
88.80321650,-110.23620000
88.80422130,-106.29920000
88.80522610,-106.29920000
88.80623090,-106.29920000
88.80723570,-106.29920000
88.80824050,-110.23620000
88.80924530,-106.29920000
88.81025010,-110.23620000
88.81125490,-110.23620000
88.81225970,-110.23620000
88.81326450,-102.36220000
88.81426930,-106.29920000
88.81527410,-110.23620000
88.81627890,-106.29920000
88.81728370,-106.29920000
88.81828850,-106.29920000
88.81929330,-106.29920000
88.82029810,-106.29920000
88.82130290,-114.17320000
88.82230770,-106.29920000
88.82331250,-102.36220000
88.82431730,-110.23620000
88.82532210,-106.29920000
88.82632690,-110.23620000
88.82733170,-114.17320000
88.82833650,-114.17320000
88.82934130,-110.23620000
88.83034610,-114.17320000
88.83135090,-110.23620000
88.83235570,-106.29920000
88.83336050,-106.29920000
88.83436530,-102.36220000
88.83537010,-106.29920000
88.83637490,-110.23620000
88.83737970,-106.29920000
88.83838450,-110.23620000
88.83938930,-106.29920000
88.84039410,-114.17320000
88.84139890,-106.29920000
88.84240370,-106.29920000
88.84340850,-114.17320000
88.84441330,-106.29920000
88.84541810,-106.29920000
88.84642290,-106.29920000
88.84742770,-106.29920000
88.84843250,-110.23620000
88.84943730,-106.29920000
88.85044210,-110.23620000
88.85144690,-114.17320000
88.85245170,-106.29920000
88.85345650,-106.29920000
88.85446130,-106.29920000
88.85546610,-106.29920000
88.85647090,-106.29920000
88.85747570,-110.23620000
88.85848050,-106.29920000
88.85948530,-106.29920000
88.86049010,-110.23620000
88.86149490,-106.29920000
88.86249970,-106.29920000
88.86350450,-118.11020000
88.86450930,-106.29920000
88.86551410,-106.29920000
88.86651890,-125.98420000
88.86752370,-114.17320000
88.86852850,-106.29920000
88.86953330,-110.23620000
88.87053810,-110.23620000
88.87154290,-106.29920000
88.87254770,-110.23620000
88.87355250,-106.29920000
88.87455730,-106.29920000
88.87556210,-110.23620000
88.87656690,-110.23620000
88.87757170,-114.17320000
88.87857650,-106.29920000
88.87958130,-110.23620000
88.88058610,-110.23620000
88.88159090,-114.17320000
88.88259570,-102.36220000
88.88360050,-114.17320000
88.88460530,-114.17320000
88.88561010,-106.29920000
88.88661490,-106.29920000
88.88761970,-114.17320000
88.88862450,-110.23620000
88.88962930,-110.23620000
88.89063410,-118.11020000
88.89163890,-114.17320000
88.89264370,-110.23620000
88.89364850,-94.48818000
88.89465330,-110.23620000
88.89565810,-106.29920000
88.89666290,-110.23620000
88.89766770,-110.23620000
88.89867250,-102.36220000
88.89967730,-110.23620000
88.90068210,-106.29920000
88.90168690,-106.29920000
88.90269170,-106.29920000
88.90369650,-110.23620000
88.90470130,-118.11020000
88.90570610,-114.17320000
88.90671090,-114.17320000
88.90771570,-114.17320000
88.90872050,-114.17320000
88.90972530,-114.17320000
88.91073010,-106.29920000
88.91173490,-106.29920000
88.91273970,-110.23620000
88.91374450,-110.23620000
88.91474930,-102.36220000
88.91575410,-106.29920000
88.91675890,-106.29920000
88.91776370,-106.29920000
88.91876850,-110.23620000
88.91977330,-110.23620000
88.92077810,-106.29920000
88.92178290,-110.23620000
88.92278770,-110.23620000
88.92379250,-114.17320000
88.92479730,-110.23620000
88.92580210,-110.23620000
88.92680690,-114.17320000
88.92781170,-106.29920000
88.92881650,-114.17320000
88.92982130,-106.29920000
88.93082610,-114.17320000
88.93183090,-110.23620000
88.93283570,-106.29920000
88.93384050,-110.23620000
88.93484530,-110.23620000
88.93585010,-106.29920000
88.93685490,-106.29920000
88.93785970,-102.36220000
88.93886450,-106.29920000
88.93986930,-122.04720000
88.94087410,-114.17320000
88.94187890,-114.17320000
88.94288370,-110.23620000
88.94388850,-106.29920000
88.94489330,-110.23620000
88.94589810,-110.23620000
88.94690290,-110.23620000
88.94790770,-110.23620000
88.94891250,-106.29920000
88.94991730,-106.29920000
88.95092210,-106.29920000
88.95192690,-106.29920000
88.95293170,-114.17320000
88.95393650,-106.29920000
88.95494130,-110.23620000
88.95594610,-114.17320000
88.95695090,-114.17320000
88.95795570,-114.17320000
88.95896050,-110.23620000
88.95996530,-110.23620000
88.96097010,-118.11020000
88.96197490,-110.23620000
88.96297970,-114.17320000
88.96398450,-110.23620000
88.96498930,-110.23620000
88.96599410,-110.23620000
88.96699890,-114.17320000
88.96800370,-118.11020000
88.96900850,-110.23620000
88.97001330,-114.17320000
88.97101809,-114.17320000
88.97202289,-114.17320000
88.97302769,-114.17320000
88.97403249,-114.17320000
88.97503729,-110.23620000
88.97604209,-114.17320000
88.97704689,-125.98420000
88.97805169,-118.11020000
88.97905649,-118.11020000
88.98006129,-118.11020000
88.98106609,-110.23620000
88.98207089,-114.17320000
88.98307569,-110.23620000
88.98408049,-106.29920000
88.98508529,-114.17320000
88.98609009,-114.17320000
88.98709489,-106.29920000
88.98809969,-118.11020000
88.98910449,-110.23620000
88.99010929,-114.17320000
88.99111409,-110.23620000
88.99211889,-114.17320000
88.99312369,-114.17320000
88.99412849,-114.17320000
88.99513329,-114.17320000
88.99613809,-114.17320000
88.99714289,-110.23620000
88.99814769,-114.17320000
88.99915249,-110.23620000
89.00015729,-114.17320000
89.00116209,-118.11020000
89.00216689,-114.17320000
89.00317169,-118.11020000
89.00417649,-118.11020000
89.00518129,-118.11020000
89.00618609,-122.04720000
89.00719089,-118.11020000
89.00819569,-114.17320000
89.00920049,-114.17320000
89.01020529,-114.17320000
89.01121009,-118.11020000
89.01221489,-118.11020000
89.01321969,-118.11020000
89.01422449,-114.17320000
89.01522929,-122.04720000
89.01623409,-118.11020000
89.01723889,-122.04720000
89.01824369,-118.11020000
89.01924849,-118.11020000
89.02025329,-114.17320000
89.02125809,-118.11020000
89.02226289,-110.23620000
89.02326769,-118.11020000
89.02427249,-114.17320000
89.02527729,-110.23620000
89.02628209,-110.23620000
89.02728689,-118.11020000
89.02829169,-114.17320000
89.02929649,-118.11020000
89.03030129,-122.04720000
89.03130609,-118.11020000
89.03231089,-118.11020000
89.03331569,-122.04720000
89.03432049,-114.17320000
89.03532529,-118.11020000
89.03633009,-118.11020000
89.03733489,-122.04720000
89.03833969,-118.11020000
89.03934449,-118.11020000
89.04034929,-114.17320000
89.04135409,-118.11020000
89.04235889,-118.11020000
89.04336369,-118.11020000
89.04436849,-114.17320000
89.04537329,-118.11020000
89.04637809,-122.04720000
89.04738289,-114.17320000
89.04838769,-114.17320000
89.04939249,-118.11020000
89.05039729,-114.17320000
89.05140209,-114.17320000
89.05240689,-114.17320000
89.05341169,-122.04720000
89.05441649,-129.92120000
89.05542129,-125.98420000
89.05642609,-118.11020000
89.05743089,-122.04720000
89.05843569,-118.11020000
89.05944049,-118.11020000
89.06044529,-114.17320000
89.06145009,-118.11020000
89.06245489,-118.11020000
89.06345969,-114.17320000
89.06446449,-114.17320000
89.06546929,-114.17320000
89.06647409,-118.11020000
89.06747889,-118.11020000
89.06848369,-118.11020000
89.06948849,-118.11020000
89.07049329,-122.04720000
89.07149809,-125.98420000
89.07250289,-118.11020000
89.07350769,-118.11020000
89.07451249,-114.17320000
89.07551729,-118.11020000
89.07652209,-118.11020000
89.07752689,-118.11020000
89.07853169,-118.11020000
89.07953649,-118.11020000
89.08054129,-118.11020000
89.08154609,-118.11020000
89.08255089,-114.17320000
89.08355569,-114.17320000
89.08456049,-118.11020000
89.08556529,-118.11020000
89.08657009,-118.11020000
89.08757489,-122.04720000
89.08857969,-118.11020000
89.08958449,-118.11020000
89.09058929,-122.04720000
89.09159409,-129.92120000
89.09259889,-122.04720000
89.09360369,-122.04720000
89.09460849,-122.04720000
89.09561329,-118.11020000
89.09661809,-118.11020000
89.09762289,-114.17320000
89.09862769,-118.11020000
89.09963249,-118.11020000
89.10063729,-114.17320000
89.10164209,-118.11020000
89.10264689,-118.11020000
89.10365169,-122.04720000
89.10465649,-122.04720000
89.10566129,-122.04720000
89.10666609,-118.11020000
89.10767089,-114.17320000
89.10867569,-122.04720000
89.10968049,-118.11020000
89.11068529,-118.11020000
89.11169009,-122.04720000
89.11269489,-118.11020000
89.11369969,-118.11020000
89.11470449,-118.11020000
89.11570929,-118.11020000
89.11671409,-118.11020000
89.11771889,-114.17320000
89.11872369,-122.04720000
89.11972849,-125.98420000
89.12073329,-118.11020000
89.12173809,-114.17320000
89.12274289,-118.11020000
89.12374769,-118.11020000
89.12475249,-118.11020000
89.12575729,-114.17320000
89.12676209,-118.11020000
89.12776689,-118.11020000
89.12877169,-133.85830000
89.12977649,-118.11020000
89.13078129,-122.04720000
89.13178609,-122.04720000
89.13279089,-118.11020000
89.13379569,-118.11020000
89.13480049,-122.04720000
89.13580529,-114.17320000
89.13681009,-122.04720000
89.13781489,-114.17320000
89.13881969,-114.17320000
89.13982449,-118.11020000
89.14082929,-118.11020000
89.14183409,-114.17320000
89.14283889,-118.11020000
89.14384369,-122.04720000
89.14484849,-122.04720000
89.14585329,-122.04720000
89.14685809,-118.11020000
89.14786289,-118.11020000
89.14886769,-118.11020000
89.14987249,-122.04720000
89.15087729,-118.11020000
89.15188209,-122.04720000
89.15288689,-122.04720000
89.15389169,-118.11020000
89.15489649,-122.04720000
89.15590129,-122.04720000
89.15690609,-122.04720000
89.15791089,-122.04720000
89.15891569,-122.04720000
89.15992049,-118.11020000
89.16092529,-114.17320000
89.16193009,-118.11020000
89.16293489,-122.04720000
89.16393969,-122.04720000
89.16494449,-118.11020000
89.16594929,-129.92120000
89.16695409,-122.04720000
89.16795889,-125.98420000
89.16896369,-129.92120000
89.16996849,-122.04720000
89.17097329,-118.11020000
89.17197809,-118.11020000
89.17298289,-118.11020000
89.17398769,-118.11020000
89.17499249,-118.11020000
89.17599729,-118.11020000
89.17700209,-118.11020000
89.17800689,-118.11020000
89.17901169,-118.11020000
89.18001649,-114.17320000
89.18102129,-114.17320000
89.18202609,-122.04720000
89.18303089,-118.11020000
89.18403569,-122.04720000
89.18504049,-118.11020000
89.18604529,-118.11020000
89.18705009,-114.17320000
89.18805489,-118.11020000
89.18905969,-114.17320000
89.19006449,-118.11020000
89.19106929,-118.11020000
89.19207409,-114.17320000
89.19307889,-114.17320000
89.19408369,-122.04720000
89.19508849,-118.11020000
89.19609329,-118.11020000
89.19709809,-114.17320000
89.19810289,-118.11020000
89.19910769,-122.04720000
89.20011249,-118.11020000
89.20111729,-118.11020000
89.20212209,-114.17320000
89.20312689,-118.11020000
89.20413169,-118.11020000
89.20513649,-125.98420000
89.20614129,-125.98420000
89.20714609,-125.98420000
89.20815089,-118.11020000
89.20915569,-118.11020000
89.21016049,-118.11020000
89.21116529,-118.11020000
89.21217009,-114.17320000
89.21317489,-118.11020000
89.21417969,-114.17320000
89.21518449,-122.04720000
89.21618929,-122.04720000
89.21719409,-118.11020000
89.21819889,-122.04720000
89.21920369,-122.04720000
89.22020849,-118.11020000
89.22121329,-122.04720000
89.22221809,-118.11020000
89.22322289,-122.04720000
89.22422769,-118.11020000
89.22523249,-118.11020000
89.22623729,-118.11020000
89.22724209,-114.17320000
89.22824689,-118.11020000
89.22925169,-122.04720000
89.23025649,-122.04720000
89.23126129,-118.11020000
89.23226609,-122.04720000
89.23327089,-122.04720000
89.23427569,-118.11020000
89.23528049,-118.11020000
89.23628529,-118.11020000
89.23729009,-114.17320000
89.23829489,-114.17320000
89.23929969,-118.11020000
89.24030449,-118.11020000
89.24130929,-125.98420000
89.24231409,-122.04720000
89.24331889,-125.98420000
89.24432369,-118.11020000
89.24532849,-122.04720000
89.24633329,-118.11020000
89.24733809,-114.17320000
89.24834289,-118.11020000
89.24934769,-118.11020000
89.25035249,-118.11020000
89.25135729,-118.11020000
89.25236209,-114.17320000
89.25336689,-114.17320000
89.25437169,-114.17320000
89.25537649,-114.17320000
89.25638129,-118.11020000
89.25738609,-118.11020000
89.25839089,-114.17320000
89.25939569,-118.11020000
89.26040049,-118.11020000
89.26140529,-118.11020000
89.26241009,-110.23620000
89.26341489,-114.17320000
89.26441969,-122.04720000
89.26542449,-122.04720000
89.26642929,-114.17320000
89.26743409,-122.04720000
89.26843889,-110.23620000
89.26944369,-114.17320000
89.27044849,-125.98420000
89.27145329,-118.11020000
89.27245809,-118.11020000
89.27346289,-114.17320000
89.27446769,-122.04720000
89.27547249,-114.17320000
89.27647729,-114.17320000
89.27748209,-118.11020000
89.27848689,-114.17320000
89.27949169,-122.04720000
89.28049649,-125.98420000
89.28150129,-122.04720000
89.28250609,-122.04720000
89.28351089,-114.17320000
89.28451569,-114.17320000
89.28552049,-114.17320000
89.28652529,-118.11020000
89.28753009,-114.17320000
89.28853489,-118.11020000
89.28953969,-118.11020000
89.29054449,-114.17320000
89.29154929,-118.11020000
89.29255409,-110.23620000
89.29355889,-114.17320000
89.29456369,-114.17320000
89.29556849,-114.17320000
89.29657329,-129.92120000
89.29757809,-118.11020000
89.29858289,-118.11020000
89.29958768,-98.42519000
89.30059248,-118.11020000
89.30159728,-118.11020000
89.30260208,-114.17320000
89.30360688,-110.23620000
89.30461168,-110.23620000
89.30561648,-114.17320000
89.30662128,-114.17320000
89.30762608,-118.11020000
89.30863088,-122.04720000
89.30963568,-114.17320000
89.31064048,-118.11020000
89.31164528,-118.11020000
89.31265008,-118.11020000
89.31365488,-118.11020000
89.31465968,-118.11020000
89.31566448,-118.11020000
89.31666928,-125.98420000
89.31767408,-125.98420000
89.31867888,-125.98420000
89.31968368,-122.04720000
89.32068848,-122.04720000
89.32169328,-118.11020000
89.32269808,-122.04720000
89.32370288,-122.04720000
89.32470768,-118.11020000
89.32571248,-122.04720000
89.32671728,-122.04720000
89.32772208,-114.17320000
89.32872688,-122.04720000
89.32973168,-125.98420000
89.33073648,-122.04720000
89.33174128,-129.92120000
89.33274608,-122.04720000
89.33375088,-122.04720000
89.33475568,-122.04720000
89.33576048,-125.98420000
89.33676528,-129.92120000
89.33777008,-129.92120000
89.33877488,-125.98420000
89.33977968,-125.98420000
89.34078448,-125.98420000
89.34178928,-125.98420000
89.34279408,-122.04720000
89.34379888,-122.04720000
89.34480368,-118.11020000
89.34580848,-125.98420000
89.34681328,-122.04720000
89.34781808,-125.98420000
89.34882288,-118.11020000
89.34982768,-114.17320000
89.35083248,-118.11020000
89.35183728,-118.11020000
89.35284208,-114.17320000
89.35384688,-110.23620000
89.35485168,-122.04720000
89.35585648,-118.11020000
89.35686128,-114.17320000
89.35786608,-114.17320000
89.35887088,-110.23620000
89.35987568,-106.29920000
89.36088048,-102.36220000
89.36188528,-110.23620000
89.36289008,-110.23620000
89.36389488,-110.23620000
89.36489968,-102.36220000
89.36590448,-110.23620000
89.36690928,-106.29920000
89.36791408,-114.17320000
89.36891888,-110.23620000
89.36992368,-106.29920000
89.37092848,-106.29920000
89.37193328,-110.23620000
89.37293808,-106.29920000
89.37394288,-106.29920000
89.37494768,-110.23620000
89.37595248,-110.23620000
89.37695728,-114.17320000
89.37796208,-110.23620000
89.37896688,-118.11020000
89.37997168,-118.11020000
89.38097648,-114.17320000
89.38198128,-114.17320000
89.38298608,-118.11020000
89.38399088,-118.11020000
89.38499568,-114.17320000
89.38600048,-118.11020000
89.38700528,-118.11020000
89.38801008,-118.11020000
89.38901488,-118.11020000
89.39001968,-118.11020000
89.39102448,-118.11020000
89.39202928,-102.36220000
89.39303408,-125.98420000
89.39403888,-137.79530000
89.39504368,-122.04720000
89.39604848,-122.04720000
89.39705328,-102.36220000
89.39805808,-122.04720000
89.39906288,-122.04720000
89.40006768,-122.04720000
89.40107248,-118.11020000
89.40207728,-118.11020000
89.40308208,-118.11020000
89.40408688,-114.17320000
89.40509168,-118.11020000
89.40609648,-118.11020000
89.40710128,-110.23620000
89.40810608,-118.11020000
89.40911088,-118.11020000
89.41011568,-114.17320000
89.41112048,-118.11020000
89.41212528,-118.11020000
89.41313008,-118.11020000
89.41413488,-110.23620000
89.41513968,-114.17320000
89.41614448,-118.11020000
89.41714928,-106.29920000
89.41815408,-114.17320000
89.41915888,-110.23620000
89.42016368,-106.29920000
89.42116848,-114.17320000
89.42217328,-106.29920000
89.42317808,-110.23620000
89.42418288,-114.17320000
89.42518768,-114.17320000
89.42619248,-114.17320000
89.42719728,-110.23620000
89.42820208,-110.23620000
89.42920688,-110.23620000
89.43021168,-110.23620000
89.43121648,-118.11020000
89.43222128,-114.17320000
89.43322608,-110.23620000
89.43423088,-114.17320000
89.43523568,-110.23620000
89.43624048,-114.17320000
89.43724528,-118.11020000
89.43825008,-114.17320000
89.43925488,-118.11020000
89.44025968,-110.23620000
89.44126448,-118.11020000
89.44226928,-106.29920000
89.44327408,-114.17320000
89.44427888,-118.11020000
89.44528368,-114.17320000
89.44628848,-114.17320000
89.44729328,-118.11020000
89.44829808,-114.17320000
89.44930288,-114.17320000
89.45030768,-118.11020000
89.45131248,-110.23620000
89.45231728,-114.17320000
89.45332208,-110.23620000
89.45432688,-114.17320000
89.45533168,-110.23620000
89.45633648,-110.23620000
89.45734128,-106.29920000
89.45834608,-106.29920000
89.45935088,-110.23620000
89.46035568,-118.11020000
89.46136048,-110.23620000
89.46236528,-110.23620000
89.46337008,-110.23620000
89.46437488,-110.23620000
89.46537968,-106.29920000
89.46638448,-110.23620000
89.46738928,-102.36220000
89.46839408,-122.04720000
89.46939888,-114.17320000
89.47040368,-114.17320000
89.47140848,-110.23620000
89.47241328,-114.17320000
89.47341808,-114.17320000
89.47442288,-114.17320000
89.47542768,-114.17320000
89.47643248,-114.17320000
89.47743728,-114.17320000
89.47844208,-114.17320000
89.47944688,-106.29920000
89.48045168,-114.17320000
89.48145648,-114.17320000
89.48246128,-110.23620000
89.48346608,-118.11020000
89.48447088,-114.17320000
89.48547568,-110.23620000
89.48648048,-114.17320000
89.48748528,-114.17320000
89.48849008,-110.23620000
89.48949488,-110.23620000
89.49049968,-114.17320000
89.49150448,-114.17320000
89.49250928,-110.23620000
89.49351408,-114.17320000
89.49451888,-102.36220000
89.49552368,-106.29920000
89.49652848,-110.23620000
89.49753328,-106.29920000
89.49853808,-106.29920000
89.49954288,-102.36220000
89.50054768,-106.29920000
89.50155248,-110.23620000
89.50255728,-110.23620000
89.50356208,-102.36220000
89.50456688,-102.36220000
89.50557168,-110.23620000
89.50657648,-102.36220000
89.50758128,-106.29920000
89.50858608,-106.29920000
89.50959088,-106.29920000
89.51059568,-102.36220000
89.51160048,-102.36220000
89.51260528,-102.36220000
89.51361008,-102.36220000
89.51461488,-102.36220000
89.51561968,-106.29920000
89.51662448,-102.36220000
89.51762928,-102.36220000
89.51863408,-102.36220000
89.51963888,-102.36220000
89.52064368,-98.42519000
89.52164848,-110.23620000
89.52265328,-102.36220000
89.52365808,-102.36220000
89.52466288,-102.36220000
89.52566768,-110.23620000
89.52667248,-106.29920000
89.52767728,-106.29920000
89.52868208,-106.29920000
89.52968688,-106.29920000
89.53069168,-106.29920000
89.53169648,-106.29920000
89.53270128,-102.36220000
89.53370608,-102.36220000
89.53471088,-106.29920000
89.53571568,-106.29920000
89.53672048,-106.29920000
89.53772528,-106.29920000
89.53873008,-102.36220000
89.53973488,-106.29920000
89.54073968,-106.29920000
89.54174448,-114.17320000
89.54274928,-106.29920000
89.54375408,-110.23620000
89.54475888,-102.36220000
89.54576368,-98.42519000
89.54676848,-98.42519000
89.54777328,-106.29920000
89.54877808,-94.48818000
89.54978288,-98.42519000
89.55078768,-106.29920000
89.55179248,-98.42519000
89.55279728,-98.42519000
89.55380208,-102.36220000
89.55480688,-94.48818000
89.55581168,-98.42519000
89.55681648,-102.36220000
89.55782128,-102.36220000
89.55882608,-106.29920000
89.55983088,-98.42519000
89.56083568,-98.42519000
89.56184048,-98.42519000
89.56284528,-98.42519000
89.56385008,-98.42519000
89.56485488,-90.55118000
89.56585968,-94.48818000
89.56686448,-102.36220000
89.56786928,-94.48818000
89.56887408,-98.42519000
89.56987888,-94.48818000
89.57088368,-98.42519000
89.57188848,-98.42519000
89.57289328,-98.42519000
89.57389808,-102.36220000
89.57490288,-106.29920000
89.57590768,-98.42519000
89.57691248,-98.42519000
89.57791728,-98.42519000
89.57892208,-102.36220000
89.57992688,-106.29920000
89.58093168,-102.36220000
89.58193648,-102.36220000
89.58294128,-102.36220000
89.58394608,-98.42519000
89.58495088,-98.42519000
89.58595568,-98.42519000
89.58696048,-94.48818000
89.58796528,-98.42519000
89.58897008,-102.36220000
89.58997488,-102.36220000
89.59097968,-98.42519000
89.59198448,-94.48818000
89.59298928,-94.48818000
89.59399408,-94.48818000
89.59499888,-94.48818000
89.59600368,-98.42519000
89.59700848,-102.36220000
89.59801328,-94.48818000
89.59901808,-98.42519000
89.60002288,-102.36220000
89.60102768,-90.55118000
89.60203248,-94.48818000
89.60303728,-106.29920000
89.60404208,-98.42519000
89.60504688,-98.42519000
89.60605168,-102.36220000
89.60705648,-98.42519000
89.60806128,-98.42519000
89.60906608,-98.42519000
89.61007088,-98.42519000
89.61107568,-94.48818000
89.61208048,-98.42519000
89.61308528,-94.48818000
89.61409008,-98.42519000
89.61509488,-98.42519000
89.61609968,-106.29920000
89.61710448,-102.36220000
89.61810928,-106.29920000
89.61911408,-102.36220000
89.62011888,-98.42519000
89.62112368,-98.42519000
89.62212848,-102.36220000
89.62313328,-94.48818000
89.62413808,-98.42519000
89.62514288,-90.55118000
89.62614768,-90.55118000
89.62715248,-94.48818000
89.62815728,-94.48818000
89.62916207,-98.42519000
89.63016687,-90.55118000
89.63117167,-94.48818000
89.63217647,-94.48818000
89.63318127,-94.48818000
89.63418607,-90.55118000
89.63519087,-90.55118000
89.63619567,-90.55118000
89.63720047,-94.48818000
89.63820527,-98.42519000
89.63921007,-90.55118000
89.64021487,-94.48818000
89.64121967,-90.55118000
89.64222447,-90.55118000
89.64322927,-94.48818000
89.64423407,-90.55118000
89.64523887,-94.48818000
89.64624367,-90.55118000
89.64724847,-94.48818000
89.64825327,-90.55118000
89.64925807,-94.48818000
89.65026287,-90.55118000
89.65126767,-90.55118000
89.65227247,-94.48818000
89.65327727,-98.42519000
89.65428207,-98.42519000
89.65528687,-94.48818000
89.65629167,-102.36220000
89.65729647,-94.48818000
89.65830127,-82.67715000
89.65930607,-86.61417000
89.66031087,-90.55118000
89.66131567,-86.61417000
89.66232047,-90.55118000
89.66332527,-90.55118000
89.66433007,-90.55118000
89.66533487,-86.61417000
89.66633967,-90.55118000
89.66734447,-94.48818000
89.66834927,-90.55118000
89.66935407,-90.55118000
89.67035887,-90.55118000
89.67136367,-94.48818000
89.67236847,-94.48818000
89.67337327,-94.48818000
89.67437807,-90.55118000
89.67538287,-90.55118000
89.67638767,-94.48818000
89.67739247,-86.61417000
89.67839727,-94.48818000
89.67940207,-90.55118000
89.68040687,-90.55118000
89.68141167,-94.48818000
89.68241647,-94.48818000
89.68342127,-90.55118000
89.68442607,-90.55118000
89.68543087,-90.55118000
89.68643567,-90.55118000
89.68744047,-90.55118000
89.68844527,-98.42519000
89.68945007,-94.48818000
89.69045487,-90.55118000
89.69145967,-86.61417000
89.69246447,-90.55118000
89.69346927,-86.61417000
89.69447407,-86.61417000
89.69547887,-90.55118000
89.69648367,-86.61417000
89.69748847,-86.61417000
89.69849327,-82.67715000
89.69949807,-82.67715000
89.70050287,-86.61417000
89.70150767,-86.61417000
89.70251247,-94.48818000
89.70351727,-90.55118000
89.70452207,-90.55118000
89.70552687,-94.48818000
89.70653167,-86.61417000
89.70753647,-90.55118000
89.70854127,-86.61417000
89.70954607,-82.67715000
89.71055087,-90.55118000
89.71155567,-86.61417000
89.71256047,-86.61417000
89.71356527,-90.55118000
89.71457007,-82.67715000
89.71557487,-86.61417000
89.71657967,-94.48818000
89.71758447,-90.55118000
89.71858927,-90.55118000
89.71959407,-90.55118000
89.72059887,-94.48818000
89.72160367,-90.55118000
89.72260847,-90.55118000
89.72361327,-90.55118000
89.72461807,-90.55118000
89.72562287,-90.55118000
89.72662767,-98.42519000
89.72763247,-94.48818000
89.72863727,-90.55118000
89.72964207,-90.55118000
89.73064687,-94.48818000
89.73165167,-90.55118000
89.73265647,-82.67715000
89.73366127,-86.61417000
89.73466607,-78.74015000
89.73567087,-82.67715000
89.73667567,-90.55118000
89.73768047,-90.55118000
89.73868527,-82.67715000
89.73969007,-86.61417000
89.74069487,-86.61417000
89.74169967,-86.61417000
89.74270447,-82.67715000
89.74370927,-86.61417000
89.74471407,-86.61417000
89.74571887,-78.74015000
89.74672367,-82.67715000
89.74772847,-82.67715000
89.74873327,-82.67715000
89.74973807,-86.61417000
89.75074287,-78.74015000
89.75174767,-86.61417000
89.75275247,-82.67715000
89.75375727,-86.61417000
89.75476207,-86.61417000
89.75576687,-90.55118000
89.75677167,-90.55118000
89.75777647,-82.67715000
89.75878127,-86.61417000
89.75978607,-82.67715000
89.76079087,-82.67715000
89.76179567,-86.61417000
89.76280047,-86.61417000
89.76380527,-86.61417000
89.76481007,-90.55118000
89.76581487,-90.55118000
89.76681967,-86.61417000
89.76782447,-90.55118000
89.76882927,-90.55118000
89.76983407,-90.55118000
89.77083887,-82.67715000
89.77184367,-82.67715000
89.77284847,-82.67715000
89.77385327,-82.67715000
89.77485807,-86.61417000
89.77586287,-86.61417000
89.77686767,-78.74015000
89.77787247,-86.61417000
89.77887727,-86.61417000
89.77988207,-82.67715000
89.78088687,-86.61417000
89.78189167,-86.61417000
89.78289647,-86.61417000
89.78390127,-82.67715000
89.78490607,-86.61417000
89.78591087,-86.61417000
89.78691567,-86.61417000
89.78792047,-82.67715000
89.78892527,-82.67715000
89.78993007,-86.61417000
89.79093487,-86.61417000
89.79193967,-82.67715000
89.79294447,-82.67715000
89.79394927,-82.67715000
89.79495407,-86.61417000
89.79595887,-82.67715000
89.79696367,-82.67715000
89.79796847,-82.67715000
89.79897327,-82.67715000
89.79997807,-90.55118000
89.80098287,-90.55118000
89.80198767,-74.80315000
89.80299247,-66.92913000
89.80399727,-90.55118000
89.80500207,-86.61417000
89.80600687,-82.67715000
89.80701167,-78.74015000
89.80801647,-78.74015000
89.80902127,-82.67715000
89.81002607,-82.67715000
89.81103087,-78.74015000
89.81203567,-78.74015000
89.81304047,-78.74015000
89.81404527,-82.67715000
89.81505007,-78.74015000
89.81605487,-86.61417000
89.81705967,-86.61417000
89.81806447,-78.74015000
89.81906927,-82.67715000
89.82007407,-82.67715000
89.82107887,-78.74015000
89.82208367,-82.67715000
89.82308847,-86.61417000
89.82409327,-78.74015000
89.82509807,-82.67715000
89.82610287,-82.67715000
89.82710767,-82.67715000
89.82811247,-78.74015000
89.82911727,-78.74015000
89.83012207,-86.61417000
89.83112687,-74.80315000
89.83213167,-86.61417000
89.83313647,-86.61417000
89.83414127,-86.61417000
89.83514607,-82.67715000
89.83615087,-74.80315000
89.83715567,-78.74015000
89.83816047,-82.67715000
89.83916527,-86.61417000
89.84017007,-82.67715000
89.84117487,-86.61417000
89.84217967,-86.61417000
89.84318447,-86.61417000
89.84418927,-78.74015000
89.84519407,-78.74015000
89.84619887,-82.67715000
89.84720367,-78.74015000
89.84820847,-74.80315000
89.84921327,-78.74015000
89.85021807,-82.67715000
89.85122287,-82.67715000
89.85222767,-86.61417000
89.85323247,-78.74015000
89.85423727,-78.74015000
89.85524207,-82.67715000
89.85624687,-78.74015000
89.85725167,-82.67715000
89.85825647,-78.74015000
89.85926127,-82.67715000
89.86026607,-74.80315000
89.86127087,-78.74015000
89.86227567,-78.74015000
89.86328047,-78.74015000
89.86428527,-78.74015000
89.86529007,-82.67715000
89.86629487,-82.67715000
89.86729967,-82.67715000
89.86830447,-78.74015000
89.86930927,-78.74015000
89.87031407,-78.74015000
89.87131887,-86.61417000
89.87232367,-78.74015000
89.87332847,-74.80315000
89.87433327,-78.74015000
89.87533807,-82.67715000
89.87634287,-74.80315000
89.87734767,-86.61417000
89.87835247,-82.67715000
89.87935727,-78.74015000
89.88036207,-86.61417000
89.88136687,-78.74015000
89.88237167,-82.67715000
89.88337647,-82.67715000
89.88438127,-70.86613000
89.88538607,-74.80315000
89.88639087,-78.74015000
89.88739567,-74.80315000
89.88840047,-74.80315000
89.88940527,-78.74015000
89.89041007,-78.74015000
89.89141487,-74.80315000
89.89241967,-78.74015000
89.89342447,-78.74015000
89.89442927,-74.80315000
89.89543407,-74.80315000
89.89643887,-74.80315000
89.89744367,-82.67715000
89.89844847,-82.67715000
89.89945327,-78.74015000
89.90045807,-62.99212000
89.90146287,-74.80315000
89.90246767,-74.80315000
89.90347247,-74.80315000
89.90447727,-78.74015000
89.90548207,-78.74015000
89.90648687,-74.80315000
89.90749167,-74.80315000
89.90849647,-74.80315000
89.90950127,-70.86613000
89.91050607,-74.80315000
89.91151087,-78.74015000
89.91251567,-74.80315000
89.91352047,-78.74015000
89.91452527,-82.67715000
89.91553007,-82.67715000
89.91653487,-78.74015000
89.91753967,-78.74015000
89.91854447,-82.67715000
89.91954927,-78.74015000
89.92055407,-74.80315000
89.92155887,-78.74015000
89.92256367,-74.80315000
89.92356847,-74.80315000
89.92457327,-78.74015000
89.92557807,-74.80315000
89.92658287,-74.80315000
89.92758767,-74.80315000
89.92859247,-74.80315000
89.92959727,-78.74015000
89.93060207,-74.80315000
89.93160687,-78.74015000
89.93261167,-78.74015000
89.93361647,-78.74015000
89.93462127,-78.74015000
89.93562607,-82.67715000
89.93663087,-74.80315000
89.93763567,-74.80315000
89.93864047,-74.80315000
89.93964527,-70.86613000
89.94065007,-74.80315000
89.94165487,-74.80315000
89.94265967,-78.74015000
89.94366447,-74.80315000
89.94466927,-74.80315000
89.94567407,-74.80315000
89.94667887,-74.80315000
89.94768367,-78.74015000
89.94868847,-74.80315000
89.94969327,-74.80315000
89.95069807,-74.80315000
89.95170287,-86.61417000
89.95270767,-78.74015000
89.95371247,-74.80315000
89.95471727,-78.74015000
89.95572207,-78.74015000
89.95672687,-74.80315000
89.95773166,-74.80315000
89.95873646,-70.86613000
89.95974126,-70.86613000
89.96074606,-70.86613000
89.96175086,-74.80315000
89.96275566,-70.86613000
89.96376046,-74.80315000
89.96476526,-74.80315000
89.96577006,-74.80315000
89.96677486,-74.80315000
89.96777966,-78.74015000
89.96878446,-78.74015000
89.96978926,-74.80315000
89.97079406,-74.80315000
89.97179886,-74.80315000
89.97280366,-70.86613000
89.97380846,-70.86613000
89.97481326,-66.92913000
89.97581806,-78.74015000
89.97682286,-78.74015000
89.97782766,-74.80315000
89.97883246,-78.74015000
89.97983726,-74.80315000
89.98084206,-74.80315000
89.98184686,-74.80315000
89.98285166,-78.74015000
89.98385646,-78.74015000
89.98486126,-70.86613000
89.98586606,-74.80315000
89.98687086,-70.86613000
89.98787566,-70.86613000
89.98888046,-66.92913000
89.98988526,-70.86613000
89.99089006,-74.80315000
89.99189486,-70.86613000
89.99289966,-74.80315000
89.99390446,-70.86613000
89.99490926,-78.74015000
89.99591406,-70.86613000
89.99691886,-74.80315000
89.99792366,-70.86613000
89.99892846,-70.86613000
89.99993326,-70.86613000
90.00093806,-70.86613000
90.00194286,-74.80315000
90.00294766,-66.92913000
90.00395246,-66.92913000
90.00495726,-74.80315000
90.00596206,-70.86613000
90.00696686,-70.86613000
90.00797166,-66.92913000
90.00897646,-74.80315000
90.00998126,-70.86613000
90.01098606,-66.92913000
90.01199086,-70.86613000
90.01299566,-70.86613000
90.01400046,-70.86613000
90.01500526,-74.80315000
90.01601006,-70.86613000
90.01701486,-66.92913000
90.01801966,-74.80315000
90.01902446,-70.86613000
90.02002926,-66.92913000
90.02103406,-70.86613000
90.02203886,-70.86613000
90.02304366,-74.80315000
90.02404846,-70.86613000
90.02505326,-70.86613000
90.02605806,-66.92913000
90.02706286,-66.92913000
90.02806766,-78.74015000
90.02907246,-74.80315000
90.03007726,-78.74015000
90.03108206,-66.92913000
90.03208686,-70.86613000
90.03309166,-66.92913000
90.03409646,-70.86613000
90.03510126,-59.05511000
90.03610606,-74.80315000
90.03711086,-70.86613000
90.03811566,-66.92913000
90.03912046,-62.99212000
90.04012526,-66.92913000
90.04113006,-70.86613000
90.04213486,-62.99212000
90.04313966,-74.80315000
90.04414446,-78.74015000
90.04514926,-70.86613000
90.04615406,-78.74015000
90.04715886,-70.86613000
90.04816366,-66.92913000
90.04916846,-70.86613000
90.05017326,-66.92913000
90.05117806,-70.86613000
90.05218286,-66.92913000
90.05318766,-70.86613000
90.05419246,-70.86613000
90.05519726,-70.86613000
90.05620206,-62.99212000
90.05720686,-66.92913000
90.05821166,-74.80315000
90.05921646,-70.86613000
90.06022126,-74.80315000
90.06122606,-70.86613000
90.06223086,-62.99212000
90.06323566,-66.92913000
90.06424046,-66.92913000
90.06524526,-74.80315000
90.06625006,-70.86613000
90.06725486,-70.86613000
90.06825966,-74.80315000
90.06926446,-70.86613000
90.07026926,-70.86613000
90.07127406,-74.80315000
90.07227886,-66.92913000
90.07328366,-66.92913000
90.07428846,-70.86613000
90.07529326,-70.86613000
90.07629806,-70.86613000
90.07730286,-70.86613000
90.07830766,-66.92913000
90.07931246,-70.86613000
90.08031726,-62.99212000
90.08132206,-66.92913000
90.08232686,-66.92913000
90.08333166,-70.86613000
90.08433646,-70.86613000
90.08534126,-70.86613000
90.08634606,-66.92913000
90.08735086,-66.92913000
90.08835566,-66.92913000
90.08936046,-66.92913000
90.09036526,-70.86613000
90.09137006,-62.99212000
90.09237486,-74.80315000
90.09337966,-74.80315000
90.09438446,-66.92913000
90.09538926,-62.99212000
90.09639406,-70.86613000
90.09739886,-66.92913000
90.09840366,-70.86613000
90.09940846,-66.92913000
90.10041326,-66.92913000
90.10141806,-70.86613000
90.10242286,-70.86613000
90.10342766,-74.80315000
90.10443246,-70.86613000
90.10543726,-74.80315000
90.10644206,-66.92913000
90.10744686,-66.92913000
90.10845166,-74.80315000
90.10945646,-66.92913000
90.11046126,-66.92913000
90.11146606,-66.92913000
90.11247086,-66.92913000
90.11347566,-70.86613000
90.11448046,-62.99212000
90.11548526,-66.92913000
90.11649006,-70.86613000
90.11749486,-62.99212000
90.11849966,-62.99212000
90.11950446,-70.86613000
90.12050926,-70.86613000
90.12151406,-66.92913000
90.12251886,-66.92913000
90.12352366,-66.92913000
90.12452846,-66.92913000
90.12553326,-66.92913000
90.12653806,-66.92913000
90.12754286,-70.86613000
90.12854766,-62.99212000
90.12955246,-59.05511000
90.13055726,-62.99212000
90.13156206,-62.99212000
90.13256686,-66.92913000
90.13357166,-62.99212000
90.13457646,-66.92913000
90.13558126,-62.99212000
90.13658606,-66.92913000
90.13759086,-62.99212000
90.13859566,-66.92913000
90.13960046,-70.86613000
90.14060526,-66.92913000
90.14161006,-66.92913000
90.14261486,-74.80315000
90.14361966,-70.86613000
90.14462446,-66.92913000
90.14562926,-62.99212000
90.14663406,-59.05511000
90.14763886,-59.05511000
90.14864366,-62.99212000
90.14964846,-59.05511000
90.15065326,-62.99212000
90.15165806,-62.99212000
90.15266286,-66.92913000
90.15366766,-66.92913000
90.15467246,-59.05511000
90.15567726,-62.99212000
90.15668206,-62.99212000
90.15768686,-62.99212000
90.15869166,-66.92913000
90.15969646,-62.99212000
90.16070126,-55.11811000
90.16170606,-62.99212000
90.16271086,-62.99212000
90.16371566,-66.92913000
90.16472046,-66.92913000
90.16572526,-66.92913000
90.16673006,-62.99212000
90.16773486,-59.05511000
90.16873966,-62.99212000
90.16974446,-66.92913000
90.17074926,-70.86613000
90.17175406,-62.99212000
90.17275886,-62.99212000
90.17376366,-62.99212000
90.17476846,-66.92913000
90.17577326,-59.05511000
90.17677806,-70.86613000
90.17778286,-59.05511000
90.17878766,-74.80315000
90.17979246,-70.86613000
90.18079726,-70.86613000
90.18180206,-62.99212000
90.18280686,-59.05511000
90.18381166,-66.92913000
90.18481646,-62.99212000
90.18582126,-62.99212000
90.18682606,-62.99212000
90.18783086,-62.99212000
90.18883566,-55.11811000
90.18984046,-62.99212000
90.19084526,-62.99212000
90.19185006,-66.92913000
90.19285486,-62.99212000
90.19385966,-66.92913000
90.19486446,-66.92913000
90.19586926,-59.05511000
90.19687406,-62.99212000
90.19787886,-59.05511000
90.19888366,-59.05511000
90.19988846,-62.99212000
90.20089326,-59.05511000
90.20189806,-62.99212000
90.20290286,-59.05511000
90.20390766,-59.05511000
90.20491246,-62.99212000
90.20591726,-66.92913000
90.20692206,-66.92913000
90.20792686,-66.92913000
90.20893166,-43.30709000
90.20993646,-59.05511000
90.21094126,-62.99212000
90.21194606,-59.05511000
90.21295086,-59.05511000
90.21395566,-55.11811000
90.21496046,-62.99212000
90.21596526,-62.99212000
90.21697006,-62.99212000
90.21797486,-62.99212000
90.21897966,-66.92913000
90.21998446,-62.99212000
90.22098926,-66.92913000
90.22199406,-59.05511000
90.22299886,-62.99212000
90.22400366,-62.99212000
90.22500846,-62.99212000
90.22601326,-62.99212000
90.22701806,-62.99212000
90.22802286,-62.99212000
90.22902766,-55.11811000
90.23003246,-62.99212000
90.23103726,-66.92913000
90.23204206,-62.99212000
90.23304686,-59.05511000
90.23405166,-62.99212000
90.23505646,-59.05511000
90.23606126,-62.99212000
90.23706606,-66.92913000
90.23807086,-62.99212000
90.23907566,-66.92913000
90.24008046,-62.99212000
90.24108526,-62.99212000
90.24209006,-62.99212000
90.24309486,-62.99212000
90.24409966,-59.05511000
90.24510446,-62.99212000
90.24610926,-62.99212000
90.24711406,-62.99212000
90.24811886,-55.11811000
90.24912366,-59.05511000
90.25012846,-62.99212000
90.25113326,-62.99212000
90.25213806,-59.05511000
90.25314286,-66.92913000
90.25414766,-62.99212000
90.25515246,-70.86613000
90.25615726,-70.86613000
90.25716206,-66.92913000
90.25816686,-59.05511000
90.25917166,-62.99212000
90.26017646,-59.05511000
90.26118126,-55.11811000
90.26218606,-55.11811000
90.26319086,-59.05511000
90.26419566,-59.05511000
90.26520046,-59.05511000
90.26620526,-59.05511000
90.26721006,-62.99212000
90.26821486,-59.05511000
90.26921966,-59.05511000
90.27022446,-59.05511000
90.27122926,-62.99212000
90.27223406,-66.92913000
90.27323886,-62.99212000
90.27424366,-59.05511000
90.27524846,-62.99212000
90.27625326,-59.05511000
90.27725806,-59.05511000
90.27826286,-62.99212000
90.27926766,-62.99212000
90.28027246,-62.99212000
90.28127726,-59.05511000
90.28228206,-62.99212000
90.28328686,-59.05511000
90.28429166,-62.99212000
90.28529646,-62.99212000
90.28630125,-55.11811000
90.28730605,-59.05511000
90.28831085,-70.86613000
90.28931565,-62.99212000
90.29032045,-62.99212000
90.29132525,-59.05511000
90.29233005,-70.86613000
90.29333485,-62.99212000
90.29433965,-62.99212000
90.29534445,-62.99212000
90.29634925,-62.99212000
90.29735405,-62.99212000
90.29835885,-59.05511000
90.29936365,-59.05511000
90.30036845,-55.11811000
90.30137325,-59.05511000
90.30237805,-59.05511000
90.30338285,-66.92913000
90.30438765,-62.99212000
90.30539245,-59.05511000
90.30639725,-47.24409000
90.30740205,-55.11811000
90.30840685,-59.05511000
90.30941165,-55.11811000
90.31041645,-59.05511000
90.31142125,-59.05511000
90.31242605,-59.05511000
90.31343085,-59.05511000
90.31443565,-59.05511000
90.31544045,-59.05511000
90.31644525,-55.11811000
90.31745005,-62.99212000
90.31845485,-59.05511000
90.31945965,-59.05511000
90.32046445,-59.05511000
90.32146925,-59.05511000
90.32247405,-59.05511000
90.32347885,-59.05511000
90.32448365,-59.05511000
90.32548845,-55.11811000
90.32649325,-55.11811000
90.32749805,-59.05511000
90.32850285,-55.11811000
90.32950765,-59.05511000
90.33051245,-70.86613000
90.33151725,-59.05511000
90.33252205,-59.05511000
90.33352685,-62.99212000
90.33453165,-59.05511000
90.33553645,-55.11811000
90.33654125,-59.05511000
90.33754605,-59.05511000
90.33855085,-59.05511000
90.33955565,-55.11811000
90.34056045,-55.11811000
90.34156525,-59.05511000
90.34257005,-51.18110000
90.34357485,-59.05511000
90.34457965,-55.11811000
90.34558445,-59.05511000
90.34658925,-59.05511000
90.34759405,-59.05511000
90.34859885,-55.11811000
90.34960365,-55.11811000
90.35060845,-59.05511000
90.35161325,-59.05511000
90.35261805,-62.99212000
90.35362285,-59.05511000
90.35462765,-62.99212000
90.35563245,-55.11811000
90.35663725,-55.11811000
90.35764205,-55.11811000
90.35864685,-59.05511000
90.35965165,-51.18110000
90.36065645,-59.05511000
90.36166125,-55.11811000
90.36266605,-55.11811000
90.36367085,-51.18110000
90.36467565,-59.05511000
90.36568045,-59.05511000
90.36668525,-59.05511000
90.36769005,-74.80315000
90.36869485,-62.99212000
90.36969965,-62.99212000
90.37070445,-62.99212000
90.37170925,-59.05511000
90.37271405,-62.99212000
90.37371885,-55.11811000
90.37472365,-59.05511000
90.37572845,-55.11811000
90.37673325,-55.11811000
90.37773805,-51.18110000
90.37874285,-55.11811000
90.37974765,-59.05511000
90.38075245,-59.05511000
90.38175725,-59.05511000
90.38276205,-59.05511000
90.38376685,-51.18110000
90.38477165,-62.99212000
90.38577645,-62.99212000
90.38678125,-59.05511000
90.38778605,-62.99212000
90.38879085,-51.18110000
90.38979565,-59.05511000
90.39080045,-55.11811000
90.39180525,-55.11811000
90.39281005,-62.99212000
90.39381485,-55.11811000
90.39481965,-51.18110000
90.39582445,-55.11811000
90.39682925,-55.11811000
90.39783405,-59.05511000
90.39883885,-59.05511000
90.39984365,-59.05511000
90.40084845,-59.05511000
90.40185325,-70.86613000
90.40285805,-55.11811000
90.40386285,-59.05511000
90.40486765,-55.11811000
90.40587245,-62.99212000
90.40687725,-55.11811000
90.40788205,-62.99212000
90.40888685,-62.99212000
90.40989165,-51.18110000
90.41089645,-51.18110000
90.41190125,-55.11811000
90.41290605,-51.18110000
90.41391085,-51.18110000
90.41491565,-55.11811000
90.41592045,-59.05511000
90.41692525,-51.18110000
90.41793005,-59.05511000
90.41893485,-59.05511000
90.41993965,-59.05511000
90.42094445,-55.11811000
90.42194925,-55.11811000
90.42295405,-55.11811000
90.42395885,-55.11811000
90.42496365,-55.11811000
90.42596845,-55.11811000
90.42697325,-59.05511000
90.42797805,-51.18110000
90.42898285,-55.11811000
90.42998765,-51.18110000
90.43099245,-47.24409000
90.43199725,-59.05511000
90.43300205,-51.18110000
90.43400685,-59.05511000
90.43501165,-59.05511000
90.43601645,-59.05511000
90.43702125,-51.18110000
90.43802605,-55.11811000
90.43903085,-55.11811000
90.44003565,-51.18110000
90.44104045,-55.11811000
90.44204525,-66.92913000
90.44305005,-59.05511000
90.44405485,-51.18110000
90.44505965,-59.05511000
90.44606445,-55.11811000
90.44706925,-59.05511000
90.44807405,-51.18110000
90.44907885,-51.18110000
90.45008365,-55.11811000
90.45108845,-55.11811000
90.45209325,-51.18110000
90.45309805,-55.11811000
90.45410285,-51.18110000
90.45510765,-55.11811000
90.45611245,-51.18110000
90.45711725,-51.18110000
90.45812205,-51.18110000
90.45912685,-51.18110000
90.46013165,-51.18110000
90.46113645,-51.18110000
90.46214125,-51.18110000
90.46314605,-47.24409000
90.46415085,-51.18110000
90.46515565,-51.18110000
90.46616045,-59.05511000
90.46716525,-55.11811000
90.46817005,-55.11811000
90.46917485,-51.18110000
90.47017965,-51.18110000
90.47118445,-51.18110000
90.47218925,-51.18110000
90.47319405,-55.11811000
90.47419885,-51.18110000
90.47520365,-51.18110000
90.47620845,-55.11811000
90.47721325,-55.11811000
90.47821805,-55.11811000
90.47922285,-51.18110000
90.48022765,-66.92913000
90.48123245,-62.99212000
90.48223725,-55.11811000
90.48324205,-55.11811000
90.48424685,-55.11811000
90.48525165,-55.11811000
90.48625645,-51.18110000
90.48726125,-51.18110000
90.48826605,-51.18110000
90.48927085,-55.11811000
90.49027565,-47.24409000
90.49128045,-55.11811000
90.49228525,-55.11811000
90.49329005,-47.24409000
90.49429485,-55.11811000
90.49529965,-51.18110000
90.49630445,-51.18110000
90.49730925,-51.18110000
90.49831405,-59.05511000
90.49931885,-55.11811000
90.50032365,-59.05511000
90.50132845,-59.05511000
90.50233325,-55.11811000
90.50333805,-55.11811000
90.50434285,-51.18110000
90.50534765,-55.11811000
90.50635245,-47.24409000
90.50735725,-59.05511000
90.50836205,-55.11811000
90.50936685,-55.11811000
90.51037165,-55.11811000
90.51137645,-55.11811000
90.51238125,-51.18110000
90.51338605,-55.11811000
90.51439085,-51.18110000
90.51539565,-59.05511000
90.51640045,-59.05511000
90.51740525,-51.18110000
90.51841005,-51.18110000
90.51941485,-51.18110000
90.52041965,-62.99212000
90.52142445,-51.18110000
90.52242925,-55.11811000
90.52343405,-55.11811000
90.52443885,-51.18110000
90.52544365,-51.18110000
90.52644845,-51.18110000
90.52745325,-47.24409000
90.52845805,-47.24409000
90.52946285,-51.18110000
90.53046765,-47.24409000
90.53147245,-51.18110000
90.53247725,-55.11811000
90.53348205,-51.18110000
90.53448685,-51.18110000
90.53549165,-47.24409000
90.53649645,-51.18110000
90.53750125,-51.18110000
90.53850605,-51.18110000
90.53951085,-47.24409000
90.54051565,-43.30709000
90.54152045,-51.18110000
90.54252525,-51.18110000
90.54353005,-51.18110000
90.54453485,-47.24409000
90.54553965,-55.11811000
90.54654445,-51.18110000
90.54754925,-47.24409000
90.54855405,-59.05511000
90.54955885,-51.18110000
90.55056365,-47.24409000
90.55156845,-47.24409000
90.55257325,-51.18110000
90.55357805,-51.18110000
90.55458285,-51.18110000
90.55558765,-59.05511000
90.55659245,-59.05511000
90.55759725,-51.18110000
90.55860205,-55.11811000
90.55960685,-51.18110000
90.56061165,-51.18110000
90.56161645,-51.18110000
90.56262125,-51.18110000
90.56362605,-47.24409000
90.56463085,-51.18110000
90.56563565,-51.18110000
90.56664045,-51.18110000
90.56764525,-47.24409000
90.56865005,-51.18110000
90.56965485,-47.24409000
90.57065965,-51.18110000
90.57166445,-51.18110000
90.57266925,-55.11811000
90.57367405,-51.18110000
90.57467885,-51.18110000
90.57568365,-51.18110000
90.57668845,-47.24409000
90.57769325,-47.24409000
90.57869805,-51.18110000
90.57970285,-55.11811000
90.58070765,-55.11811000
90.58171245,-51.18110000
90.58271725,-51.18110000
90.58372205,-51.18110000
90.58472685,-51.18110000
90.58573165,-47.24409000
90.58673645,-47.24409000
90.58774125,-47.24409000
90.58874605,-55.11811000
90.58975085,-47.24409000
90.59075565,-43.30709000
90.59176045,-47.24409000
90.59276525,-51.18110000
90.59377005,-55.11811000
90.59477485,-51.18110000
90.59577965,-51.18110000
90.59678445,-55.11811000
90.59778925,-51.18110000
90.59879405,-55.11811000
90.59979885,-39.37008000
90.60080365,-43.30709000
90.60180845,-47.24409000
90.60281325,-47.24409000
90.60381805,-51.18110000
90.60482285,-43.30709000
90.60582765,-47.24409000
90.60683245,-47.24409000
90.60783725,-47.24409000
90.60884205,-47.24409000
90.60984685,-47.24409000
90.61085165,-47.24409000
90.61185645,-55.11811000
90.61286125,-47.24409000
90.61386605,-43.30709000
90.61487085,-31.49606000
90.61587564,-47.24409000
90.61688044,-47.24409000
90.61788524,-47.24409000
90.61889004,-43.30709000
90.61989484,-47.24409000
90.62089964,-47.24409000
90.62190444,-51.18110000
90.62290924,-51.18110000
90.62391404,-51.18110000
90.62491884,-47.24409000
90.62592364,-51.18110000
90.62692844,-47.24409000
90.62793324,-47.24409000
90.62893804,-51.18110000
90.62994284,-55.11811000
90.63094764,-55.11811000
90.63195244,-51.18110000
90.63295724,-51.18110000
90.63396204,-47.24409000
90.63496684,-51.18110000
90.63597164,-47.24409000
90.63697644,-51.18110000
90.63798124,-47.24409000
90.63898604,-47.24409000
90.63999084,-39.37008000
90.64099564,-47.24409000
90.64200044,-43.30709000
90.64300524,-39.37008000
90.64401004,-39.37008000
90.64501484,-51.18110000
90.64601964,-51.18110000
90.64702444,-47.24409000
90.64802924,-47.24409000
90.64903404,-47.24409000
90.65003884,-47.24409000
90.65104364,-47.24409000
90.65204844,-43.30709000
90.65305324,-35.43307000
90.65405804,-43.30709000
90.65506284,-43.30709000
90.65606764,-43.30709000
90.65707244,-47.24409000
90.65807724,-43.30709000
90.65908204,-35.43307000
90.66008684,-43.30709000
90.66109164,-43.30709000
90.66209644,-47.24409000
90.66310124,-43.30709000
90.66410604,-43.30709000
90.66511084,-39.37008000
90.66611564,-43.30709000
90.66712044,-43.30709000
90.66812524,-47.24409000
90.66913004,-59.05511000
90.67013484,-47.24409000
90.67113964,-47.24409000
90.67214444,-43.30709000
90.67314924,-35.43307000
90.67415404,-47.24409000
90.67515884,-43.30709000
90.67616364,-39.37008000
90.67716844,-47.24409000
90.67817324,-43.30709000
90.67917804,-51.18110000
90.68018284,-43.30709000
90.68118764,-39.37008000
90.68219244,-47.24409000
90.68319724,-43.30709000
90.68420204,-39.37008000
90.68520684,-39.37008000
90.68621164,-43.30709000
90.68721644,-43.30709000
90.68822124,-47.24409000
90.68922604,-43.30709000
90.69023084,-47.24409000
90.69123564,-43.30709000
90.69224044,-39.37008000
90.69324524,-39.37008000
90.69425004,-47.24409000
90.69525484,-43.30709000
90.69625964,-47.24409000
90.69726444,-47.24409000
90.69826924,-39.37008000
90.69927404,-47.24409000
90.70027884,-39.37008000
90.70128364,-39.37008000
90.70228844,-43.30709000
90.70329324,-39.37008000
90.70429804,-39.37008000
90.70530284,-39.37008000
90.70630764,-55.11811000
90.70731244,-51.18110000
90.70831724,-47.24409000
90.70932204,-59.05511000
90.71032684,-47.24409000
90.71133164,-43.30709000
90.71233644,-31.49606000
90.71334124,-43.30709000
90.71434604,-43.30709000
90.71535084,-43.30709000
90.71635564,-39.37008000
90.71736044,-39.37008000
90.71836524,-39.37008000
90.71937004,-39.37008000
90.72037484,-43.30709000
90.72137964,-39.37008000
90.72238444,-43.30709000
90.72338924,-39.37008000
90.72439404,-43.30709000
90.72539884,-43.30709000
90.72640364,-47.24409000
90.72740844,-43.30709000
90.72841324,-43.30709000
90.72941804,-35.43307000
90.73042284,-39.37008000
90.73142764,-39.37008000
90.73243244,-39.37008000
90.73343724,-43.30709000
90.73444204,-39.37008000
90.73544684,-39.37008000
90.73645164,-39.37008000
90.73745644,-39.37008000
90.73846124,-43.30709000
90.73946604,-39.37008000
90.74047084,-39.37008000
90.74147564,-43.30709000
90.74248044,-39.37008000
90.74348524,-43.30709000
90.74449004,-39.37008000
90.74549484,-47.24409000
90.74649964,-43.30709000
90.74750444,-43.30709000
90.74850924,-39.37008000
90.74951404,-35.43307000
90.75051884,-39.37008000
90.75152364,-39.37008000
90.75252844,-35.43307000
90.75353324,-35.43307000
90.75453804,-35.43307000
90.75554284,-43.30709000
90.75654764,-35.43307000
90.75755244,-39.37008000
90.75855724,-43.30709000
90.75956204,-39.37008000
90.76056684,-39.37008000
90.76157164,-35.43307000
90.76257644,-35.43307000
90.76358124,-39.37008000
90.76458604,-35.43307000
90.76559084,-35.43307000
90.76659564,-35.43307000
90.76760044,-43.30709000
90.76860524,-35.43307000
90.76961004,-39.37008000
90.77061484,-35.43307000
90.77161964,-39.37008000
90.77262444,-43.30709000
90.77362924,-35.43307000
90.77463404,-35.43307000
90.77563884,-43.30709000
90.77664364,-43.30709000
90.77764844,-35.43307000
90.77865324,-43.30709000
90.77965804,-35.43307000
90.78066284,-35.43307000
90.78166764,-35.43307000
90.78267244,-31.49606000
90.78367724,-39.37008000
90.78468204,-43.30709000
90.78568684,-39.37008000
90.78669164,-39.37008000
90.78769644,-35.43307000
90.78870124,-39.37008000
90.78970604,-31.49606000
90.79071084,-39.37008000
90.79171564,-39.37008000
90.79272044,-35.43307000
90.79372524,-31.49606000
90.79473004,-31.49606000
90.79573484,-35.43307000
90.79673964,-39.37008000
90.79774444,-35.43307000
90.79874924,-39.37008000
90.79975404,-35.43307000
90.80075884,-35.43307000
90.80176364,-35.43307000
90.80276844,-35.43307000
90.80377324,-39.37008000
90.80477804,-39.37008000
90.80578284,-31.49606000
90.80678764,-39.37008000
90.80779244,-39.37008000
90.80879724,-43.30709000
90.80980204,-31.49606000
90.81080684,-35.43307000
90.81181164,-31.49606000
90.81281644,-35.43307000
90.81382124,-35.43307000
90.81482604,-35.43307000
90.81583084,-31.49606000
90.81683564,-39.37008000
90.81784044,-31.49606000
90.81884524,-35.43307000
90.81985004,-35.43307000
90.82085484,-35.43307000
90.82185964,-39.37008000
90.82286444,-39.37008000
90.82386924,-43.30709000
90.82487404,-35.43307000
90.82587884,-43.30709000
90.82688364,-31.49606000
90.82788844,-31.49606000
90.82889324,-35.43307000
90.82989804,-31.49606000
90.83090284,-35.43307000
90.83190764,-31.49606000
90.83291244,-31.49606000
90.83391724,-35.43307000
90.83492204,-35.43307000
90.83592684,-35.43307000
90.83693164,-35.43307000
90.83793644,-39.37008000
90.83894124,-39.37008000
90.83994604,-39.37008000
90.84095084,-39.37008000
90.84195564,-39.37008000
90.84296044,-39.37008000
90.84396524,-35.43307000
90.84497004,-35.43307000
90.84597484,-31.49606000
90.84697964,-43.30709000
90.84798444,-35.43307000
90.84898924,-35.43307000
90.84999404,-43.30709000
90.85099884,-39.37008000
90.85200364,-35.43307000
90.85300844,-35.43307000
90.85401324,-35.43307000
90.85501804,-35.43307000
90.85602284,-39.37008000
90.85702764,-39.37008000
90.85803244,-31.49606000
90.85903724,-39.37008000
90.86004204,-39.37008000
90.86104684,-35.43307000
90.86205164,-39.37008000
90.86305644,-31.49606000
90.86406124,-35.43307000
90.86506604,-35.43307000
90.86607084,-35.43307000
90.86707564,-39.37008000
90.86808044,-31.49606000
90.86908524,-35.43307000
90.87009004,-31.49606000
90.87109484,-35.43307000
90.87209964,-39.37008000
90.87310444,-39.37008000
90.87410924,-35.43307000
90.87511404,-31.49606000
90.87611884,-35.43307000
90.87712364,-35.43307000
90.87812844,-31.49606000
90.87913324,-35.43307000
90.88013804,-39.37008000
90.88114284,-31.49606000
90.88214764,-35.43307000
90.88315244,-31.49606000
90.88415724,-35.43307000
90.88516204,-39.37008000
90.88616684,-31.49606000
90.88717164,-31.49606000
90.88817644,-39.37008000
90.88918124,-35.43307000
90.89018604,-35.43307000
90.89119084,-31.49606000
90.89219564,-39.37008000
90.89320044,-35.43307000
90.89420524,-35.43307000
90.89521004,-35.43307000
90.89621484,-31.49606000
90.89721964,-43.30709000
90.89822444,-43.30709000
90.89922924,-39.37008000
90.90023404,-35.43307000
90.90123884,-35.43307000
90.90224364,-31.49606000
90.90324844,-35.43307000
90.90425324,-43.30709000
90.90525804,-35.43307000
90.90626284,-35.43307000
90.90726764,-31.49606000
90.90827244,-39.37008000
90.90927724,-27.55905000
90.91028204,-35.43307000
90.91128684,-31.49606000
90.91229164,-35.43307000
90.91329644,-35.43307000
90.91430124,-31.49606000
90.91530604,-39.37008000
90.91631084,-39.37008000
90.91731564,-31.49606000
90.91832044,-35.43307000
90.91932524,-35.43307000
90.92033004,-31.49606000
90.92133484,-43.30709000
90.92233964,-31.49606000
90.92334444,-35.43307000
90.92434924,-35.43307000
90.92535404,-35.43307000
90.92635884,-35.43307000
90.92736364,-31.49606000
90.92836844,-35.43307000
90.92937324,-39.37008000
90.93037804,-35.43307000
90.93138284,-35.43307000
90.93238764,-35.43307000
90.93339244,-31.49606000
90.93439724,-35.43307000
90.93540204,-39.37008000
90.93640684,-39.37008000
90.93741164,-35.43307000
90.93841644,-43.30709000
90.93942124,-35.43307000
90.94042604,-31.49606000
90.94143084,-31.49606000
90.94243564,-31.49606000
90.94344044,-35.43307000
90.94444523,-31.49606000
90.94545003,-35.43307000
90.94645483,-35.43307000
90.94745963,-35.43307000
90.94846443,-31.49606000
90.94946923,-31.49606000
90.95047403,-31.49606000
90.95147883,-27.55905000
90.95248363,-35.43307000
90.95348843,-39.37008000
90.95449323,-35.43307000
90.95549803,-35.43307000
90.95650283,-31.49606000
90.95750763,-31.49606000
90.95851243,-39.37008000
90.95951723,-31.49606000
90.96052203,-35.43307000
90.96152683,-31.49606000
90.96253163,-31.49606000
90.96353643,-31.49606000
90.96454123,-31.49606000
90.96554603,-35.43307000
90.96655083,-43.30709000
90.96755563,-27.55905000
90.96856043,-31.49606000
90.96956523,-31.49606000
90.97057003,-39.37008000
90.97157483,-35.43307000
90.97257963,-39.37008000
90.97358443,-39.37008000
90.97458923,-35.43307000
90.97559403,-35.43307000
90.97659883,-35.43307000
90.97760363,-35.43307000
90.97860843,-35.43307000
90.97961323,-31.49606000
90.98061803,-35.43307000
90.98162283,-31.49606000
90.98262763,-27.55905000
90.98363243,-35.43307000
90.98463723,-35.43307000
90.98564203,-31.49606000
90.98664683,-35.43307000
90.98765163,-39.37008000
90.98865643,-31.49606000
90.98966123,-31.49606000
90.99066603,-31.49606000
90.99167083,-35.43307000
90.99267563,-35.43307000
90.99368043,-35.43307000
90.99468523,-35.43307000
90.99569003,-35.43307000
90.99669483,-31.49606000
90.99769963,-27.55905000
90.99870443,-31.49606000
90.99970923,-35.43307000
91.00071403,-31.49606000
91.00171883,-35.43307000
91.00272363,-39.37008000
91.00372843,-39.37008000
91.00473323,-31.49606000
91.00573803,-39.37008000
91.00674283,-31.49606000
91.00774763,-31.49606000
91.00875243,-31.49606000
91.00975723,-35.43307000
91.01076203,-47.24409000
91.01176683,-35.43307000
91.01277163,-31.49606000
91.01377643,-35.43307000
91.01478123,-35.43307000
91.01578603,-35.43307000
91.01679083,-35.43307000
91.01779563,-39.37008000
91.01880043,-35.43307000
91.01980523,-35.43307000
91.02081003,-15.74803000
91.02181483,-27.55905000
91.02281963,-35.43307000
91.02382443,-31.49606000
91.02482923,-27.55905000
91.02583403,-31.49606000
91.02683883,-31.49606000
91.02784363,-31.49606000
91.02884843,-31.49606000
91.02985323,-31.49606000
91.03085803,-31.49606000
91.03186283,-31.49606000
91.03286763,-35.43307000
91.03387243,-35.43307000
91.03487723,-35.43307000
91.03588203,-35.43307000
91.03688683,-35.43307000
91.03789163,-31.49606000
91.03889643,-31.49606000
91.03990123,-35.43307000
91.04090603,-39.37008000
91.04191083,-31.49606000
91.04291563,-31.49606000
91.04392043,-35.43307000
91.04492523,-35.43307000
91.04593003,-35.43307000
91.04693483,-31.49606000
91.04793963,-35.43307000
91.04894443,-39.37008000
91.04994923,-35.43307000
91.05095403,-39.37008000
91.05195883,-35.43307000
91.05296363,-35.43307000
91.05396843,-27.55905000
91.05497323,-31.49606000
91.05597803,-27.55905000
91.05698283,-31.49606000
91.05798763,-35.43307000
91.05899243,-31.49606000
91.05999723,-31.49606000
91.06100203,-31.49606000
91.06200683,-27.55905000
91.06301163,-31.49606000
91.06401643,-27.55905000
91.06502123,-31.49606000
91.06602603,-31.49606000
91.06703083,-35.43307000
91.06803563,-35.43307000
91.06904043,-35.43307000
91.07004523,-35.43307000
91.07105003,-31.49606000
91.07205483,-35.43307000
91.07305963,-35.43307000
91.07406443,-31.49606000
91.07506923,-31.49606000
91.07607403,-35.43307000
91.07707883,-31.49606000
91.07808363,-35.43307000
91.07908843,-35.43307000
91.08009323,-35.43307000
91.08109803,-35.43307000
91.08210283,-35.43307000
91.08310763,-35.43307000
91.08411243,-35.43307000
91.08511723,-39.37008000
91.08612203,-43.30709000
91.08712683,-43.30709000
91.08813163,-39.37008000
91.08913643,-35.43307000
91.09014123,-35.43307000
91.09114603,-35.43307000
91.09215083,-31.49606000
91.09315563,-31.49606000
91.09416043,-35.43307000
91.09516523,-35.43307000
91.09617003,-31.49606000
91.09717483,-27.55905000
91.09817963,-35.43307000
91.09918443,-31.49606000
91.10018923,-31.49606000
91.10119403,-31.49606000
91.10219883,-31.49606000
91.10320363,-31.49606000
91.10420843,-31.49606000
91.10521323,-31.49606000
91.10621803,-35.43307000
91.10722283,-31.49606000
91.10822763,-35.43307000
91.10923243,-31.49606000
91.11023723,-35.43307000
91.11124203,-35.43307000
91.11224683,-27.55905000
91.11325163,-31.49606000
91.11425643,-35.43307000
91.11526123,-47.24409000
91.11626603,-31.49606000
91.11727083,-39.37008000
91.11827563,-27.55905000
91.11928043,-35.43307000
91.12028523,-31.49606000
91.12129003,-35.43307000
91.12229483,-23.62205000
91.12329963,-35.43307000
91.12430443,-35.43307000
91.12530923,-35.43307000
91.12631403,-35.43307000
91.12731883,-35.43307000
91.12832363,-31.49606000
91.12932843,-31.49606000
91.13033323,-27.55905000
91.13133803,-31.49606000
91.13234283,-35.43307000
91.13334763,-31.49606000
91.13435243,-39.37008000
91.13535723,-35.43307000
91.13636203,-31.49606000
91.13736683,-31.49606000
91.13837163,-35.43307000
91.13937643,-31.49606000
91.14038123,-31.49606000
91.14138603,-35.43307000
91.14239083,-31.49606000
91.14339563,-31.49606000
91.14440043,-31.49606000
91.14540523,-35.43307000
91.14641003,-39.37008000
91.14741483,-31.49606000
91.14841963,-35.43307000
91.14942443,-31.49606000
91.15042923,-31.49606000
91.15143403,-31.49606000
91.15243883,-31.49606000
91.15344363,-31.49606000
91.15444843,-31.49606000
91.15545323,-23.62205000
91.15645803,-31.49606000
91.15746283,-31.49606000
91.15846763,-31.49606000
91.15947243,-39.37008000
91.16047723,-27.55905000
91.16148203,-35.43307000
91.16248683,-39.37008000
91.16349163,-31.49606000
91.16449643,-35.43307000
91.16550123,-35.43307000
91.16650603,-31.49606000
91.16751083,-23.62205000
91.16851563,-31.49606000
91.16952043,-31.49606000
91.17052523,-31.49606000
91.17153003,-31.49606000
91.17253483,-31.49606000
91.17353963,-31.49606000
91.17454443,-35.43307000
91.17554923,-35.43307000
91.17655403,-27.55905000
91.17755883,-35.43307000
91.17856363,-35.43307000
91.17956843,-31.49606000
91.18057323,-39.37008000
91.18157803,-35.43307000
91.18258283,-35.43307000
91.18358763,-31.49606000
91.18459243,-35.43307000
91.18559723,-39.37008000
91.18660203,-35.43307000
91.18760683,-31.49606000
91.18861163,-31.49606000
91.18961643,-31.49606000
91.19062123,-39.37008000
91.19162603,-31.49606000
91.19263083,-31.49606000
91.19363563,-31.49606000
91.19464043,-35.43307000
91.19564523,-27.55905000
91.19665003,-39.37008000
91.19765483,-47.24409000
91.19865963,-39.37008000
91.19966443,-39.37008000
91.20066923,-31.49606000
91.20167403,-35.43307000
91.20267883,-27.55905000
91.20368363,-35.43307000
91.20468843,-31.49606000
91.20569323,-31.49606000
91.20669803,-31.49606000
91.20770283,-31.49606000
91.20870763,-23.62205000
91.20971243,-31.49606000
91.21071723,-35.43307000
91.21172203,-27.55905000
91.21272683,-47.24409000
91.21373163,-39.37008000
91.21473643,-31.49606000
91.21574123,-31.49606000
91.21674603,-27.55905000
91.21775083,-31.49606000
91.21875563,-31.49606000
91.21976043,-31.49606000
91.22076523,-35.43307000
91.22177003,-31.49606000
91.22277483,-31.49606000
91.22377963,-31.49606000
91.22478443,-31.49606000
91.22578923,-31.49606000
91.22679403,-31.49606000
91.22779883,-27.55905000
91.22880363,-35.43307000
91.22980843,-39.37008000
91.23081323,-31.49606000
91.23181803,-35.43307000
91.23282283,-31.49606000
91.23382763,-35.43307000
91.23483243,-31.49606000
91.23583723,-39.37008000
91.23684203,-39.37008000
91.23784683,-35.43307000
91.23885163,-31.49606000
91.23985643,-31.49606000
91.24086123,-31.49606000
91.24186603,-31.49606000
91.24287083,-27.55905000
91.24387563,-31.49606000
91.24488043,-27.55905000
91.24588523,-35.43307000
91.24689003,-31.49606000
91.24789483,-35.43307000
91.24889963,-27.55905000
91.24990443,-35.43307000
91.25090923,-35.43307000
91.25191403,-35.43307000
91.25291883,-31.49606000
91.25392363,-31.49606000
91.25492843,-31.49606000
91.25593323,-31.49606000
91.25693803,-31.49606000
91.25794283,-31.49606000
91.25894763,-31.49606000
91.25995243,-35.43307000
91.26095723,-31.49606000
91.26196203,-39.37008000
91.26296683,-39.37008000
91.26397163,-35.43307000
91.26497643,-35.43307000
91.26598123,-31.49606000
91.26698603,-35.43307000
91.26799083,-39.37008000
91.26899563,-27.55905000
91.27000043,-31.49606000
91.27100523,-31.49606000
91.27201003,-31.49606000
91.27301482,-35.43307000
91.27401962,-35.43307000
91.27502442,-35.43307000
91.27602922,-35.43307000
91.27703402,-31.49606000
91.27803882,-31.49606000
91.27904362,-35.43307000
91.28004842,-35.43307000
91.28105322,-27.55905000
91.28205802,-23.62205000
91.28306282,-31.49606000
91.28406762,-27.55905000
91.28507242,-31.49606000
91.28607722,-31.49606000
91.28708202,-31.49606000
91.28808682,-23.62205000
91.28909162,-27.55905000
91.29009642,-31.49606000
91.29110122,-27.55905000
91.29210602,-31.49606000
91.29311082,-31.49606000
91.29411562,-27.55905000
91.29512042,-31.49606000
91.29612522,-35.43307000
91.29713002,-27.55905000
91.29813482,-27.55905000
91.29913962,-31.49606000
91.30014442,-31.49606000
91.30114922,-35.43307000
91.30215402,-35.43307000
91.30315882,-35.43307000
91.30416362,-35.43307000
91.30516842,-31.49606000
91.30617322,-35.43307000
91.30717802,-31.49606000
91.30818282,-31.49606000
91.30918762,-31.49606000
91.31019242,-39.37008000
91.31119722,-23.62205000
91.31220202,-43.30709000
91.31320682,-35.43307000
91.31421162,-43.30709000
91.31521642,-35.43307000
91.31622122,-31.49606000
91.31722602,-31.49606000
91.31823082,-27.55905000
91.31923562,-27.55905000
91.32024042,-35.43307000
91.32124522,-27.55905000
91.32225002,-27.55905000
91.32325482,-27.55905000
91.32425962,-27.55905000
91.32526442,-31.49606000
91.32626922,-31.49606000
91.32727402,-31.49606000
91.32827882,-35.43307000
91.32928362,-35.43307000
91.33028842,-31.49606000
91.33129322,-27.55905000
91.33229802,-31.49606000
91.33330282,-31.49606000
91.33430762,-27.55905000
91.33531242,-27.55905000
91.33631722,-27.55905000
91.33732202,-27.55905000
91.33832682,-31.49606000
91.33933162,-31.49606000
91.34033642,-27.55905000
91.34134122,-31.49606000
91.34234602,-31.49606000
91.34335082,-35.43307000
91.34435562,-35.43307000
91.34536042,-35.43307000
91.34636522,-31.49606000
91.34737002,-31.49606000
91.34837482,-35.43307000
91.34937962,-35.43307000
91.35038442,-31.49606000
91.35138922,-39.37008000
91.35239402,-27.55905000
91.35339882,-35.43307000
91.35440362,-31.49606000
91.35540842,-31.49606000
91.35641322,-31.49606000
91.35741802,-31.49606000
91.35842282,-27.55905000
91.35942762,-35.43307000
91.36043242,-35.43307000
91.36143722,-31.49606000
91.36244202,-31.49606000
91.36344682,-31.49606000
91.36445162,-31.49606000
91.36545642,-31.49606000
91.36646122,-31.49606000
91.36746602,-31.49606000
91.36847082,-23.62205000
91.36947562,-31.49606000
91.37048042,-27.55905000
91.37148522,-31.49606000
91.37249002,-35.43307000
91.37349482,-27.55905000
91.37449962,-31.49606000
91.37550442,-35.43307000
91.37650922,-35.43307000
91.37751402,-31.49606000
91.37851882,-27.55905000
91.37952362,-27.55905000
91.38052842,-31.49606000
91.38153322,-31.49606000
91.38253802,-27.55905000
91.38354282,-35.43307000
91.38454762,-31.49606000
91.38555242,-31.49606000
91.38655722,-27.55905000
91.38756202,-31.49606000
91.38856682,-35.43307000
91.38957162,-35.43307000
91.39057642,-35.43307000
91.39158122,-31.49606000
91.39258602,-35.43307000
91.39359082,-31.49606000
91.39459562,-31.49606000
91.39560042,-27.55905000
91.39660522,-23.62205000
91.39761002,-27.55905000
91.39861482,-31.49606000
91.39961962,-27.55905000
91.40062442,-27.55905000
91.40162922,-31.49606000
91.40263402,-31.49606000
91.40363882,-27.55905000
91.40464362,-23.62205000
91.40564842,-31.49606000
91.40665322,-27.55905000
91.40765802,-31.49606000
91.40866282,-31.49606000
91.40966762,-31.49606000
91.41067242,-27.55905000
91.41167722,-27.55905000
91.41268202,-27.55905000
91.41368682,-31.49606000
91.41469162,-27.55905000
91.41569642,-31.49606000
91.41670122,-31.49606000
91.41770602,-27.55905000
91.41871082,-27.55905000
91.41971562,-31.49606000
91.42072042,-31.49606000
91.42172522,-31.49606000
91.42273002,-27.55905000
91.42373482,-23.62205000
91.42473962,-31.49606000
91.42574442,-35.43307000
91.42674922,-7.87401500
91.42775402,-35.43307000
91.42875882,-35.43307000
91.42976362,-31.49606000
91.43076842,-31.49606000
91.43177322,-27.55905000
91.43277802,-23.62205000
91.43378282,-27.55905000
91.43478762,-23.62205000
91.43579242,-27.55905000
91.43679722,-27.55905000
91.43780202,-31.49606000
91.43880682,-27.55905000
91.43981162,-27.55905000
91.44081642,-31.49606000
91.44182122,-35.43307000
91.44282602,-27.55905000
91.44383082,-35.43307000
91.44483562,-27.55905000
91.44584042,-31.49606000
91.44684522,-27.55905000
91.44785002,-27.55905000
91.44885482,-27.55905000
91.44985962,-31.49606000
91.45086442,-27.55905000
91.45186922,-27.55905000
91.45287402,-27.55905000
91.45387882,-23.62205000
91.45488362,-23.62205000
91.45588842,-27.55905000
91.45689322,-31.49606000
91.45789802,-31.49606000
91.45890282,-31.49606000
91.45990762,-19.68504000
91.46091242,-27.55905000
91.46191722,-27.55905000
91.46292202,-27.55905000
91.46392682,-27.55905000
91.46493162,-23.62205000
91.46593642,-27.55905000
91.46694122,-31.49606000
91.46794602,-31.49606000
91.46895082,-27.55905000
91.46995562,-31.49606000
91.47096042,-23.62205000
91.47196522,-23.62205000
91.47297002,-23.62205000
91.47397482,-31.49606000
91.47497962,-27.55905000
91.47598442,-27.55905000
91.47698922,-27.55905000
91.47799402,-27.55905000
91.47899882,-31.49606000
91.48000362,-27.55905000
91.48100842,-27.55905000
91.48201322,-27.55905000
91.48301802,-23.62205000
91.48402282,-27.55905000
91.48502762,-27.55905000
91.48603242,-23.62205000
91.48703722,-27.55905000
91.48804202,-23.62205000
91.48904682,-31.49606000
91.49005162,-31.49606000
91.49105642,-31.49606000
91.49206122,-31.49606000
91.49306602,-27.55905000
91.49407082,-31.49606000
91.49507562,-27.55905000
91.49608042,-27.55905000
91.49708522,-27.55905000
91.49809002,-31.49606000
91.49909482,-27.55905000
91.50009962,-27.55905000
91.50110442,-27.55905000
91.50210922,-35.43307000
91.50311402,-35.43307000
91.50411882,-35.43307000
91.50512362,-31.49606000
91.50612842,-31.49606000
91.50713322,-31.49606000
91.50813802,-23.62205000
91.50914282,-23.62205000
91.51014762,-27.55905000
91.51115242,-23.62205000
91.51215722,-23.62205000
91.51316202,-27.55905000
91.51416682,-19.68504000
91.51517162,-27.55905000
91.51617642,-19.68504000
91.51718122,-27.55905000
91.51818602,-27.55905000
91.51919082,-27.55905000
91.52019562,-27.55905000
91.52120042,-31.49606000
91.52220522,-27.55905000
91.52321002,-31.49606000
91.52421482,-7.87401500
91.52521962,-23.62205000
91.52622442,-27.55905000
91.52722922,-23.62205000
91.52823402,-27.55905000
91.52923882,-27.55905000
91.53024362,-23.62205000
91.53124842,-23.62205000
91.53225322,-35.43307000
91.53325802,-23.62205000
91.53426282,-23.62205000
91.53526762,-31.49606000
91.53627242,-27.55905000
91.53727722,-23.62205000
91.53828202,-27.55905000
91.53928682,-31.49606000
91.54029162,-31.49606000
91.54129642,-31.49606000
91.54230122,-31.49606000
91.54330602,-27.55905000
91.54431082,-31.49606000
91.54531562,-31.49606000
91.54632042,-23.62205000
91.54732522,-23.62205000
91.54833002,-19.68504000
91.54933482,-23.62205000
91.55033962,-23.62205000
91.55134442,-23.62205000
91.55234922,-23.62205000
91.55335402,-19.68504000
91.55435882,-23.62205000
91.55536362,-23.62205000
91.55636842,-23.62205000
91.55737322,-27.55905000
91.55837802,-23.62205000
91.55938282,-19.68504000
91.56038762,-23.62205000
91.56139242,-23.62205000
91.56239722,-27.55905000
91.56340202,-23.62205000
91.56440682,-23.62205000
91.56541162,-19.68504000
91.56641642,-23.62205000
91.56742122,-23.62205000
91.56842602,-19.68504000
91.56943082,-23.62205000
91.57043562,-31.49606000
91.57144042,-19.68504000
91.57244522,-19.68504000
91.57345002,-23.62205000
91.57445482,-23.62205000
91.57545962,-19.68504000
91.57646442,-23.62205000
91.57746922,-27.55905000
91.57847402,-27.55905000
91.57947882,-27.55905000
91.58048362,-31.49606000
91.58148842,-23.62205000
91.58249322,-23.62205000
91.58349802,-23.62205000
91.58450282,-19.68504000
91.58550762,-23.62205000
91.58651242,-19.68504000
91.58751722,-23.62205000
91.58852202,-23.62205000
91.58952682,-23.62205000
91.59053162,-19.68504000
91.59153642,-19.68504000
91.59254122,-23.62205000
91.59354602,-15.74803000
91.59455082,-19.68504000
91.59555562,-23.62205000
91.59656042,-19.68504000
91.59756522,-19.68504000
91.59857002,-23.62205000
91.59957482,-19.68504000
91.60057962,-23.62205000
91.60158442,-23.62205000
91.60258921,-23.62205000
91.60359401,-19.68504000
91.60459881,-27.55905000
91.60560361,-19.68504000
91.60660841,-19.68504000
91.60761321,-23.62205000
91.60861801,-19.68504000
91.60962281,-19.68504000
91.61062761,-19.68504000
91.61163241,-19.68504000
91.61263721,-19.68504000
91.61364201,-19.68504000
91.61464681,-15.74803000
91.61565161,-11.81102000
91.61665641,-11.81102000
91.61766121,-19.68504000
91.61866601,-31.49606000
91.61967081,-19.68504000
91.62067561,-19.68504000
91.62168041,3.93700800
91.62268521,-11.81102000
91.62369001,-3.93700800
91.62469481,-7.87401500
91.62569961,-7.87401500
91.62670441,-7.87401500
91.62770921,0.00000000
91.62871401,0.00000000
91.62971881,-3.93700800
91.63072361,-3.93700800
91.63172841,-3.93700800
91.63273321,-3.93700800
91.63373801,0.00000000
91.63474281,-3.93700800
91.63574761,-7.87401500
91.63675241,-7.87401500
91.63775721,-3.93700800
91.63876201,-3.93700800
91.63976681,-3.93700800
91.64077161,-3.93700800
91.64177641,-7.87401500
91.64278121,-7.87401500
91.64378601,-15.74803000
91.64479081,-15.74803000
91.64579561,-11.81102000
91.64680041,-19.68504000
91.64780521,-15.74803000
91.64881001,-19.68504000
91.64981481,-23.62205000
91.65081961,-23.62205000
91.65182441,-31.49606000
91.65282921,-31.49606000
91.65383401,-31.49606000
91.65483881,-27.55905000
91.65584361,-35.43307000
91.65684841,-35.43307000
91.65785321,-31.49606000
91.65885801,-31.49606000
91.65986281,-27.55905000
91.66086761,-23.62205000
91.66187241,-27.55905000
91.66287721,-23.62205000
91.66388201,-23.62205000
91.66488681,-23.62205000
91.66589161,-19.68504000
91.66689641,-15.74803000
91.66790121,-19.68504000
91.66890601,-15.74803000
91.66991081,-15.74803000
91.67091561,-15.74803000
91.67192041,-7.87401500
91.67292521,-7.87401500
91.67393001,-7.87401500
91.67493481,0.00000000
91.67593961,-15.74803000
91.67694441,-19.68504000
91.67794921,-19.68504000
91.67895401,-23.62205000
91.67995881,-19.68504000
91.68096361,-19.68504000
91.68196841,-23.62205000
91.68297321,-19.68504000
91.68397801,-19.68504000
91.68498281,-19.68504000
91.68598761,-19.68504000
91.68699241,-19.68504000
91.68799721,-15.74803000
91.68900201,-19.68504000
91.69000681,-23.62205000
91.69101161,-15.74803000
91.69201641,-19.68504000
91.69302121,-19.68504000
91.69402601,-27.55905000
91.69503081,-31.49606000
91.69603561,-19.68504000
91.69704041,-23.62205000
91.69804521,-19.68504000
91.69905001,-19.68504000
91.70005481,-15.74803000
91.70105961,-19.68504000
91.70206441,-19.68504000
91.70306921,-19.68504000
91.70407401,-11.81102000
91.70507881,-19.68504000
91.70608361,-19.68504000
91.70708841,-19.68504000
91.70809321,-19.68504000
91.70909801,-15.74803000
91.71010281,-23.62205000
91.71110761,-23.62205000
91.71211241,-23.62205000
91.71311721,-19.68504000
91.71412201,-19.68504000
91.71512681,-19.68504000
91.71613161,-31.49606000
91.71713641,-15.74803000
91.71814121,-23.62205000
91.71914601,-19.68504000
91.72015081,-15.74803000
91.72115561,-15.74803000
91.72216041,-19.68504000
91.72316521,-15.74803000
91.72417001,-19.68504000
91.72517481,-23.62205000
91.72617961,-11.81102000
91.72718441,-19.68504000
91.72818921,-23.62205000
91.72919401,-19.68504000
91.73019881,-19.68504000
91.73120361,-15.74803000
91.73220841,-19.68504000
91.73321321,-23.62205000
91.73421801,-27.55905000
91.73522281,-27.55905000
91.73622761,-23.62205000
91.73723241,-19.68504000
91.73823721,-19.68504000
91.73924201,-15.74803000
91.74024681,-19.68504000
91.74125161,-19.68504000
91.74225641,-19.68504000
91.74326121,-15.74803000
91.74426601,-23.62205000
91.74527081,-11.81102000
91.74627561,-15.74803000
91.74728041,-23.62205000
91.74828521,-19.68504000
91.74929001,-23.62205000
91.75029481,-23.62205000
91.75129961,-23.62205000
91.75230441,-19.68504000
91.75330921,-23.62205000
91.75431401,-23.62205000
91.75531881,-19.68504000
91.75632361,-23.62205000
91.75732841,-23.62205000
91.75833321,-15.74803000
91.75933801,-19.68504000
91.76034281,-19.68504000
91.76134761,-19.68504000
91.76235241,-19.68504000
91.76335721,-19.68504000
91.76436201,-19.68504000
91.76536681,-23.62205000
91.76637161,-23.62205000
91.76737641,-23.62205000
91.76838121,-19.68504000
91.76938601,-23.62205000
91.77039081,-27.55905000
91.77139561,-27.55905000
91.77240041,-23.62205000
91.77340521,-27.55905000
91.77441001,-19.68504000
91.77541481,-23.62205000
91.77641961,-19.68504000
91.77742441,-19.68504000
91.77842921,-19.68504000
91.77943401,-15.74803000
91.78043881,-19.68504000
91.78144361,-23.62205000
91.78244841,-23.62205000
91.78345321,-23.62205000
91.78445801,-15.74803000
91.78546281,-15.74803000
91.78646761,-19.68504000
91.78747241,-19.68504000
91.78847721,-19.68504000
91.78948201,-19.68504000
91.79048681,-19.68504000
91.79149161,-19.68504000
91.79249641,-23.62205000
91.79350121,-23.62205000
91.79450601,-23.62205000
91.79551081,-23.62205000
91.79651561,-19.68504000
91.79752041,-27.55905000
91.79852521,-23.62205000
91.79953001,-27.55905000
91.80053481,-23.62205000
91.80153961,-23.62205000
91.80254441,-23.62205000
91.80354921,-23.62205000
91.80455401,-23.62205000
91.80555881,-23.62205000
91.80656361,-19.68504000
91.80756841,-23.62205000
91.80857321,-23.62205000
91.80957801,-23.62205000
91.81058281,-27.55905000
91.81158761,-23.62205000
91.81259241,-23.62205000
91.81359721,-35.43307000
91.81460201,-31.49606000
91.81560681,-23.62205000
91.81661161,-19.68504000
91.81761641,-23.62205000
91.81862121,-19.68504000
91.81962601,-19.68504000
91.82063081,-27.55905000
91.82163561,-23.62205000
91.82264041,-19.68504000
91.82364521,-23.62205000
91.82465001,-23.62205000
91.82565481,-19.68504000
91.82665961,-23.62205000
91.82766441,-23.62205000
91.82866921,-19.68504000
91.82967401,-23.62205000
91.83067881,-27.55905000
91.83168361,-27.55905000
91.83268841,-19.68504000
91.83369321,-15.74803000
91.83469801,-19.68504000
91.83570281,-19.68504000
91.83670761,-23.62205000
91.83771241,-19.68504000
91.83871721,-19.68504000
91.83972201,-27.55905000
91.84072681,-23.62205000
91.84173161,-19.68504000
91.84273641,-23.62205000
91.84374121,-23.62205000
91.84474601,-23.62205000
91.84575081,-19.68504000
91.84675561,-31.49606000
91.84776041,-23.62205000
91.84876521,-27.55905000
91.84977001,-23.62205000
91.85077481,-31.49606000
91.85177961,-27.55905000
91.85278441,-19.68504000
91.85378921,-23.62205000
91.85479401,-19.68504000
91.85579881,-19.68504000
91.85680361,-23.62205000
91.85780841,-19.68504000
91.85881321,-23.62205000
91.85981801,-23.62205000
91.86082281,-27.55905000
91.86182761,-19.68504000
91.86283241,-27.55905000
91.86383721,-27.55905000
91.86484201,-23.62205000
91.86584681,-23.62205000
91.86685161,-23.62205000
91.86785641,-23.62205000
91.86886121,-23.62205000
91.86986601,-23.62205000
91.87087081,-23.62205000
91.87187561,-23.62205000
91.87288041,-23.62205000
91.87388521,-23.62205000
91.87489001,-23.62205000
91.87589481,-23.62205000
91.87689961,-23.62205000
91.87790441,-23.62205000
91.87890921,-23.62205000
91.87991401,-27.55905000
91.88091881,-27.55905000
91.88192361,-23.62205000
91.88292841,-23.62205000
91.88393321,-23.62205000
91.88493801,-23.62205000
91.88594281,-15.74803000
91.88694761,-23.62205000
91.88795241,-27.55905000
91.88895721,-23.62205000
91.88996201,-27.55905000
91.89096681,-31.49606000
91.89197161,-27.55905000
91.89297641,-23.62205000
91.89398121,-23.62205000
91.89498601,-27.55905000
91.89599081,-23.62205000
91.89699561,-23.62205000
91.89800041,-27.55905000
91.89900521,-19.68504000
91.90001001,-23.62205000
91.90101481,-31.49606000
91.90201961,-23.62205000
91.90302441,-15.74803000
91.90402921,-27.55905000
91.90503401,-23.62205000
91.90603881,-23.62205000
91.90704361,-27.55905000
91.90804841,-27.55905000
91.90905321,-19.68504000
91.91005801,-23.62205000
91.91106281,-27.55905000
91.91206761,-27.55905000
91.91307241,-27.55905000
91.91407721,-23.62205000
91.91508201,-23.62205000
91.91608681,-23.62205000
91.91709161,-27.55905000
91.91809641,-23.62205000
91.91910121,-23.62205000
91.92010601,-23.62205000
91.92111081,-23.62205000
91.92211561,-27.55905000
91.92312041,-31.49606000
91.92412521,-27.55905000
91.92513001,-27.55905000
91.92613481,-23.62205000
91.92713961,-35.43307000
91.92814441,-31.49606000
91.92914921,-35.43307000
91.93015401,-15.74803000
91.93115880,-31.49606000
91.93216360,-27.55905000
91.93316840,-27.55905000
91.93417320,-19.68504000
91.93517800,-23.62205000
91.93618280,-23.62205000
91.93718760,-27.55905000
91.93819240,-19.68504000
91.93919720,-15.74803000
91.94020200,-27.55905000
91.94120680,-23.62205000
91.94221160,-23.62205000
91.94321640,-23.62205000
91.94422120,-31.49606000
91.94522600,-23.62205000
91.94623080,-31.49606000
91.94723560,-19.68504000
91.94824040,-27.55905000
91.94924520,-27.55905000
91.95025000,-23.62205000
91.95125480,-23.62205000
91.95225960,-27.55905000
91.95326440,-23.62205000
91.95426920,-23.62205000
91.95527400,-23.62205000
91.95627880,-27.55905000
91.95728360,-23.62205000
91.95828840,-27.55905000
91.95929320,-23.62205000
91.96029800,-27.55905000
91.96130280,-27.55905000
91.96230760,-27.55905000
91.96331240,-27.55905000
91.96431720,-15.74803000
91.96532200,-23.62205000
91.96632680,-35.43307000
91.96733160,-31.49606000
91.96833640,-31.49606000
91.96934120,-31.49606000
91.97034600,-31.49606000
91.97135080,-31.49606000
91.97235560,-23.62205000
91.97336040,-23.62205000
91.97436520,-27.55905000
91.97537000,-23.62205000
91.97637480,-27.55905000
91.97737960,-23.62205000
91.97838440,-31.49606000
91.97938920,-23.62205000
91.98039400,-27.55905000
91.98139880,-31.49606000
91.98240360,-23.62205000
91.98340840,-27.55905000
91.98441320,-27.55905000
91.98541800,-23.62205000
91.98642280,-27.55905000
91.98742760,-23.62205000
91.98843240,-23.62205000
91.98943720,-23.62205000
91.99044200,-27.55905000
91.99144680,-27.55905000
91.99245160,-23.62205000
91.99345640,-27.55905000
91.99446120,-35.43307000
91.99546600,-31.49606000
91.99647080,-23.62205000
91.99747560,-31.49606000
91.99848040,-31.49606000
91.99948520,-27.55905000
92.00049000,-27.55905000
92.00149480,-27.55905000
92.00249960,-27.55905000
92.00350440,-31.49606000
92.00450920,-35.43307000
92.00551400,-31.49606000
92.00651880,-39.37008000
92.00752360,-35.43307000
92.00852840,-31.49606000
92.00953320,-35.43307000
92.01053800,-35.43307000
92.01154280,-31.49606000
92.01254760,-27.55905000
92.01355240,-35.43307000
92.01455720,-27.55905000
92.01556200,-27.55905000
92.01656680,-35.43307000
92.01757160,-31.49606000
92.01857640,-31.49606000
92.01958120,-31.49606000
92.02058600,-23.62205000
92.02159080,-31.49606000
92.02259560,-31.49606000
92.02360040,-31.49606000
92.02460520,-39.37008000
92.02561000,-35.43307000
92.02661480,-35.43307000
92.02761960,-15.74803000
92.02862440,-35.43307000
92.02962920,-31.49606000
92.03063400,-31.49606000
92.03163880,-31.49606000
92.03264360,-31.49606000
92.03364840,-27.55905000
92.03465320,-35.43307000
92.03565800,-31.49606000
92.03666280,-31.49606000
92.03766760,-35.43307000
92.03867240,-35.43307000
92.03967720,-35.43307000
92.04068200,-35.43307000
92.04168680,-39.37008000
92.04269160,-35.43307000
92.04369640,-35.43307000
92.04470120,-31.49606000
92.04570600,-31.49606000
92.04671080,-31.49606000
92.04771560,-31.49606000
92.04872040,-31.49606000
92.04972520,-31.49606000
92.05073000,-31.49606000
92.05173480,-31.49606000
92.05273960,-27.55905000
92.05374440,-27.55905000
92.05474920,-31.49606000
92.05575400,-31.49606000
92.05675880,-31.49606000
92.05776360,-39.37008000
92.05876840,-31.49606000
92.05977320,-35.43307000
92.06077800,-31.49606000
92.06178280,-43.30709000
92.06278760,-35.43307000
92.06379240,-39.37008000
92.06479720,-31.49606000
92.06580200,-35.43307000
92.06680680,-31.49606000
92.06781160,-31.49606000
92.06881640,-27.55905000
92.06982120,-27.55905000
92.07082600,-31.49606000
92.07183080,-23.62205000
92.07283560,-27.55905000
92.07384040,-31.49606000
92.07484520,-31.49606000
92.07585000,-35.43307000
92.07685480,-31.49606000
92.07785960,-31.49606000
92.07886440,-27.55905000
92.07986920,-27.55905000
92.08087400,-27.55905000
92.08187880,-35.43307000
92.08288360,-35.43307000
92.08388840,-27.55905000
92.08489320,-31.49606000
92.08589800,-27.55905000
92.08690280,-31.49606000
92.08790760,-35.43307000
92.08891240,-27.55905000
92.08991720,-31.49606000
92.09092200,-31.49606000
92.09192680,-27.55905000
92.09293160,-31.49606000
92.09393640,-27.55905000
92.09494120,-27.55905000
92.09594600,-27.55905000
92.09695080,-31.49606000
92.09795560,-27.55905000
92.09896040,-31.49606000
92.09996520,-27.55905000
92.10097000,-31.49606000
92.10197480,-27.55905000
92.10297960,-31.49606000
92.10398440,-27.55905000
92.10498920,-27.55905000
92.10599400,-31.49606000
92.10699880,-31.49606000
92.10800360,-31.49606000
92.10900840,-31.49606000
92.11001320,-27.55905000
92.11101800,-35.43307000
92.11202280,-39.37008000
92.11302760,-31.49606000
92.11403240,-35.43307000
92.11503720,-35.43307000
92.11604200,-27.55905000
92.11704680,-27.55905000
92.11805160,-31.49606000
92.11905640,-27.55905000
92.12006120,-27.55905000
92.12106600,-27.55905000
92.12207080,-47.24409000
92.12307560,-31.49606000
92.12408040,-27.55905000
92.12508520,-19.68504000
92.12609000,-31.49606000
92.12709480,-27.55905000
92.12809960,-27.55905000
92.12910440,-27.55905000
92.13010920,-23.62205000
92.13111400,-27.55905000
92.13211880,-27.55905000
92.13312360,-31.49606000
92.13412840,-31.49606000
92.13513320,-23.62205000
92.13613800,-31.49606000
92.13714280,-27.55905000
92.13814760,-27.55905000
92.13915240,-35.43307000
92.14015720,-27.55905000
92.14116200,-31.49606000
92.14216680,-27.55905000
92.14317160,-23.62205000
92.14417640,-31.49606000
92.14518120,-27.55905000
92.14618600,-31.49606000
92.14719080,-31.49606000
92.14819560,-31.49606000
92.14920040,-23.62205000
92.15020520,-31.49606000
92.15121000,-35.43307000
92.15221480,-35.43307000
92.15321960,-31.49606000
92.15422440,-39.37008000
92.15522920,-35.43307000
92.15623400,-31.49606000
92.15723880,-31.49606000
92.15824360,-27.55905000
92.15924840,-31.49606000
92.16025320,-31.49606000
92.16125800,-31.49606000
92.16226280,-27.55905000
92.16326760,-27.55905000
92.16427240,-27.55905000
92.16527720,-31.49606000
92.16628200,-27.55905000
92.16728680,-27.55905000
92.16829160,-27.55905000
92.16929640,-31.49606000
92.17030120,-27.55905000
92.17130600,-31.49606000
92.17231080,-35.43307000
92.17331560,-31.49606000
92.17432040,-23.62205000
92.17532520,-31.49606000
92.17633000,-27.55905000
92.17733480,-31.49606000
92.17833960,-31.49606000
92.17934440,-31.49606000
92.18034920,-31.49606000
92.18135400,-31.49606000
92.18235880,-31.49606000
92.18336360,-27.55905000
92.18436840,-19.68504000
92.18537320,-31.49606000
92.18637800,-27.55905000
92.18738280,-27.55905000
92.18838760,-31.49606000
92.18939240,-31.49606000
92.19039720,-27.55905000
92.19140200,-27.55905000
92.19240680,-31.49606000
92.19341160,-31.49606000
92.19441640,-35.43307000
92.19542120,-35.43307000
92.19642600,-31.49606000
92.19743080,-31.49606000
92.19843560,-31.49606000
92.19944040,-31.49606000
92.20044520,-31.49606000
92.20145000,-27.55905000
92.20245480,-31.49606000
92.20345960,-31.49606000
92.20446440,-31.49606000
92.20546920,-31.49606000
92.20647400,-31.49606000
92.20747880,-27.55905000
92.20848360,-31.49606000
92.20948840,-31.49606000
92.21049320,-31.49606000
92.21149800,-31.49606000
92.21250280,-27.55905000
92.21350760,-27.55905000
92.21451240,-27.55905000
92.21551720,-31.49606000
92.21652200,-27.55905000
92.21752680,-23.62205000
92.21853160,-27.55905000
92.21953640,-39.37008000
92.22054120,-31.49606000
92.22154600,-31.49606000
92.22255080,-27.55905000
92.22355560,-27.55905000
92.22456040,-27.55905000
92.22556520,-31.49606000
92.22657000,-31.49606000
92.22757480,-31.49606000
92.22857960,-31.49606000
92.22958440,-27.55905000
92.23058920,-31.49606000
92.23159400,-27.55905000
92.23259880,-27.55905000
92.23360360,-35.43307000
92.23460840,-31.49606000
92.23561320,-35.43307000
92.23661800,-39.37008000
92.23762280,-31.49606000
92.23862760,-39.37008000
92.23963240,-35.43307000
92.24063720,-31.49606000
92.24164200,-31.49606000
92.24264680,-31.49606000
92.24365160,-31.49606000
92.24465640,-27.55905000
92.24566120,-27.55905000
92.24666600,-27.55905000
92.24767080,-31.49606000
92.24867560,-27.55905000
92.24968040,-23.62205000
92.25068520,-27.55905000
92.25169000,-23.62205000
92.25269480,-35.43307000
92.25369960,-35.43307000
92.25470440,-35.43307000
92.25570920,-31.49606000
92.25671400,-31.49606000
92.25771880,-31.49606000
92.25872360,-31.49606000
92.25972839,-27.55905000
92.26073319,-23.62205000
92.26173799,-23.62205000
92.26274279,-31.49606000
92.26374759,-27.55905000
92.26475239,-31.49606000
92.26575719,-31.49606000
92.26676199,-31.49606000
92.26776679,-27.55905000
92.26877159,-35.43307000
92.26977639,-35.43307000
92.27078119,-31.49606000
92.27178599,-27.55905000
92.27279079,-39.37008000
92.27379559,-35.43307000
92.27480039,-31.49606000
92.27580519,-27.55905000
92.27680999,-31.49606000
92.27781479,-27.55905000
92.27881959,-35.43307000
92.27982439,-31.49606000
92.28082919,-31.49606000
92.28183399,-31.49606000
92.28283879,-27.55905000
92.28384359,-27.55905000
92.28484839,-35.43307000
92.28585319,-31.49606000
92.28685799,-31.49606000
92.28786279,-23.62205000
92.28886759,-31.49606000
92.28987239,-31.49606000
92.29087719,-31.49606000
92.29188199,-27.55905000
92.29288679,-27.55905000
92.29389159,-31.49606000
92.29489639,-27.55905000
92.29590119,-27.55905000
92.29690599,-27.55905000
92.29791079,-31.49606000
92.29891559,-31.49606000
92.29992039,-23.62205000
92.30092519,-27.55905000
92.30192999,-31.49606000
92.30293479,-27.55905000
92.30393959,-31.49606000
92.30494439,-31.49606000
92.30594919,-23.62205000
92.30695399,-27.55905000
92.30795879,-31.49606000
92.30896359,-35.43307000
92.30996839,-31.49606000
92.31097319,-31.49606000
92.31197799,-31.49606000
92.31298279,-31.49606000
92.31398759,-31.49606000
92.31499239,-31.49606000
92.31599719,-27.55905000
92.31700199,-31.49606000
92.31800679,-31.49606000
92.31901159,-31.49606000
92.32001639,-27.55905000
92.32102119,-31.49606000
92.32202599,-27.55905000
92.32303079,-31.49606000
92.32403559,-31.49606000
92.32504039,-31.49606000
92.32604519,-31.49606000
92.32704999,-31.49606000
92.32805479,-31.49606000
92.32905959,-31.49606000
92.33006439,-27.55905000
92.33106919,-31.49606000
92.33207399,-31.49606000
92.33307879,-27.55905000
92.33408359,-35.43307000
92.33508839,-31.49606000
92.33609319,-31.49606000
92.33709799,-27.55905000
92.33810279,-31.49606000
92.33910759,-31.49606000
92.34011239,-31.49606000
92.34111719,-23.62205000
92.34212199,-31.49606000
92.34312679,-31.49606000
92.34413159,-27.55905000
92.34513639,-27.55905000
92.34614119,-27.55905000
92.34714599,-27.55905000
92.34815079,-31.49606000
92.34915559,-39.37008000
92.35016039,-43.30709000
92.35116519,-31.49606000
92.35216999,-39.37008000
92.35317479,-31.49606000
92.35417959,-27.55905000
92.35518439,-27.55905000
92.35618919,-31.49606000
92.35719399,-27.55905000
92.35819879,-27.55905000
92.35920359,-27.55905000
92.36020839,-31.49606000
92.36121319,-27.55905000
92.36221799,-27.55905000
92.36322279,-31.49606000
92.36422759,-31.49606000
92.36523239,-27.55905000
92.36623719,-31.49606000
92.36724199,-31.49606000
92.36824679,-35.43307000
92.36925159,-31.49606000
92.37025639,-31.49606000
92.37126119,-27.55905000
92.37226599,-31.49606000
92.37327079,-27.55905000
92.37427559,-27.55905000
92.37528039,-31.49606000
92.37628519,-27.55905000
92.37728999,-31.49606000
92.37829479,-31.49606000
92.37929959,-27.55905000
92.38030439,-31.49606000
92.38130919,-27.55905000
92.38231399,-31.49606000
92.38331879,-31.49606000
92.38432359,-27.55905000
92.38532839,-31.49606000
92.38633319,-27.55905000
92.38733799,-31.49606000
92.38834279,-31.49606000
92.38934759,-35.43307000
92.39035239,-31.49606000
92.39135719,-35.43307000
92.39236199,-31.49606000
92.39336679,-31.49606000
92.39437159,-27.55905000
92.39537639,-31.49606000
92.39638119,-23.62205000
92.39738599,-27.55905000
92.39839079,-27.55905000
92.39939559,-31.49606000
92.40040039,-31.49606000
92.40140519,-27.55905000
92.40240999,-31.49606000
92.40341479,-27.55905000
92.40441959,-27.55905000
92.40542439,-27.55905000
92.40642919,-31.49606000
92.40743399,-31.49606000
92.40843879,-27.55905000
92.40944359,-31.49606000
92.41044839,-27.55905000
92.41145319,-31.49606000
92.41245799,-27.55905000
92.41346279,-27.55905000
92.41446759,-31.49606000
92.41547239,-31.49606000
92.41647719,-31.49606000
92.41748199,-31.49606000
92.41848679,-27.55905000
92.41949159,-23.62205000
92.42049639,-27.55905000
92.42150119,-27.55905000
92.42250599,-27.55905000
92.42351079,-31.49606000
92.42451559,-31.49606000
92.42552039,-23.62205000
92.42652519,-31.49606000
92.42752999,-27.55905000
92.42853479,-15.74803000
92.42953959,-35.43307000
92.43054439,-35.43307000
92.43154919,-35.43307000
92.43255399,-35.43307000
92.43355879,-15.74803000
92.43456359,-31.49606000
92.43556839,-23.62205000
92.43657319,-27.55905000
92.43757799,-23.62205000
92.43858279,-27.55905000
92.43958759,-31.49606000
92.44059239,-31.49606000
92.44159719,-31.49606000
92.44260199,-31.49606000
92.44360679,-27.55905000
92.44461159,-27.55905000
92.44561639,-31.49606000
92.44662119,-31.49606000
92.44762599,-31.49606000
92.44863079,-31.49606000
92.44963559,-31.49606000
92.45064039,-31.49606000
92.45164519,-23.62205000
92.45264999,-27.55905000
92.45365479,-31.49606000
92.45465959,-23.62205000
92.45566439,-31.49606000
92.45666919,-31.49606000
92.45767399,-31.49606000
92.45867879,-31.49606000
92.45968359,-27.55905000
92.46068839,-31.49606000
92.46169319,-31.49606000
92.46269799,-27.55905000
92.46370279,-35.43307000
92.46470759,-35.43307000
92.46571239,-27.55905000
92.46671719,-27.55905000
92.46772199,-31.49606000
92.46872679,-35.43307000
92.46973159,-35.43307000
92.47073639,-35.43307000
92.47174119,-31.49606000
92.47274599,-35.43307000
92.47375079,-31.49606000
92.47475559,-31.49606000
92.47576039,-27.55905000
92.47676519,-27.55905000
92.47776999,-27.55905000
92.47877479,-23.62205000
92.47977959,-31.49606000
92.48078439,-31.49606000
92.48178919,-31.49606000
92.48279399,-31.49606000
92.48379879,-27.55905000
92.48480359,-31.49606000
92.48580839,-23.62205000
92.48681319,-35.43307000
92.48781799,-31.49606000
92.48882279,-31.49606000
92.48982759,-27.55905000
92.49083239,-23.62205000
92.49183719,-27.55905000
92.49284199,-27.55905000
92.49384679,-31.49606000
92.49485159,-31.49606000
92.49585639,-31.49606000
92.49686119,-27.55905000
92.49786599,-31.49606000
92.49887079,-27.55905000
92.49987559,-27.55905000
92.50088039,-27.55905000
92.50188519,-23.62205000
92.50288999,-31.49606000
92.50389479,-27.55905000
92.50489959,-27.55905000
92.50590439,-27.55905000
92.50690919,-31.49606000
92.50791399,-35.43307000
92.50891879,-31.49606000
92.50992359,-31.49606000
92.51092839,-31.49606000
92.51193319,-31.49606000
92.51293799,-27.55905000
92.51394279,-23.62205000
92.51494759,-27.55905000
92.51595239,-23.62205000
92.51695719,-27.55905000
92.51796199,-27.55905000
92.51896679,-27.55905000
92.51997159,-27.55905000
92.52097639,-31.49606000
92.52198119,-27.55905000
92.52298599,-31.49606000
92.52399079,-31.49606000
92.52499559,-23.62205000
92.52600039,-27.55905000
92.52700519,-31.49606000
92.52800999,-35.43307000
92.52901479,-35.43307000
92.53001959,-27.55905000
92.53102439,-15.74803000
92.53202919,-31.49606000
92.53303399,-27.55905000
92.53403879,-35.43307000
92.53504359,-31.49606000
92.53604839,-27.55905000
92.53705319,-27.55905000
92.53805799,-31.49606000
92.53906279,-23.62205000
92.54006759,-31.49606000
92.54107239,-23.62205000
92.54207719,-27.55905000
92.54308199,-23.62205000
92.54408679,-31.49606000
92.54509159,-31.49606000
92.54609639,-27.55905000
92.54710119,-55.11811000
92.54810599,-35.43307000
92.54911079,-31.49606000
92.55011559,-31.49606000
92.55112039,-31.49606000
92.55212519,-31.49606000
92.55312999,-23.62205000
92.55413479,-27.55905000
92.55513959,-27.55905000
92.55614439,-19.68504000
92.55714919,-23.62205000
92.55815399,-27.55905000
92.55915879,-23.62205000
92.56016359,-31.49606000
92.56116839,-31.49606000
92.56217319,-31.49606000
92.56317799,-31.49606000
92.56418279,-23.62205000
92.56518759,-27.55905000
92.56619239,-31.49606000
92.56719719,-31.49606000
92.56820199,-27.55905000
92.56920679,-27.55905000
92.57021159,-27.55905000
92.57121639,-23.62205000
92.57222119,-31.49606000
92.57322599,-27.55905000
92.57423079,-23.62205000
92.57523559,-31.49606000
92.57624039,-31.49606000
92.57724519,-31.49606000
92.57824999,-27.55905000
92.57925479,-31.49606000
92.58025959,-23.62205000
92.58126439,-27.55905000
92.58226919,-31.49606000
92.58327399,-27.55905000
92.58427879,-27.55905000
92.58528359,-23.62205000
92.58628839,-27.55905000
92.58729319,-43.30709000
92.58829799,-35.43307000
92.58930278,-27.55905000
92.59030758,-31.49606000
92.59131238,-27.55905000
92.59231718,-31.49606000
92.59332198,-23.62205000
92.59432678,-35.43307000
92.59533158,-27.55905000
92.59633638,-27.55905000
92.59734118,-27.55905000
92.59834598,-27.55905000
92.59935078,-23.62205000
92.60035558,-23.62205000
92.60136038,-23.62205000
92.60236518,-23.62205000
92.60336998,-27.55905000
92.60437478,-27.55905000
92.60537958,-31.49606000
92.60638438,-27.55905000
92.60738918,-27.55905000
92.60839398,-27.55905000
92.60939878,-27.55905000
92.61040358,-31.49606000
92.61140838,-27.55905000
92.61241318,-23.62205000
92.61341798,-23.62205000
92.61442278,-23.62205000
92.61542758,-23.62205000
92.61643238,-27.55905000
92.61743718,-23.62205000
92.61844198,-19.68504000
92.61944678,-23.62205000
92.62045158,-27.55905000
92.62145638,-31.49606000
92.62246118,-27.55905000
92.62346598,-27.55905000
92.62447078,-31.49606000
92.62547558,-43.30709000
92.62648038,-35.43307000
92.62748518,-31.49606000
92.62848998,-23.62205000
92.62949478,-31.49606000
92.63049958,-23.62205000
92.63150438,-23.62205000
92.63250918,-27.55905000
92.63351398,-27.55905000
92.63451878,-23.62205000
92.63552358,-23.62205000
92.63652838,-23.62205000
92.63753318,-23.62205000
92.63853798,-27.55905000
92.63954278,-23.62205000
92.64054758,-23.62205000
92.64155238,-27.55905000
92.64255718,-31.49606000
92.64356198,-27.55905000
92.64456678,-27.55905000
92.64557158,-31.49606000
92.64657638,-23.62205000
92.64758118,-23.62205000
92.64858598,-27.55905000
92.64959078,-31.49606000
92.65059558,-27.55905000
92.65160038,-23.62205000
92.65260518,-23.62205000
92.65360998,-23.62205000
92.65461478,-27.55905000
92.65561958,-23.62205000
92.65662438,-23.62205000
92.65762918,-23.62205000
92.65863398,-27.55905000
92.65963878,-23.62205000
92.66064358,-27.55905000
92.66164838,-35.43307000
92.66265318,-35.43307000
92.66365798,-23.62205000
92.66466278,-31.49606000
92.66566758,-23.62205000
92.66667238,-27.55905000
92.66767718,-27.55905000
92.66868198,-23.62205000
92.66968678,-23.62205000
92.67069158,-23.62205000
92.67169638,-23.62205000
92.67270118,-19.68504000
92.67370598,-27.55905000
92.67471078,-35.43307000
92.67571558,-31.49606000
92.67672038,-27.55905000
92.67772518,-27.55905000
92.67872998,-23.62205000
92.67973478,-31.49606000
92.68073958,-23.62205000
92.68174438,-23.62205000
92.68274918,-27.55905000
92.68375398,-23.62205000
92.68475878,-23.62205000
92.68576358,-27.55905000
92.68676838,-27.55905000
92.68777318,-27.55905000
92.68877798,-23.62205000
92.68978278,-23.62205000
92.69078758,-31.49606000
92.69179238,-31.49606000
92.69279718,-27.55905000
92.69380198,-23.62205000
92.69480678,-23.62205000
92.69581158,-27.55905000
92.69681638,-23.62205000
92.69782118,-23.62205000
92.69882598,-23.62205000
92.69983078,-27.55905000
92.70083558,-23.62205000
92.70184038,-27.55905000
92.70284518,-31.49606000
92.70384998,-35.43307000
92.70485478,-27.55905000
92.70585958,-27.55905000
92.70686438,-31.49606000
92.70786918,-31.49606000
92.70887398,-27.55905000
92.70987878,-27.55905000
92.71088358,-23.62205000
92.71188838,-23.62205000
92.71289318,-23.62205000
92.71389798,-23.62205000
92.71490278,-23.62205000
92.71590758,-23.62205000
92.71691238,-23.62205000
92.71791718,-19.68504000
92.71892198,-23.62205000
92.71992678,-27.55905000
92.72093158,-19.68504000
92.72193638,-23.62205000
92.72294118,-31.49606000
92.72394598,-27.55905000
92.72495078,-27.55905000
92.72595558,-19.68504000
92.72696038,-23.62205000
92.72796518,-23.62205000
92.72896998,-23.62205000
92.72997478,-31.49606000
92.73097958,-19.68504000
92.73198438,-23.62205000
92.73298918,-23.62205000
92.73399398,-23.62205000
92.73499878,-23.62205000
92.73600358,-23.62205000
92.73700838,-19.68504000
92.73801318,-23.62205000
92.73901798,-19.68504000
92.74002278,-31.49606000
92.74102758,-23.62205000
92.74203238,-27.55905000
92.74303718,-27.55905000
92.74404198,-31.49606000
92.74504678,-23.62205000
92.74605158,-27.55905000
92.74705638,-31.49606000
92.74806118,-27.55905000
92.74906598,-27.55905000
92.75007078,-19.68504000
92.75107558,-19.68504000
92.75208038,-23.62205000
92.75308518,-23.62205000
92.75408998,-23.62205000
92.75509478,-23.62205000
92.75609958,-27.55905000
92.75710438,-19.68504000
92.75810918,-27.55905000
92.75911398,-23.62205000
92.76011878,-19.68504000
92.76112358,-23.62205000
92.76212838,-27.55905000
92.76313318,-23.62205000
92.76413798,-23.62205000
92.76514278,-27.55905000
92.76614758,-23.62205000
92.76715238,-19.68504000
92.76815718,-23.62205000
92.76916198,-27.55905000
92.77016678,-23.62205000
92.77117158,-23.62205000
92.77217638,-31.49606000
92.77318118,-27.55905000
92.77418598,-27.55905000
92.77519078,-19.68504000
92.77619558,-23.62205000
92.77720038,-23.62205000
92.77820518,-27.55905000
92.77920998,-19.68504000
92.78021478,-23.62205000
92.78121958,-23.62205000
92.78222438,-27.55905000
92.78322918,-27.55905000
92.78423398,-23.62205000
92.78523878,-27.55905000
92.78624358,-27.55905000
92.78724838,-27.55905000
92.78825318,-31.49606000
92.78925798,-27.55905000
92.79026278,-27.55905000
92.79126758,-19.68504000
92.79227238,-19.68504000
92.79327718,-23.62205000
92.79428198,-23.62205000
92.79528678,-23.62205000
92.79629158,-27.55905000
92.79729638,-23.62205000
92.79830118,-19.68504000
92.79930598,-23.62205000
92.80031078,-31.49606000
92.80131558,-23.62205000
92.80232038,-27.55905000
92.80332518,-23.62205000
92.80432998,-27.55905000
92.80533478,-27.55905000
92.80633958,-27.55905000
92.80734438,-27.55905000
92.80834918,-23.62205000
92.80935398,-23.62205000
92.81035878,-23.62205000
92.81136358,-19.68504000
92.81236838,-23.62205000
92.81337318,-27.55905000
92.81437798,-19.68504000
92.81538278,-27.55905000
92.81638758,-27.55905000
92.81739238,-27.55905000
92.81839718,-19.68504000
92.81940198,-19.68504000
92.82040678,-27.55905000
92.82141158,-23.62205000
92.82241638,-31.49606000
92.82342118,-27.55905000
92.82442598,-23.62205000
92.82543078,-31.49606000
92.82643558,-23.62205000
92.82744038,-23.62205000
92.82844518,-23.62205000
92.82944998,-23.62205000
92.83045478,-23.62205000
92.83145958,-23.62205000
92.83246438,-19.68504000
92.83346918,-19.68504000
92.83447398,-23.62205000
92.83547878,-23.62205000
92.83648358,-23.62205000
92.83748838,-23.62205000
92.83849318,-31.49606000
92.83949798,-19.68504000
92.84050278,-23.62205000
92.84150758,-27.55905000
92.84251238,-27.55905000
92.84351718,-23.62205000
92.84452198,-23.62205000
92.84552678,-23.62205000
92.84653158,-23.62205000
92.84753638,-23.62205000
92.84854118,-23.62205000
92.84954598,-19.68504000
92.85055078,-19.68504000
92.85155558,-23.62205000
92.85256038,-27.55905000
92.85356518,-23.62205000
92.85456998,-23.62205000
92.85557478,-27.55905000
92.85657958,-23.62205000
92.85758438,-23.62205000
92.85858918,-23.62205000
92.85959398,-23.62205000
92.86059878,-19.68504000
92.86160358,-19.68504000
92.86260838,-23.62205000
92.86361318,-23.62205000
92.86461798,-27.55905000
92.86562278,-23.62205000
92.86662758,-23.62205000
92.86763238,-19.68504000
92.86863718,-23.62205000
92.86964198,-23.62205000
92.87064678,-27.55905000
92.87165158,-27.55905000
92.87265638,-23.62205000
92.87366118,-27.55905000
92.87466598,-27.55905000
92.87567078,-19.68504000
92.87667558,-23.62205000
92.87768038,-27.55905000
92.87868518,-23.62205000
92.87968998,-23.62205000
92.88069478,-27.55905000
92.88169958,-19.68504000
92.88270438,-19.68504000
92.88370918,-23.62205000
92.88471398,-19.68504000
92.88571878,-23.62205000
92.88672358,-31.49606000
92.88772838,-27.55905000
92.88873318,-15.74803000
92.88973798,-27.55905000
92.89074278,-19.68504000
92.89174758,-19.68504000
92.89275238,-23.62205000
92.89375718,-19.68504000
92.89476198,-19.68504000
92.89576678,-23.62205000
92.89677158,-19.68504000
92.89777638,-19.68504000
92.89878118,-23.62205000
92.89978598,-23.62205000
92.90079078,-23.62205000
92.90179558,-23.62205000
92.90280038,-31.49606000
92.90380518,-23.62205000
92.90480998,-23.62205000
92.90581478,-23.62205000
92.90681958,-19.68504000
92.90782438,-23.62205000
92.90882918,-19.68504000
92.90983398,-11.81102000
92.91083878,-15.74803000
92.91184358,-23.62205000
92.91284838,-23.62205000
92.91385318,-19.68504000
92.91485798,-23.62205000
92.91586278,-23.62205000
92.91686758,-19.68504000
92.91787237,-27.55905000
92.91887717,-23.62205000
92.91988197,-27.55905000
92.92088677,-15.74803000
92.92189157,-19.68504000
92.92289637,-19.68504000
92.92390117,-19.68504000
92.92490597,-23.62205000
92.92591077,-23.62205000
92.92691557,-19.68504000
92.92792037,-19.68504000
92.92892517,-19.68504000
92.92992997,-23.62205000
92.93093477,-23.62205000
92.93193957,-15.74803000
92.93294437,-23.62205000
92.93394917,-27.55905000
92.93495397,-19.68504000
92.93595877,-23.62205000
92.93696357,-7.87401500
92.93796837,-23.62205000
92.93897317,-23.62205000
92.93997797,-19.68504000
92.94098277,-27.55905000
92.94198757,-23.62205000
92.94299237,-23.62205000
92.94399717,-27.55905000
92.94500197,-31.49606000
92.94600677,-23.62205000
92.94701157,-23.62205000
92.94801637,-19.68504000
92.94902117,-15.74803000
92.95002597,-19.68504000
92.95103077,-23.62205000
92.95203557,-23.62205000
92.95304037,-19.68504000
92.95404517,-19.68504000
92.95504997,-27.55905000
92.95605477,-15.74803000
92.95705957,-19.68504000
92.95806437,-23.62205000
92.95906917,-19.68504000
92.96007397,-23.62205000
92.96107877,-23.62205000
92.96208357,-19.68504000
92.96308837,-27.55905000
92.96409317,-27.55905000
92.96509797,-23.62205000
92.96610277,-23.62205000
92.96710757,-27.55905000
92.96811237,-23.62205000
92.96911717,-23.62205000
92.97012197,-11.81102000
92.97112677,-19.68504000
92.97213157,-15.74803000
92.97313637,-23.62205000
92.97414117,-23.62205000
92.97514597,-19.68504000
92.97615077,-19.68504000
92.97715557,-23.62205000
92.97816037,-19.68504000
92.97916517,-19.68504000
92.98016997,-19.68504000
92.98117477,-19.68504000
92.98217957,-15.74803000
92.98318437,-31.49606000
92.98418917,-27.55905000
92.98519397,-27.55905000
92.98619877,-19.68504000
92.98720357,-19.68504000
92.98820837,-19.68504000
92.98921317,-19.68504000
92.99021797,-19.68504000
92.99122277,-15.74803000
92.99222757,-19.68504000
92.99323237,-19.68504000
92.99423717,-15.74803000
92.99524197,-15.74803000
92.99624677,-15.74803000
92.99725157,-15.74803000
92.99825637,-15.74803000
92.99926117,-23.62205000
93.00026597,-23.62205000
93.00127077,-19.68504000
93.00227557,-19.68504000
93.00328037,-19.68504000
93.00428517,-23.62205000
93.00528997,-19.68504000
93.00629477,-19.68504000
93.00729957,-27.55905000
93.00830437,-19.68504000
93.00930917,-19.68504000
93.01031397,-19.68504000
93.01131877,-19.68504000
93.01232357,-23.62205000
93.01332837,-19.68504000
93.01433317,-19.68504000
93.01533797,-23.62205000
93.01634277,-23.62205000
93.01734757,-23.62205000
93.01835237,-19.68504000
93.01935717,-15.74803000
93.02036197,-19.68504000
93.02136677,-19.68504000
93.02237157,-23.62205000
93.02337637,-19.68504000
93.02438117,-27.55905000
93.02538597,-23.62205000
93.02639077,-19.68504000
93.02739557,-23.62205000
93.02840037,-23.62205000
93.02940517,-11.81102000
93.03040997,-15.74803000
93.03141477,-27.55905000
93.03241957,-27.55905000
93.03342437,-23.62205000
93.03442917,-7.87401500
93.03543397,-15.74803000
93.03643877,-15.74803000
93.03744357,-23.62205000
93.03844837,-19.68504000
93.03945317,-23.62205000
93.04045797,-23.62205000
93.04146277,-23.62205000
93.04246757,-19.68504000
93.04347237,-23.62205000
93.04447717,-19.68504000
93.04548197,-19.68504000
93.04648677,-19.68504000
93.04749157,-23.62205000
93.04849637,-19.68504000
93.04950117,-19.68504000
93.05050597,-19.68504000
93.05151077,-15.74803000
93.05251557,-19.68504000
93.05352037,-19.68504000
93.05452517,-15.74803000
93.05552997,-15.74803000
93.05653477,-19.68504000
93.05753957,-19.68504000
93.05854437,-15.74803000
93.05954917,-15.74803000
93.06055397,-19.68504000
93.06155877,-19.68504000
93.06256357,-15.74803000
93.06356837,-23.62205000
93.06457317,-27.55905000
93.06557797,-23.62205000
93.06658277,-19.68504000
93.06758757,-19.68504000
93.06859237,-11.81102000
93.06959717,-15.74803000
93.07060197,-11.81102000
93.07160677,-11.81102000
93.07261157,-19.68504000
93.07361637,-19.68504000
93.07462117,-15.74803000
93.07562597,-19.68504000
93.07663077,-15.74803000
93.07763557,-11.81102000
93.07864037,-19.68504000
93.07964517,-19.68504000
93.08064997,-19.68504000
93.08165477,-19.68504000
93.08265957,-19.68504000
93.08366437,-15.74803000
93.08466917,-15.74803000
93.08567397,-15.74803000
93.08667877,-19.68504000
93.08768357,-15.74803000
93.08868837,-15.74803000
93.08969317,-15.74803000
93.09069797,-15.74803000
93.09170277,-19.68504000
93.09270757,-19.68504000
93.09371237,-15.74803000
93.09471717,-19.68504000
93.09572197,-11.81102000
93.09672677,-19.68504000
93.09773157,-19.68504000
93.09873637,-19.68504000
93.09974117,-15.74803000
93.10074597,-15.74803000
93.10175077,-23.62205000
93.10275557,-19.68504000
93.10376037,-19.68504000
93.10476517,-19.68504000
93.10576997,-23.62205000
93.10677477,-15.74803000
93.10777957,-19.68504000
93.10878437,-11.81102000
93.10978917,-19.68504000
93.11079397,-15.74803000
93.11179877,-11.81102000
93.11280357,-19.68504000
93.11380837,-19.68504000
93.11481317,-19.68504000
93.11581797,-19.68504000
93.11682277,-11.81102000
93.11782757,-15.74803000
93.11883237,-19.68504000
93.11983717,-19.68504000
93.12084197,-15.74803000
93.12184677,-19.68504000
93.12285157,-19.68504000
93.12385637,-15.74803000
93.12486117,-15.74803000
93.12586597,-19.68504000
93.12687077,-15.74803000
93.12787557,-15.74803000
93.12888037,-27.55905000
93.12988517,-19.68504000
93.13088997,-19.68504000
93.13189477,-15.74803000
93.13289957,-15.74803000
93.13390437,-19.68504000
93.13490917,-15.74803000
93.13591397,-11.81102000
93.13691877,-15.74803000
93.13792357,-11.81102000
93.13892837,-7.87401500
93.13993317,-15.74803000
93.14093797,-15.74803000
93.14194277,-3.93700800
93.14294757,-19.68504000
93.14395237,-19.68504000
93.14495717,-19.68504000
93.14596197,-23.62205000
93.14696677,-19.68504000
93.14797157,-23.62205000
93.14897637,-11.81102000
93.14998117,-11.81102000
93.15098597,-15.74803000
93.15199077,-11.81102000
93.15299557,-15.74803000
93.15400037,-15.74803000
93.15500517,-11.81102000
93.15600997,-11.81102000
93.15701477,-19.68504000
93.15801957,-15.74803000
93.15902437,-19.68504000
93.16002917,-11.81102000
93.16103397,-15.74803000
93.16203877,-19.68504000
93.16304357,-19.68504000
93.16404837,-15.74803000
93.16505317,-11.81102000
93.16605797,-15.74803000
93.16706277,-15.74803000
93.16806757,-15.74803000
93.16907237,-19.68504000
93.17007717,-15.74803000
93.17108197,-19.68504000
93.17208677,-11.81102000
93.17309157,-11.81102000
93.17409637,-15.74803000
93.17510117,-15.74803000
93.17610597,-11.81102000
93.17711077,-15.74803000
93.17811557,-19.68504000
93.17912037,-15.74803000
93.18012517,-15.74803000
93.18112997,-15.74803000
93.18213477,-15.74803000
93.18313957,-19.68504000
93.18414437,-23.62205000
93.18514917,-15.74803000
93.18615397,-19.68504000
93.18715877,-15.74803000
93.18816357,-11.81102000
93.18916837,-7.87401500
93.19017317,-11.81102000
93.19117797,-15.74803000
93.19218277,-11.81102000
93.19318757,-15.74803000
93.19419237,-15.74803000
93.19519717,-19.68504000
93.19620197,-15.74803000
93.19720677,-19.68504000
93.19821157,-11.81102000
93.19921637,-15.74803000
93.20022117,-15.74803000
93.20122597,-15.74803000
93.20223077,-19.68504000
93.20323557,-15.74803000
93.20424037,-15.74803000
93.20524517,-19.68504000
93.20624997,-23.62205000
93.20725477,-19.68504000
93.20825957,-19.68504000
93.20926437,-19.68504000
93.21026917,-15.74803000
93.21127397,-19.68504000
93.21227877,-19.68504000
93.21328357,-15.74803000
93.21428837,-15.74803000
93.21529317,-15.74803000
93.21629797,-11.81102000
93.21730277,-19.68504000
93.21830757,-11.81102000
93.21931237,-15.74803000
93.22031717,-19.68504000
93.22132197,-19.68504000
93.22232677,-23.62205000
93.22333157,-19.68504000
93.22433637,-15.74803000
93.22534117,-19.68504000
93.22634597,-23.62205000
93.22735077,-19.68504000
93.22835557,-19.68504000
93.22936037,-7.87401500
93.23036517,-11.81102000
93.23136997,-11.81102000
93.23237477,-11.81102000
93.23337957,-19.68504000
93.23438437,-19.68504000
93.23538917,-11.81102000
93.23639397,-11.81102000
93.23739877,-15.74803000
93.23840357,-11.81102000
93.23940837,-19.68504000
93.24041317,-15.74803000
93.24141797,-11.81102000
93.24242277,-19.68504000
93.24342757,-15.74803000
93.24443237,-19.68504000
93.24543717,-19.68504000
93.24644196,-15.74803000
93.24744676,-15.74803000
93.24845156,-15.74803000
93.24945636,-11.81102000
93.25046116,-11.81102000
93.25146596,-15.74803000
93.25247076,-15.74803000
93.25347556,-11.81102000
93.25448036,-11.81102000
93.25548516,-11.81102000
93.25648996,-15.74803000
93.25749476,-11.81102000
93.25849956,-15.74803000
93.25950436,-27.55905000
93.26050916,-11.81102000
93.26151396,-19.68504000
93.26251876,-27.55905000
93.26352356,-15.74803000
93.26452836,-19.68504000
93.26553316,-19.68504000
93.26653796,-11.81102000
93.26754276,-19.68504000
93.26854756,-11.81102000
93.26955236,-11.81102000
93.27055716,-15.74803000
93.27156196,-11.81102000
93.27256676,-11.81102000
93.27357156,-15.74803000
93.27457636,-15.74803000
93.27558116,-19.68504000
93.27658596,-15.74803000
93.27759076,-19.68504000
93.27859556,-7.87401500
93.27960036,-15.74803000
93.28060516,-7.87401500
93.28160996,-11.81102000
93.28261476,-11.81102000
93.28361956,-11.81102000
93.28462436,-11.81102000
93.28562916,-11.81102000
93.28663396,-7.87401500
93.28763876,-15.74803000
93.28864356,-7.87401500
93.28964836,-19.68504000
93.29065316,-11.81102000
93.29165796,-11.81102000
93.29266276,-15.74803000
93.29366756,-15.74803000
93.29467236,-11.81102000
93.29567716,-11.81102000
93.29668196,-15.74803000
93.29768676,-15.74803000
93.29869156,-11.81102000
93.29969636,-11.81102000
93.30070116,-11.81102000
93.30170596,-7.87401500
93.30271076,-15.74803000
93.30371556,-19.68504000
93.30472036,-19.68504000
93.30572516,-15.74803000
93.30672996,-15.74803000
93.30773476,-11.81102000
93.30873956,-19.68504000
93.30974436,-15.74803000
93.31074916,-11.81102000
93.31175396,-11.81102000
93.31275876,-11.81102000
93.31376356,-7.87401500
93.31476836,-15.74803000
93.31577316,-11.81102000
93.31677796,-11.81102000
93.31778276,-15.74803000
93.31878756,-11.81102000
93.31979236,-11.81102000
93.32079716,-15.74803000
93.32180196,-11.81102000
93.32280676,-7.87401500
93.32381156,-19.68504000
93.32481636,-11.81102000
93.32582116,-11.81102000
93.32682596,-11.81102000
93.32783076,-11.81102000
93.32883556,-11.81102000
93.32984036,-11.81102000
93.33084516,-11.81102000
93.33184996,-15.74803000
93.33285476,-11.81102000
93.33385956,-11.81102000
93.33486436,-11.81102000
93.33586916,-11.81102000
93.33687396,-11.81102000
93.33787876,-7.87401500
93.33888356,-15.74803000
93.33988836,-11.81102000
93.34089316,-15.74803000
93.34189796,-19.68504000
93.34290276,-7.87401500
93.34390756,-11.81102000
93.34491236,3.93700800
93.34591716,-15.74803000
93.34692196,-15.74803000
93.34792676,-11.81102000
93.34893156,-15.74803000
93.34993636,-7.87401500
93.35094116,-7.87401500
93.35194596,-7.87401500
93.35295076,-3.93700800
93.35395556,-11.81102000
93.35496036,-11.81102000
93.35596516,-15.74803000
93.35696996,-11.81102000
93.35797476,-19.68504000
93.35897956,-11.81102000
93.35998436,-15.74803000
93.36098916,-11.81102000
93.36199396,-11.81102000
93.36299876,-15.74803000
93.36400356,-7.87401500
93.36500836,-7.87401500
93.36601316,-19.68504000
93.36701796,-15.74803000
93.36802276,-7.87401500
93.36902756,-15.74803000
93.37003236,-11.81102000
93.37103716,-11.81102000
93.37204196,-11.81102000
93.37304676,-19.68504000
93.37405156,-15.74803000
93.37505636,-19.68504000
93.37606116,-11.81102000
93.37706596,-7.87401500
93.37807076,-11.81102000
93.37907556,-11.81102000
93.38008036,-15.74803000
93.38108516,-11.81102000
93.38208996,-11.81102000
93.38309476,-11.81102000
93.38409956,-15.74803000
93.38510436,-11.81102000
93.38610916,-15.74803000
93.38711396,-15.74803000
93.38811876,-19.68504000
93.38912356,-15.74803000
93.39012836,-15.74803000
93.39113316,-19.68504000
93.39213796,-7.87401500
93.39314276,-3.93700800
93.39414756,-15.74803000
93.39515236,-11.81102000
93.39615716,-15.74803000
93.39716196,-15.74803000
93.39816676,-15.74803000
93.39917156,-11.81102000
93.40017636,-11.81102000
93.40118116,-11.81102000
93.40218596,-15.74803000
93.40319076,-11.81102000
93.40419556,-15.74803000
93.40520036,-15.74803000
93.40620516,-15.74803000
93.40720996,-19.68504000
93.40821476,-11.81102000
93.40921956,-11.81102000
93.41022436,-15.74803000
93.41122916,-7.87401500
93.41223396,-15.74803000
93.41323876,-7.87401500
93.41424356,-15.74803000
93.41524836,-11.81102000
93.41625316,-7.87401500
93.41725796,-7.87401500
93.41826276,-7.87401500
93.41926756,-11.81102000
93.42027236,-11.81102000
93.42127716,-15.74803000
93.42228196,-19.68504000
93.42328676,-15.74803000
93.42429156,-11.81102000
93.42529636,-15.74803000
93.42630116,-15.74803000
93.42730596,-11.81102000
93.42831076,-7.87401500
93.42931556,-15.74803000
93.43032036,-19.68504000
93.43132516,-19.68504000
93.43232996,-15.74803000
93.43333476,-15.74803000
93.43433956,-11.81102000
93.43534436,-19.68504000
93.43634916,-11.81102000
93.43735396,-19.68504000
93.43835876,-15.74803000
93.43936356,-15.74803000
93.44036836,3.93700800
93.44137316,-11.81102000
93.44237796,-11.81102000
93.44338276,-11.81102000
93.44438756,-15.74803000
93.44539236,-15.74803000
93.44639716,-19.68504000
93.44740196,-11.81102000
93.44840676,-11.81102000
93.44941156,-15.74803000
93.45041636,-11.81102000
93.45142116,-15.74803000
93.45242596,-15.74803000
93.45343076,-15.74803000
93.45443556,-19.68504000
93.45544036,-19.68504000
93.45644516,-19.68504000
93.45744996,-11.81102000
93.45845476,-11.81102000
93.45945956,-15.74803000
93.46046436,-11.81102000
93.46146916,-15.74803000
93.46247396,-19.68504000
93.46347876,-11.81102000
93.46448356,-19.68504000
93.46548836,-7.87401500
93.46649316,-3.93700800
93.46749796,-7.87401500
93.46850276,-15.74803000
93.46950756,-7.87401500
93.47051236,-15.74803000
93.47151716,-11.81102000
93.47252196,-19.68504000
93.47352676,-15.74803000
93.47453156,-19.68504000
93.47553636,-15.74803000
93.47654116,-15.74803000
93.47754596,-11.81102000
93.47855076,-11.81102000
93.47955556,-7.87401500
93.48056036,-11.81102000
93.48156516,-11.81102000
93.48256996,-7.87401500
93.48357476,-7.87401500
93.48457956,-11.81102000
93.48558436,-15.74803000
93.48658916,-15.74803000
93.48759396,-15.74803000
93.48859876,-19.68504000
93.48960356,-7.87401500
93.49060836,-11.81102000
93.49161316,-11.81102000
93.49261796,-11.81102000
93.49362276,-11.81102000
93.49462756,-7.87401500
93.49563236,-7.87401500
93.49663716,-7.87401500
93.49764196,-11.81102000
93.49864676,-15.74803000
93.49965156,-7.87401500
93.50065636,-11.81102000
93.50166116,-11.81102000
93.50266596,-11.81102000
93.50367076,-15.74803000
93.50467556,-19.68504000
93.50568036,-11.81102000
93.50668516,-11.81102000
93.50768996,-11.81102000
93.50869476,-7.87401500
93.50969956,-11.81102000
93.51070436,-15.74803000
93.51170916,-11.81102000
93.51271396,-11.81102000
93.51371876,-15.74803000
93.51472356,-11.81102000
93.51572836,-19.68504000
93.51673316,-19.68504000
93.51773796,-15.74803000
93.51874276,-19.68504000
93.51974756,-15.74803000
93.52075236,-19.68504000
93.52175716,-7.87401500
93.52276196,-11.81102000
93.52376676,-11.81102000
93.52477156,-7.87401500
93.52577636,-11.81102000
93.52678116,-11.81102000
93.52778596,-15.74803000
93.52879076,-19.68504000
93.52979556,-15.74803000
93.53080036,-15.74803000
93.53180516,-11.81102000
93.53280996,-15.74803000
93.53381476,-11.81102000
93.53481956,-27.55905000
93.53582436,-15.74803000
93.53682916,-19.68504000
93.53783396,-3.93700800
93.53883876,-11.81102000
93.53984356,-11.81102000
93.54084836,-11.81102000
93.54185316,-15.74803000
93.54285796,-11.81102000
93.54386276,-11.81102000
93.54486756,-11.81102000
93.54587236,-15.74803000
93.54687716,-11.81102000
93.54788196,-15.74803000
93.54888676,-15.74803000
93.54989156,-11.81102000
93.55089636,-15.74803000
93.55190116,-19.68504000
93.55290596,-15.74803000
93.55391076,-19.68504000
93.55491556,-11.81102000
93.55592036,-15.74803000
93.55692516,-19.68504000
93.55792996,-23.62205000
93.55893476,-19.68504000
93.55993956,-15.74803000
93.56094436,-15.74803000
93.56194916,-15.74803000
93.56295396,-15.74803000
93.56395876,-11.81102000
93.56496356,-11.81102000
93.56596836,-11.81102000
93.56697316,-11.81102000
93.56797796,-15.74803000
93.56898276,-15.74803000
93.56998756,-15.74803000
93.57099236,-15.74803000
93.57199716,-7.87401500
93.57300196,-15.74803000
93.57400676,-15.74803000
93.57501156,-7.87401500
93.57601635,-19.68504000
93.57702115,-11.81102000
93.57802595,-7.87401500
93.57903075,-11.81102000
93.58003555,-15.74803000
93.58104035,-11.81102000
93.58204515,-11.81102000
93.58304995,-11.81102000
93.58405475,-11.81102000
93.58505955,-15.74803000
93.58606435,-11.81102000
93.58706915,-15.74803000
93.58807395,-11.81102000
93.58907875,-15.74803000
93.59008355,-11.81102000
93.59108835,-7.87401500
93.59209315,-11.81102000
93.59309795,-11.81102000
93.59410275,-15.74803000
93.59510755,-15.74803000
93.59611235,-15.74803000
93.59711715,-15.74803000
93.59812195,-11.81102000
93.59912675,-7.87401500
93.60013155,-27.55905000
93.60113635,-19.68504000
93.60214115,-19.68504000
93.60314595,-19.68504000
93.60415075,-19.68504000
93.60515555,-15.74803000
93.60616035,-15.74803000
93.60716515,-11.81102000
93.60816995,-15.74803000
93.60917475,-11.81102000
93.61017955,-11.81102000
93.61118435,-11.81102000
93.61218915,-11.81102000
93.61319395,-11.81102000
93.61419875,-11.81102000
93.61520355,-15.74803000
93.61620835,-19.68504000
93.61721315,-15.74803000
93.61821795,-11.81102000
93.61922275,-15.74803000
93.62022755,-11.81102000
93.62123235,-11.81102000
93.62223715,-11.81102000
93.62324195,-7.87401500
93.62424675,-11.81102000
93.62525155,-15.74803000
93.62625635,-11.81102000
93.62726115,-11.81102000
93.62826595,-19.68504000
93.62927075,-19.68504000
93.63027555,-15.74803000
93.63128035,-15.74803000
93.63228515,-27.55905000
93.63328995,-11.81102000
93.63429475,-15.74803000
93.63529955,-11.81102000
93.63630435,-11.81102000
93.63730915,-11.81102000
93.63831395,-15.74803000
93.63931875,-11.81102000
93.64032355,-7.87401500
93.64132835,-7.87401500
93.64233315,-19.68504000
93.64333795,-19.68504000
93.64434275,-19.68504000
93.64534755,-15.74803000
93.64635235,-15.74803000
93.64735715,-15.74803000
93.64836195,-15.74803000
93.64936675,-19.68504000
93.65037155,-19.68504000
93.65137635,-19.68504000
93.65238115,-7.87401500
93.65338595,-15.74803000
93.65439075,-15.74803000
93.65539555,-11.81102000
93.65640035,-15.74803000
93.65740515,-19.68504000
93.65840995,-11.81102000
93.65941475,-11.81102000
93.66041955,-15.74803000
93.66142435,-11.81102000
93.66242915,-15.74803000
93.66343395,-11.81102000
93.66443875,-15.74803000
93.66544355,-19.68504000
93.66644835,-15.74803000
93.66745315,-15.74803000
93.66845795,-11.81102000
93.66946275,-11.81102000
93.67046755,-11.81102000
93.67147235,-7.87401500
93.67247715,-19.68504000
93.67348195,-11.81102000
93.67448675,-11.81102000
93.67549155,-15.74803000
93.67649635,-7.87401500
93.67750115,-15.74803000
93.67850595,-11.81102000
93.67951075,-7.87401500
93.68051555,-11.81102000
93.68152035,-19.68504000
93.68252515,-15.74803000
93.68352995,-23.62205000
93.68453475,-19.68504000
93.68553955,-19.68504000
93.68654435,-15.74803000
93.68754915,-11.81102000
93.68855395,-15.74803000
93.68955875,-11.81102000
93.69056355,-15.74803000
93.69156835,-15.74803000
93.69257315,-11.81102000
93.69357795,-7.87401500
93.69458275,-11.81102000
93.69558755,-11.81102000
93.69659235,-11.81102000
93.69759715,-15.74803000
93.69860195,-19.68504000
93.69960675,-15.74803000
93.70061155,-11.81102000
93.70161635,-15.74803000
93.70262115,-7.87401500
93.70362595,-15.74803000
93.70463075,-15.74803000
93.70563555,-15.74803000
93.70664035,-15.74803000
93.70764515,-11.81102000
93.70864995,-15.74803000
93.70965475,-11.81102000
93.71065955,-15.74803000
93.71166435,-15.74803000
93.71266915,-11.81102000
93.71367395,-11.81102000
93.71467875,-15.74803000
93.71568355,-15.74803000
93.71668835,-11.81102000
93.71769315,-11.81102000
93.71869795,-11.81102000
93.71970275,-15.74803000
93.72070755,-11.81102000
93.72171235,-11.81102000
93.72271715,-15.74803000
93.72372195,-15.74803000
93.72472675,-15.74803000
93.72573155,-11.81102000
93.72673635,-19.68504000
93.72774115,-19.68504000
93.72874595,-19.68504000
93.72975075,-19.68504000
93.73075555,-15.74803000
93.73176035,-15.74803000
93.73276515,-7.87401500
93.73376995,-19.68504000
93.73477475,-11.81102000
93.73577955,-11.81102000
93.73678435,-11.81102000
93.73778915,-11.81102000
93.73879395,-7.87401500
93.73979875,-11.81102000
93.74080355,-7.87401500
93.74180835,-7.87401500
93.74281315,-11.81102000
93.74381795,-11.81102000
93.74482275,-15.74803000
93.74582755,-15.74803000
93.74683235,-15.74803000
93.74783715,-15.74803000
93.74884195,-11.81102000
93.74984675,-11.81102000
93.75085155,-15.74803000
93.75185635,-11.81102000
93.75286115,-11.81102000
93.75386595,-7.87401500
93.75487075,-15.74803000
93.75587555,-15.74803000
93.75688035,-15.74803000
93.75788515,-7.87401500
93.75888995,-19.68504000
93.75989475,-11.81102000
93.76089955,-15.74803000
93.76190435,-15.74803000
93.76290915,-15.74803000
93.76391395,-19.68504000
93.76491875,-15.74803000
93.76592355,-11.81102000
93.76692835,-15.74803000
93.76793315,-11.81102000
93.76893795,-19.68504000
93.76994275,-19.68504000
93.77094755,-15.74803000
93.77195235,-19.68504000
93.77295715,-19.68504000
93.77396195,-11.81102000
93.77496675,-15.74803000
93.77597155,-7.87401500
93.77697635,-19.68504000
93.77798115,-11.81102000
93.77898595,-19.68504000
93.77999075,-15.74803000
93.78099555,-11.81102000
93.78200035,-7.87401500
93.78300515,-15.74803000
93.78400995,-11.81102000
93.78501475,-11.81102000
93.78601955,-11.81102000
93.78702435,-15.74803000
93.78802915,-11.81102000
93.78903395,-7.87401500
93.79003875,-11.81102000
93.79104355,-7.87401500
93.79204835,-7.87401500
93.79305315,-11.81102000
93.79405795,-11.81102000
93.79506275,-15.74803000
93.79606755,-19.68504000
93.79707235,-15.74803000
93.79807715,-11.81102000
93.79908195,-7.87401500
93.80008675,-19.68504000
93.80109155,-11.81102000
93.80209635,-11.81102000
93.80310115,-19.68504000
93.80410595,-11.81102000
93.80511075,-11.81102000
93.80611555,-11.81102000
93.80712035,-11.81102000
93.80812515,-11.81102000
93.80912995,0.00000000
93.81013475,-11.81102000
93.81113955,-15.74803000
93.81214435,-35.43307000
93.81314915,-19.68504000
93.81415395,-19.68504000
93.81515875,-19.68504000
93.81616355,-11.81102000
93.81716835,-11.81102000
93.81817315,-11.81102000
93.81917795,-19.68504000
93.82018275,-11.81102000
93.82118755,-7.87401500
93.82219235,-15.74803000
93.82319715,-7.87401500
93.82420195,-11.81102000
93.82520675,-15.74803000
93.82621155,-11.81102000
93.82721635,-15.74803000
93.82822115,-19.68504000
93.82922595,-15.74803000
93.83023075,-7.87401500
93.83123555,-11.81102000
93.83224035,-11.81102000
93.83324515,-11.81102000
93.83424995,-11.81102000
93.83525475,-11.81102000
93.83625955,-7.87401500
93.83726435,-11.81102000
93.83826915,-11.81102000
93.83927395,-11.81102000
93.84027875,-11.81102000
93.84128355,-15.74803000
93.84228835,-7.87401500
93.84329315,-11.81102000
93.84429795,-15.74803000
93.84530275,-15.74803000
93.84630755,-15.74803000
93.84731235,-11.81102000
93.84831715,-11.81102000
93.84932195,-11.81102000
93.85032675,-11.81102000
93.85133155,-15.74803000
93.85233635,-11.81102000
93.85334115,-11.81102000
93.85434595,-15.74803000
93.85535075,-15.74803000
93.85635555,-19.68504000
93.85736035,-19.68504000
93.85836515,-15.74803000
93.85936995,-11.81102000
93.86037475,-15.74803000
93.86137955,-15.74803000
93.86238435,-15.74803000
93.86338915,-11.81102000
93.86439395,-11.81102000
93.86539875,-11.81102000
93.86640355,-11.81102000
93.86740835,-11.81102000
93.86841315,-7.87401500
93.86941795,-15.74803000
93.87042275,-15.74803000
93.87142755,-11.81102000
93.87243235,-15.74803000
93.87343715,-11.81102000
93.87444195,-11.81102000
93.87544675,-11.81102000
93.87645155,-11.81102000
93.87745635,-15.74803000
93.87846115,-11.81102000
93.87946595,-7.87401500
93.88047075,-11.81102000
93.88147555,-15.74803000
93.88248035,-11.81102000
93.88348515,-11.81102000
93.88448995,-11.81102000
93.88549475,-15.74803000
93.88649955,-19.68504000
93.88750435,-11.81102000
93.88850915,-15.74803000
93.88951395,-11.81102000
93.89051875,-15.74803000
93.89152355,-15.74803000
93.89252835,-15.74803000
93.89353315,-11.81102000
93.89453795,-15.74803000
93.89554275,-11.81102000
93.89654755,-15.74803000
93.89755235,-11.81102000
93.89855715,-27.55905000
93.89956195,-19.68504000
93.90056675,-11.81102000
93.90157155,-15.74803000
93.90257635,-15.74803000
93.90358115,-11.81102000
93.90458594,-11.81102000
93.90559074,-11.81102000
93.90659554,-11.81102000
93.90760034,-7.87401500
93.90860514,-11.81102000
93.90960994,-11.81102000
93.91061474,-7.87401500
93.91161954,-11.81102000
93.91262434,-11.81102000
93.91362914,-7.87401500
93.91463394,-11.81102000
93.91563874,-7.87401500
93.91664354,-7.87401500
93.91764834,-15.74803000
93.91865314,-11.81102000
93.91965794,-11.81102000
93.92066274,-11.81102000
93.92166754,-11.81102000
93.92267234,-15.74803000
93.92367714,-3.93700800
93.92468194,-19.68504000
93.92568674,-19.68504000
93.92669154,-15.74803000
93.92769634,-15.74803000
93.92870114,-15.74803000
93.92970594,-11.81102000
93.93071074,-15.74803000
93.93171554,-7.87401500
93.93272034,-11.81102000
93.93372514,-11.81102000
93.93472994,-19.68504000
93.93573474,-7.87401500
93.93673954,-11.81102000
93.93774434,-15.74803000
93.93874914,-15.74803000
93.93975394,-15.74803000
93.94075874,-27.55905000
93.94176354,-19.68504000
93.94276834,-11.81102000
93.94377314,-3.93700800
93.94477794,-7.87401500
93.94578274,-7.87401500
93.94678754,-11.81102000
93.94779234,-11.81102000
93.94879714,-3.93700800
93.94980194,-11.81102000
93.95080674,-7.87401500
93.95181154,-11.81102000
93.95281634,-11.81102000
93.95382114,-11.81102000
93.95482594,-7.87401500
93.95583074,-7.87401500
93.95683554,-11.81102000
93.95784034,-11.81102000
93.95884514,-15.74803000
93.95984994,-15.74803000
93.96085474,0.00000000
93.96185954,-11.81102000
93.96286434,-11.81102000
93.96386914,-11.81102000
93.96487394,-15.74803000
93.96587874,-15.74803000
93.96688354,-15.74803000
93.96788834,-11.81102000
93.96889314,-11.81102000
93.96989794,-11.81102000
93.97090274,-7.87401500
93.97190754,-11.81102000
93.97291234,-15.74803000
93.97391714,-15.74803000
93.97492194,-15.74803000
93.97592674,-19.68504000
93.97693154,-7.87401500
93.97793634,-11.81102000
93.97894114,-11.81102000
93.97994594,-11.81102000
93.98095074,-11.81102000
93.98195554,-15.74803000
93.98296034,-15.74803000
93.98396514,-11.81102000
93.98496994,-15.74803000
93.98597474,-15.74803000
93.98697954,-11.81102000
93.98798434,-7.87401500
93.98898914,-11.81102000
93.98999394,-15.74803000
93.99099874,-11.81102000
93.99200354,-11.81102000
93.99300834,-7.87401500
93.99401314,-3.93700800
93.99501794,-11.81102000
93.99602274,-7.87401500
93.99702754,-7.87401500
93.99803234,-11.81102000
93.99903714,-7.87401500
94.00004194,-11.81102000
94.00104674,-11.81102000
94.00205154,-7.87401500
94.00305634,-15.74803000
94.00406114,-15.74803000
94.00506594,-11.81102000
94.00607074,-11.81102000
94.00707554,-15.74803000
94.00808034,-15.74803000
94.00908514,-11.81102000
94.01008994,-11.81102000
94.01109474,-15.74803000
94.01209954,-11.81102000
94.01310434,-11.81102000
94.01410914,-15.74803000
94.01511394,-15.74803000
94.01611874,-15.74803000
94.01712354,-11.81102000
94.01812834,-11.81102000
94.01913314,-11.81102000
94.02013794,-11.81102000
94.02114274,-19.68504000
94.02214754,-11.81102000
94.02315234,-19.68504000
94.02415714,-19.68504000
94.02516194,-11.81102000
94.02616674,-19.68504000
94.02717154,-15.74803000
94.02817634,-15.74803000
94.02918114,-15.74803000
94.03018594,-11.81102000
94.03119074,-11.81102000
94.03219554,-11.81102000
94.03320034,-11.81102000
94.03420514,-7.87401500
94.03520994,-11.81102000
94.03621474,-7.87401500
94.03721954,-11.81102000
94.03822434,-23.62205000
94.03922914,-19.68504000
94.04023394,-15.74803000
94.04123874,-3.93700800
94.04224354,-15.74803000
94.04324834,-7.87401500
94.04425314,-7.87401500
94.04525794,-7.87401500
94.04626274,-11.81102000
94.04726754,-3.93700800
94.04827234,-15.74803000
94.04927714,-11.81102000
94.05028194,-3.93700800
94.05128674,-7.87401500
94.05229154,-15.74803000
94.05329634,-7.87401500
94.05430114,-11.81102000
94.05530594,-15.74803000
94.05631074,-19.68504000
94.05731554,-11.81102000
94.05832034,-11.81102000
94.05932514,-7.87401500
94.06032994,-15.74803000
94.06133474,-15.74803000
94.06233954,0.00000000
94.06334434,-11.81102000
94.06434914,-11.81102000
94.06535394,-7.87401500
94.06635874,-15.74803000
94.06736354,-7.87401500
94.06836834,-23.62205000
94.06937314,-11.81102000
94.07037794,-15.74803000
94.07138274,-19.68504000
94.07238754,-11.81102000
94.07339234,-15.74803000
94.07439714,-7.87401500
94.07540194,-3.93700800
94.07640674,-7.87401500
94.07741154,-11.81102000
94.07841634,-3.93700800
94.07942114,-11.81102000
94.08042594,-7.87401500
94.08143074,-7.87401500
94.08243554,-11.81102000
94.08344034,-7.87401500
94.08444514,-15.74803000
94.08544994,-7.87401500
94.08645474,-11.81102000
94.08745954,-15.74803000
94.08846434,-15.74803000
94.08946914,-15.74803000
94.09047394,-7.87401500
94.09147874,-11.81102000
94.09248354,-7.87401500
94.09348834,-7.87401500
94.09449314,-3.93700800
94.09549794,-11.81102000
94.09650274,-11.81102000
94.09750754,-7.87401500
94.09851234,-7.87401500
94.09951714,-11.81102000
94.10052194,-11.81102000
94.10152674,-11.81102000
94.10253154,-15.74803000
94.10353634,-7.87401500
94.10454114,-11.81102000
94.10554594,-15.74803000
94.10655074,-7.87401500
94.10755554,-7.87401500
94.10856034,-3.93700800
94.10956514,-3.93700800
94.11056994,-7.87401500
94.11157474,-7.87401500
94.11257954,-15.74803000
94.11358434,-15.74803000
94.11458914,-15.74803000
94.11559394,-15.74803000
94.11659874,-11.81102000
94.11760354,-11.81102000
94.11860834,-11.81102000
94.11961314,-7.87401500
94.12061794,-11.81102000
94.12162274,-7.87401500
94.12262754,-7.87401500
94.12363234,-11.81102000
94.12463714,0.00000000
94.12564194,-11.81102000
94.12664674,-11.81102000
94.12765154,-11.81102000
94.12865634,-7.87401500
94.12966114,-11.81102000
94.13066594,-15.74803000
94.13167074,-11.81102000
94.13267554,-11.81102000
94.13368034,-7.87401500
94.13468514,-11.81102000
94.13568994,-19.68504000
94.13669474,-15.74803000
94.13769954,-11.81102000
94.13870434,-7.87401500
94.13970914,-15.74803000
94.14071394,-11.81102000
94.14171874,-7.87401500
94.14272354,-11.81102000
94.14372834,-11.81102000
94.14473314,-7.87401500
94.14573794,-7.87401500
94.14674274,-7.87401500
94.14774754,-7.87401500
94.14875234,-11.81102000
94.14975714,-15.74803000
94.15076194,-3.93700800
94.15176674,-7.87401500
94.15277154,-15.74803000
94.15377634,-19.68504000
94.15478114,-15.74803000
94.15578594,-15.74803000
94.15679074,-11.81102000
94.15779554,-7.87401500
94.15880034,-11.81102000
94.15980514,-7.87401500
94.16080994,-7.87401500
94.16181474,-7.87401500
94.16281954,-11.81102000
94.16382434,-7.87401500
94.16482914,-7.87401500
94.16583394,-15.74803000
94.16683874,-11.81102000
94.16784354,-11.81102000
94.16884834,-19.68504000
94.16985314,-11.81102000
94.17085794,-11.81102000
94.17186274,-7.87401500
94.17286754,-11.81102000
94.17387234,-7.87401500
94.17487714,-11.81102000
94.17588194,-15.74803000
94.17688674,-11.81102000
94.17789154,-11.81102000
94.17889634,-11.81102000
94.17990114,-7.87401500
94.18090594,-15.74803000
94.18191074,-11.81102000
94.18291554,-11.81102000
94.18392034,-7.87401500
94.18492514,-19.68504000
94.18592994,-11.81102000
94.18693474,-11.81102000
94.18793954,-11.81102000
94.18894434,-7.87401500
94.18994914,-11.81102000
94.19095394,-11.81102000
94.19195874,-7.87401500
94.19296354,-7.87401500
94.19396834,-7.87401500
94.19497314,-15.74803000
94.19597794,-15.74803000
94.19698274,-11.81102000
94.19798754,-11.81102000
94.19899234,-15.74803000
94.19999714,-15.74803000
94.20100194,-11.81102000
94.20200674,-15.74803000
94.20301154,-11.81102000
94.20401634,-15.74803000
94.20502114,-3.93700800
94.20602594,-7.87401500
94.20703074,-7.87401500
94.20803554,-7.87401500
94.20904034,-7.87401500
94.21004514,-7.87401500
94.21104994,-7.87401500
94.21205474,-11.81102000
94.21305954,-7.87401500
94.21406434,-15.74803000
94.21506914,-15.74803000
94.21607394,-11.81102000
94.21707874,-19.68504000
94.21808354,-11.81102000
94.21908834,-15.74803000
94.22009314,-11.81102000
94.22109794,-11.81102000
94.22210274,-11.81102000
94.22310754,-11.81102000
94.22411234,-11.81102000
94.22511714,-15.74803000
94.22612194,-15.74803000
94.22712674,-15.74803000
94.22813154,-11.81102000
94.22913634,-11.81102000
94.23014114,-11.81102000
94.23114594,-7.87401500
94.23215074,-11.81102000
94.23315553,-11.81102000
94.23416033,-15.74803000
94.23516513,-15.74803000
94.23616993,-7.87401500
94.23717473,-11.81102000
94.23817953,-7.87401500
94.23918433,-11.81102000
94.24018913,-15.74803000
94.24119393,-19.68504000
94.24219873,-19.68504000
94.24320353,-11.81102000
94.24420833,-7.87401500
94.24521313,-7.87401500
94.24621793,-15.74803000
94.24722273,-11.81102000
94.24822753,-11.81102000
94.24923233,-11.81102000
94.25023713,-11.81102000
94.25124193,-11.81102000
94.25224673,-7.87401500
94.25325153,-11.81102000
94.25425633,-19.68504000
94.25526113,-7.87401500
94.25626593,-11.81102000
94.25727073,-11.81102000
94.25827553,-3.93700800
94.25928033,-7.87401500
94.26028513,-7.87401500
94.26128993,-7.87401500
94.26229473,-3.93700800
94.26329953,-7.87401500
94.26430433,-7.87401500
94.26530913,-7.87401500
94.26631393,-15.74803000
94.26731873,-15.74803000
94.26832353,-15.74803000
94.26932833,-11.81102000
94.27033313,-11.81102000
94.27133793,-11.81102000
94.27234273,-7.87401500
94.27334753,-11.81102000
94.27435233,-15.74803000
94.27535713,-7.87401500
94.27636193,-11.81102000
94.27736673,-11.81102000
94.27837153,-7.87401500
94.27937633,-15.74803000
94.28038113,-11.81102000
94.28138593,-11.81102000
94.28239073,-27.55905000
94.28339553,-19.68504000
94.28440033,-19.68504000
94.28540513,-11.81102000
94.28640993,-15.74803000
94.28741473,-15.74803000
94.28841953,-11.81102000
94.28942433,-11.81102000
94.29042913,-3.93700800
94.29143393,-7.87401500
94.29243873,-11.81102000
94.29344353,-11.81102000
94.29444833,-11.81102000
94.29545313,-11.81102000
94.29645793,-7.87401500
94.29746273,-7.87401500
94.29846753,-11.81102000
94.29947233,-15.74803000
94.30047713,-15.74803000
94.30148193,-11.81102000
94.30248673,-7.87401500
94.30349153,-7.87401500
94.30449633,-7.87401500
94.30550113,-7.87401500
94.30650593,-7.87401500
94.30751073,-7.87401500
94.30851553,-11.81102000
94.30952033,-11.81102000
94.31052513,-7.87401500
94.31152993,-11.81102000
94.31253473,-7.87401500
94.31353953,-11.81102000
94.31454433,-11.81102000
94.31554913,-11.81102000
94.31655393,-11.81102000
94.31755873,-15.74803000
94.31856353,-7.87401500
94.31956833,-11.81102000
94.32057313,-11.81102000
94.32157793,-11.81102000
94.32258273,-11.81102000
94.32358753,-7.87401500
94.32459233,-11.81102000
94.32559713,-19.68504000
94.32660193,-19.68504000
94.32760673,-15.74803000
94.32861153,-11.81102000
94.32961633,-15.74803000
94.33062113,-15.74803000
94.33162593,-15.74803000
94.33263073,-15.74803000
94.33363553,-7.87401500
94.33464033,-11.81102000
94.33564513,-7.87401500
94.33664993,-11.81102000
94.33765473,-15.74803000
94.33865953,-7.87401500
94.33966433,-11.81102000
94.34066913,-7.87401500
94.34167393,-15.74803000
94.34267873,-15.74803000
94.34368353,-7.87401500
94.34468833,-11.81102000
94.34569313,-7.87401500
94.34669793,-11.81102000
94.34770273,-19.68504000
94.34870753,-15.74803000
94.34971233,3.93700800
94.35071713,-11.81102000
94.35172193,-7.87401500
94.35272673,-7.87401500
94.35373153,-7.87401500
94.35473633,-15.74803000
94.35574113,-15.74803000
94.35674593,-7.87401500
94.35775073,-15.74803000
94.35875553,-15.74803000
94.35976033,-7.87401500
94.36076513,-11.81102000
94.36176993,-11.81102000
94.36277473,-7.87401500
94.36377953,-15.74803000
94.36478433,-15.74803000
94.36578913,-7.87401500
94.36679393,-11.81102000
94.36779873,-7.87401500
94.36880353,-15.74803000
94.36980833,-15.74803000
94.37081313,-15.74803000
94.37181793,-15.74803000
94.37282273,-11.81102000
94.37382753,-11.81102000
94.37483233,-11.81102000
94.37583713,-7.87401500
94.37684193,-15.74803000
94.37784673,-7.87401500
94.37885153,-7.87401500
94.37985633,-15.74803000
94.38086113,-15.74803000
94.38186593,-15.74803000
94.38287073,-11.81102000
94.38387553,-11.81102000
94.38488033,-3.93700800
94.38588513,-7.87401500
94.38688993,-15.74803000
94.38789473,-15.74803000
94.38889953,-7.87401500
94.38990433,-11.81102000
94.39090913,-11.81102000
94.39191393,-11.81102000
94.39291873,-7.87401500
94.39392353,-11.81102000
94.39492833,-15.74803000
94.39593313,-19.68504000
94.39693793,-19.68504000
94.39794273,-11.81102000
94.39894753,-19.68504000
94.39995233,-11.81102000
94.40095713,-7.87401500
94.40196193,-15.74803000
94.40296673,-15.74803000
94.40397153,-11.81102000
94.40497633,-7.87401500
94.40598113,-15.74803000
94.40698593,-7.87401500
94.40799073,-11.81102000
94.40899553,-11.81102000
94.41000033,-11.81102000
94.41100513,-7.87401500
94.41200993,-15.74803000
94.41301473,-19.68504000
94.41401953,-15.74803000
94.41502433,-15.74803000
94.41602913,-7.87401500
94.41703393,-7.87401500
94.41803873,-11.81102000
94.41904353,-11.81102000
94.42004833,-15.74803000
94.42105313,-7.87401500
94.42205793,-11.81102000
94.42306273,-7.87401500
94.42406753,-7.87401500
94.42507233,-7.87401500
94.42607713,-11.81102000
94.42708193,-7.87401500
94.42808673,-11.81102000
94.42909153,-15.74803000
94.43009633,-11.81102000
94.43110113,-11.81102000
94.43210593,-15.74803000
94.43311073,-11.81102000
94.43411553,-11.81102000
94.43512033,-11.81102000
94.43612513,-7.87401500
94.43712993,-7.87401500
94.43813473,-15.74803000
94.43913953,-11.81102000
94.44014433,-11.81102000
94.44114913,-11.81102000
94.44215393,-11.81102000
94.44315873,-7.87401500
94.44416353,-23.62205000
94.44516833,-15.74803000
94.44617313,-15.74803000
94.44717793,3.93700800
94.44818273,-11.81102000
94.44918753,-7.87401500
94.45019233,-11.81102000
94.45119713,-11.81102000
94.45220193,-11.81102000
94.45320673,-11.81102000
94.45421153,-11.81102000
94.45521633,-23.62205000
94.45622113,-15.74803000
94.45722593,-19.68504000
94.45823073,-7.87401500
94.45923553,-7.87401500
94.46024033,-11.81102000
94.46124513,-11.81102000
94.46224993,-11.81102000
94.46325473,-11.81102000
94.46425953,-11.81102000
94.46526433,-3.93700800
94.46626913,-7.87401500
94.46727393,-11.81102000
94.46827873,-3.93700800
94.46928353,-7.87401500
94.47028833,-7.87401500
94.47129313,-11.81102000
94.47229793,-11.81102000
94.47330273,-3.93700800
94.47430753,-3.93700800
94.47531233,-15.74803000
94.47631713,-3.93700800
94.47732193,-15.74803000
94.47832673,-11.81102000
94.47933153,-11.81102000
94.48033633,-11.81102000
94.48134113,-11.81102000
94.48234593,-15.74803000
94.48335073,-11.81102000
94.48435553,-11.81102000
94.48536033,-11.81102000
94.48636513,-11.81102000
94.48736993,-7.87401500
94.48837473,-7.87401500
94.48937953,-11.81102000
94.49038433,-11.81102000
94.49138913,-11.81102000
94.49239393,-3.93700800
94.49339873,-19.68504000
94.49440353,-7.87401500
94.49540833,-11.81102000
94.49641313,-11.81102000
94.49741793,-11.81102000
94.49842273,-15.74803000
94.49942753,-15.74803000
94.50043233,-11.81102000
94.50143713,-11.81102000
94.50244193,-11.81102000
94.50344673,-11.81102000
94.50445153,-7.87401500
94.50545633,-7.87401500
94.50646113,-7.87401500
94.50746593,-11.81102000
94.50847073,-7.87401500
94.50947553,-11.81102000
94.51048033,-11.81102000
94.51148513,-11.81102000
94.51248993,-11.81102000
94.51349473,-7.87401500
94.51449953,-11.81102000
94.51550433,-11.81102000
94.51650913,-7.87401500
94.51751393,-7.87401500
94.51851873,-11.81102000
94.51952353,-11.81102000
94.52052833,-11.81102000
94.52153313,-15.74803000
94.52253793,-7.87401500
94.52354273,-15.74803000
94.52454753,-11.81102000
94.52555233,-15.74803000
94.52655713,-11.81102000
94.52756193,-11.81102000
94.52856673,-7.87401500
94.52957153,-7.87401500
94.53057633,-11.81102000
94.53158113,-15.74803000
94.53258593,-11.81102000
94.53359073,-7.87401500
94.53459553,-11.81102000
94.53560033,-11.81102000
94.53660513,-15.74803000
94.53760993,-11.81102000
94.53861473,-7.87401500
94.53961953,-7.87401500
94.54062433,-7.87401500
94.54162913,-27.55905000
94.54263393,-15.74803000
94.54363873,-19.68504000
94.54464353,-3.93700800
94.54564833,-11.81102000
94.54665313,-11.81102000
94.54765793,-11.81102000
94.54866273,-11.81102000
94.54966753,-11.81102000
94.55067233,-7.87401500
94.55167713,-7.87401500
94.55268193,-3.93700800
94.55368673,-7.87401500
94.55469153,-11.81102000
94.55569633,-7.87401500
94.55670113,-15.74803000
94.55770593,-11.81102000
94.55871073,-11.81102000
94.55971553,-11.81102000
94.56072033,-15.74803000
94.56172513,-11.81102000
94.56272992,-11.81102000
94.56373472,-11.81102000
94.56473952,-7.87401500
94.56574432,-7.87401500
94.56674912,-11.81102000
94.56775392,-7.87401500
94.56875872,-7.87401500
94.56976352,-7.87401500
94.57076832,-11.81102000
94.57177312,-7.87401500
94.57277792,-7.87401500
94.57378272,-7.87401500
94.57478752,-15.74803000
94.57579232,-11.81102000
94.57679712,-11.81102000
94.57780192,-7.87401500
94.57880672,-7.87401500
94.57981152,-11.81102000
94.58081632,-7.87401500
94.58182112,-7.87401500
94.58282592,-7.87401500
94.58383072,-7.87401500
94.58483552,3.93700800
94.58584032,-15.74803000
94.58684512,-11.81102000
94.58784992,-11.81102000
94.58885472,-11.81102000
94.58985952,-11.81102000
94.59086432,-11.81102000
94.59186912,-11.81102000
94.59287392,-11.81102000
94.59387872,-3.93700800
94.59488352,-11.81102000
94.59588832,-11.81102000
94.59689312,-3.93700800
94.59789792,-11.81102000
94.59890272,-7.87401500
94.59990752,-3.93700800
94.60091232,-11.81102000
94.60191712,-11.81102000
94.60292192,-3.93700800
94.60392672,-7.87401500
94.60493152,-11.81102000
94.60593632,-7.87401500
94.60694112,-11.81102000
94.60794592,-15.74803000
94.60895072,-11.81102000
94.60995552,-7.87401500
94.61096032,-11.81102000
94.61196512,-11.81102000
94.61296992,-7.87401500
94.61397472,-11.81102000
94.61497952,-15.74803000
94.61598432,-7.87401500
94.61698912,-11.81102000
94.61799392,-11.81102000
94.61899872,-7.87401500
94.62000352,-7.87401500
94.62100832,-11.81102000
94.62201312,-7.87401500
94.62301792,-7.87401500
94.62402272,-11.81102000
94.62502752,-11.81102000
94.62603232,-7.87401500
94.62703712,-11.81102000
94.62804192,-15.74803000
94.62904672,-11.81102000
94.63005152,-15.74803000
94.63105632,-11.81102000
94.63206112,-11.81102000
94.63306592,-11.81102000
94.63407072,-7.87401500
94.63507552,-11.81102000
94.63608032,-7.87401500
94.63708512,-15.74803000
94.63808992,-11.81102000
94.63909472,-15.74803000
94.64009952,-11.81102000
94.64110432,-15.74803000
94.64210912,-7.87401500
94.64311392,-11.81102000
94.64411872,-7.87401500
94.64512352,-11.81102000
94.64612832,-11.81102000
94.64713312,-7.87401500
94.64813792,-7.87401500
94.64914272,-7.87401500
94.65014752,-11.81102000
94.65115232,-11.81102000
94.65215712,-11.81102000
94.65316192,-11.81102000
94.65416672,-7.87401500
94.65517152,-11.81102000
94.65617632,-15.74803000
94.65718112,-11.81102000
94.65818592,-15.74803000
94.65919072,-11.81102000
94.66019552,-11.81102000
94.66120032,-7.87401500
94.66220512,-7.87401500
94.66320992,-11.81102000
94.66421472,-7.87401500
94.66521952,-7.87401500
94.66622432,-11.81102000
94.66722912,-7.87401500
94.66823392,-11.81102000
94.66923872,-11.81102000
94.67024352,-3.93700800
94.67124832,-7.87401500
94.67225312,-15.74803000
94.67325792,-11.81102000
94.67426272,-19.68504000
94.67526752,-15.74803000
94.67627232,-11.81102000
94.67727712,-7.87401500
94.67828192,-11.81102000
94.67928672,-11.81102000
94.68029152,-7.87401500
94.68129632,-7.87401500
94.68230112,-7.87401500
94.68330592,-7.87401500
94.68431072,-7.87401500
94.68531552,-11.81102000
94.68632032,-15.74803000
94.68732512,-3.93700800
94.68832992,-11.81102000
94.68933472,-11.81102000
94.69033952,-11.81102000
94.69134432,-11.81102000
94.69234912,-7.87401500
94.69335392,-7.87401500
94.69435872,-7.87401500
94.69536352,-7.87401500
94.69636832,-7.87401500
94.69737312,-11.81102000
94.69837792,-7.87401500
94.69938272,-7.87401500
94.70038752,-7.87401500
94.70139232,-11.81102000
94.70239712,-3.93700800
94.70340192,-7.87401500
94.70440672,-11.81102000
94.70541152,-11.81102000
94.70641632,-7.87401500
94.70742112,-3.93700800
94.70842592,-7.87401500
94.70943072,-7.87401500
94.71043552,-11.81102000
94.71144032,-7.87401500
94.71244512,-7.87401500
94.71344992,-7.87401500
94.71445472,-7.87401500
94.71545952,-15.74803000
94.71646432,-11.81102000
94.71746912,-7.87401500
94.71847392,-15.74803000
94.71947872,-11.81102000
94.72048352,-11.81102000
94.72148832,-7.87401500
94.72249312,-11.81102000
94.72349792,-15.74803000
94.72450272,-7.87401500
94.72550752,-11.81102000
94.72651232,-11.81102000
94.72751712,-7.87401500
94.72852192,-7.87401500
94.72952672,-11.81102000
94.73053152,-7.87401500
94.73153632,-7.87401500
94.73254112,-11.81102000
94.73354592,-7.87401500
94.73455072,-3.93700800
94.73555552,-7.87401500
94.73656032,-11.81102000
94.73756512,-15.74803000
94.73856992,-11.81102000
94.73957472,0.00000000
94.74057952,-7.87401500
94.74158432,-7.87401500
94.74258912,-7.87401500
94.74359392,-3.93700800
94.74459872,-7.87401500
94.74560352,-7.87401500
94.74660832,-3.93700800
94.74761312,-3.93700800
94.74861792,-3.93700800
94.74962272,-7.87401500
94.75062752,-3.93700800
94.75163232,-11.81102000
94.75263712,-15.74803000
94.75364192,-11.81102000
94.75464672,-7.87401500
94.75565152,-7.87401500
94.75665632,-7.87401500
94.75766112,-3.93700800
94.75866592,-15.74803000
94.75967072,-11.81102000
94.76067552,-11.81102000
94.76168032,-11.81102000
94.76268512,-7.87401500
94.76368992,-7.87401500
94.76469472,-11.81102000
94.76569952,-7.87401500
94.76670432,-7.87401500
94.76770912,-7.87401500
94.76871392,-3.93700800
94.76971872,-7.87401500
94.77072352,-11.81102000
94.77172832,-11.81102000
94.77273312,-3.93700800
94.77373792,-11.81102000
94.77474272,-3.93700800
94.77574752,-7.87401500
94.77675232,-7.87401500
94.77775712,-11.81102000
94.77876192,-7.87401500
94.77976672,-11.81102000
94.78077152,-11.81102000
94.78177632,-7.87401500
94.78278112,-3.93700800
94.78378592,-11.81102000
94.78479072,-11.81102000
94.78579552,-11.81102000
94.78680032,-15.74803000
94.78780512,-11.81102000
94.78880992,-3.93700800
94.78981472,-7.87401500
94.79081952,-11.81102000
94.79182432,-11.81102000
94.79282912,-7.87401500
94.79383392,-7.87401500
94.79483872,-3.93700800
94.79584352,-11.81102000
94.79684832,-7.87401500
94.79785312,-7.87401500
94.79885792,-7.87401500
94.79986272,-7.87401500
94.80086752,-3.93700800
94.80187232,-27.55905000
94.80287712,-19.68504000
94.80388192,-11.81102000
94.80488672,-19.68504000
94.80589152,-11.81102000
94.80689632,-7.87401500
94.80790112,-3.93700800
94.80890592,-7.87401500
94.80991072,-7.87401500
94.81091552,-7.87401500
94.81192032,-11.81102000
94.81292512,-7.87401500
94.81392992,-7.87401500
94.81493472,-15.74803000
94.81593952,-11.81102000
94.81694432,-7.87401500
94.81794912,-11.81102000
94.81895392,-15.74803000
94.81995872,-15.74803000
94.82096352,-7.87401500
94.82196832,-7.87401500
94.82297312,-7.87401500
94.82397792,-7.87401500
94.82498272,-11.81102000
94.82598752,-7.87401500
94.82699232,-11.81102000
94.82799712,-7.87401500
94.82900192,-7.87401500
94.83000672,-7.87401500
94.83101152,-7.87401500
94.83201632,-7.87401500
94.83302112,-7.87401500
94.83402592,-11.81102000
94.83503072,-7.87401500
94.83603552,-11.81102000
94.83704032,-3.93700800
94.83804512,-7.87401500
94.83904992,-11.81102000
94.84005472,-11.81102000
94.84105952,-7.87401500
94.84206432,-7.87401500
94.84306912,-7.87401500
94.84407392,-11.81102000
94.84507872,-7.87401500
94.84608352,-11.81102000
94.84708832,-15.74803000
94.84809312,-11.81102000
94.84909792,-7.87401500
94.85010272,-15.74803000
94.85110752,-15.74803000
94.85211232,-15.74803000
94.85311712,7.87401500
94.85412192,-11.81102000
94.85512672,-11.81102000
94.85613152,-7.87401500
94.85713632,-7.87401500
94.85814112,-7.87401500
94.85914592,-3.93700800
94.86015072,-3.93700800
94.86115552,-7.87401500
94.86216032,-7.87401500
94.86316512,-7.87401500
94.86416992,-11.81102000
94.86517472,-11.81102000
94.86617952,-11.81102000
94.86718432,-11.81102000
94.86818912,-11.81102000
94.86919392,-11.81102000
94.87019872,-3.93700800
94.87120352,-7.87401500
94.87220832,-3.93700800
94.87321312,-7.87401500
94.87421792,-7.87401500
94.87522272,-7.87401500
94.87622752,-7.87401500
94.87723232,-7.87401500
94.87823712,-11.81102000
94.87924192,-11.81102000
94.88024672,-3.93700800
94.88125152,-11.81102000
94.88225632,-7.87401500
94.88326112,-11.81102000
94.88426592,-7.87401500
94.88527072,-11.81102000
94.88627552,-11.81102000
94.88728032,-11.81102000
94.88828512,-15.74803000
94.88928992,-19.68504000
94.89029472,-15.74803000
94.89129951,-7.87401500
94.89230431,-7.87401500
94.89330911,-15.74803000
94.89431391,-3.93700800
94.89531871,-7.87401500
94.89632351,-3.93700800
94.89732831,-7.87401500
94.89833311,-3.93700800
94.89933791,-7.87401500
94.90034271,-7.87401500
94.90134751,-7.87401500
94.90235231,-3.93700800
94.90335711,-7.87401500
94.90436191,-11.81102000
94.90536671,-11.81102000
94.90637151,-7.87401500
94.90737631,-3.93700800
94.90838111,-7.87401500
94.90938591,-3.93700800
94.91039071,-11.81102000
94.91139551,-7.87401500
94.91240031,-3.93700800
94.91340511,-11.81102000
94.91440991,-11.81102000
94.91541471,-7.87401500
94.91641951,-11.81102000
94.91742431,-15.74803000
94.91842911,-11.81102000
94.91943391,-7.87401500
94.92043871,-11.81102000
94.92144351,-7.87401500
94.92244831,-3.93700800
94.92345311,-7.87401500
94.92445791,-7.87401500
94.92546271,-3.93700800
94.92646751,-7.87401500
94.92747231,-3.93700800
94.92847711,-7.87401500
94.92948191,-11.81102000
94.93048671,-15.74803000
94.93149151,-15.74803000
94.93249631,-15.74803000
94.93350111,-11.81102000
94.93450591,-11.81102000
94.93551071,-3.93700800
94.93651551,-7.87401500
94.93752031,-3.93700800
94.93852511,-7.87401500
94.93952991,-7.87401500
94.94053471,-7.87401500
94.94153951,-7.87401500
94.94254431,-7.87401500
94.94354911,-3.93700800
94.94455391,-7.87401500
94.94555871,-7.87401500
94.94656351,-11.81102000
94.94756831,-23.62205000
94.94857311,-11.81102000
94.94957791,-11.81102000
94.95058271,7.87401500
94.95158751,-11.81102000
94.95259231,-3.93700800
94.95359711,-11.81102000
94.95460191,-11.81102000
94.95560671,-11.81102000
94.95661151,-11.81102000
94.95761631,-7.87401500
94.95862111,-7.87401500
94.95962591,-7.87401500
94.96063071,-7.87401500
94.96163551,-7.87401500
94.96264031,-7.87401500
94.96364511,-11.81102000
94.96464991,-15.74803000
94.96565471,-15.74803000
94.96665951,-15.74803000
94.96766431,-11.81102000
94.96866911,-11.81102000
94.96967391,-7.87401500
94.97067871,-3.93700800
94.97168351,-7.87401500
94.97268831,-3.93700800
94.97369311,-15.74803000
94.97469791,-15.74803000
94.97570271,-15.74803000
94.97670751,-15.74803000
94.97771231,-3.93700800
94.97871711,-15.74803000
94.97972191,-15.74803000
94.98072671,-11.81102000
94.98173151,-11.81102000
94.98273631,-11.81102000
94.98374111,-7.87401500
94.98474591,-7.87401500
94.98575071,-11.81102000
94.98675551,-11.81102000
94.98776031,-15.74803000
94.98876511,-7.87401500
94.98976991,-7.87401500
94.99077471,-11.81102000
94.99177951,-7.87401500
94.99278431,-7.87401500
94.99378911,-11.81102000
94.99479391,-7.87401500
94.99579871,-7.87401500
94.99680351,-7.87401500
94.99780831,-11.81102000
94.99881311,-15.74803000
94.99981791,-7.87401500
95.00082271,-11.81102000
95.00182751,-7.87401500
95.00283231,-7.87401500
95.00383711,-7.87401500
95.00484191,-7.87401500
95.00584671,-7.87401500
95.00685151,-3.93700800
95.00785631,-7.87401500
95.00886111,-3.93700800
95.00986591,-7.87401500
95.01087071,-3.93700800
95.01187551,-3.93700800
95.01288031,-7.87401500
95.01388511,-11.81102000
95.01488991,-15.74803000
95.01589471,-11.81102000
95.01689951,-11.81102000
95.01790431,-7.87401500
95.01890911,-7.87401500
95.01991391,-11.81102000
95.02091871,-3.93700800
95.02192351,-3.93700800
95.02292831,-7.87401500
95.02393311,-11.81102000
95.02493791,-3.93700800
95.02594271,-7.87401500
95.02694751,-11.81102000
95.02795231,-3.93700800
95.02895711,-7.87401500
95.02996191,-11.81102000
95.03096671,-11.81102000
95.03197151,-7.87401500
95.03297631,-7.87401500
95.03398111,-7.87401500
95.03498591,-3.93700800
95.03599071,-7.87401500
95.03699551,-7.87401500
95.03800031,-3.93700800
95.03900511,-7.87401500
95.04000991,-3.93700800
95.04101471,-7.87401500
95.04201951,-3.93700800
95.04302431,-3.93700800
95.04402911,-7.87401500
95.04503391,-23.62205000
95.04603871,-7.87401500
95.04704351,-11.81102000
95.04804831,-3.93700800
95.04905311,-3.93700800
95.05005791,-3.93700800
95.05106271,-15.74803000
95.05206751,-15.74803000
95.05307231,-11.81102000
95.05407711,-11.81102000
95.05508191,-11.81102000
95.05608671,-11.81102000
95.05709151,-3.93700800
95.05809631,-7.87401500
95.05910111,-3.93700800
95.06010591,-3.93700800
95.06111071,-3.93700800
95.06211551,-7.87401500
95.06312031,-7.87401500
95.06412511,-7.87401500
95.06512991,-3.93700800
95.06613471,-3.93700800
95.06713951,-7.87401500
95.06814431,-3.93700800
95.06914911,-7.87401500
95.07015391,-3.93700800
95.07115871,-7.87401500
95.07216351,-3.93700800
95.07316831,-3.93700800
95.07417311,-7.87401500
95.07517791,-3.93700800
95.07618271,-3.93700800
95.07718751,-3.93700800
95.07819231,-7.87401500
95.07919711,-11.81102000
95.08020191,-7.87401500
95.08120671,-3.93700800
95.08221151,-7.87401500
95.08321631,-3.93700800
95.08422111,-3.93700800
95.08522591,-3.93700800
95.08623071,-3.93700800
95.08723551,-7.87401500
95.08824031,-3.93700800
95.08924511,-3.93700800
95.09024991,-7.87401500
95.09125471,-11.81102000
95.09225951,-11.81102000
95.09326431,-11.81102000
95.09426911,-11.81102000
95.09527391,-3.93700800
95.09627871,-11.81102000
95.09728351,-3.93700800
95.09828831,-3.93700800
95.09929311,-3.93700800
95.10029791,-3.93700800
95.10130271,0.00000000
95.10230751,-3.93700800
95.10331231,0.00000000
95.10431711,-3.93700800
95.10532191,-3.93700800
95.10632671,-7.87401500
95.10733151,-3.93700800
95.10833631,0.00000000
95.10934111,-3.93700800
95.11034591,-11.81102000
95.11135071,-7.87401500
95.11235551,-3.93700800
95.11336031,-3.93700800
95.11436511,0.00000000
95.11536991,-3.93700800
95.11637471,-3.93700800
95.11737951,-3.93700800
95.11838431,0.00000000
95.11938911,-3.93700800
95.12039391,-3.93700800
95.12139871,-3.93700800
95.12240351,-7.87401500
95.12340831,-3.93700800
95.12441311,-3.93700800
95.12541791,-3.93700800
95.12642271,-7.87401500
95.12742751,-3.93700800
95.12843231,-7.87401500
95.12943711,3.93700800
95.13044191,-3.93700800
95.13144671,-11.81102000
95.13245151,-7.87401500
95.13345631,-7.87401500
95.13446111,-7.87401500
95.13546591,-3.93700800
95.13647071,0.00000000
95.13747551,-3.93700800
95.13848031,-3.93700800
95.13948511,0.00000000
95.14048991,-3.93700800
95.14149471,-3.93700800
95.14249951,-11.81102000
95.14350431,-3.93700800
95.14450911,-7.87401500
95.14551391,0.00000000
95.14651871,-3.93700800
95.14752351,-3.93700800
95.14852831,-3.93700800
95.14953311,0.00000000
95.15053791,0.00000000
95.15154271,0.00000000
95.15254751,-3.93700800
95.15355231,-3.93700800
95.15455711,-3.93700800
95.15556191,-3.93700800
95.15656671,-3.93700800
95.15757151,-3.93700800
95.15857631,0.00000000
95.15958111,-7.87401500
95.16058591,-15.74803000
95.16159071,-3.93700800
95.16259551,-3.93700800
95.16360031,0.00000000
95.16460511,0.00000000
95.16560991,0.00000000
95.16661471,-3.93700800
95.16761951,0.00000000
95.16862431,0.00000000
95.16962911,-15.74803000
95.17063391,-7.87401500
95.17163871,-3.93700800
95.17264351,-3.93700800
95.17364831,-3.93700800
95.17465311,-3.93700800
95.17565791,-7.87401500
95.17666271,-7.87401500
95.17766751,-3.93700800
95.17867231,-3.93700800
95.17967711,-3.93700800
95.18068191,-3.93700800
95.18168671,-3.93700800
95.18269151,-3.93700800
95.18369631,-3.93700800
95.18470111,0.00000000
95.18570591,-3.93700800
95.18671071,-3.93700800
95.18771551,0.00000000
95.18872031,-3.93700800
95.18972511,0.00000000
95.19072991,3.93700800
95.19173471,-7.87401500
95.19273951,-3.93700800
95.19374431,-3.93700800
95.19474911,0.00000000
95.19575391,-3.93700800
95.19675871,0.00000000
95.19776351,-7.87401500
95.19876831,-3.93700800
95.19977311,-3.93700800
95.20077791,0.00000000
95.20178271,-3.93700800
95.20278751,-3.93700800
95.20379231,-3.93700800
95.20479711,0.00000000
95.20580191,0.00000000
95.20680671,-3.93700800
95.20781151,-3.93700800
95.20881631,-11.81102000
95.20982111,-7.87401500
95.21082591,-3.93700800
95.21183071,0.00000000
95.21283551,3.93700800
95.21384031,0.00000000
95.21484511,0.00000000
95.21584991,-3.93700800
95.21685471,3.93700800
95.21785951,3.93700800
95.21886431,0.00000000
95.21986910,3.93700800
95.22087390,0.00000000
95.22187870,3.93700800
95.22288350,3.93700800
95.22388830,0.00000000
95.22489310,-3.93700800
95.22589790,-7.87401500
95.22690270,7.87401500
95.22790750,7.87401500
95.22891230,0.00000000
95.22991710,0.00000000
95.23092190,3.93700800
95.23192670,0.00000000
95.23293150,0.00000000
95.23393630,0.00000000
95.23494110,0.00000000
95.23594590,-3.93700800
95.23695070,0.00000000
95.23795550,3.93700800
95.23896030,3.93700800
95.23996510,0.00000000
95.24096990,-3.93700800
95.24197470,3.93700800
95.24297950,3.93700800
95.24398430,-3.93700800
95.24498910,3.93700800
95.24599390,0.00000000
95.24699870,-3.93700800
95.24800350,-3.93700800
95.24900830,0.00000000
95.25001310,-11.81102000
95.25101790,0.00000000
95.25202270,0.00000000
95.25302750,0.00000000
95.25403230,3.93700800
95.25503710,3.93700800
95.25604190,0.00000000
95.25704670,-3.93700800
95.25805150,-3.93700800
95.25905630,19.68504000
95.26006110,-3.93700800
95.26106590,0.00000000
95.26207070,3.93700800
95.26307550,3.93700800
95.26408030,3.93700800
95.26508510,3.93700800
95.26608990,3.93700800
95.26709470,-3.93700800
95.26809950,0.00000000
95.26910430,0.00000000
95.27010910,3.93700800
95.27111390,3.93700800
95.27211870,3.93700800
95.27312350,0.00000000
95.27412830,0.00000000
95.27513310,-3.93700800
95.27613790,0.00000000
95.27714270,-3.93700800
95.27814750,7.87401500
95.27915230,0.00000000
95.28015710,0.00000000
95.28116190,0.00000000
95.28216670,3.93700800
95.28317150,0.00000000
95.28417630,0.00000000
95.28518110,7.87401500
95.28618590,0.00000000
95.28719070,3.93700800
95.28819550,7.87401500
95.28920030,-7.87401500
95.29020510,-7.87401500
95.29120990,0.00000000
95.29221470,0.00000000
95.29321950,3.93700800
95.29422430,3.93700800
95.29522910,3.93700800
95.29623390,0.00000000
95.29723870,3.93700800
95.29824350,3.93700800
95.29924830,3.93700800
95.30025310,3.93700800
95.30125790,0.00000000
95.30226270,-3.93700800
95.30326750,3.93700800
95.30427230,7.87401500
95.30527710,0.00000000
95.30628190,0.00000000
95.30728670,3.93700800
95.30829150,3.93700800
95.30929630,3.93700800
95.31030110,3.93700800
95.31130590,0.00000000
95.31231070,7.87401500
95.31331550,3.93700800
95.31432030,3.93700800
95.31532510,0.00000000
95.31632990,3.93700800
95.31733470,3.93700800
95.31833950,3.93700800
95.31934430,3.93700800
95.32034910,3.93700800
95.32135390,0.00000000
95.32235870,-3.93700800
95.32336350,3.93700800
95.32436830,3.93700800
95.32537310,3.93700800
95.32637790,0.00000000
95.32738270,0.00000000
95.32838750,0.00000000
95.32939230,0.00000000
95.33039710,3.93700800
95.33140190,3.93700800
95.33240670,3.93700800
95.33341150,3.93700800
95.33441630,3.93700800
95.33542110,7.87401500
95.33642590,7.87401500
95.33743070,3.93700800
95.33843550,3.93700800
95.33944030,0.00000000
95.34044510,7.87401500
95.34144990,11.81102000
95.34245470,7.87401500
95.34345950,3.93700800
95.34446430,7.87401500
95.34546910,7.87401500
95.34647390,3.93700800
95.34747870,3.93700800
95.34848350,7.87401500
95.34948830,3.93700800
95.35049310,3.93700800
95.35149790,3.93700800
95.35250270,3.93700800
95.35350750,-7.87401500
95.35451230,7.87401500
95.35551710,3.93700800
95.35652190,23.62205000
95.35752670,7.87401500
95.35853150,3.93700800
95.35953630,3.93700800
95.36054110,3.93700800
95.36154590,7.87401500
95.36255070,3.93700800
95.36355550,7.87401500
95.36456030,7.87401500
95.36556510,3.93700800
95.36656990,7.87401500
95.36757470,0.00000000
95.36857950,0.00000000
95.36958430,3.93700800
95.37058910,0.00000000
95.37159390,0.00000000
95.37259870,3.93700800
95.37360350,7.87401500
95.37460830,3.93700800
95.37561310,7.87401500
95.37661790,7.87401500
95.37762270,7.87401500
95.37862750,7.87401500
95.37963230,3.93700800
95.38063710,7.87401500
95.38164190,7.87401500
95.38264670,7.87401500
95.38365150,7.87401500
95.38465630,7.87401500
95.38566110,7.87401500
95.38666590,3.93700800
95.38767070,3.93700800
95.38867550,7.87401500
95.38968030,7.87401500
95.39068510,7.87401500
95.39168990,3.93700800
95.39269470,7.87401500
95.39369950,3.93700800
95.39470430,3.93700800
95.39570910,7.87401500
95.39671390,11.81102000
95.39771870,7.87401500
95.39872350,3.93700800
95.39972830,7.87401500
95.40073310,7.87401500
95.40173790,7.87401500
95.40274270,3.93700800
95.40374750,3.93700800
95.40475230,3.93700800
95.40575710,7.87401500
95.40676190,7.87401500
95.40776670,0.00000000
95.40877150,3.93700800
95.40977630,0.00000000
95.41078110,3.93700800
95.41178590,3.93700800
95.41279070,7.87401500
95.41379550,11.81102000
95.41480030,7.87401500
95.41580510,7.87401500
95.41680990,3.93700800
95.41781470,7.87401500
95.41881950,7.87401500
95.41982430,3.93700800
95.42082910,3.93700800
95.42183390,7.87401500
95.42283870,7.87401500
95.42384350,3.93700800
95.42484830,7.87401500
95.42585310,7.87401500
95.42685790,7.87401500
95.42786270,11.81102000
95.42886750,11.81102000
95.42987230,7.87401500
95.43087710,7.87401500
95.43188190,7.87401500
95.43288670,3.93700800
95.43389150,7.87401500
95.43489630,7.87401500
95.43590110,0.00000000
95.43690590,3.93700800
95.43791070,11.81102000
95.43891550,7.87401500
95.43992030,7.87401500
95.44092510,11.81102000
95.44192990,3.93700800
95.44293470,7.87401500
95.44393950,3.93700800
95.44494430,3.93700800
95.44594910,0.00000000
95.44695390,0.00000000
95.44795870,7.87401500
95.44896350,3.93700800
95.44996830,3.93700800
95.45097310,-3.93700800
95.45197790,0.00000000
95.45298270,3.93700800
95.45398750,11.81102000
95.45499230,7.87401500
95.45599710,7.87401500
95.45700190,11.81102000
95.45800670,3.93700800
95.45901150,7.87401500
95.46001630,7.87401500
95.46102110,7.87401500
95.46202590,3.93700800
95.46303070,7.87401500
95.46403550,7.87401500
95.46504030,3.93700800
95.46604510,11.81102000
95.46704990,11.81102000
95.46805470,3.93700800
95.46905950,7.87401500
95.47006430,7.87401500
95.47106910,7.87401500
95.47207390,7.87401500
95.47307870,7.87401500
95.47408350,11.81102000
95.47508830,11.81102000
95.47609310,7.87401500
95.47709790,11.81102000
95.47810270,3.93700800
95.47910750,7.87401500
95.48011230,7.87401500
95.48111710,7.87401500
95.48212190,7.87401500
95.48312670,7.87401500
95.48413150,3.93700800
95.48513630,-3.93700800
95.48614110,-3.93700800
95.48714590,7.87401500
95.48815070,3.93700800
95.48915550,3.93700800
95.49016030,3.93700800
95.49116510,7.87401500
95.49216990,11.81102000
95.49317470,7.87401500
95.49417950,3.93700800
95.49518430,7.87401500
95.49618910,11.81102000
95.49719390,11.81102000
95.49819870,3.93700800
95.49920350,7.87401500
95.50020830,7.87401500
95.50121310,7.87401500
95.50221790,7.87401500
95.50322270,15.74803000
95.50422750,11.81102000
95.50523230,11.81102000
95.50623710,7.87401500
95.50724190,7.87401500
95.50824670,3.93700800
95.50925150,11.81102000
95.51025630,11.81102000
95.51126110,7.87401500
95.51226590,11.81102000
95.51327070,11.81102000
95.51427550,7.87401500
95.51528030,7.87401500
95.51628510,7.87401500
95.51728990,3.93700800
95.51829470,3.93700800
95.51929950,11.81102000
95.52030430,7.87401500
95.52130910,7.87401500
95.52231390,3.93700800
95.52331870,3.93700800
95.52432350,7.87401500
95.52532830,0.00000000
95.52633310,3.93700800
95.52733790,3.93700800
95.52834270,7.87401500
95.52934750,3.93700800
95.53035230,3.93700800
95.53135710,7.87401500
95.53236190,7.87401500
95.53336670,7.87401500
95.53437150,3.93700800
95.53537630,7.87401500
95.53638110,7.87401500
95.53738590,7.87401500
95.53839070,11.81102000
95.53939550,11.81102000
95.54040030,11.81102000
95.54140510,11.81102000
95.54240990,7.87401500
95.54341470,7.87401500
95.54441950,11.81102000
95.54542430,11.81102000
95.54642910,11.81102000
95.54743390,7.87401500
95.54843870,7.87401500
95.54944349,3.93700800
95.55044829,11.81102000
95.55145309,7.87401500
95.55245789,3.93700800
95.55346269,7.87401500
95.55446749,11.81102000
95.55547229,11.81102000
95.55647709,7.87401500
95.55748189,7.87401500
95.55848669,3.93700800
95.55949149,3.93700800
95.56049629,11.81102000
95.56150109,11.81102000
95.56250589,3.93700800
95.56351069,3.93700800
95.56451549,3.93700800
95.56552029,-7.87401500
95.56652509,-3.93700800
95.56752989,3.93700800
95.56853469,7.87401500
95.56953949,7.87401500
95.57054429,7.87401500
95.57154909,7.87401500
95.57255389,11.81102000
95.57355869,15.74803000
95.57456349,11.81102000
95.57556829,7.87401500
95.57657309,7.87401500
95.57757789,11.81102000
95.57858269,11.81102000
95.57958749,7.87401500
95.58059229,7.87401500
95.58159709,3.93700800
95.58260189,7.87401500
95.58360669,7.87401500
95.58461149,11.81102000
95.58561629,15.74803000
95.58662109,11.81102000
95.58762589,11.81102000
95.58863069,7.87401500
95.58963549,11.81102000
95.59064029,11.81102000
95.59164509,11.81102000
95.59264989,11.81102000
95.59365469,7.87401500
95.59465949,7.87401500
95.59566429,7.87401500
95.59666909,11.81102000
95.59767389,3.93700800
95.59867869,7.87401500
95.59968349,11.81102000
95.60068829,7.87401500
95.60169309,7.87401500
95.60269789,11.81102000
95.60370269,7.87401500
95.60470749,11.81102000
95.60571229,7.87401500
95.60671709,3.93700800
95.60772189,7.87401500
95.60872669,7.87401500
95.60973149,7.87401500
95.61073629,7.87401500
95.61174109,7.87401500
95.61274589,3.93700800
95.61375069,7.87401500
95.61475549,3.93700800
95.61576029,3.93700800
95.61676509,7.87401500
95.61776989,11.81102000
95.61877469,7.87401500
95.61977949,11.81102000
95.62078429,11.81102000
95.62178909,11.81102000
95.62279389,7.87401500
95.62379869,7.87401500
95.62480349,11.81102000
95.62580829,7.87401500
95.62681309,11.81102000
95.62781789,15.74803000
95.62882269,7.87401500
95.62982749,11.81102000
95.63083229,7.87401500
95.63183709,3.93700800
95.63284189,7.87401500
95.63384669,15.74803000
95.63485149,7.87401500
95.63585629,7.87401500
95.63686109,3.93700800
95.63786589,7.87401500
95.63887069,3.93700800
95.63987549,7.87401500
95.64088029,7.87401500
95.64188509,11.81102000
95.64288989,11.81102000
95.64389469,11.81102000
95.64489949,7.87401500
95.64590429,7.87401500
95.64690909,3.93700800
95.64791389,7.87401500
95.64891869,0.00000000
95.64992349,0.00000000
95.65092829,7.87401500
95.65193309,7.87401500
95.65293789,7.87401500
95.65394269,11.81102000
95.65494749,3.93700800
95.65595229,7.87401500
95.65695709,11.81102000
95.65796189,7.87401500
95.65896669,7.87401500
95.65997149,11.81102000
95.66097629,7.87401500
95.66198109,3.93700800
95.66298589,7.87401500
95.66399069,7.87401500
95.66499549,11.81102000
95.66600029,11.81102000
95.66700509,11.81102000
95.66800989,3.93700800
95.66901469,11.81102000
95.67001949,7.87401500
95.67102429,11.81102000
95.67202909,7.87401500
95.67303389,7.87401500
95.67403869,11.81102000
95.67504349,11.81102000
95.67604829,7.87401500
95.67705309,7.87401500
95.67805789,7.87401500
95.67906269,3.93700800
95.68006749,3.93700800
95.68107229,3.93700800
95.68207709,11.81102000
95.68308189,3.93700800
95.68408669,3.93700800
95.68509149,7.87401500
95.68609629,7.87401500
95.68710109,15.74803000
95.68810589,11.81102000
95.68911069,19.68504000
95.69011549,11.81102000
95.69112029,15.74803000
95.69212509,15.74803000
95.69312989,19.68504000
95.69413469,23.62205000
95.69513949,23.62205000
95.69614429,23.62205000
95.69714909,27.55905000
95.69815389,35.43307000
95.69915869,31.49606000
95.70016349,35.43307000
95.70116829,43.30709000
95.70217309,43.30709000
95.70317789,47.24409000
95.70418269,47.24409000
95.70518749,47.24409000
95.70619229,47.24409000
95.70719709,47.24409000
95.70820189,51.18110000
95.70920669,47.24409000
95.71021149,51.18110000
95.71121629,47.24409000
95.71222109,51.18110000
95.71322589,47.24409000
95.71423069,51.18110000
95.71523549,51.18110000
95.71624029,47.24409000
95.71724509,51.18110000
95.71824989,47.24409000
95.71925469,51.18110000
95.72025949,47.24409000
95.72126429,47.24409000
95.72226909,47.24409000
95.72327389,43.30709000
95.72427869,43.30709000
95.72528349,39.37008000
95.72628829,43.30709000
95.72729309,43.30709000
95.72829789,39.37008000
95.72930269,39.37008000
95.73030749,43.30709000
95.73131229,39.37008000
95.73231709,43.30709000
95.73332189,39.37008000
95.73432669,35.43307000
95.73533149,39.37008000
95.73633629,43.30709000
95.73734109,39.37008000
95.73834589,43.30709000
95.73935069,43.30709000
95.74035549,47.24409000
95.74136029,47.24409000
95.74236509,47.24409000
95.74336989,47.24409000
95.74437469,43.30709000
95.74537949,47.24409000
95.74638429,47.24409000
95.74738909,51.18110000
95.74839389,59.05511000
95.74939869,55.11811000
95.75040349,55.11811000
95.75140829,59.05511000
95.75241309,55.11811000
95.75341789,55.11811000
95.75442269,59.05511000
95.75542749,59.05511000
95.75643229,55.11811000
95.75743709,55.11811000
95.75844189,55.11811000
95.75944669,47.24409000
95.76045149,59.05511000
95.76145629,51.18110000
95.76246109,74.80315000
95.76346589,62.99212000
95.76447069,59.05511000
95.76547549,59.05511000
95.76648029,62.99212000
95.76748509,59.05511000
95.76848989,62.99212000
95.76949469,59.05511000
95.77049949,59.05511000
95.77150429,62.99212000
95.77250909,66.92913000
95.77351389,66.92913000
95.77451869,59.05511000
95.77552349,62.99212000
95.77652829,59.05511000
95.77753309,51.18110000
95.77853789,55.11811000
95.77954269,66.92913000
95.78054749,62.99212000
95.78155229,62.99212000
95.78255709,62.99212000
95.78356189,66.92913000
95.78456669,66.92913000
95.78557149,66.92913000
95.78657629,62.99212000
95.78758109,62.99212000
95.78858589,70.86613000
95.78959069,70.86613000
95.79059549,66.92913000
95.79160029,70.86613000
95.79260509,62.99212000
95.79360989,62.99212000
95.79461469,70.86613000
95.79561949,70.86613000
95.79662429,66.92913000
95.79762909,70.86613000
95.79863389,70.86613000
95.79963869,74.80315000
95.80064349,70.86613000
95.80164829,74.80315000
95.80265309,70.86613000
95.80365789,70.86613000
95.80466269,78.74015000
95.80566749,78.74015000
95.80667229,66.92913000
95.80767709,78.74015000
95.80868189,74.80315000
95.80968669,70.86613000
95.81069149,74.80315000
95.81169629,78.74015000
95.81270109,78.74015000
95.81370589,74.80315000
95.81471069,78.74015000
95.81571549,74.80315000
95.81672029,70.86613000
95.81772509,74.80315000
95.81872989,78.74015000
95.81973469,78.74015000
95.82073949,78.74015000
95.82174429,78.74015000
95.82274909,78.74015000
95.82375389,82.67715000
95.82475869,78.74015000
95.82576349,74.80315000
95.82676829,82.67715000
95.82777309,74.80315000
95.82877789,78.74015000
95.82978269,78.74015000
95.83078749,78.74015000
95.83179229,74.80315000
95.83279709,78.74015000
95.83380189,82.67715000
95.83480669,74.80315000
95.83581149,82.67715000
95.83681629,86.61417000
95.83782109,78.74015000
95.83882589,82.67715000
95.83983069,78.74015000
95.84083549,78.74015000
95.84184029,78.74015000
95.84284509,82.67715000
95.84384989,78.74015000
95.84485469,86.61417000
95.84585949,82.67715000
95.84686429,86.61417000
95.84786909,82.67715000
95.84887389,86.61417000
95.84987869,82.67715000
95.85088349,82.67715000
95.85188829,82.67715000
95.85289309,82.67715000
95.85389789,82.67715000
95.85490269,82.67715000
95.85590749,86.61417000
95.85691229,74.80315000
95.85791709,82.67715000
95.85892189,86.61417000
95.85992669,98.42519000
95.86093149,86.61417000
95.86193629,86.61417000
95.86294109,86.61417000
95.86394589,90.55118000
95.86495069,82.67715000
95.86595549,86.61417000
95.86696029,90.55118000
95.86796509,86.61417000
95.86896989,90.55118000
95.86997469,90.55118000
95.87097949,90.55118000
95.87198429,86.61417000
95.87298909,90.55118000
95.87399389,86.61417000
95.87499869,86.61417000
95.87600349,86.61417000
95.87700829,90.55118000
95.87801308,90.55118000
95.87901788,90.55118000
95.88002268,90.55118000
95.88102748,94.48818000
95.88203228,86.61417000
95.88303708,94.48818000
95.88404188,90.55118000
95.88504668,94.48818000
95.88605148,90.55118000
95.88705628,82.67715000
95.88806108,86.61417000
95.88906588,90.55118000
95.89007068,86.61417000
95.89107548,90.55118000
95.89208028,90.55118000
95.89308508,94.48818000
95.89408988,98.42519000
95.89509468,98.42519000
95.89609948,102.36220000
95.89710428,98.42519000
95.89810908,98.42519000
95.89911388,98.42519000
95.90011868,102.36220000
95.90112348,98.42519000
95.90212828,98.42519000
95.90313308,98.42519000
95.90413788,94.48818000
95.90514268,98.42519000
95.90614748,94.48818000
95.90715228,94.48818000
95.90815708,98.42519000
95.90916188,106.29920000
95.91016668,98.42519000
95.91117148,98.42519000
95.91217628,94.48818000
95.91318108,98.42519000
95.91418588,102.36220000
95.91519068,102.36220000
95.91619548,98.42519000
95.91720028,106.29920000
95.91820508,102.36220000
95.91920988,102.36220000
95.92021468,102.36220000
95.92121948,102.36220000
95.92222428,102.36220000
95.92322908,98.42519000
95.92423388,102.36220000
95.92523868,102.36220000
95.92624348,98.42519000
95.92724828,98.42519000
95.92825308,102.36220000
95.92925788,98.42519000
95.93026268,106.29920000
95.93126748,102.36220000
95.93227228,106.29920000
95.93327708,110.23620000
95.93428188,106.29920000
95.93528668,106.29920000
95.93629148,106.29920000
95.93729628,106.29920000
95.93830108,110.23620000
95.93930588,102.36220000
95.94031068,106.29920000
95.94131548,106.29920000
95.94232028,106.29920000
95.94332508,110.23620000
95.94432988,106.29920000
95.94533468,110.23620000
95.94633948,110.23620000
95.94734428,106.29920000
95.94834908,106.29920000
95.94935388,110.23620000
95.95035868,102.36220000
95.95136348,102.36220000
95.95236828,106.29920000
95.95337308,102.36220000
95.95437788,94.48818000
95.95538268,106.29920000
95.95638748,106.29920000
95.95739228,110.23620000
95.95839708,106.29920000
95.95940188,106.29920000
95.96040668,110.23620000
95.96141148,106.29920000
95.96241628,110.23620000
95.96342108,110.23620000
95.96442588,110.23620000
95.96543068,106.29920000
95.96643548,106.29920000
95.96744028,106.29920000
95.96844508,110.23620000
95.96944988,110.23620000
95.97045468,110.23620000
95.97145948,106.29920000
95.97246428,110.23620000
95.97346908,110.23620000
95.97447388,110.23620000
95.97547868,114.17320000
95.97648348,114.17320000
95.97748828,118.11020000
95.97849308,118.11020000
95.97949788,118.11020000
95.98050268,118.11020000
95.98150748,114.17320000
95.98251228,114.17320000
95.98351708,114.17320000
95.98452188,114.17320000
95.98552668,114.17320000
95.98653148,114.17320000
95.98753628,110.23620000
95.98854108,110.23620000
95.98954588,110.23620000
95.99055068,114.17320000
95.99155548,118.11020000
95.99256028,114.17320000
95.99356508,114.17320000
95.99456988,118.11020000
95.99557468,114.17320000
95.99657948,122.04720000
95.99758428,114.17320000
95.99858908,118.11020000
95.99959388,118.11020000
96.00059868,118.11020000
96.00160348,114.17320000
96.00260828,118.11020000
96.00361308,110.23620000
96.00461788,110.23620000
96.00562268,114.17320000
96.00662748,118.11020000
96.00763228,122.04720000
96.00863708,118.11020000
96.00964188,125.98420000
96.01064668,125.98420000
96.01165148,122.04720000
96.01265628,122.04720000
96.01366108,122.04720000
96.01466588,125.98420000
96.01567068,122.04720000
96.01667548,125.98420000
96.01768028,122.04720000
96.01868508,122.04720000
96.01968988,122.04720000
96.02069468,122.04720000
96.02169948,125.98420000
96.02270428,122.04720000
96.02370908,122.04720000
96.02471388,122.04720000
96.02571868,125.98420000
96.02672348,125.98420000
96.02772828,122.04720000
96.02873308,122.04720000
96.02973788,125.98420000
96.03074268,125.98420000
96.03174748,125.98420000
96.03275228,129.92120000
96.03375708,129.92120000
96.03476188,122.04720000
96.03576668,125.98420000
96.03677148,125.98420000
96.03777628,125.98420000
96.03878108,122.04720000
96.03978588,118.11020000
96.04079068,125.98420000
96.04179548,125.98420000
96.04280028,133.85830000
96.04380508,133.85830000
96.04480988,129.92120000
96.04581468,137.79530000
96.04681948,129.92120000
96.04782428,133.85830000
96.04882908,137.79530000
96.04983388,137.79530000
96.05083868,133.85830000
96.05184348,129.92120000
96.05284828,133.85830000
96.05385308,133.85830000
96.05485788,137.79530000
96.05586268,137.79530000
96.05686748,133.85830000
96.05787228,133.85830000
96.05887708,133.85830000
96.05988188,133.85830000
96.06088668,137.79530000
96.06189148,141.73230000
96.06289628,133.85830000
96.06390108,137.79530000
96.06490588,137.79530000
96.06591068,141.73230000
96.06691548,133.85830000
96.06792028,137.79530000
96.06892508,137.79530000
96.06992988,133.85830000
96.07093468,137.79530000
96.07193948,137.79530000
96.07294428,133.85830000
96.07394908,137.79530000
96.07495388,137.79530000
96.07595868,137.79530000
96.07696348,125.98420000
96.07796828,137.79530000
96.07897308,133.85830000
96.07997788,129.92120000
96.08098268,133.85830000
96.08198748,133.85830000
96.08299228,141.73230000
96.08399708,141.73230000
96.08500188,133.85830000
96.08600668,137.79530000
96.08701148,137.79530000
96.08801628,141.73230000
96.08902108,141.73230000
96.09002588,141.73230000
96.09103068,145.66930000
96.09203548,145.66930000
96.09304028,141.73230000
96.09404508,141.73230000
96.09504988,141.73230000
96.09605468,145.66930000
96.09705948,145.66930000
96.09806428,145.66930000
96.09906908,145.66930000
96.10007388,149.60630000
96.10107868,145.66930000
96.10208348,145.66930000
96.10308828,145.66930000
96.10409308,149.60630000
96.10509788,149.60630000
96.10610268,149.60630000
96.10710748,153.54330000
96.10811228,153.54330000
96.10911708,153.54330000
96.11012188,153.54330000
96.11112668,149.60630000
96.11213148,149.60630000
96.11313628,153.54330000
96.11414108,153.54330000
96.11514588,149.60630000
96.11615068,137.79530000
96.11715548,145.66930000
96.11816028,145.66930000
96.11916508,145.66930000
96.12016988,153.54330000
96.12117468,149.60630000
96.12217948,149.60630000
96.12318428,157.48030000
96.12418908,149.60630000
96.12519388,153.54330000
96.12619868,149.60630000
96.12720348,149.60630000
96.12820828,153.54330000
96.12921308,153.54330000
96.13021788,149.60630000
96.13122268,149.60630000
96.13222748,153.54330000
96.13323228,153.54330000
96.13423708,149.60630000
96.13524188,153.54330000
96.13624668,153.54330000
96.13725148,153.54330000
96.13825628,157.48030000
96.13926108,149.60630000
96.14026588,149.60630000
96.14127068,157.48030000
96.14227548,153.54330000
96.14328028,157.48030000
96.14428508,153.54330000
96.14528988,161.41730000
96.14629468,157.48030000
96.14729948,157.48030000
96.14830428,161.41730000
96.14930908,149.60630000
96.15031388,153.54330000
96.15131868,161.41730000
96.15232348,157.48030000
96.15332828,157.48030000
96.15433308,157.48030000
96.15533788,157.48030000
96.15634268,161.41730000
96.15734748,161.41730000
96.15835228,165.35430000
96.15935708,165.35430000
96.16036188,169.29130000
96.16136668,165.35430000
96.16237148,165.35430000
96.16337628,169.29130000
96.16438108,165.35430000
96.16538588,157.48030000
96.16639068,165.35430000
96.16739548,161.41730000
96.16840028,165.35430000
96.16940508,165.35430000
96.17040988,169.29130000
96.17141468,169.29130000
96.17241948,165.35430000
96.17342428,165.35430000
96.17442908,165.35430000
96.17543388,165.35430000
96.17643868,165.35430000
96.17744348,165.35430000
96.17844828,161.41730000
96.17945308,161.41730000
96.18045788,165.35430000
96.18146268,161.41730000
96.18246748,161.41730000
96.18347228,161.41730000
96.18447708,157.48030000
96.18548188,169.29130000
96.18648668,161.41730000
96.18749148,161.41730000
96.18849628,161.41730000
96.18950108,161.41730000
96.19050588,157.48030000
96.19151068,161.41730000
96.19251548,161.41730000
96.19352028,165.35430000
96.19452508,161.41730000
96.19552988,165.35430000
96.19653468,165.35430000
96.19753948,169.29130000
96.19854428,165.35430000
96.19954908,169.29130000
96.20055388,165.35430000
96.20155868,173.22830000
96.20256348,169.29130000
96.20356828,169.29130000
96.20457308,165.35430000
96.20557788,173.22830000
96.20658267,173.22830000
96.20758747,173.22830000
96.20859227,173.22830000
96.20959707,173.22830000
96.21060187,173.22830000
96.21160667,177.16530000
96.21261147,173.22830000
96.21361627,173.22830000
96.21462107,169.29130000
96.21562587,165.35430000
96.21663067,169.29130000
96.21763547,177.16530000
96.21864027,173.22830000
96.21964507,177.16530000
96.22064987,169.29130000
96.22165467,173.22830000
96.22265947,173.22830000
96.22366427,169.29130000
96.22466907,173.22830000
96.22567387,169.29130000
96.22667867,165.35430000
96.22768347,165.35430000
96.22868827,165.35430000
96.22969307,165.35430000
96.23069787,165.35430000
96.23170267,165.35430000
96.23270747,165.35430000
96.23371227,169.29130000
96.23471707,177.16530000
96.23572187,173.22830000
96.23672667,173.22830000
96.23773147,177.16530000
96.23873627,173.22830000
96.23974107,177.16530000
96.24074587,169.29130000
96.24175067,173.22830000
96.24275547,169.29130000
96.24376027,169.29130000
96.24476507,173.22830000
96.24576987,173.22830000
96.24677467,173.22830000
96.24777947,169.29130000
96.24878427,169.29130000
96.24978907,177.16530000
96.25079387,177.16530000
96.25179867,177.16530000
96.25280347,173.22830000
96.25380827,177.16530000
96.25481307,177.16530000
96.25581787,173.22830000
96.25682267,177.16530000
96.25782747,177.16530000
96.25883227,173.22830000
96.25983707,181.10240000
96.26084187,181.10240000
96.26184667,181.10240000
96.26285147,169.29130000
96.26385627,177.16530000
96.26486107,169.29130000
96.26586587,192.91340000
96.26687067,173.22830000
96.26787547,173.22830000
96.26888027,177.16530000
96.26988507,181.10240000
96.27088987,181.10240000
96.27189467,185.03940000
96.27289947,185.03940000
96.27390427,188.97640000
96.27490907,185.03940000
96.27591387,185.03940000
96.27691867,181.10240000
96.27792347,181.10240000
96.27892827,181.10240000
96.27993307,177.16530000
96.28093787,177.16530000
96.28194267,181.10240000
96.28294747,181.10240000
96.28395227,185.03940000
96.28495707,188.97640000
96.28596187,188.97640000
96.28696667,185.03940000
96.28797147,181.10240000
96.28897627,181.10240000
96.28998107,188.97640000
96.29098587,185.03940000
96.29199067,188.97640000
96.29299547,188.97640000
96.29400027,192.91340000
96.29500507,188.97640000
96.29600987,185.03940000
96.29701467,185.03940000
96.29801947,185.03940000
96.29902427,185.03940000
96.30002907,188.97640000
96.30103387,192.91340000
96.30203867,188.97640000
96.30304347,177.16530000
96.30404827,185.03940000
96.30505307,185.03940000
96.30605787,188.97640000
96.30706267,188.97640000
96.30806747,192.91340000
96.30907227,188.97640000
96.31007707,192.91340000
96.31108187,188.97640000
96.31208667,188.97640000
96.31309147,192.91340000
96.31409627,188.97640000
96.31510107,192.91340000
96.31610587,188.97640000
96.31711067,192.91340000
96.31811547,188.97640000
96.31912027,188.97640000
96.32012507,188.97640000
96.32112987,192.91340000
96.32213467,188.97640000
96.32313947,192.91340000
96.32414427,188.97640000
96.32514907,192.91340000
96.32615387,188.97640000
96.32715867,188.97640000
96.32816347,188.97640000
96.32916827,185.03940000
96.33017307,188.97640000
96.33117787,188.97640000
96.33218267,192.91340000
96.33318747,192.91340000
96.33419227,192.91340000
96.33519707,192.91340000
96.33620187,192.91340000
96.33720667,188.97640000
96.33821147,188.97640000
96.33921627,192.91340000
96.34022107,192.91340000
96.34122587,185.03940000
96.34223067,188.97640000
96.34323547,188.97640000
96.34424027,192.91340000
96.34524507,188.97640000
96.34624987,192.91340000
96.34725467,192.91340000
96.34825947,192.91340000
96.34926427,192.91340000
96.35026907,192.91340000
96.35127387,192.91340000
96.35227867,192.91340000
96.35328347,196.85040000
96.35428827,196.85040000
96.35529307,192.91340000
96.35629787,188.97640000
96.35730267,192.91340000
96.35830747,192.91340000
96.35931227,192.91340000
96.36031707,185.03940000
96.36132187,188.97640000
96.36232667,196.85040000
96.36333147,200.78740000
96.36433627,192.91340000
96.36534107,192.91340000
96.36634587,192.91340000
96.36735067,196.85040000
96.36835547,188.97640000
96.36936027,192.91340000
96.37036507,192.91340000
96.37136987,196.85040000
96.37237467,192.91340000
96.37337947,192.91340000
96.37438427,192.91340000
96.37538907,192.91340000
96.37639387,196.85040000
96.37739867,185.03940000
96.37840347,185.03940000
96.37940827,185.03940000
96.38041307,192.91340000
96.38141787,196.85040000
96.38242267,192.91340000
96.38342747,192.91340000
96.38443227,196.85040000
96.38543707,196.85040000
96.38644187,200.78740000
96.38744667,200.78740000
96.38845147,196.85040000
96.38945627,196.85040000
96.39046107,196.85040000
96.39146587,192.91340000
96.39247067,196.85040000
96.39347547,192.91340000
96.39448027,192.91340000
96.39548507,192.91340000
96.39648987,196.85040000
96.39749467,200.78740000
96.39849947,196.85040000
96.39950427,200.78740000
96.40050907,196.85040000
96.40151387,196.85040000
96.40251867,200.78740000
96.40352347,200.78740000
96.40452827,200.78740000
96.40553307,200.78740000
96.40653787,200.78740000
96.40754267,200.78740000
96.40854747,200.78740000
96.40955227,192.91340000
96.41055707,196.85040000
96.41156187,196.85040000
96.41256667,200.78740000
96.41357147,200.78740000
96.41457627,200.78740000
96.41558107,196.85040000
96.41658587,192.91340000
96.41759067,192.91340000
96.41859547,196.85040000
96.41960027,196.85040000
96.42060507,200.78740000
96.42160987,200.78740000
96.42261467,204.72440000
96.42361947,196.85040000
96.42462427,208.66140000
96.42562907,200.78740000
96.42663387,200.78740000
96.42763867,200.78740000
96.42864347,200.78740000
96.42964827,204.72440000
96.43065307,204.72440000
96.43165787,204.72440000
96.43266267,204.72440000
96.43366747,204.72440000
96.43467227,208.66140000
96.43567707,204.72440000
96.43668187,204.72440000
96.43768667,204.72440000
96.43869147,204.72440000
96.43969627,204.72440000
96.44070107,208.66140000
96.44170587,200.78740000
96.44271067,200.78740000
96.44371547,200.78740000
96.44472027,204.72440000
96.44572507,204.72440000
96.44672987,204.72440000
96.44773467,204.72440000
96.44873947,204.72440000
96.44974427,204.72440000
96.45074907,208.66140000
96.45175387,204.72440000
96.45275867,204.72440000
96.45376347,208.66140000
96.45476827,204.72440000
96.45577307,204.72440000
96.45677787,200.78740000
96.45778267,196.85040000
96.45878747,196.85040000
96.45979227,200.78740000
96.46079707,204.72440000
96.46180187,208.66140000
96.46280667,204.72440000
96.46381147,208.66140000
96.46481627,208.66140000
96.46582107,208.66140000
96.46682587,208.66140000
96.46783067,204.72440000
96.46883547,208.66140000
96.46984027,204.72440000
96.47084507,204.72440000
96.47184987,200.78740000
96.47285467,204.72440000
96.47385947,200.78740000
96.47486427,200.78740000
96.47586907,196.85040000
96.47687387,200.78740000
96.47787867,204.72440000
96.47888347,200.78740000
96.47988827,200.78740000
96.48089307,204.72440000
96.48189787,204.72440000
96.48290267,196.85040000
96.48390747,200.78740000
96.48491227,200.78740000
96.48591707,200.78740000
96.48692187,204.72440000
96.48792667,200.78740000
96.48893147,204.72440000
96.48993627,200.78740000
96.49094107,200.78740000
96.49194587,200.78740000
96.49295067,204.72440000
96.49395547,208.66140000
96.49496027,204.72440000
96.49596507,204.72440000
96.49696987,196.85040000
96.49797467,200.78740000
96.49897947,212.59840000
96.49998427,212.59840000
96.50098907,208.66140000
96.50199387,212.59840000
96.50299867,216.53540000
96.50400347,216.53540000
96.50500827,216.53540000
96.50601307,216.53540000
96.50701787,216.53540000
96.50802267,216.53540000
96.50902747,216.53540000
96.51003227,216.53540000
96.51103707,216.53540000
96.51204187,220.47240000
96.51304667,216.53540000
96.51405147,216.53540000
96.51505627,220.47240000
96.51606107,216.53540000
96.51706587,216.53540000
96.51807067,212.59840000
96.51907547,216.53540000
96.52008027,212.59840000
96.52108507,216.53540000
96.52208987,212.59840000
96.52309467,208.66140000
96.52409947,212.59840000
96.52510427,208.66140000
96.52610907,216.53540000
96.52711387,212.59840000
96.52811867,216.53540000
96.52912347,212.59840000
96.53012827,216.53540000
96.53113307,212.59840000
96.53213787,208.66140000
96.53314267,212.59840000
96.53414747,216.53540000
96.53515227,192.91340000
96.53615706,204.72440000
96.53716186,204.72440000
96.53816666,208.66140000
96.53917146,212.59840000
96.54017626,204.72440000
96.54118106,212.59840000
96.54218586,212.59840000
96.54319066,216.53540000
96.54419546,216.53540000
96.54520026,212.59840000
96.54620506,212.59840000
96.54720986,212.59840000
96.54821466,212.59840000
96.54921946,212.59840000
96.55022426,212.59840000
96.55122906,208.66140000
96.55223386,216.53540000
96.55323866,216.53540000
96.55424346,208.66140000
96.55524826,204.72440000
96.55625306,212.59840000
96.55725786,212.59840000
96.55826266,212.59840000
96.55926746,216.53540000
96.56027226,212.59840000
96.56127706,208.66140000
96.56228186,208.66140000
96.56328666,216.53540000
96.56429146,208.66140000
96.56529626,216.53540000
96.56630106,216.53540000
96.56730586,216.53540000
96.56831066,212.59840000
96.56931546,220.47240000
96.57032026,216.53540000
96.57132506,208.66140000
96.57232986,216.53540000
96.57333466,208.66140000
96.57433946,204.72440000
96.57534426,208.66140000
96.57634906,212.59840000
96.57735386,216.53540000
96.57835866,216.53540000
96.57936346,220.47240000
96.58036826,216.53540000
96.58137306,220.47240000
96.58237786,220.47240000
96.58338266,216.53540000
96.58438746,220.47240000
96.58539226,220.47240000
96.58639706,216.53540000
96.58740186,220.47240000
96.58840666,216.53540000
96.58941146,212.59840000
96.59041626,216.53540000
96.59142106,220.47240000
96.59242586,220.47240000
96.59343066,216.53540000
96.59443546,216.53540000
96.59544026,212.59840000
96.59644506,216.53540000
96.59744986,212.59840000
96.59845466,220.47240000
96.59945946,216.53540000
96.60046426,220.47240000
96.60146906,220.47240000
96.60247386,216.53540000
96.60347866,212.59840000
96.60448346,212.59840000
96.60548826,212.59840000
96.60649306,212.59840000
96.60749786,220.47240000
96.60850266,216.53540000
96.60950746,216.53540000
96.61051226,216.53540000
96.61151706,212.59840000
96.61252186,216.53540000
96.61352666,212.59840000
96.61453146,212.59840000
96.61553626,208.66140000
96.61654106,212.59840000
96.61754586,216.53540000
96.61855066,216.53540000
96.61955546,212.59840000
96.62056026,212.59840000
96.62156506,212.59840000
96.62256986,212.59840000
96.62357466,212.59840000
96.62457946,212.59840000
96.62558426,216.53540000
96.62658906,208.66140000
96.62759386,212.59840000
96.62859866,212.59840000
96.62960346,216.53540000
96.63060826,216.53540000
96.63161306,208.66140000
96.63261786,212.59840000
96.63362266,212.59840000
96.63462746,212.59840000
96.63563226,208.66140000
96.63663706,212.59840000
96.63764186,204.72440000
96.63864666,204.72440000
96.63965146,208.66140000
96.64065626,212.59840000
96.64166106,208.66140000
96.64266586,216.53540000
96.64367066,212.59840000
96.64467546,212.59840000
96.64568026,208.66140000
96.64668506,216.53540000
96.64768986,208.66140000
96.64869466,208.66140000
96.64969946,216.53540000
96.65070426,212.59840000
96.65170906,212.59840000
96.65271386,212.59840000
96.65371866,208.66140000
96.65472346,204.72440000
96.65572826,208.66140000
96.65673306,212.59840000
96.65773786,212.59840000
96.65874266,212.59840000
96.65974746,212.59840000
96.66075226,216.53540000
96.66175706,216.53540000
96.66276186,220.47240000
96.66376666,216.53540000
96.66477146,220.47240000
96.66577626,220.47240000
96.66678106,212.59840000
96.66778586,220.47240000
96.66879066,212.59840000
96.66979546,212.59840000
96.67080026,212.59840000
96.67180506,232.28340000
96.67280986,216.53540000
96.67381466,216.53540000
96.67481946,220.47240000
96.67582426,212.59840000
96.67682906,208.66140000
96.67783386,216.53540000
96.67883866,216.53540000
96.67984346,212.59840000
96.68084826,212.59840000
96.68185306,212.59840000
96.68285786,212.59840000
96.68386266,216.53540000
96.68486746,208.66140000
96.68587226,208.66140000
96.68687706,208.66140000
96.68788186,208.66140000
96.68888666,216.53540000
96.68989146,212.59840000
96.69089626,216.53540000
96.69190106,212.59840000
96.69290586,212.59840000
96.69391066,220.47240000
96.69491546,220.47240000
96.69592026,212.59840000
96.69692506,216.53540000
96.69792986,212.59840000
96.69893466,208.66140000
96.69993946,220.47240000
96.70094426,216.53540000
96.70194906,212.59840000
96.70295386,220.47240000
96.70395866,216.53540000
96.70496346,220.47240000
96.70596826,220.47240000
96.70697306,220.47240000
96.70797786,216.53540000
96.70898266,220.47240000
96.70998746,220.47240000
96.71099226,220.47240000
96.71199706,220.47240000
96.71300186,216.53540000
96.71400666,216.53540000
96.71501146,220.47240000
96.71601626,216.53540000
96.71702106,216.53540000
96.71802586,212.59840000
96.71903066,216.53540000
96.72003546,220.47240000
96.72104026,216.53540000
96.72204506,216.53540000
96.72304986,216.53540000
96.72405466,216.53540000
96.72505946,216.53540000
96.72606426,220.47240000
96.72706906,220.47240000
96.72807386,216.53540000
96.72907866,216.53540000
96.73008346,220.47240000
96.73108826,216.53540000
96.73209306,220.47240000
96.73309786,220.47240000
96.73410266,220.47240000
96.73510746,216.53540000
96.73611226,208.66140000
96.73711706,212.59840000
96.73812186,216.53540000
96.73912666,216.53540000
96.74013146,216.53540000
96.74113626,216.53540000
96.74214106,220.47240000
96.74314586,224.40940000
96.74415066,220.47240000
96.74515546,216.53540000
96.74616026,220.47240000
96.74716506,212.59840000
96.74816986,220.47240000
96.74917466,216.53540000
96.75017946,212.59840000
96.75118426,212.59840000
96.75218906,212.59840000
96.75319386,212.59840000
96.75419866,216.53540000
96.75520346,216.53540000
96.75620826,212.59840000
96.75721306,216.53540000
96.75821786,212.59840000
96.75922266,212.59840000
96.76022746,216.53540000
96.76123226,216.53540000
96.76223706,216.53540000
96.76324186,216.53540000
96.76424666,212.59840000
96.76525146,212.59840000
96.76625626,196.85040000
96.76726106,212.59840000
96.76826586,212.59840000
96.76927066,220.47240000
96.77027546,220.47240000
96.77128026,216.53540000
96.77228506,212.59840000
96.77328986,216.53540000
96.77429466,216.53540000
96.77529946,208.66140000
96.77630426,212.59840000
96.77730906,216.53540000
96.77831386,208.66140000
96.77931866,212.59840000
96.78032346,220.47240000
96.78132826,220.47240000
96.78233306,220.47240000
96.78333786,216.53540000
96.78434266,216.53540000
96.78534746,216.53540000
96.78635226,220.47240000
96.78735706,220.47240000
96.78836186,212.59840000
96.78936666,220.47240000
96.79037146,212.59840000
96.79137626,212.59840000
96.79238106,208.66140000
96.79338586,216.53540000
96.79439066,216.53540000
96.79539546,212.59840000
96.79640026,212.59840000
96.79740506,208.66140000
96.79840986,212.59840000
96.79941466,204.72440000
96.80041946,212.59840000
96.80142426,208.66140000
96.80242906,208.66140000
96.80343386,212.59840000
96.80443866,208.66140000
96.80544346,208.66140000
96.80644826,212.59840000
96.80745306,212.59840000
96.80845786,208.66140000
96.80946266,212.59840000
96.81046746,212.59840000
96.81147226,212.59840000
96.81247706,216.53540000
96.81348186,216.53540000
96.81448666,204.72440000
96.81549146,204.72440000
96.81649626,204.72440000
96.81750106,208.66140000
96.81850586,212.59840000
96.81951066,212.59840000
96.82051546,212.59840000
96.82152026,216.53540000
96.82252506,208.66140000
96.82352986,208.66140000
96.82453466,212.59840000
96.82553946,212.59840000
96.82654426,212.59840000
96.82754906,208.66140000
96.82855386,216.53540000
96.82955866,212.59840000
96.83056346,216.53540000
96.83156826,208.66140000
96.83257306,212.59840000
96.83357786,208.66140000
96.83458266,212.59840000
96.83558746,212.59840000
96.83659226,204.72440000
96.83759706,208.66140000
96.83860186,216.53540000
96.83960666,208.66140000
96.84061146,208.66140000
96.84161626,208.66140000
96.84262106,212.59840000
96.84362586,216.53540000
96.84463066,216.53540000
96.84563546,212.59840000
96.84664026,212.59840000
96.84764506,216.53540000
96.84864986,204.72440000
96.84965466,204.72440000
96.85065946,212.59840000
96.85166426,212.59840000
96.85266906,220.47240000
96.85367386,204.72440000
96.85467866,204.72440000
96.85568346,208.66140000
96.85668826,212.59840000
96.85769306,216.53540000
96.85869786,212.59840000
96.85970266,216.53540000
96.86070746,216.53540000
96.86171226,216.53540000
96.86271706,216.53540000
96.86372186,212.59840000
96.86472665,208.66140000
96.86573145,204.72440000
96.86673625,208.66140000
96.86774105,208.66140000
96.86874585,212.59840000
96.86975065,208.66140000
96.87075545,212.59840000
96.87176025,212.59840000
96.87276505,208.66140000
96.87376985,212.59840000
96.87477465,208.66140000
96.87577945,212.59840000
96.87678425,212.59840000
96.87778905,212.59840000
96.87879385,212.59840000
96.87979865,212.59840000
96.88080345,208.66140000
96.88180825,208.66140000
96.88281305,212.59840000
96.88381785,212.59840000
96.88482265,216.53540000
96.88582745,208.66140000
96.88683225,212.59840000
96.88783705,204.72440000
96.88884185,212.59840000
96.88984665,208.66140000
96.89085145,192.91340000
96.89185625,204.72440000
96.89286105,208.66140000
96.89386585,208.66140000
96.89487065,212.59840000
96.89587545,212.59840000
96.89688025,212.59840000
96.89788505,208.66140000
96.89888985,212.59840000
96.89989465,212.59840000
96.90089945,208.66140000
96.90190425,216.53540000
96.90290905,216.53540000
96.90391385,212.59840000
96.90491865,212.59840000
96.90592345,212.59840000
96.90692825,212.59840000
96.90793305,204.72440000
96.90893785,212.59840000
96.90994265,208.66140000
96.91094745,216.53540000
96.91195225,216.53540000
96.91295705,208.66140000
96.91396185,208.66140000
96.91496665,208.66140000
96.91597145,208.66140000
96.91697625,208.66140000
96.91798105,216.53540000
96.91898585,204.72440000
96.91999065,208.66140000
96.92099545,208.66140000
96.92200025,204.72440000
96.92300505,208.66140000
96.92400985,216.53540000
96.92501465,204.72440000
96.92601945,212.59840000
96.92702425,208.66140000
96.92802905,212.59840000
96.92903385,204.72440000
96.93003865,204.72440000
96.93104345,200.78740000
96.93204825,204.72440000
96.93305305,204.72440000
96.93405785,200.78740000
96.93506265,204.72440000
96.93606745,204.72440000
96.93707225,212.59840000
96.93807705,208.66140000
96.93908185,208.66140000
96.94008665,208.66140000
96.94109145,200.78740000
96.94209625,208.66140000
96.94310105,208.66140000
96.94410585,204.72440000
96.94511065,204.72440000
96.94611545,204.72440000
96.94712025,204.72440000
96.94812505,208.66140000
96.94912985,208.66140000
96.95013465,208.66140000
96.95113945,208.66140000
96.95214425,208.66140000
96.95314905,200.78740000
96.95415385,204.72440000
96.95515865,204.72440000
96.95616345,204.72440000
96.95716825,204.72440000
96.95817305,204.72440000
96.95917785,200.78740000
96.96018265,204.72440000
96.96118745,192.91340000
96.96219225,200.78740000
96.96319705,200.78740000
96.96420185,204.72440000
96.96520665,200.78740000
96.96621145,200.78740000
96.96721625,204.72440000
96.96822105,200.78740000
96.96922585,200.78740000
96.97023065,200.78740000
96.97123545,196.85040000
96.97224025,200.78740000
96.97324505,204.72440000
96.97424985,200.78740000
96.97525465,200.78740000
96.97625945,204.72440000
96.97726425,204.72440000
96.97826905,204.72440000
96.97927385,204.72440000
96.98027865,204.72440000
96.98128345,204.72440000
96.98228825,200.78740000
96.98329305,200.78740000
96.98429785,204.72440000
96.98530265,204.72440000
96.98630745,204.72440000
96.98731225,200.78740000
96.98831705,208.66140000
96.98932185,204.72440000
96.99032665,200.78740000
96.99133145,204.72440000
96.99233625,204.72440000
96.99334105,200.78740000
96.99434585,196.85040000
96.99535065,200.78740000
96.99635545,200.78740000
96.99736025,200.78740000
96.99836505,200.78740000
96.99936985,204.72440000
97.00037465,204.72440000
97.00137945,200.78740000
97.00238425,200.78740000
97.00338905,204.72440000
97.00439385,204.72440000
97.00539865,204.72440000
97.00640345,200.78740000
97.00740825,200.78740000
97.00841305,204.72440000
97.00941785,200.78740000
97.01042265,196.85040000
97.01142745,200.78740000
97.01243225,204.72440000
97.01343705,204.72440000
97.01444185,208.66140000
97.01544665,204.72440000
97.01645145,208.66140000
97.01745625,208.66140000
97.01846105,212.59840000
97.01946585,204.72440000
97.02047065,208.66140000
97.02147545,208.66140000
97.02248025,204.72440000
97.02348505,204.72440000
97.02448985,208.66140000
97.02549465,208.66140000
97.02649945,208.66140000
97.02750425,204.72440000
97.02850905,200.78740000
97.02951385,204.72440000
97.03051865,204.72440000
97.03152345,204.72440000
97.03252825,212.59840000
97.03353305,212.59840000
97.03453785,204.72440000
97.03554265,204.72440000
97.03654745,208.66140000
97.03755225,208.66140000
97.03855705,208.66140000
97.03956185,208.66140000
97.04056665,208.66140000
97.04157145,212.59840000
97.04257625,208.66140000
97.04358105,204.72440000
97.04458585,204.72440000
97.04559065,212.59840000
97.04659545,212.59840000
97.04760025,208.66140000
97.04860505,212.59840000
97.04960985,204.72440000
97.05061465,204.72440000
97.05161945,208.66140000
97.05262425,204.72440000
97.05362905,208.66140000
97.05463385,208.66140000
97.05563865,212.59840000
97.05664345,212.59840000
97.05764825,212.59840000
97.05865305,208.66140000
97.05965785,204.72440000
97.06066265,204.72440000
97.06166745,212.59840000
97.06267225,208.66140000
97.06367705,216.53540000
97.06468185,212.59840000
97.06568665,208.66140000
97.06669145,208.66140000
97.06769625,212.59840000
97.06870105,208.66140000
97.06970585,212.59840000
97.07071065,212.59840000
97.07171545,208.66140000
97.07272025,212.59840000
97.07372505,208.66140000
97.07472985,200.78740000
97.07573465,208.66140000
97.07673945,200.78740000
97.07774425,224.40940000
97.07874905,204.72440000
97.07975385,204.72440000
97.08075865,212.59840000
97.08176345,208.66140000
97.08276825,208.66140000
97.08377305,212.59840000
97.08477785,208.66140000
97.08578265,204.72440000
97.08678745,208.66140000
97.08779225,200.78740000
97.08879705,204.72440000
97.08980185,204.72440000
97.09080665,200.78740000
97.09181145,204.72440000
97.09281625,204.72440000
97.09382105,204.72440000
97.09482585,216.53540000
97.09583065,212.59840000
97.09683545,208.66140000
97.09784025,212.59840000
97.09884505,212.59840000
97.09984985,212.59840000
97.10085465,212.59840000
97.10185945,212.59840000
97.10286425,208.66140000
97.10386905,208.66140000
97.10487385,204.72440000
97.10587865,204.72440000
97.10688345,208.66140000
97.10788825,200.78740000
97.10889305,200.78740000
97.10989785,204.72440000
97.11090265,208.66140000
97.11190745,204.72440000
97.11291225,204.72440000
97.11391705,212.59840000
97.11492185,204.72440000
97.11592665,208.66140000
97.11693145,212.59840000
97.11793625,204.72440000
97.11894105,204.72440000
97.11994585,208.66140000
97.12095065,204.72440000
97.12195545,204.72440000
97.12296025,208.66140000
97.12396505,204.72440000
97.12496985,200.78740000
97.12597465,196.85040000
97.12697945,200.78740000
97.12798425,204.72440000
97.12898905,204.72440000
97.12999385,208.66140000
97.13099865,204.72440000
97.13200345,208.66140000
97.13300825,204.72440000
97.13401305,208.66140000
97.13501785,208.66140000
97.13602265,204.72440000
97.13702745,204.72440000
97.13803225,204.72440000
97.13903705,204.72440000
97.14004185,204.72440000
97.14104665,204.72440000
97.14205145,200.78740000
97.14305625,208.66140000
97.14406105,204.72440000
97.14506585,212.59840000
97.14607065,200.78740000
97.14707545,204.72440000
97.14808025,200.78740000
97.14908505,208.66140000
97.15008985,204.72440000
97.15109465,204.72440000
97.15209945,208.66140000
97.15310425,204.72440000
97.15410905,204.72440000
97.15511385,204.72440000
97.15611865,204.72440000
97.15712345,200.78740000
97.15812825,200.78740000
97.15913305,204.72440000
97.16013785,204.72440000
97.16114265,208.66140000
97.16214745,204.72440000
97.16315225,212.59840000
97.16415705,204.72440000
97.16516185,204.72440000
97.16616665,212.59840000
97.16717145,204.72440000
97.16817625,204.72440000
97.16918105,200.78740000
97.17018585,208.66140000
97.17119065,204.72440000
97.17219545,196.85040000
97.17320025,204.72440000
97.17420505,212.59840000
97.17520985,224.40940000
97.17621465,208.66140000
97.17721945,208.66140000
97.17822425,212.59840000
97.17922905,208.66140000
97.18023385,212.59840000
97.18123865,208.66140000
97.18224345,208.66140000
97.18324825,216.53540000
97.18425305,208.66140000
97.18525785,204.72440000
97.18626265,208.66140000
97.18726745,208.66140000
97.18827225,208.66140000
97.18927705,208.66140000
97.19028185,208.66140000
97.19128665,204.72440000
97.19229145,212.59840000
97.19329624,212.59840000
97.19430104,212.59840000
97.19530584,204.72440000
97.19631064,208.66140000
97.19731544,204.72440000
97.19832024,204.72440000
97.19932504,208.66140000
97.20032984,204.72440000
97.20133464,208.66140000
97.20233944,204.72440000
97.20334424,208.66140000
97.20434904,212.59840000
97.20535384,204.72440000
97.20635864,204.72440000
97.20736344,196.85040000
97.20836824,208.66140000
97.20937304,204.72440000
97.21037784,204.72440000
97.21138264,212.59840000
97.21238744,212.59840000
97.21339224,212.59840000
97.21439704,212.59840000
97.21540184,212.59840000
97.21640664,212.59840000
97.21741144,212.59840000
97.21841624,216.53540000
97.21942104,208.66140000
97.22042584,212.59840000
97.22143064,208.66140000
97.22243544,208.66140000
97.22344024,204.72440000
97.22444504,212.59840000
97.22544984,216.53540000
97.22645464,216.53540000
97.22745944,208.66140000
97.22846424,208.66140000
97.22946904,212.59840000
97.23047384,212.59840000
97.23147864,208.66140000
97.23248344,212.59840000
97.23348824,216.53540000
97.23449304,208.66140000
97.23549784,208.66140000
97.23650264,208.66140000
97.23750744,208.66140000
97.23851224,204.72440000
97.23951704,208.66140000
97.24052184,204.72440000
97.24152664,212.59840000
97.24253144,208.66140000
97.24353624,208.66140000
97.24454104,208.66140000
97.24554584,204.72440000
97.24655064,204.72440000
97.24755544,208.66140000
97.24856024,204.72440000
97.24956504,204.72440000
97.25056984,208.66140000
97.25157464,204.72440000
97.25257944,220.47240000
97.25358424,200.78740000
97.25458904,208.66140000
97.25559384,204.72440000
97.25659864,208.66140000
97.25760344,208.66140000
97.25860824,204.72440000
97.25961304,204.72440000
97.26061784,204.72440000
97.26162264,204.72440000
97.26262744,200.78740000
97.26363224,204.72440000
97.26463704,204.72440000
97.26564184,208.66140000
97.26664664,204.72440000
97.26765144,204.72440000
97.26865624,204.72440000
97.26966104,196.85040000
97.27066584,204.72440000
97.27167064,200.78740000
97.27267544,204.72440000
97.27368024,204.72440000
97.27468504,200.78740000
97.27568984,204.72440000
97.27669464,200.78740000
97.27769944,204.72440000
97.27870424,200.78740000
97.27970904,208.66140000
97.28071384,200.78740000
97.28171864,200.78740000
97.28272344,204.72440000
97.28372824,204.72440000
97.28473304,196.85040000
97.28573784,200.78740000
97.28674264,200.78740000
97.28774744,192.91340000
97.28875224,192.91340000
97.28975704,204.72440000
97.29076184,204.72440000
97.29176664,204.72440000
97.29277144,204.72440000
97.29377624,204.72440000
97.29478104,204.72440000
97.29578584,204.72440000
97.29679064,192.91340000
97.29779544,200.78740000
97.29880024,192.91340000
97.29980504,200.78740000
97.30080984,192.91340000
97.30181464,200.78740000
97.30281944,192.91340000
97.30382424,192.91340000
97.30482904,200.78740000
97.30583384,200.78740000
97.30683864,196.85040000
97.30784344,196.85040000
97.30884824,196.85040000
97.30985304,188.97640000
97.31085784,196.85040000
97.31186264,196.85040000
97.31286744,196.85040000
97.31387224,196.85040000
97.31487704,192.91340000
97.31588184,192.91340000
97.31688664,196.85040000
97.31789144,196.85040000
97.31889624,192.91340000
97.31990104,192.91340000
97.32090584,192.91340000
97.32191064,196.85040000
97.32291544,196.85040000
97.32392024,200.78740000
97.32492504,192.91340000
97.32592984,181.10240000
97.32693464,196.85040000
97.32793944,188.97640000
97.32894424,188.97640000
97.32994904,192.91340000
97.33095384,192.91340000
97.33195864,192.91340000
97.33296344,196.85040000
97.33396824,192.91340000
97.33497304,192.91340000
97.33597784,188.97640000
97.33698264,192.91340000
97.33798744,192.91340000
97.33899224,192.91340000
97.33999704,196.85040000
97.34100184,192.91340000
97.34200664,192.91340000
97.34301144,196.85040000
97.34401624,188.97640000
97.34502104,200.78740000
97.34602584,192.91340000
97.34703064,196.85040000
97.34803544,192.91340000
97.34904024,192.91340000
97.35004504,196.85040000
97.35104984,196.85040000
97.35205464,192.91340000
97.35305944,188.97640000
97.35406424,192.91340000
97.35506904,196.85040000
97.35607384,200.78740000
97.35707864,192.91340000
97.35808344,188.97640000
97.35908824,196.85040000
97.36009304,192.91340000
97.36109784,192.91340000
97.36210264,192.91340000
97.36310744,200.78740000
97.36411224,196.85040000
97.36511704,185.03940000
97.36612184,188.97640000
97.36712664,185.03940000
97.36813144,192.91340000
97.36913624,185.03940000
97.37014104,196.85040000
97.37114584,196.85040000
97.37215064,192.91340000
97.37315544,192.91340000
97.37416024,192.91340000
97.37516504,196.85040000
97.37616984,192.91340000
97.37717464,196.85040000
97.37817944,196.85040000
97.37918424,196.85040000
97.38018904,196.85040000
97.38119384,192.91340000
97.38219864,192.91340000
97.38320344,196.85040000
97.38420824,188.97640000
97.38521304,192.91340000
97.38621784,196.85040000
97.38722264,188.97640000
97.38822744,200.78740000
97.38923224,192.91340000
97.39023704,192.91340000
97.39124184,192.91340000
97.39224664,192.91340000
97.39325144,188.97640000
97.39425624,192.91340000
97.39526104,192.91340000
97.39626584,192.91340000
97.39727064,196.85040000
97.39827544,192.91340000
97.39928024,192.91340000
97.40028504,185.03940000
97.40128984,192.91340000
97.40229464,192.91340000
97.40329944,196.85040000
97.40430424,196.85040000
97.40530904,188.97640000
97.40631384,188.97640000
97.40731864,192.91340000
97.40832344,192.91340000
97.40932824,196.85040000
97.41033304,196.85040000
97.41133784,196.85040000
97.41234264,196.85040000
97.41334744,200.78740000
97.41435224,200.78740000
97.41535704,200.78740000
97.41636184,196.85040000
97.41736664,196.85040000
97.41837144,188.97640000
97.41937624,200.78740000
97.42038104,196.85040000
97.42138584,196.85040000
97.42239064,192.91340000
97.42339544,196.85040000
97.42440024,196.85040000
97.42540504,196.85040000
97.42640984,192.91340000
97.42741464,192.91340000
97.42841944,188.97640000
97.42942424,196.85040000
97.43042904,192.91340000
97.43143384,196.85040000
97.43243864,188.97640000
97.43344344,188.97640000
97.43444824,192.91340000
97.43545304,185.03940000
97.43645784,196.85040000
97.43746264,192.91340000
97.43846744,192.91340000
97.43947224,196.85040000
97.44047704,192.91340000
97.44148184,192.91340000
97.44248664,192.91340000
97.44349144,188.97640000
97.44449624,188.97640000
97.44550104,185.03940000
97.44650584,192.91340000
97.44751064,188.97640000
97.44851544,192.91340000
97.44952024,188.97640000
97.45052504,192.91340000
97.45152984,196.85040000
97.45253464,196.85040000
97.45353944,192.91340000
97.45454424,196.85040000
97.45554904,196.85040000
97.45655384,192.91340000
97.45755864,192.91340000
97.45856344,196.85040000
97.45956824,200.78740000
97.46057304,192.91340000
97.46157784,192.91340000
97.46258264,200.78740000
97.46358744,196.85040000
97.46459224,192.91340000
97.46559704,192.91340000
97.46660184,192.91340000
97.46760664,196.85040000
97.46861144,192.91340000
97.46961624,188.97640000
97.47062104,196.85040000
97.47162584,192.91340000
97.47263064,192.91340000
97.47363544,196.85040000
97.47464024,196.85040000
97.47564504,196.85040000
97.47664984,196.85040000
97.47765464,192.91340000
97.47865944,196.85040000
97.47966424,192.91340000
97.48066904,185.03940000
97.48167384,200.78740000
97.48267864,192.91340000
97.48368344,196.85040000
97.48468824,185.03940000
97.48569304,188.97640000
97.48669784,188.97640000
97.48770264,192.91340000
97.48870744,192.91340000
97.48971224,196.85040000
97.49071704,192.91340000
97.49172184,192.91340000
97.49272664,196.85040000
97.49373144,200.78740000
97.49473624,200.78740000
97.49574104,200.78740000
97.49674584,196.85040000
97.49775064,192.91340000
97.49875544,188.97640000
97.49976024,200.78740000
97.50076504,196.85040000
97.50176984,196.85040000
97.50277464,192.91340000
97.50377944,196.85040000
97.50478424,192.91340000
97.50578904,196.85040000
97.50679384,196.85040000
97.50779864,192.91340000
97.50880344,192.91340000
97.50980824,192.91340000
97.51081304,192.91340000
97.51181784,192.91340000
97.51282264,200.78740000
97.51382744,192.91340000
97.51483224,192.91340000
97.51583704,192.91340000
97.51684184,196.85040000
97.51784664,196.85040000
97.51885144,192.91340000
97.51985624,196.85040000
97.52086104,196.85040000
97.52186584,196.85040000
97.52287063,196.85040000
97.52387543,196.85040000
97.52488023,188.97640000
97.52588503,188.97640000
97.52688983,192.91340000
97.52789463,188.97640000
97.52889943,200.78740000
97.52990423,185.03940000
97.53090903,196.85040000
97.53191383,200.78740000
97.53291863,196.85040000
97.53392343,200.78740000
97.53492823,200.78740000
97.53593303,196.85040000
97.53693783,196.85040000
97.53794263,200.78740000
97.53894743,200.78740000
97.53995223,196.85040000
97.54095703,200.78740000
97.54196183,196.85040000
97.54296663,196.85040000
97.54397143,196.85040000
97.54497623,196.85040000
97.54598103,196.85040000
97.54698583,192.91340000
97.54799063,196.85040000
97.54899543,196.85040000
97.55000023,196.85040000
97.55100503,196.85040000
97.55200983,200.78740000
97.55301463,192.91340000
97.55401943,196.85040000
97.55502423,196.85040000
97.55602903,192.91340000
97.55703383,196.85040000
97.55803863,200.78740000
97.55904343,200.78740000
97.56004823,196.85040000
97.56105303,196.85040000
97.56205783,192.91340000
97.56306263,192.91340000
97.56406743,196.85040000
97.56507223,192.91340000
97.56607703,192.91340000
97.56708183,196.85040000
97.56808663,188.97640000
97.56909143,192.91340000
97.57009623,196.85040000
97.57110103,200.78740000
97.57210583,196.85040000
97.57311063,196.85040000
97.57411543,200.78740000
97.57512023,192.91340000
97.57612503,200.78740000
97.57712983,196.85040000
97.57813463,188.97640000
97.57913943,192.91340000
97.58014423,200.78740000
97.58114903,212.59840000
97.58215383,196.85040000
97.58315863,200.78740000
97.58416343,196.85040000
97.58516823,200.78740000
97.58617303,196.85040000
97.58717783,200.78740000
97.58818263,196.85040000
97.58918743,200.78740000
97.59019223,200.78740000
97.59119703,192.91340000
97.59220183,196.85040000
97.59320663,192.91340000
97.59421143,196.85040000
97.59521623,192.91340000
97.59622103,188.97640000
97.59722583,196.85040000
97.59823063,196.85040000
97.59923543,200.78740000
97.60024023,196.85040000
97.60124503,200.78740000
97.60224983,200.78740000
97.60325463,192.91340000
97.60425943,185.03940000
97.60526423,192.91340000
97.60626903,188.97640000
97.60727383,192.91340000
97.60827863,196.85040000
97.60928343,200.78740000
97.61028823,196.85040000
97.61129303,192.91340000
97.61229783,196.85040000
97.61330263,192.91340000
97.61430743,200.78740000
97.61531223,204.72440000
97.61631703,196.85040000
97.61732183,200.78740000
97.61832663,200.78740000
97.61933143,200.78740000
97.62033623,196.85040000
97.62134103,192.91340000
97.62234583,200.78740000
97.62335063,192.91340000
97.62435543,200.78740000
97.62536023,192.91340000
97.62636503,196.85040000
97.62736983,188.97640000
97.62837463,192.91340000
97.62937943,196.85040000
97.63038423,192.91340000
97.63138903,200.78740000
97.63239383,196.85040000
97.63339863,192.91340000
97.63440343,192.91340000
97.63540823,196.85040000
97.63641303,192.91340000
97.63741783,192.91340000
97.63842263,192.91340000
97.63942743,192.91340000
97.64043223,196.85040000
97.64143703,196.85040000
97.64244183,192.91340000
97.64344663,188.97640000
97.64445143,192.91340000
97.64545623,185.03940000
97.64646103,192.91340000
97.64746583,196.85040000
97.64847063,192.91340000
97.64947543,196.85040000
97.65048023,196.85040000
97.65148503,200.78740000
97.65248983,200.78740000
97.65349463,200.78740000
97.65449943,200.78740000
97.65550423,200.78740000
97.65650903,196.85040000
97.65751383,192.91340000
97.65851863,196.85040000
97.65952343,192.91340000
97.66052823,192.91340000
97.66153303,188.97640000
97.66253783,200.78740000
97.66354263,192.91340000
97.66454743,192.91340000
97.66555223,196.85040000
97.66655703,196.85040000
97.66756183,185.03940000
97.66856663,196.85040000
97.66957143,188.97640000
97.67057623,196.85040000
97.67158103,181.10240000
97.67258583,192.91340000
97.67359063,192.91340000
97.67459543,192.91340000
97.67560023,181.10240000
97.67660503,188.97640000
97.67760983,188.97640000
97.67861463,208.66140000
97.67961943,196.85040000
97.68062423,192.91340000
97.68162903,196.85040000
97.68263383,188.97640000
97.68363863,192.91340000
97.68464343,192.91340000
97.68564823,188.97640000
97.68665303,185.03940000
97.68765783,188.97640000
97.68866263,188.97640000
97.68966743,196.85040000
97.69067223,188.97640000
97.69167703,196.85040000
97.69268183,192.91340000
97.69368663,192.91340000
97.69469143,196.85040000
97.69569623,196.85040000
97.69670103,188.97640000
97.69770583,192.91340000
97.69871063,192.91340000
97.69971543,192.91340000
97.70072023,196.85040000
97.70172503,192.91340000
97.70272983,196.85040000
97.70373463,192.91340000
97.70473943,192.91340000
97.70574423,192.91340000
97.70674903,188.97640000
97.70775383,192.91340000
97.70875863,185.03940000
97.70976343,188.97640000
97.71076823,192.91340000
97.71177303,196.85040000
97.71277783,200.78740000
97.71378263,192.91340000
97.71478743,192.91340000
97.71579223,192.91340000
97.71679703,192.91340000
97.71780183,196.85040000
97.71880663,200.78740000
97.71981143,192.91340000
97.72081623,196.85040000
97.72182103,192.91340000
97.72282583,200.78740000
97.72383063,192.91340000
97.72483543,185.03940000
97.72584023,181.10240000
97.72684503,192.91340000
97.72784983,192.91340000
97.72885463,192.91340000
97.72985943,192.91340000
97.73086423,200.78740000
97.73186903,196.85040000
97.73287383,196.85040000
97.73387863,192.91340000
97.73488343,192.91340000
97.73588823,192.91340000
97.73689303,196.85040000
97.73789783,192.91340000
97.73890263,196.85040000
97.73990743,196.85040000
97.74091223,192.91340000
97.74191703,188.97640000
97.74292183,185.03940000
97.74392663,196.85040000
97.74493143,188.97640000
97.74593623,188.97640000
97.74694103,188.97640000
97.74794583,188.97640000
97.74895063,192.91340000
97.74995543,192.91340000
97.75096023,188.97640000
97.75196503,188.97640000
97.75296983,188.97640000
97.75397463,196.85040000
97.75497943,192.91340000
97.75598423,188.97640000
97.75698903,188.97640000
97.75799383,185.03940000
97.75899863,185.03940000
97.76000343,192.91340000
97.76100823,188.97640000
97.76201303,196.85040000
97.76301783,181.10240000
97.76402263,188.97640000
97.76502743,185.03940000
97.76603223,192.91340000
97.76703703,192.91340000
97.76804183,188.97640000
97.76904663,192.91340000
97.77005143,192.91340000
97.77105623,192.91340000
97.77206103,192.91340000
97.77306583,185.03940000
97.77407063,185.03940000
97.77507543,192.91340000
97.77608023,196.85040000
97.77708503,196.85040000
97.77808983,192.91340000
97.77909463,192.91340000
97.78009943,192.91340000
97.78110423,192.91340000
97.78210903,192.91340000
97.78311383,192.91340000
97.78411863,188.97640000
97.78512343,188.97640000
97.78612823,188.97640000
97.78713303,188.97640000
97.78813783,192.91340000
97.78914263,188.97640000
97.79014743,192.91340000
97.79115223,188.97640000
97.79215703,185.03940000
97.79316183,192.91340000
97.79416663,188.97640000
97.79517143,188.97640000
97.79617623,185.03940000
97.79718103,188.97640000
97.79818583,188.97640000
97.79919063,188.97640000
97.80019543,185.03940000
97.80120023,185.03940000
97.80220503,188.97640000
97.80320983,185.03940000
97.80421463,188.97640000
97.80521943,188.97640000
97.80622423,185.03940000
97.80722903,185.03940000
97.80823383,185.03940000
97.80923863,192.91340000
97.81024343,192.91340000
97.81124823,192.91340000
97.81225303,185.03940000
97.81325783,192.91340000
97.81426263,185.03940000
97.81526743,188.97640000
97.81627223,188.97640000
97.81727703,188.97640000
97.81828183,188.97640000
97.81928663,188.97640000
97.82029143,188.97640000
97.82129623,188.97640000
97.82230103,185.03940000
97.82330583,181.10240000
97.82431063,188.97640000
97.82531543,185.03940000
97.82632023,185.03940000
97.82732503,188.97640000
97.82832983,192.91340000
97.82933463,188.97640000
97.83033943,192.91340000
97.83134423,188.97640000
97.83234903,185.03940000
97.83335383,185.03940000
97.83435863,181.10240000
97.83536343,188.97640000
97.83636823,185.03940000
97.83737303,192.91340000
97.83837783,181.10240000
97.83938263,181.10240000
97.84038743,185.03940000
97.84139223,185.03940000
97.84239703,181.10240000
97.84340183,188.97640000
97.84440663,188.97640000
97.84541143,188.97640000
97.84641623,181.10240000
97.84742103,188.97640000
97.84842583,192.91340000
97.84943063,185.03940000
97.85043543,192.91340000
97.85144022,188.97640000
97.85244502,188.97640000
97.85344982,188.97640000
97.85445462,192.91340000
97.85545942,188.97640000
97.85646422,188.97640000
97.85746902,192.91340000
97.85847382,185.03940000
97.85947862,185.03940000
97.86048342,188.97640000
97.86148822,188.97640000
97.86249302,188.97640000
97.86349782,188.97640000
97.86450262,185.03940000
97.86550742,192.91340000
97.86651222,188.97640000
97.86751702,188.97640000
97.86852182,181.10240000
97.86952662,188.97640000
97.87053142,185.03940000
97.87153622,181.10240000
97.87254102,181.10240000
97.87354582,192.91340000
97.87455062,188.97640000
97.87555542,185.03940000
97.87656022,181.10240000
97.87756502,188.97640000
97.87856982,188.97640000
97.87957462,188.97640000
97.88057942,181.10240000
97.88158422,181.10240000
97.88258902,185.03940000
97.88359382,181.10240000
97.88459862,185.03940000
97.88560342,188.97640000
97.88660822,185.03940000
97.88761302,188.97640000
97.88861782,181.10240000
97.88962262,185.03940000
97.89062742,185.03940000
97.89163222,192.91340000
97.89263702,192.91340000
97.89364182,185.03940000
97.89464662,188.97640000
97.89565142,192.91340000
97.89665622,192.91340000
97.89766102,192.91340000
97.89866582,188.97640000
97.89967062,188.97640000
97.90067542,185.03940000
97.90168022,188.97640000
97.90268502,181.10240000
97.90368982,188.97640000
97.90469462,188.97640000
97.90569942,185.03940000
97.90670422,188.97640000
97.90770902,188.97640000
97.90871382,192.91340000
97.90971862,185.03940000
97.91072342,196.85040000
97.91172822,188.97640000
97.91273302,188.97640000
97.91373782,185.03940000
97.91474262,185.03940000
97.91574742,188.97640000
97.91675222,188.97640000
97.91775702,192.91340000
97.91876182,192.91340000
97.91976662,185.03940000
97.92077142,181.10240000
97.92177622,177.16530000
97.92278102,188.97640000
97.92378582,185.03940000
97.92479062,185.03940000
97.92579542,185.03940000
97.92680022,188.97640000
97.92780502,185.03940000
97.92880982,185.03940000
97.92981462,185.03940000
97.93081942,188.97640000
97.93182422,188.97640000
97.93282902,181.10240000
97.93383382,188.97640000
97.93483862,185.03940000
97.93584342,185.03940000
97.93684822,185.03940000
97.93785302,185.03940000
97.93885782,188.97640000
97.93986262,188.97640000
97.94086742,185.03940000
97.94187222,185.03940000
97.94287702,185.03940000
97.94388182,185.03940000
97.94488662,185.03940000
97.94589142,181.10240000
97.94689622,185.03940000
97.94790102,181.10240000
97.94890582,185.03940000
97.94991062,188.97640000
97.95091542,181.10240000
97.95192022,181.10240000
97.95292502,185.03940000
97.95392982,181.10240000
97.95493462,177.16530000
97.95593942,185.03940000
97.95694422,181.10240000
97.95794902,181.10240000
97.95895382,188.97640000
97.95995862,188.97640000
97.96096342,177.16530000
97.96196822,181.10240000
97.96297302,185.03940000
97.96397782,181.10240000
97.96498262,185.03940000
97.96598742,188.97640000
97.96699222,181.10240000
97.96799702,181.10240000
97.96900182,181.10240000
97.97000662,181.10240000
97.97101142,177.16530000
97.97201622,185.03940000
97.97302102,188.97640000
97.97402582,181.10240000
97.97503062,181.10240000
97.97603542,177.16530000
97.97704022,181.10240000
97.97804502,181.10240000
97.97904982,181.10240000
97.98005462,181.10240000
97.98105942,181.10240000
97.98206422,185.03940000
97.98306902,181.10240000
97.98407382,169.29130000
97.98507862,177.16530000
97.98608342,177.16530000
97.98708822,188.97640000
97.98809302,181.10240000
97.98909782,177.16530000
97.99010262,177.16530000
97.99110742,181.10240000
97.99211222,181.10240000
97.99311702,181.10240000
97.99412182,181.10240000
97.99512662,181.10240000
97.99613142,185.03940000
97.99713622,177.16530000
97.99814102,181.10240000
97.99914582,165.35430000
98.00015062,173.22830000
98.00115542,169.29130000
98.00216022,169.29130000
98.00316502,173.22830000
98.00416982,177.16530000
98.00517462,181.10240000
98.00617942,181.10240000
98.00718422,173.22830000
98.00818902,181.10240000
98.00919382,177.16530000
98.01019862,181.10240000
98.01120342,181.10240000
98.01220822,177.16530000
98.01321302,177.16530000
98.01421782,173.22830000
98.01522262,177.16530000
98.01622742,177.16530000
98.01723222,169.29130000
98.01823702,173.22830000
98.01924182,177.16530000
98.02024662,181.10240000
98.02125142,177.16530000
98.02225622,177.16530000
98.02326102,181.10240000
98.02426582,181.10240000
98.02527062,177.16530000
98.02627542,181.10240000
98.02728022,177.16530000
98.02828502,177.16530000
98.02928982,177.16530000
98.03029462,177.16530000
98.03129942,177.16530000
98.03230422,177.16530000
98.03330902,173.22830000
98.03431382,173.22830000
98.03531862,173.22830000
98.03632342,181.10240000
98.03732822,177.16530000
98.03833302,173.22830000
98.03933782,181.10240000
98.04034262,177.16530000
98.04134742,173.22830000
98.04235222,177.16530000
98.04335702,181.10240000
98.04436182,177.16530000
98.04536662,181.10240000
98.04637142,181.10240000
98.04737622,185.03940000
98.04838102,185.03940000
98.04938582,177.16530000
98.05039062,173.22830000
98.05139542,181.10240000
98.05240022,181.10240000
98.05340502,173.22830000
98.05440982,181.10240000
98.05541462,177.16530000
98.05641942,177.16530000
98.05742422,181.10240000
98.05842902,177.16530000
98.05943382,173.22830000
98.06043862,177.16530000
98.06144342,177.16530000
98.06244822,181.10240000
98.06345302,177.16530000
98.06445782,173.22830000
98.06546262,173.22830000
98.06646742,169.29130000
98.06747222,173.22830000
98.06847702,177.16530000
98.06948182,173.22830000
98.07048662,169.29130000
98.07149142,177.16530000
98.07249622,177.16530000
98.07350102,177.16530000
98.07450582,177.16530000
98.07551062,173.22830000
98.07651542,177.16530000
98.07752022,169.29130000
98.07852502,173.22830000
98.07952982,173.22830000
98.08053462,169.29130000
98.08153942,161.41730000
98.08254422,173.22830000
98.08354902,177.16530000
98.08455382,200.78740000
98.08555862,177.16530000
98.08656342,185.03940000
98.08756822,177.16530000
98.08857302,173.22830000
98.08957782,181.10240000
98.09058262,181.10240000
98.09158742,177.16530000
98.09259222,177.16530000
98.09359702,181.10240000
98.09460182,177.16530000
98.09560662,177.16530000
98.09661142,181.10240000
98.09761622,181.10240000
98.09862102,173.22830000
98.09962582,185.03940000
98.10063062,177.16530000
98.10163542,181.10240000
98.10264022,173.22830000
98.10364502,177.16530000
98.10464982,173.22830000
98.10565462,177.16530000
98.10665942,181.10240000
98.10766422,177.16530000
98.10866902,181.10240000
98.10967382,177.16530000
98.11067862,181.10240000
98.11168342,181.10240000
98.11268822,181.10240000
98.11369302,181.10240000
98.11469782,173.22830000
98.11570262,173.22830000
98.11670742,181.10240000
98.11771222,177.16530000
98.11871702,169.29130000
98.11972182,173.22830000
98.12072662,173.22830000
98.12173142,181.10240000
98.12273622,181.10240000
98.12374102,177.16530000
98.12474582,185.03940000
98.12575062,181.10240000
98.12675542,177.16530000
98.12776022,177.16530000
98.12876502,177.16530000
98.12976982,177.16530000
98.13077462,173.22830000
98.13177942,177.16530000
98.13278422,177.16530000
98.13378902,177.16530000
98.13479382,181.10240000
98.13579862,177.16530000
98.13680342,177.16530000
98.13780822,173.22830000
98.13881302,177.16530000
98.13981782,173.22830000
98.14082262,177.16530000
98.14182742,177.16530000
98.14283222,177.16530000
98.14383702,177.16530000
98.14484182,173.22830000
98.14584662,177.16530000
98.14685142,173.22830000
98.14785622,173.22830000
98.14886102,177.16530000
98.14986582,177.16530000
98.15087062,181.10240000
98.15187542,177.16530000
98.15288022,177.16530000
98.15388502,181.10240000
98.15488982,177.16530000
98.15589462,165.35430000
98.15689942,173.22830000
98.15790422,173.22830000
98.15890902,173.22830000
98.15991382,173.22830000
98.16091862,181.10240000
98.16192342,177.16530000
98.16292822,185.03940000
98.16393302,177.16530000
98.16493782,177.16530000
98.16594262,181.10240000
98.16694742,181.10240000
98.16795222,177.16530000
98.16895702,177.16530000
98.16996182,173.22830000
98.17096662,177.16530000
98.17197142,173.22830000
98.17297622,173.22830000
98.17398102,177.16530000
98.17498582,177.16530000
98.17599062,181.10240000
98.17699542,177.16530000
98.17800022,177.16530000
98.17900502,173.22830000
98.18000981,169.29130000
98.18101461,169.29130000
98.18201941,181.10240000
98.18302421,177.16530000
98.18402901,173.22830000
98.18503381,173.22830000
98.18603861,173.22830000
98.18704341,173.22830000
98.18804821,173.22830000
98.18905301,173.22830000
98.19005781,177.16530000
98.19106261,177.16530000
98.19206741,181.10240000
98.19307221,169.29130000
98.19407701,173.22830000
98.19508181,173.22830000
98.19608661,165.35430000
98.19709141,165.35430000
98.19809621,165.35430000
98.19910101,169.29130000
98.20010581,177.16530000
98.20111061,173.22830000
98.20211541,173.22830000
98.20312021,177.16530000
98.20412501,173.22830000
98.20512981,173.22830000
98.20613461,177.16530000
98.20713941,177.16530000
98.20814421,177.16530000
98.20914901,173.22830000
98.21015381,173.22830000
98.21115861,169.29130000
98.21216341,169.29130000
98.21316821,177.16530000
98.21417301,173.22830000
98.21517781,177.16530000
98.21618261,177.16530000
98.21718741,173.22830000
98.21819221,173.22830000
98.21919701,173.22830000
98.22020181,177.16530000
98.22120661,177.16530000
98.22221141,173.22830000
98.22321621,173.22830000
98.22422101,173.22830000
98.22522581,173.22830000
98.22623061,173.22830000
98.22723541,173.22830000
98.22824021,165.35430000
98.22924501,169.29130000
98.23024981,173.22830000
98.23125461,173.22830000
98.23225941,169.29130000
98.23326421,177.16530000
98.23426901,177.16530000
98.23527381,161.41730000
98.23627861,169.29130000
98.23728341,165.35430000
98.23828821,173.22830000
98.23929301,169.29130000
98.24029781,173.22830000
98.24130261,169.29130000
98.24230741,173.22830000
98.24331221,177.16530000
98.24431701,173.22830000
98.24532181,169.29130000
98.24632661,173.22830000
98.24733141,173.22830000
98.24833621,177.16530000
98.24934101,173.22830000
98.25034581,173.22830000
98.25135061,177.16530000
98.25235541,177.16530000
98.25336021,169.29130000
98.25436501,173.22830000
98.25536981,173.22830000
98.25637461,169.29130000
98.25737941,169.29130000
98.25838421,169.29130000
98.25938901,173.22830000
98.26039381,169.29130000
98.26139861,169.29130000
98.26240341,169.29130000
98.26340821,173.22830000
98.26441301,173.22830000
98.26541781,177.16530000
98.26642261,173.22830000
98.26742741,177.16530000
98.26843221,173.22830000
98.26943701,173.22830000
98.27044181,169.29130000
98.27144661,173.22830000
98.27245141,173.22830000
98.27345621,165.35430000
98.27446101,165.35430000
98.27546581,165.35430000
98.27647061,165.35430000
98.27747541,165.35430000
98.27848021,169.29130000
98.27948501,177.16530000
98.28048981,177.16530000
98.28149461,173.22830000
98.28249941,173.22830000
98.28350421,181.10240000
98.28450901,177.16530000
98.28551381,173.22830000
98.28651861,181.10240000
98.28752341,181.10240000
98.28852821,173.22830000
98.28953301,177.16530000
98.29053781,177.16530000
98.29154261,173.22830000
98.29254741,177.16530000
98.29355221,173.22830000
98.29455701,177.16530000
98.29556181,169.29130000
98.29656661,173.22830000
98.29757141,169.29130000
98.29857621,169.29130000
98.29958101,177.16530000
98.30058581,173.22830000
98.30159061,173.22830000
98.30259541,177.16530000
98.30360021,169.29130000
98.30460501,173.22830000
98.30560981,173.22830000
98.30661461,173.22830000
98.30761941,173.22830000
98.30862421,173.22830000
98.30962901,169.29130000
98.31063381,169.29130000
98.31163861,173.22830000
98.31264341,169.29130000
98.31364821,169.29130000
98.31465301,173.22830000
98.31565781,169.29130000
98.31666261,169.29130000
98.31766741,177.16530000
98.31867221,181.10240000
98.31967701,177.16530000
98.32068181,177.16530000
98.32168661,177.16530000
98.32269141,177.16530000
98.32369621,173.22830000
98.32470101,181.10240000
98.32570581,169.29130000
98.32671061,173.22830000
98.32771541,173.22830000
98.32872021,173.22830000
98.32972501,177.16530000
98.33072981,177.16530000
98.33173461,177.16530000
98.33273941,173.22830000
98.33374421,173.22830000
98.33474901,177.16530000
98.33575381,177.16530000
98.33675861,177.16530000
98.33776341,177.16530000
98.33876821,173.22830000
98.33977301,177.16530000
98.34077781,177.16530000
98.34178261,169.29130000
98.34278741,173.22830000
98.34379221,173.22830000
98.34479701,177.16530000
98.34580181,173.22830000
98.34680661,177.16530000
98.34781141,177.16530000
98.34881621,173.22830000
98.34982101,173.22830000
98.35082581,169.29130000
98.35183061,169.29130000
98.35283541,173.22830000
98.35384021,169.29130000
98.35484501,173.22830000
98.35584981,173.22830000
98.35685461,173.22830000
98.35785941,177.16530000
98.35886421,173.22830000
98.35986901,177.16530000
98.36087381,173.22830000
98.36187861,173.22830000
98.36288341,173.22830000
98.36388821,177.16530000
98.36489301,173.22830000
98.36589781,165.35430000
98.36690261,165.35430000
98.36790741,173.22830000
98.36891221,173.22830000
98.36991701,169.29130000
98.37092181,173.22830000
98.37192661,173.22830000
98.37293141,173.22830000
98.37393621,173.22830000
98.37494101,169.29130000
98.37594581,169.29130000
98.37695061,173.22830000
98.37795541,173.22830000
98.37896021,173.22830000
98.37996501,169.29130000
98.38096981,169.29130000
98.38197461,169.29130000
98.38297941,169.29130000
98.38398421,169.29130000
98.38498901,173.22830000
98.38599381,173.22830000
98.38699861,173.22830000
98.38800341,169.29130000
98.38900821,165.35430000
98.39001301,157.48030000
98.39101781,169.29130000
98.39202261,165.35430000
98.39302741,169.29130000
98.39403221,173.22830000
98.39503701,173.22830000
98.39604181,169.29130000
98.39704661,173.22830000
98.39805141,169.29130000
98.39905621,173.22830000
98.40006101,173.22830000
98.40106581,173.22830000
98.40207061,169.29130000
98.40307541,177.16530000
98.40408021,169.29130000
98.40508501,169.29130000
98.40608981,169.29130000
98.40709461,169.29130000
98.40809941,165.35430000
98.40910421,165.35430000
98.41010901,173.22830000
98.41111381,173.22830000
98.41211861,173.22830000
98.41312341,169.29130000
98.41412821,169.29130000
98.41513301,169.29130000
98.41613781,173.22830000
98.41714261,177.16530000
98.41814741,169.29130000
98.41915221,173.22830000
98.42015701,169.29130000
98.42116181,169.29130000
98.42216661,169.29130000
98.42317141,165.35430000
98.42417621,165.35430000
98.42518101,169.29130000
98.42618581,173.22830000
98.42719061,169.29130000
98.42819541,169.29130000
98.42920021,169.29130000
98.43020501,165.35430000
98.43120981,169.29130000
98.43221461,173.22830000
98.43321941,173.22830000
98.43422421,169.29130000
98.43522901,173.22830000
98.43623381,169.29130000
98.43723861,173.22830000
98.43824341,177.16530000
98.43924821,173.22830000
98.44025301,169.29130000
98.44125781,173.22830000
98.44226261,169.29130000
98.44326741,169.29130000
98.44427221,173.22830000
98.44527701,173.22830000
98.44628181,169.29130000
98.44728661,169.29130000
98.44829141,169.29130000
98.44929621,169.29130000
98.45030101,169.29130000
98.45130581,173.22830000
98.45231061,169.29130000
98.45331541,173.22830000
98.45432021,173.22830000
98.45532501,169.29130000
98.45632981,165.35430000
98.45733461,169.29130000
98.45833941,169.29130000
98.45934421,169.29130000
98.46034901,173.22830000
98.46135381,169.29130000
98.46235861,169.29130000
98.46336341,177.16530000
98.46436821,173.22830000
98.46537301,173.22830000
98.46637781,165.35430000
98.46738261,169.29130000
98.46838741,169.29130000
98.46939221,169.29130000
98.47039701,169.29130000
98.47140181,169.29130000
98.47240661,173.22830000
98.47341141,173.22830000
98.47441621,181.10240000
98.47542101,177.16530000
98.47642581,177.16530000
98.47743061,177.16530000
98.47843541,177.16530000
98.47944021,177.16530000
98.48044501,173.22830000
98.48144981,169.29130000
98.48245461,173.22830000
98.48345941,169.29130000
98.48446421,173.22830000
98.48546901,169.29130000
98.48647381,169.29130000
98.48747861,157.48030000
98.48848341,173.22830000
98.48948821,169.29130000
98.49049301,188.97640000
98.49149781,173.22830000
98.49250261,173.22830000
98.49350741,173.22830000
98.49451221,173.22830000
98.49551701,173.22830000
98.49652181,169.29130000
98.49752661,173.22830000
98.49853141,173.22830000
98.49953621,169.29130000
98.50054101,173.22830000
98.50154581,173.22830000
98.50255061,173.22830000
98.50355541,169.29130000
98.50456021,169.29130000
98.50556501,173.22830000
98.50656981,169.29130000
98.50757461,165.35430000
98.50857941,169.29130000
98.50958420,165.35430000
98.51058900,173.22830000
98.51159380,177.16530000
98.51259860,173.22830000
98.51360340,169.29130000
98.51460820,173.22830000
98.51561300,173.22830000
98.51661780,173.22830000
98.51762260,173.22830000
98.51862740,169.29130000
98.51963220,169.29130000
98.52063700,165.35430000
98.52164180,169.29130000
98.52264660,173.22830000
98.52365140,169.29130000
98.52465620,165.35430000
98.52566100,169.29130000
98.52666580,169.29130000
98.52767060,173.22830000
98.52867540,169.29130000
98.52968020,169.29130000
98.53068500,169.29130000
98.53168980,169.29130000
98.53269460,173.22830000
98.53369940,169.29130000
98.53470420,173.22830000
98.53570900,177.16530000
98.53671380,165.35430000
98.53771860,165.35430000
98.53872340,165.35430000
98.53972820,173.22830000
98.54073300,173.22830000
98.54173780,165.35430000
98.54274260,169.29130000
98.54374740,165.35430000
98.54475220,165.35430000
98.54575700,165.35430000
98.54676180,165.35430000
98.54776660,173.22830000
98.54877140,165.35430000
98.54977620,173.22830000
98.55078100,173.22830000
98.55178580,169.29130000
98.55279060,169.29130000
98.55379540,169.29130000
98.55480020,169.29130000
98.55580500,169.29130000
98.55680980,177.16530000
98.55781460,169.29130000
98.55881940,169.29130000
98.55982420,165.35430000
98.56082900,173.22830000
98.56183380,165.35430000
98.56283860,169.29130000
98.56384340,165.35430000
98.56484820,169.29130000
98.56585300,165.35430000
98.56685780,169.29130000
98.56786260,165.35430000
98.56886740,173.22830000
98.56987220,169.29130000
98.57087700,165.35430000
98.57188180,173.22830000
98.57288660,177.16530000
98.57389140,173.22830000
98.57489620,169.29130000
98.57590100,173.22830000
98.57690580,173.22830000
98.57791060,173.22830000
98.57891540,173.22830000
98.57992020,173.22830000
98.58092500,169.29130000
98.58192980,169.29130000
98.58293460,169.29130000
98.58393940,169.29130000
98.58494420,157.48030000
98.58594900,165.35430000
98.58695380,165.35430000
98.58795860,188.97640000
98.58896340,177.16530000
98.58996820,173.22830000
98.59097300,173.22830000
98.59197780,177.16530000
98.59298260,173.22830000
98.59398740,173.22830000
98.59499220,185.03940000
98.59599700,169.29130000
98.59700180,173.22830000
98.59800660,169.29130000
98.59901140,173.22830000
98.60001620,173.22830000
98.60102100,169.29130000
98.60202580,165.35430000
98.60303060,165.35430000
98.60403540,165.35430000
98.60504020,173.22830000
98.60604500,169.29130000
98.60704980,169.29130000
98.60805460,173.22830000
98.60905940,169.29130000
98.61006420,165.35430000
98.61106900,169.29130000
98.61207380,169.29130000
98.61307860,173.22830000
98.61408340,169.29130000
98.61508820,169.29130000
98.61609300,169.29130000
98.61709780,169.29130000
98.61810260,165.35430000
98.61910740,165.35430000
98.62011220,169.29130000
98.62111700,169.29130000
98.62212180,161.41730000
98.62312660,161.41730000
98.62413140,169.29130000
98.62513620,165.35430000
98.62614100,165.35430000
98.62714580,173.22830000
98.62815060,173.22830000
98.62915540,169.29130000
98.63016020,169.29130000
98.63116500,169.29130000
98.63216980,165.35430000
98.63317460,169.29130000
98.63417940,169.29130000
98.63518420,165.35430000
98.63618900,161.41730000
98.63719380,173.22830000
98.63819860,169.29130000
98.63920340,169.29130000
98.64020820,169.29130000
98.64121300,169.29130000
98.64221780,173.22830000
98.64322260,169.29130000
98.64422740,169.29130000
98.64523220,169.29130000
98.64623700,173.22830000
98.64724180,169.29130000
98.64824660,165.35430000
98.64925140,169.29130000
98.65025620,161.41730000
98.65126100,161.41730000
98.65226580,169.29130000
98.65327060,169.29130000
98.65427540,169.29130000
98.65528020,169.29130000
98.65628500,177.16530000
98.65728980,169.29130000
98.65829460,169.29130000
98.65929940,165.35430000
98.66030420,157.48030000
98.66130900,165.35430000
98.66231380,169.29130000
98.66331860,169.29130000
98.66432340,165.35430000
98.66532820,173.22830000
98.66633300,173.22830000
98.66733780,169.29130000
98.66834260,169.29130000
98.66934740,177.16530000
98.67035220,169.29130000
98.67135700,169.29130000
98.67236180,169.29130000
98.67336660,169.29130000
98.67437140,169.29130000
98.67537620,169.29130000
98.67638100,165.35430000
98.67738580,169.29130000
98.67839060,165.35430000
98.67939540,169.29130000
98.68040020,169.29130000
98.68140500,169.29130000
98.68240980,165.35430000
98.68341460,165.35430000
98.68441940,169.29130000
98.68542420,173.22830000
98.68642900,169.29130000
98.68743380,173.22830000
98.68843860,165.35430000
98.68944340,169.29130000
98.69044820,169.29130000
98.69145300,165.35430000
98.69245780,173.22830000
98.69346260,169.29130000
98.69446740,169.29130000
98.69547220,165.35430000
98.69647700,165.35430000
98.69748180,165.35430000
98.69848660,161.41730000
98.69949140,153.54330000
98.70049620,161.41730000
98.70150100,165.35430000
98.70250580,165.35430000
98.70351060,169.29130000
98.70451540,169.29130000
98.70552020,173.22830000
98.70652500,165.35430000
98.70752980,165.35430000
98.70853460,169.29130000
98.70953940,165.35430000
98.71054420,169.29130000
98.71154900,165.35430000
98.71255380,165.35430000
98.71355860,165.35430000
98.71456340,161.41730000
98.71556820,161.41730000
98.71657300,161.41730000
98.71757780,161.41730000
98.71858260,173.22830000
98.71958740,165.35430000
98.72059220,165.35430000
98.72159700,165.35430000
98.72260180,161.41730000
98.72360660,173.22830000
98.72461140,169.29130000
98.72561620,165.35430000
98.72662100,169.29130000
98.72762580,161.41730000
98.72863060,165.35430000
98.72963540,169.29130000
98.73064020,165.35430000
98.73164500,161.41730000
98.73264980,165.35430000
98.73365460,165.35430000
98.73465940,169.29130000
98.73566420,165.35430000
98.73666900,169.29130000
98.73767380,161.41730000
98.73867860,161.41730000
98.73968340,165.35430000
98.74068820,169.29130000
98.74169300,165.35430000
98.74269780,165.35430000
98.74370260,169.29130000
98.74470740,169.29130000
98.74571220,169.29130000
98.74671700,169.29130000
98.74772180,169.29130000
98.74872660,161.41730000
98.74973140,169.29130000
98.75073620,161.41730000
98.75174100,169.29130000
98.75274580,165.35430000
98.75375060,165.35430000
98.75475540,165.35430000
98.75576020,173.22830000
98.75676500,165.35430000
98.75776980,161.41730000
98.75877460,173.22830000
98.75977940,165.35430000
98.76078420,165.35430000
98.76178900,165.35430000
98.76279380,161.41730000
98.76379860,165.35430000
98.76480340,161.41730000
98.76580820,161.41730000
98.76681300,165.35430000
98.76781780,161.41730000
98.76882260,161.41730000
98.76982740,165.35430000
98.77083220,161.41730000
98.77183700,173.22830000
98.77284180,165.35430000
98.77384660,169.29130000
98.77485140,161.41730000
98.77585620,153.54330000
98.77686100,157.48030000
98.77786580,161.41730000
98.77887060,165.35430000
98.77987540,161.41730000
98.78088020,161.41730000
98.78188500,161.41730000
98.78288980,173.22830000
98.78389460,169.29130000
98.78489940,169.29130000
98.78590420,161.41730000
98.78690900,161.41730000
98.78791380,165.35430000
98.78891860,161.41730000
98.78992340,161.41730000
98.79092820,165.35430000
98.79193300,161.41730000
98.79293780,165.35430000
98.79394260,165.35430000
98.79494740,161.41730000
98.79595220,161.41730000
98.79695700,165.35430000
98.79796180,161.41730000
98.79896660,161.41730000
98.79997140,161.41730000
98.80097620,161.41730000
98.80198100,161.41730000
98.80298580,161.41730000
98.80399060,165.35430000
98.80499540,161.41730000
98.80600020,161.41730000
98.80700500,165.35430000
98.80800980,161.41730000
98.80901460,165.35430000
98.81001940,165.35430000
98.81102420,161.41730000
98.81202900,165.35430000
98.81303380,161.41730000
98.81403860,157.48030000
98.81504340,157.48030000
98.81604820,165.35430000
98.81705300,165.35430000
98.81805780,161.41730000
98.81906260,165.35430000
98.82006740,165.35430000
98.82107220,165.35430000
98.82207700,165.35430000
98.82308180,165.35430000
98.82408660,165.35430000
98.82509140,165.35430000
98.82609620,165.35430000
98.82710100,165.35430000
98.82810580,161.41730000
98.82911060,157.48030000
98.83011540,161.41730000
98.83112020,157.48030000
98.83212500,165.35430000
98.83312980,169.29130000
98.83413460,161.41730000
98.83513940,161.41730000
98.83614420,161.41730000
98.83714900,161.41730000
98.83815379,165.35430000
98.83915859,161.41730000
98.84016339,161.41730000
98.84116819,161.41730000
98.84217299,161.41730000
98.84317779,161.41730000
98.84418259,157.48030000
98.84518739,161.41730000
98.84619219,153.54330000
98.84719699,157.48030000
98.84820179,161.41730000
98.84920659,157.48030000
98.85021139,161.41730000
98.85121619,161.41730000
98.85222099,157.48030000
98.85322579,153.54330000
98.85423059,153.54330000
98.85523539,161.41730000
98.85624019,161.41730000
98.85724499,157.48030000
98.85824979,161.41730000
98.85925459,161.41730000
98.86025939,161.41730000
98.86126419,161.41730000
98.86226899,157.48030000
98.86327379,165.35430000
98.86427859,161.41730000
98.86528339,165.35430000
98.86628819,161.41730000
98.86729299,157.48030000
98.86829779,161.41730000
98.86930259,157.48030000
98.87030739,153.54330000
98.87131219,161.41730000
98.87231699,157.48030000
98.87332179,161.41730000
98.87432659,157.48030000
98.87533139,161.41730000
98.87633619,161.41730000
98.87734099,157.48030000
98.87834579,157.48030000
98.87935059,153.54330000
98.88035539,161.41730000
98.88136019,157.48030000
98.88236499,153.54330000
98.88336979,161.41730000
98.88437459,157.48030000
98.88537939,161.41730000
98.88638419,161.41730000
98.88738899,161.41730000
98.88839379,157.48030000
98.88939859,157.48030000
98.89040339,157.48030000
98.89140819,153.54330000
98.89241299,153.54330000
98.89341779,145.66930000
98.89442259,149.60630000
98.89542739,153.54330000
98.89643219,165.35430000
98.89743699,157.48030000
98.89844179,161.41730000
98.89944659,161.41730000
98.90045139,157.48030000
98.90145619,157.48030000
98.90246099,157.48030000
98.90346579,161.41730000
98.90447059,157.48030000
98.90547539,157.48030000
98.90648019,153.54330000
98.90748499,153.54330000
98.90848979,157.48030000
98.90949459,153.54330000
98.91049939,153.54330000
98.91150419,149.60630000
98.91250899,157.48030000
98.91351379,157.48030000
98.91451859,153.54330000
98.91552339,157.48030000
98.91652819,157.48030000
98.91753299,153.54330000
98.91853779,157.48030000
98.91954259,157.48030000
98.92054739,153.54330000
98.92155219,153.54330000
98.92255699,153.54330000
98.92356179,153.54330000
98.92456659,157.48030000
98.92557139,153.54330000
98.92657619,149.60630000
98.92758099,149.60630000
98.92858579,153.54330000
98.92959059,153.54330000
98.93059539,149.60630000
98.93160019,149.60630000
98.93260499,149.60630000
98.93360979,157.48030000
98.93461459,153.54330000
98.93561939,149.60630000
98.93662419,157.48030000
98.93762899,153.54330000
98.93863379,153.54330000
98.93963859,153.54330000
98.94064339,157.48030000
98.94164819,157.48030000
98.94265299,153.54330000
98.94365779,153.54330000
98.94466259,149.60630000
98.94566739,153.54330000
98.94667219,153.54330000
98.94767699,149.60630000
98.94868179,153.54330000
98.94968659,157.48030000
98.95069139,157.48030000
98.95169619,157.48030000
98.95270099,153.54330000
98.95370579,153.54330000
98.95471059,157.48030000
98.95571539,149.60630000
98.95672019,153.54330000
98.95772499,153.54330000
98.95872979,145.66930000
98.95973459,149.60630000
98.96073939,149.60630000
98.96174419,149.60630000
98.96274899,149.60630000
98.96375379,149.60630000
98.96475859,149.60630000
98.96576339,149.60630000
98.96676819,165.35430000
98.96777299,145.66930000
98.96877779,141.73230000
98.96978259,149.60630000
98.97078739,149.60630000
98.97179219,145.66930000
98.97279699,153.54330000
98.97380179,149.60630000
98.97480659,149.60630000
98.97581139,149.60630000
98.97681619,153.54330000
98.97782099,149.60630000
98.97882579,153.54330000
98.97983059,153.54330000
98.98083539,149.60630000
98.98184019,149.60630000
98.98284499,149.60630000
98.98384979,149.60630000
98.98485459,153.54330000
98.98585939,149.60630000
98.98686419,153.54330000
98.98786899,149.60630000
98.98887379,149.60630000
98.98987859,149.60630000
98.99088339,133.85830000
98.99188819,149.60630000
98.99289299,149.60630000
98.99389779,169.29130000
98.99490259,145.66930000
98.99590739,149.60630000
98.99691219,149.60630000
98.99791699,145.66930000
98.99892179,149.60630000
98.99992659,149.60630000
99.00093139,145.66930000
99.00193619,149.60630000
99.00294099,145.66930000
99.00394579,149.60630000
99.00495059,145.66930000
99.00595539,141.73230000
99.00696019,141.73230000
99.00796499,141.73230000
99.00896979,137.79530000
99.00997459,145.66930000
99.01097939,145.66930000
99.01198419,149.60630000
99.01298899,149.60630000
99.01399379,145.66930000
99.01499859,149.60630000
99.01600339,145.66930000
99.01700819,149.60630000
99.01801299,149.60630000
99.01901779,149.60630000
99.02002259,141.73230000
99.02102739,145.66930000
99.02203219,149.60630000
99.02303699,145.66930000
99.02404179,137.79530000
99.02504659,145.66930000
99.02605139,145.66930000
99.02705619,145.66930000
99.02806099,145.66930000
99.02906579,145.66930000
99.03007059,145.66930000
99.03107539,149.60630000
99.03208019,145.66930000
99.03308499,145.66930000
99.03408979,141.73230000
99.03509459,141.73230000
99.03609939,141.73230000
99.03710419,145.66930000
99.03810899,145.66930000
99.03911379,145.66930000
99.04011859,141.73230000
99.04112339,141.73230000
99.04212819,149.60630000
99.04313299,137.79530000
99.04413779,141.73230000
99.04514259,141.73230000
99.04614739,141.73230000
99.04715219,141.73230000
99.04815699,141.73230000
99.04916179,141.73230000
99.05016659,149.60630000
99.05117139,145.66930000
99.05217619,137.79530000
99.05318099,141.73230000
99.05418579,141.73230000
99.05519059,145.66930000
99.05619539,141.73230000
99.05720019,141.73230000
99.05820499,141.73230000
99.05920979,141.73230000
99.06021459,141.73230000
99.06121939,137.79530000
99.06222419,137.79530000
99.06322899,137.79530000
99.06423379,137.79530000
99.06523859,137.79530000
99.06624339,141.73230000
99.06724819,145.66930000
99.06825299,137.79530000
99.06925779,137.79530000
99.07026259,137.79530000
99.07126739,141.73230000
99.07227219,137.79530000
99.07327699,133.85830000
99.07428179,137.79530000
99.07528659,137.79530000
99.07629139,133.85830000
99.07729619,137.79530000
99.07830099,137.79530000
99.07930579,137.79530000
99.08031059,141.73230000
99.08131539,137.79530000
99.08232019,129.92120000
99.08332499,133.85830000
99.08432979,133.85830000
99.08533459,133.85830000
99.08633939,133.85830000
99.08734419,133.85830000
99.08834899,129.92120000
99.08935379,133.85830000
99.09035859,133.85830000
99.09136339,145.66930000
99.09236819,133.85830000
99.09337299,141.73230000
99.09437779,133.85830000
99.09538259,133.85830000
99.09638739,141.73230000
99.09739219,137.79530000
99.09839699,133.85830000
99.09940179,133.85830000
99.10040659,137.79530000
99.10141139,137.79530000
99.10241619,133.85830000
99.10342099,129.92120000
99.10442579,133.85830000
99.10543059,125.98420000
99.10643539,129.92120000
99.10744019,129.92120000
99.10844499,129.92120000
99.10944979,133.85830000
99.11045459,129.92120000
99.11145939,133.85830000
99.11246419,129.92120000
99.11346899,129.92120000
99.11447379,133.85830000
99.11547859,125.98420000
99.11648339,129.92120000
99.11748819,133.85830000
99.11849299,129.92120000
99.11949779,133.85830000
99.12050259,125.98420000
99.12150739,122.04720000
99.12251219,125.98420000
99.12351699,122.04720000
99.12452179,125.98420000
99.12552659,133.85830000
99.12653139,133.85830000
99.12753619,133.85830000
99.12854099,125.98420000
99.12954579,129.92120000
99.13055059,129.92120000
99.13155539,129.92120000
99.13256019,133.85830000
99.13356499,122.04720000
99.13456979,125.98420000
99.13557459,125.98420000
99.13657939,122.04720000
99.13758419,125.98420000
99.13858899,122.04720000
99.13959379,122.04720000
99.14059859,129.92120000
99.14160339,122.04720000
99.14260819,125.98420000
99.14361299,129.92120000
99.14461779,129.92120000
99.14562259,125.98420000
99.14662739,122.04720000
99.14763219,129.92120000
99.14863699,125.98420000
99.14964179,122.04720000
99.15064659,125.98420000
99.15165139,129.92120000
99.15265619,125.98420000
99.15366099,125.98420000
99.15466579,122.04720000
99.15567059,122.04720000
99.15667539,122.04720000
99.15768019,122.04720000
99.15868499,122.04720000
99.15968979,122.04720000
99.16069459,114.17320000
99.16169939,122.04720000
99.16270419,122.04720000
99.16370899,122.04720000
99.16471379,122.04720000
99.16571859,122.04720000
99.16672338,125.98420000
99.16772818,125.98420000
99.16873298,122.04720000
99.16973778,118.11020000
99.17074258,122.04720000
99.17174738,122.04720000
99.17275218,114.17320000
99.17375698,122.04720000
99.17476178,118.11020000
99.17576658,122.04720000
99.17677138,118.11020000
99.17777618,122.04720000
99.17878098,118.11020000
99.17978578,122.04720000
99.18079058,118.11020000
99.18179538,122.04720000
99.18280018,118.11020000
99.18380498,118.11020000
99.18480978,118.11020000
99.18581458,114.17320000
99.18681938,118.11020000
99.18782418,118.11020000
99.18882898,114.17320000
99.18983378,125.98420000
99.19083858,122.04720000
99.19184338,118.11020000
99.19284818,122.04720000
99.19385298,122.04720000
99.19485778,118.11020000
99.19586258,118.11020000
99.19686738,114.17320000
99.19787218,114.17320000
99.19887698,118.11020000
99.19988178,118.11020000
99.20088658,118.11020000
99.20189138,118.11020000
99.20289618,114.17320000
99.20390098,118.11020000
99.20490578,118.11020000
99.20591058,118.11020000
99.20691538,118.11020000
99.20792018,118.11020000
99.20892498,118.11020000
99.20992978,118.11020000
99.21093458,122.04720000
99.21193938,118.11020000
99.21294418,114.17320000
99.21394898,114.17320000
99.21495378,118.11020000
99.21595858,118.11020000
99.21696338,114.17320000
99.21796818,118.11020000
99.21897298,110.23620000
99.21997778,118.11020000
99.22098258,114.17320000
99.22198738,118.11020000
99.22299218,114.17320000
99.22399698,114.17320000
99.22500178,114.17320000
99.22600658,114.17320000
99.22701138,114.17320000
99.22801618,118.11020000
99.22902098,118.11020000
99.23002578,114.17320000
99.23103058,110.23620000
99.23203538,114.17320000
99.23304018,110.23620000
99.23404498,110.23620000
99.23504978,106.29920000
99.23605458,106.29920000
99.23705938,106.29920000
99.23806418,118.11020000
99.23906898,118.11020000
99.24007378,118.11020000
99.24107858,118.11020000
99.24208338,114.17320000
99.24308818,114.17320000
99.24409298,118.11020000
99.24509778,118.11020000
99.24610258,110.23620000
99.24710738,114.17320000
99.24811218,118.11020000
99.24911698,110.23620000
99.25012178,110.23620000
99.25112658,114.17320000
99.25213138,106.29920000
99.25313618,106.29920000
99.25414098,110.23620000
99.25514578,110.23620000
99.25615058,114.17320000
99.25715538,114.17320000
99.25816018,118.11020000
99.25916498,110.23620000
99.26016978,114.17320000
99.26117458,110.23620000
99.26217938,106.29920000
99.26318418,114.17320000
99.26418898,114.17320000
99.26519378,110.23620000
99.26619858,106.29920000
99.26720338,114.17320000
99.26820818,110.23620000
99.26921298,114.17320000
99.27021778,114.17320000
99.27122258,114.17320000
99.27222738,114.17320000
99.27323218,114.17320000
99.27423698,110.23620000
99.27524178,110.23620000
99.27624658,114.17320000
99.27725138,118.11020000
99.27825618,114.17320000
99.27926098,122.04720000
99.28026578,122.04720000
99.28127058,122.04720000
99.28227538,118.11020000
99.28328018,118.11020000
99.28428498,118.11020000
99.28528978,114.17320000
99.28629458,118.11020000
99.28729938,118.11020000
99.28830418,118.11020000
99.28930898,114.17320000
99.29031378,114.17320000
99.29131858,110.23620000
99.29232338,110.23620000
99.29332818,110.23620000
99.29433298,106.29920000
99.29533778,110.23620000
99.29634258,110.23620000
99.29734738,102.36220000
99.29835218,106.29920000
99.29935698,94.48818000
99.30036178,94.48818000
99.30136658,94.48818000
99.30237138,98.42519000
99.30337618,98.42519000
99.30438098,98.42519000
99.30538578,94.48818000
99.30639058,94.48818000
99.30739538,102.36220000
99.30840018,94.48818000
99.30940498,98.42519000
99.31040978,86.61417000
99.31141458,90.55118000
99.31241938,90.55118000
99.31342418,90.55118000
99.31442898,98.42519000
99.31543378,94.48818000
99.31643858,90.55118000
99.31744338,94.48818000
99.31844818,94.48818000
99.31945298,94.48818000
99.32045778,98.42519000
99.32146258,98.42519000
99.32246738,102.36220000
99.32347218,102.36220000
99.32447698,94.48818000
99.32548178,98.42519000
99.32648658,106.29920000
99.32749138,102.36220000
99.32849618,94.48818000
99.32950098,102.36220000
99.33050578,102.36220000
99.33151058,98.42519000
99.33251538,94.48818000
99.33352018,102.36220000
99.33452498,102.36220000
99.33552978,106.29920000
99.33653458,102.36220000
99.33753938,106.29920000
99.33854418,102.36220000
99.33954898,106.29920000
99.34055378,106.29920000
99.34155858,106.29920000
99.34256338,106.29920000
99.34356818,102.36220000
99.34457298,106.29920000
99.34557778,106.29920000
99.34658258,106.29920000
99.34758738,94.48818000
99.34859218,90.55118000
99.34959698,94.48818000
99.35060178,98.42519000
99.35160658,98.42519000
99.35261138,102.36220000
99.35361618,102.36220000
99.35462098,102.36220000
99.35562578,102.36220000
99.35663058,106.29920000
99.35763538,102.36220000
99.35864018,102.36220000
99.35964498,102.36220000
99.36064978,102.36220000
99.36165458,94.48818000
99.36265938,98.42519000
99.36366418,94.48818000
99.36466898,94.48818000
99.36567378,94.48818000
99.36667858,94.48818000
99.36768338,94.48818000
99.36868818,102.36220000
99.36969298,98.42519000
99.37069778,94.48818000
99.37170258,98.42519000
99.37270738,98.42519000
99.37371218,94.48818000
99.37471698,102.36220000
99.37572178,102.36220000
99.37672658,94.48818000
99.37773138,98.42519000
99.37873618,102.36220000
99.37974098,102.36220000
99.38074578,94.48818000
99.38175058,94.48818000
99.38275538,98.42519000
99.38376018,102.36220000
99.38476498,102.36220000
99.38576978,102.36220000
99.38677458,94.48818000
99.38777938,98.42519000
99.38878418,98.42519000
99.38978898,94.48818000
99.39079378,98.42519000
99.39179858,98.42519000
99.39280338,98.42519000
99.39380818,102.36220000
99.39481298,102.36220000
99.39581778,94.48818000
99.39682258,90.55118000
99.39782738,94.48818000
99.39883218,94.48818000
99.39983698,110.23620000
99.40084178,102.36220000
99.40184658,94.48818000
99.40285138,90.55118000
99.40385618,94.48818000
99.40486098,90.55118000
99.40586578,94.48818000
99.40687058,90.55118000
99.40787538,98.42519000
99.40888018,98.42519000
99.40988498,90.55118000
99.41088978,98.42519000
99.41189458,94.48818000
99.41289938,94.48818000
99.41390418,94.48818000
99.41490898,90.55118000
99.41591378,90.55118000
99.41691858,94.48818000
99.41792338,94.48818000
99.41892818,94.48818000
99.41993298,98.42519000
99.42093778,94.48818000
99.42194258,98.42519000
99.42294738,94.48818000
99.42395218,90.55118000
99.42495698,90.55118000
99.42596178,90.55118000
99.42696658,94.48818000
99.42797138,94.48818000
99.42897618,102.36220000
99.42998098,94.48818000
99.43098578,94.48818000
99.43199058,98.42519000
99.43299538,102.36220000
99.43400018,94.48818000
99.43500498,98.42519000
99.43600978,98.42519000
99.43701458,94.48818000
99.43801938,94.48818000
99.43902418,94.48818000
99.44002898,98.42519000
99.44103378,94.48818000
99.44203858,94.48818000
99.44304338,94.48818000
99.44404818,94.48818000
99.44505298,94.48818000
99.44605778,90.55118000
99.44706258,94.48818000
99.44806738,90.55118000
99.44907218,94.48818000
99.45007698,90.55118000
99.45108178,94.48818000
99.45208658,94.48818000
99.45309138,94.48818000
99.45409618,90.55118000
99.45510098,94.48818000
99.45610578,90.55118000
99.45711058,90.55118000
99.45811538,90.55118000
99.45912018,102.36220000
99.46012498,90.55118000
99.46112978,94.48818000
99.46213458,94.48818000
99.46313938,82.67715000
99.46414418,78.74015000
99.46514898,82.67715000
99.46615378,90.55118000
99.46715858,90.55118000
99.46816338,90.55118000
99.46916818,94.48818000
99.47017298,90.55118000
99.47117778,98.42519000
99.47218258,94.48818000
99.47318738,90.55118000
99.47419218,98.42519000
99.47519698,94.48818000
99.47620178,94.48818000
99.47720658,98.42519000
99.47821138,90.55118000
99.47921618,90.55118000
99.48022098,86.61417000
99.48122578,90.55118000
99.48223058,94.48818000
99.48323538,90.55118000
99.48424018,90.55118000
99.48524498,98.42519000
99.48624978,94.48818000
99.48725458,98.42519000
99.48825938,90.55118000
99.48926418,90.55118000
99.49026898,90.55118000
99.49127378,90.55118000
99.49227858,90.55118000
99.49328338,90.55118000
99.49428818,82.67715000
99.49529298,90.55118000
99.49629777,86.61417000
99.49730257,98.42519000
99.49830737,86.61417000
99.49931217,90.55118000
99.50031697,86.61417000
99.50132177,82.67715000
99.50232657,82.67715000
99.50333137,86.61417000
99.50433617,86.61417000
99.50534097,90.55118000
99.50634577,82.67715000
99.50735057,90.55118000
99.50835537,90.55118000
99.50936017,90.55118000
99.51036497,90.55118000
99.51136977,86.61417000
99.51237457,90.55118000
99.51337937,82.67715000
99.51438417,86.61417000
99.51538897,90.55118000
99.51639377,94.48818000
99.51739857,90.55118000
99.51840337,78.74015000
99.51940817,90.55118000
99.52041297,90.55118000
99.52141777,86.61417000
99.52242257,90.55118000
99.52342737,86.61417000
99.52443217,86.61417000
99.52543697,90.55118000
99.52644177,86.61417000
99.52744657,82.67715000
99.52845137,82.67715000
99.52945617,82.67715000
99.53046097,86.61417000
99.53146577,86.61417000
99.53247057,86.61417000
99.53347537,82.67715000
99.53448017,82.67715000
99.53548497,82.67715000
99.53648977,82.67715000
99.53749457,78.74015000
99.53849937,78.74015000
99.53950417,78.74015000
99.54050897,82.67715000
99.54151377,78.74015000
99.54251857,78.74015000
99.54352337,78.74015000
99.54452817,82.67715000
99.54553297,86.61417000
99.54653777,86.61417000
99.54754257,86.61417000
99.54854737,82.67715000
99.54955217,86.61417000
99.55055697,82.67715000
99.55156177,86.61417000
99.55256657,86.61417000
99.55357137,90.55118000
99.55457617,86.61417000
99.55558097,78.74015000
99.55658577,86.61417000
99.55759057,86.61417000
99.55859537,86.61417000
99.55960017,78.74015000
99.56060497,78.74015000
99.56160977,78.74015000
99.56261457,86.61417000
99.56361937,78.74015000
99.56462417,86.61417000
99.56562897,86.61417000
99.56663377,82.67715000
99.56763857,82.67715000
99.56864337,82.67715000
99.56964817,86.61417000
99.57065297,82.67715000
99.57165777,78.74015000
99.57266257,86.61417000
99.57366737,86.61417000
99.57467217,82.67715000
99.57567697,98.42519000
99.57668177,74.80315000
99.57768657,78.74015000
99.57869137,78.74015000
99.57969617,82.67715000
99.58070097,78.74015000
99.58170577,86.61417000
99.58271057,82.67715000
99.58371537,86.61417000
99.58472017,82.67715000
99.58572497,82.67715000
99.58672977,82.67715000
99.58773457,86.61417000
99.58873937,86.61417000
99.58974417,82.67715000
99.59074897,86.61417000
99.59175377,78.74015000
99.59275857,74.80315000
99.59376337,78.74015000
99.59476817,86.61417000
99.59577297,82.67715000
99.59677777,82.67715000
99.59778257,82.67715000
99.59878737,82.67715000
99.59979217,82.67715000
99.60079697,82.67715000
99.60180177,82.67715000
99.60280657,86.61417000
99.60381137,82.67715000
99.60481617,78.74015000
99.60582097,78.74015000
99.60682577,86.61417000
99.60783057,82.67715000
99.60883537,74.80315000
99.60984017,78.74015000
99.61084497,82.67715000
99.61184977,82.67715000
99.61285457,82.67715000
99.61385937,70.86613000
99.61486417,74.80315000
99.61586897,74.80315000
99.61687377,74.80315000
99.61787857,78.74015000
99.61888337,74.80315000
99.61988817,78.74015000
99.62089297,78.74015000
99.62189777,74.80315000
99.62290257,74.80315000
99.62390737,74.80315000
99.62491217,74.80315000
99.62591697,70.86613000
99.62692177,70.86613000
99.62792657,74.80315000
99.62893137,78.74015000
99.62993617,70.86613000
99.63094097,66.92913000
99.63194577,78.74015000
99.63295057,70.86613000
99.63395537,70.86613000
99.63496017,70.86613000
99.63596497,78.74015000
99.63696977,70.86613000
99.63797457,82.67715000
99.63897937,78.74015000
99.63998417,70.86613000
99.64098897,66.92913000
99.64199377,66.92913000
99.64299857,70.86613000
99.64400337,74.80315000
99.64500817,74.80315000
99.64601297,74.80315000
99.64701777,66.92913000
99.64802257,74.80315000
99.64902737,74.80315000
99.65003217,74.80315000
99.65103697,86.61417000
99.65204177,66.92913000
99.65304657,66.92913000
99.65405137,66.92913000
99.65505617,74.80315000
99.65606097,66.92913000
99.65706577,74.80315000
99.65807057,66.92913000
99.65907537,70.86613000
99.66008017,70.86613000
99.66108497,78.74015000
99.66208977,70.86613000
99.66309457,70.86613000
99.66409937,70.86613000
99.66510417,70.86613000
99.66610897,70.86613000
99.66711377,70.86613000
99.66811857,78.74015000
99.66912337,66.92913000
99.67012817,66.92913000
99.67113297,66.92913000
99.67213777,70.86613000
99.67314257,66.92913000
99.67414737,59.05511000
99.67515217,62.99212000
99.67615697,70.86613000
99.67716177,74.80315000
99.67816657,66.92913000
99.67917137,66.92913000
99.68017617,74.80315000
99.68118097,70.86613000
99.68218577,62.99212000
99.68319057,66.92913000
99.68419537,66.92913000
99.68520017,66.92913000
99.68620497,59.05511000
99.68720977,66.92913000
99.68821457,62.99212000
99.68921937,59.05511000
99.69022417,59.05511000
99.69122897,62.99212000
99.69223377,66.92913000
99.69323857,66.92913000
99.69424337,62.99212000
99.69524817,66.92913000
99.69625297,70.86613000
99.69725777,66.92913000
99.69826257,62.99212000
99.69926737,66.92913000
99.70027217,70.86613000
99.70127697,66.92913000
99.70228177,70.86613000
99.70328657,66.92913000
99.70429137,70.86613000
99.70529617,62.99212000
99.70630097,62.99212000
99.70730577,62.99212000
99.70831057,62.99212000
99.70931537,62.99212000
99.71032017,62.99212000
99.71132497,62.99212000
99.71232977,70.86613000
99.71333457,62.99212000
99.71433937,62.99212000
99.71534417,66.92913000
99.71634897,66.92913000
99.71735377,62.99212000
99.71835857,66.92913000
99.71936337,66.92913000
99.72036817,66.92913000
99.72137297,62.99212000
99.72237777,62.99212000
99.72338257,62.99212000
99.72438737,62.99212000
99.72539217,66.92913000
99.72639697,74.80315000
99.72740177,55.11811000
99.72840657,62.99212000
99.72941137,59.05511000
99.73041617,59.05511000
99.73142097,62.99212000
99.73242577,62.99212000
99.73343057,66.92913000
99.73443537,62.99212000
99.73544017,66.92913000
99.73644497,62.99212000
99.73744977,59.05511000
99.73845457,59.05511000
99.73945937,62.99212000
99.74046417,59.05511000
99.74146897,66.92913000
99.74247377,59.05511000
99.74347857,62.99212000
99.74448337,62.99212000
99.74548817,55.11811000
99.74649297,59.05511000
99.74749777,62.99212000
99.74850257,59.05511000
99.74950737,62.99212000
99.75051217,62.99212000
99.75151697,62.99212000
99.75252177,59.05511000
99.75352657,62.99212000
99.75453137,59.05511000
99.75553617,59.05511000
99.75654097,55.11811000
99.75754577,66.92913000
99.75855057,62.99212000
99.75955537,62.99212000
99.76056017,55.11811000
99.76156497,55.11811000
99.76256977,55.11811000
99.76357457,59.05511000
99.76457937,51.18110000
99.76558417,55.11811000
99.76658897,59.05511000
99.76759377,55.11811000
99.76859857,59.05511000
99.76960337,59.05511000
99.77060817,59.05511000
99.77161297,62.99212000
99.77261777,62.99212000
99.77362257,59.05511000
99.77462737,62.99212000
99.77563217,62.99212000
99.77663697,62.99212000
99.77764177,59.05511000
99.77864657,59.05511000
99.77965137,59.05511000
99.78065617,62.99212000
99.78166097,55.11811000
99.78266577,62.99212000
99.78367057,59.05511000
99.78467537,59.05511000
99.78568017,59.05511000
99.78668497,59.05511000
99.78768977,59.05511000
99.78869457,55.11811000
99.78969937,62.99212000
99.79070417,59.05511000
99.79170897,62.99212000
99.79271377,59.05511000
99.79371857,59.05511000
99.79472337,55.11811000
99.79572817,55.11811000
99.79673297,59.05511000
99.79773777,59.05511000
99.79874257,55.11811000
99.79974737,51.18110000
99.80075217,55.11811000
99.80175697,47.24409000
99.80276177,35.43307000
99.80376657,55.11811000
99.80477137,51.18110000
99.80577617,70.86613000
99.80678097,55.11811000
99.80778577,59.05511000
99.80879057,55.11811000
99.80979537,55.11811000
99.81080017,59.05511000
99.81180497,55.11811000
99.81280977,55.11811000
99.81381457,55.11811000
99.81481937,59.05511000
99.81582417,59.05511000
99.81682897,59.05511000
99.81783377,55.11811000
99.81883857,55.11811000
99.81984337,51.18110000
99.82084817,55.11811000
99.82185297,55.11811000
99.82285777,55.11811000
99.82386257,55.11811000
99.82486736,59.05511000
99.82587216,55.11811000
99.82687696,55.11811000
99.82788176,59.05511000
99.82888656,59.05511000
99.82989136,59.05511000
99.83089616,55.11811000
99.83190096,55.11811000
99.83290576,55.11811000
99.83391056,55.11811000
99.83491536,55.11811000
99.83592016,51.18110000
99.83692496,59.05511000
99.83792976,51.18110000
99.83893456,55.11811000
99.83993936,51.18110000
99.84094416,51.18110000
99.84194896,51.18110000
99.84295376,51.18110000
99.84395856,51.18110000
99.84496336,55.11811000
99.84596816,51.18110000
99.84697296,55.11811000
99.84797776,59.05511000
99.84898256,55.11811000
99.84998736,55.11811000
99.85099216,55.11811000
99.85199696,59.05511000
99.85300176,51.18110000
99.85400656,55.11811000
99.85501136,55.11811000
99.85601616,55.11811000
99.85702096,51.18110000
99.85802576,55.11811000
99.85903056,51.18110000
99.86003536,51.18110000
99.86104016,59.05511000
99.86204496,51.18110000
99.86304976,51.18110000
99.86405456,51.18110000
99.86505936,51.18110000
99.86606416,51.18110000
99.86706896,55.11811000
99.86807376,51.18110000
99.86907856,47.24409000
99.87008336,43.30709000
99.87108816,55.11811000
99.87209296,55.11811000
99.87309776,51.18110000
99.87410256,47.24409000
99.87510736,51.18110000
99.87611216,47.24409000
99.87711696,39.37008000
99.87812176,47.24409000
99.87912656,47.24409000
99.88013136,51.18110000
99.88113616,51.18110000
99.88214096,47.24409000
99.88314576,51.18110000
99.88415056,51.18110000
99.88515536,47.24409000
99.88616016,51.18110000
99.88716496,51.18110000
99.88816976,47.24409000
99.88917456,51.18110000
99.89017936,51.18110000
99.89118416,55.11811000
99.89218896,55.11811000
99.89319376,51.18110000
99.89419856,47.24409000
99.89520336,51.18110000
99.89620816,51.18110000
99.89721296,47.24409000
99.89821776,51.18110000
99.89922256,51.18110000
99.90022736,35.43307000
99.90123216,43.30709000
99.90223696,43.30709000
99.90324176,62.99212000
99.90424656,51.18110000
99.90525136,47.24409000
99.90625616,51.18110000
99.90726096,47.24409000
99.90826576,47.24409000
99.90927056,55.11811000
99.91027536,47.24409000
99.91128016,47.24409000
99.91228496,47.24409000
99.91328976,51.18110000
99.91429456,47.24409000
99.91529936,39.37008000
99.91630416,47.24409000
99.91730896,47.24409000
99.91831376,43.30709000
99.91931856,47.24409000
99.92032336,51.18110000
99.92132816,47.24409000
99.92233296,55.11811000
99.92333776,55.11811000
99.92434256,47.24409000
99.92534736,55.11811000
99.92635216,47.24409000
99.92735696,47.24409000
99.92836176,47.24409000
99.92936656,47.24409000
99.93037136,51.18110000
99.93137616,51.18110000
99.93238096,47.24409000
99.93338576,39.37008000
99.93439056,51.18110000
99.93539536,43.30709000
99.93640016,47.24409000
99.93740496,51.18110000
99.93840976,47.24409000
99.93941456,43.30709000
99.94041936,39.37008000
99.94142416,51.18110000
99.94242896,43.30709000
99.94343376,47.24409000
99.94443856,47.24409000
99.94544336,47.24409000
99.94644816,51.18110000
99.94745296,51.18110000
99.94845776,47.24409000
99.94946256,43.30709000
99.95046736,51.18110000
99.95147216,43.30709000
99.95247696,47.24409000
99.95348176,39.37008000
99.95448656,43.30709000
99.95549136,43.30709000
99.95649616,43.30709000
99.95750096,47.24409000
99.95850576,51.18110000
99.95951056,43.30709000
99.96051536,47.24409000
99.96152016,47.24409000
99.96252496,51.18110000
99.96352976,47.24409000
99.96453456,43.30709000
99.96553936,39.37008000
99.96654416,43.30709000
99.96754896,43.30709000
99.96855376,47.24409000
99.96955856,47.24409000
99.97056336,47.24409000
99.97156816,43.30709000
99.97257296,47.24409000
99.97357776,47.24409000
99.97458256,43.30709000
99.97558736,43.30709000
99.97659216,43.30709000
99.97759696,51.18110000
99.97860176,47.24409000
99.97960656,47.24409000
99.98061136,47.24409000
99.98161616,43.30709000
99.98262096,39.37008000
99.98362576,43.30709000
99.98463056,43.30709000
99.98563536,47.24409000
99.98664016,51.18110000
99.98764496,43.30709000
99.98864976,43.30709000
99.98965456,47.24409000
99.99065936,43.30709000
99.99166416,51.18110000
99.99266896,39.37008000
99.99367376,47.24409000
99.99467856,43.30709000
99.99568336,47.24409000
99.99668816,43.30709000
99.99769296,35.43307000
99.99869776,43.30709000
99.99970256,47.24409000
100.00070736,55.11811000
100.00171216,47.24409000
100.00271696,47.24409000
